7--Cheering/7_Cheering_Cheering_7_110.jpg
30
411.8 208.9 32.0 39.9 424.7 223.2 438.7 223.9 433.4 230.7 423.8 236.1 437.0 236.7 0.9997
818.4 234.8 28.7 37.5 821.7 249.6 830.7 249.5 822.1 257.2 824.5 264.1 830.8 263.7 0.9996
551.1 217.6 29.1 36.7 566.9 232.1 577.0 232.5 575.4 239.6 567.1 246.0 574.3 246.5 0.9996
316.4 221.3 27.1 35.9 335.9 231.8 339.7 231.9 343.0 239.8 332.5 245.8 336.3 246.4 0.9995
745.4 250.1 23.8 27.8 750.4 257.6 757.2 259.1 748.6 261.8 748.0 268.6 753.0 269.5 0.9995
693.1 298.4 28.7 31.3 707.0 307.4 718.2 311.0 713.7 314.6 704.8 318.9 714.3 321.8 0.9994
652.2 244.3 22.1 27.3 656.6 253.9 666.5 254.2 660.3 259.2 657.1 264.2 665.2 264.5 0.9994
671.0 281.9 21.4 27.4 679.2 292.8 687.8 293.3 684.3 298.3 679.3 303.1 686.1 303.5 0.9993
589.0 246.8 22.6 25.9 598.7 254.1 608.9 254.3 606.0 259.1 600.3 265.1 608.4 265.3 0.9991
902.4 244.3 11.4 14.6 904.1 249.7 908.4 250.2 904.9 252.9 904.2 255.7 907.4 255.9 0.9991
905.6 279.4 16.9 20.3 908.4 286.8 914.6 287.1 909.9 290.8 909.0 294.6 913.6 294.7 0.9990
708.9 277.3 18.9 22.9 713.4 286.4 721.6 287.3 716.3 291.2 713.4 295.0 719.5 295.7 0.9984
988.3 225.5 12.5 16.5 990.1 232.0 993.9 232.5 990.2 235.4 990.2 238.3 993.1 238.6 0.9979
85.1 208.1 15.5 18.9 91.0 215.6 97.3 215.8 94.7 219.5 91.4 222.8 96.1 223.0 0.9977
21.0 221.3 20.9 27.1 28.9 230.8 38.1 230.6 35.2 234.8 30.1 240.6 38.1 240.5 0.9975
868.2 236.2 8.6 10.9 869.8 240.1 873.5 240.6 870.9 242.5 869.7 244.5 872.6 244.8 0.9963
883.1 243.1 11.1 14.3 886.0 248.2 890.8 248.9 887.6 251.3 885.6 253.8 889.5 254.3 0.9960
488.9 244.4 18.6 22.7 493.9 251.6 502.2 253.5 496.6 256.4 492.6 260.3 499.2 261.8 0.9954
42.3 235.2 13.0 16.7 44.3 240.6 48.4 241.5 44.3 244.6 44.1 247.9 46.9 248.3 0.9950
279.4 220.0 20.4 27.0 291.5 228.1 296.1 227.1 298.2 232.3 294.0 239.2 297.2 238.7 0.9942
178.6 205.1 22.7 32.0 192.4 216.9 198.2 215.6 199.7 222.8 194.2 230.0 198.2 229.4 0.9783
162.6 160.0 26.3 38.2 181.0 175.0 184.6 174.6 187.0 181.7 180.4 188.0 183.9 188.2 0.9724
551.4 82.2 7.8 10.2 553.3 86.4 556.2 86.7 554.2 88.5 553.3 90.2 555.5 90.4 0.8952
458.6 236.7 20.4 24.2 466.1 245.5 474.9 245.7 472.2 249.8 468.1 254.7 474.7 254.9 0.8913
222.6 205.0 30.3 35.0 238.6 218.8 249.8 219.4 245.8 227.6 237.6 232.3 245.8 232.9 0.8880
661.9 54.1 9.1 11.0 664.6 57.9 668.7 57.8 666.7 60.1 665.1 62.4 668.4 62.4 0.8774
576.0 234.5 16.5 20.6 579.6 243.8 586.9 242.8 583.1 247.1 581.2 251.5 586.4 250.7 0.8318
724.6 263.9 20.2 25.5 731.2 273.8 739.7 273.4 736.3 278.3 733.0 283.3 739.5 283.0 0.8142
798.5 244.6 17.6 24.6 800.4 253.8 804.9 254.2 799.8 258.9 800.9 263.8 804.1 263.8 0.6118
595.1 78.9 8.0 9.3 596.8 82.2 600.3 82.1 598.4 84.1 597.4 86.0 600.2 85.9 0.6007
