7--Cheering/7_Cheering_Cheering_7_495.jpg
8
335.7 703.5 66.9 99.1 354.6 734.7 385.5 733.3 372.1 751.0 358.6 772.0 384.6 770.8 0.9996
663.5 706.3 68.5 94.4 686.9 744.3 717.7 746.2 703.8 764.2 683.4 772.6 714.1 774.6 0.9995
723.0 440.1 58.9 80.9 745.7 468.9 771.3 465.3 765.1 482.1 748.8 497.4 772.2 494.8 0.9994
315.3 270.2 46.0 62.4 330.2 291.3 351.1 294.9 340.0 304.6 327.9 313.3 347.1 316.2 0.9994
553.0 396.8 41.6 54.7 563.7 412.6 583.1 411.1 574.0 423.1 565.8 433.4 583.4 432.3 0.9994
763.2 266.0 49.9 69.5 773.8 291.7 797.9 291.3 785.1 304.7 775.0 314.1 798.7 313.8 0.9994
472.1 461.1 51.5 63.7 481.1 481.7 504.8 481.4 489.4 491.8 481.3 503.8 503.7 503.5 0.9991
173.6 448.3 52.3 72.1 187.4 475.9 212.1 473.9 201.3 486.7 189.8 499.6 213.1 497.9 0.9989
