7--Cheering/7_Cheering_Cheering_7_402.jpg
8
287.8 323.4 133.7 164.0 316.7 391.0 372.9 371.1 350.1 398.4 340.4 448.6 385.4 432.0 0.9999
561.1 256.3 132.5 166.5 595.8 323.4 654.2 306.4 634.9 331.6 616.3 378.2 669.0 363.8 0.9998
475.6 166.7 87.2 130.5 506.9 201.6 545.4 205.4 530.3 213.9 508.5 248.9 541.3 252.2 0.9998
804.1 120.4 139.4 183.0 818.4 188.1 850.8 179.9 806.7 215.2 831.4 255.2 858.3 247.5 0.9998
200.6 206.1 86.7 104.3 217.7 247.1 250.3 230.9 239.8 252.0 237.8 283.8 264.3 270.5 0.9997
696.8 242.5 75.2 101.1 730.7 278.9 761.9 280.2 758.2 289.5 741.0 316.3 764.2 316.8 0.9996
52.7 245.5 141.6 171.2 84.3 308.1 150.8 310.0 111.7 339.9 88.8 371.8 142.9 373.4 0.9996
383.4 199.5 85.0 105.7 405.3 243.3 440.1 229.6 430.0 253.0 422.4 280.4 451.4 269.1 0.9996
