7--Cheering/7_Cheering_Cheering_7_407.jpg
37
508.1 253.5 81.2 111.8 534.2 289.2 571.0 288.6 558.4 308.4 542.9 335.8 569.6 335.0 0.9998
317.6 280.9 67.0 91.7 350.8 315.6 377.3 315.2 373.1 331.4 352.1 348.0 375.3 347.9 0.9998
609.7 148.3 38.0 44.7 619.5 161.0 636.2 160.9 627.3 169.3 620.4 178.3 635.2 178.1 0.9997
790.1 250.1 43.0 59.0 800.4 266.5 820.1 267.7 808.1 271.4 801.1 289.2 815.4 290.2 0.9997
476.7 173.1 35.1 43.1 488.4 182.3 503.4 185.5 493.9 188.9 485.4 199.7 498.1 202.2 0.9996
632.6 310.0 58.9 75.0 644.3 333.1 669.9 340.0 648.5 348.5 639.6 361.2 661.1 366.3 0.9996
864.1 288.1 69.8 93.0 873.9 312.8 895.2 311.0 868.1 326.2 871.2 352.4 887.8 350.6 0.9995
144.0 244.1 67.7 89.5 172.5 266.9 199.6 276.3 185.5 290.3 162.5 299.2 187.9 307.8 0.9995
187.3 89.0 24.5 29.7 196.1 98.0 207.1 98.6 202.6 104.1 196.9 110.4 205.6 110.9 0.9992
976.1 133.5 27.8 33.2 983.1 144.0 995.9 144.6 988.7 149.2 983.6 156.9 993.8 157.4 0.9991
134.7 99.6 24.4 28.7 139.9 107.9 151.1 108.2 144.2 113.6 140.3 120.3 149.0 120.6 0.9990
280.1 97.3 30.8 35.3 288.6 109.8 302.9 108.7 296.1 114.4 290.7 123.5 301.7 122.7 0.9988
509.3 97.1 23.2 32.5 515.9 110.7 526.7 109.3 522.4 115.4 518.3 122.1 527.2 121.1 0.9987
939.0 189.4 38.6 48.4 947.3 202.5 964.5 200.1 954.9 206.9 949.9 222.0 964.0 220.2 0.9986
816.9 98.9 25.5 28.1 824.0 108.6 836.0 109.6 829.3 113.8 824.0 119.6 833.2 120.4 0.9984
339.6 149.9 35.4 47.1 350.0 160.2 366.1 163.0 355.9 164.5 348.2 179.3 361.1 181.6 0.9984
577.5 125.1 30.9 42.3 584.2 138.5 598.7 139.0 589.9 146.2 585.1 156.0 595.8 156.3 0.9979
230.4 59.3 21.6 26.3 238.1 67.8 247.2 69.3 242.6 73.1 237.6 77.8 245.1 79.0 0.9978
716.1 185.9 42.4 54.5 724.2 206.9 744.7 205.2 733.9 214.4 728.4 227.4 743.8 225.9 0.9977
162.9 153.0 30.3 32.1 172.5 162.3 185.9 163.1 179.5 168.7 173.5 175.7 183.8 176.3 0.9976
385.9 82.6 23.3 28.3 392.3 91.9 403.2 92.5 397.4 96.7 392.4 102.7 401.3 103.3 0.9973
987.6 180.3 27.4 36.7 994.7 192.8 1007.2 195.3 998.8 200.3 993.6 207.2 1002.6 209.2 0.9971
317.3 133.3 30.4 37.4 325.1 144.9 339.3 145.3 332.0 150.4 326.5 159.0 337.5 159.4 0.9967
178.2 22.9 19.9 25.7 184.5 31.1 193.7 32.2 189.3 35.3 184.7 41.0 192.1 41.9 0.9960
107.4 29.5 15.0 20.5 110.7 37.5 117.4 38.3 113.3 42.0 110.8 45.5 116.0 46.0 0.9935
463.2 91.9 28.9 36.9 470.8 104.9 484.1 104.6 477.3 111.4 472.6 119.3 482.6 119.0 0.9923
378.1 51.3 17.7 21.1 383.5 58.6 391.0 59.0 387.2 63.5 383.9 67.4 389.5 67.8 0.9915
565.6 96.3 20.4 26.4 571.3 106.0 580.1 107.4 574.9 111.1 571.0 115.9 578.0 117.0 0.9901
709.0 31.3 16.4 21.3 713.6 38.8 720.9 39.0 717.2 42.2 714.1 46.6 720.3 46.8 0.9845
942.6 113.5 20.5 26.0 950.2 123.8 958.3 124.6 954.3 128.7 949.6 132.9 956.0 133.6 0.9840
899.4 101.4 21.1 26.9 906.1 108.4 914.5 110.4 909.1 115.3 904.7 119.9 911.5 121.5 0.9798
755.0 33.0 14.1 16.0 758.0 38.6 764.0 38.7 760.6 41.8 758.7 45.1 763.3 45.1 0.9644
138.3 69.5 20.4 23.1 143.8 77.6 154.2 78.5 148.6 82.9 144.2 87.3 151.8 88.1 0.9546
664.5 108.9 25.6 33.1 673.4 122.3 685.2 122.2 680.3 128.6 675.0 135.1 683.8 135.1 0.9539
542.5 48.2 15.2 17.5 547.3 54.4 554.4 54.2 551.2 58.2 548.3 61.7 553.6 61.6 0.9044
658.1 36.9 18.0 23.5 662.5 45.7 671.0 45.6 666.7 50.2 663.5 55.0 670.2 54.9 0.8973
819.0 25.9 14.4 17.9 822.2 32.1 828.6 32.1 824.9 35.9 823.0 39.7 828.0 39.6 0.6419
