7--Cheering/7_Cheering_Cheering_7_296.jpg
84
576.1 311.0 22.8 29.1 579.4 321.3 588.0 322.1 580.1 326.7 579.3 332.6 585.6 333.1 0.9995
926.5 342.2 37.1 45.1 930.9 355.8 942.6 355.4 929.7 363.6 930.1 374.9 938.8 374.5 0.9995
621.8 310.7 25.5 33.4 625.3 322.1 636.0 322.9 627.6 328.8 625.5 334.8 634.4 335.4 0.9995
163.9 386.8 29.0 36.2 168.0 399.2 179.7 400.0 170.0 406.3 168.0 413.4 176.7 414.0 0.9995
714.5 311.5 24.8 27.5 718.6 321.1 728.1 320.8 721.7 326.3 720.3 332.0 727.9 331.5 0.9994
292.7 332.2 28.7 41.2 296.5 346.1 302.1 345.6 292.6 353.0 296.8 362.9 300.7 362.1 0.9994
51.9 359.2 44.3 55.7 61.4 372.9 66.5 373.8 52.0 384.1 59.8 398.4 62.7 398.3 0.9993
0.0 350.3 34.4 55.7 3.3 370.9 8.2 373.0 -4.5 381.0 1.5 392.3 4.5 393.2 0.9993
208.0 389.5 28.9 37.0 212.7 400.7 219.6 402.1 210.0 408.9 212.1 416.2 217.3 416.8 0.9993
350.5 331.7 19.4 26.1 352.8 341.1 358.5 341.2 352.8 346.2 354.0 351.5 358.2 351.3 0.9991
836.3 284.0 19.7 27.0 839.1 295.7 847.3 294.4 842.2 300.1 841.3 305.6 847.6 304.4 0.9991
819.0 229.5 12.3 16.8 820.6 235.9 825.2 235.6 821.5 239.3 821.4 242.7 824.8 242.4 0.9989
56.9 305.0 19.3 25.6 61.0 313.0 66.3 315.2 59.1 318.1 58.5 323.0 62.1 324.6 0.9989
778.2 238.6 12.0 15.6 780.6 244.5 786.3 244.2 783.3 247.6 781.6 250.8 786.2 250.6 0.9985
527.8 274.4 15.0 18.2 530.1 279.8 534.8 280.3 529.8 283.5 529.4 287.5 532.7 287.8 0.9981
843.9 233.6 15.4 17.6 846.5 241.0 853.4 240.1 849.5 244.0 848.1 247.6 853.0 246.9 0.9979
471.2 247.2 11.3 14.3 472.8 252.6 476.6 252.6 473.2 255.3 473.2 258.2 476.0 258.1 0.9979
406.8 275.7 12.4 15.6 409.4 282.0 415.1 281.6 412.1 284.9 410.5 288.0 414.9 287.6 0.9978
915.5 223.8 14.2 17.7 917.4 231.2 923.5 231.2 919.3 234.6 918.3 237.8 922.7 237.8 0.9978
622.6 269.2 14.1 17.4 624.8 275.8 631.4 276.1 627.0 279.4 625.1 282.5 630.3 282.7 0.9975
594.9 233.5 10.4 13.3 596.8 238.3 601.7 238.8 598.5 241.0 596.9 243.5 600.7 243.8 0.9972
446.7 263.6 12.7 15.2 448.5 268.6 452.7 269.0 449.1 272.3 449.2 275.3 452.0 275.4 0.9968
278.2 245.1 11.8 15.4 279.9 250.9 285.0 251.3 281.4 254.0 280.2 256.8 284.2 256.9 0.9967
654.0 238.2 11.4 15.8 655.8 244.9 660.5 244.0 657.9 247.7 657.5 251.0 660.9 250.2 0.9966
710.8 261.4 16.4 20.2 713.9 271.0 721.3 270.7 717.0 275.2 715.5 278.3 720.6 278.1 0.9961
364.1 310.3 19.3 22.9 368.1 318.7 376.6 319.8 370.7 323.3 367.9 327.7 373.9 328.5 0.9960
750.2 240.3 13.0 15.7 752.5 246.8 757.8 246.9 754.4 250.0 753.2 252.9 757.4 252.8 0.9953
678.1 291.5 18.2 23.7 680.7 300.4 687.6 301.6 681.6 305.4 680.1 309.8 685.1 310.5 0.9953
806.9 221.0 11.1 13.5 808.6 225.7 813.4 225.9 810.1 228.6 808.9 231.1 812.9 231.1 0.9952
594.7 280.2 15.3 17.7 597.2 285.8 602.9 286.4 597.6 288.8 596.5 292.8 600.8 293.1 0.9946
12.7 299.7 14.5 19.5 14.4 306.8 20.2 307.3 15.4 310.8 14.6 314.7 18.5 315.0 0.9945
904.6 254.0 16.8 20.8 908.7 261.7 915.6 261.7 911.5 265.7 909.4 269.8 915.0 269.8 0.9934
472.6 294.4 18.8 21.5 474.9 301.8 481.5 301.3 476.2 305.8 476.0 310.6 480.8 310.0 0.9933
734.5 238.0 11.3 13.0 736.0 242.0 740.8 241.9 737.6 244.7 736.8 247.7 740.2 247.6 0.9933
607.8 207.1 8.2 9.6 609.2 210.7 612.5 210.5 610.5 212.6 610.0 214.7 612.5 214.5 0.9924
426.0 277.8 14.7 17.5 431.2 283.8 438.0 284.0 435.0 287.6 431.7 291.1 436.8 291.4 0.9919
166.3 296.8 17.3 20.9 169.6 302.0 175.6 303.0 169.8 306.3 168.3 311.1 172.9 311.8 0.9912
548.3 248.3 11.3 14.9 550.1 253.7 554.7 253.6 551.7 256.8 550.8 259.9 554.3 259.7 0.9897
701.9 283.3 14.2 19.7 704.0 290.6 708.9 291.3 704.5 294.8 704.0 298.4 707.6 298.7 0.9888
690.6 234.9 13.9 17.3 693.3 240.0 698.0 240.7 693.8 243.5 692.6 247.4 696.1 247.9 0.9881
243.5 291.9 16.1 19.4 247.6 299.4 254.7 299.3 250.9 302.8 248.3 306.5 254.0 306.5 0.9862
125.1 281.4 12.4 17.5 128.2 287.9 133.3 289.0 129.6 292.0 127.7 294.7 131.4 295.6 0.9856
938.1 261.1 19.5 23.4 942.4 268.7 950.6 270.8 944.0 273.9 940.6 278.0 947.0 279.5 0.9846
31.3 298.4 11.9 15.8 32.6 304.6 36.3 305.0 32.5 307.9 32.6 311.0 34.8 311.2 0.9839
671.6 265.4 14.4 18.5 673.9 272.4 679.5 272.9 675.2 276.5 674.3 280.1 678.5 280.2 0.9832
650.4 278.9 15.2 20.3 652.2 286.2 658.4 286.1 654.2 290.1 653.2 294.4 658.1 294.3 0.9807
755.0 261.3 20.2 27.1 759.0 271.2 768.0 270.9 762.6 276.6 760.2 282.1 767.3 281.8 0.9802
687.2 199.6 10.6 12.4 689.1 204.2 693.9 204.2 691.1 206.5 689.8 209.1 693.4 209.0 0.9795
856.9 273.1 17.5 21.2 860.9 279.9 867.9 280.0 863.6 284.3 861.5 288.7 867.0 288.8 0.9773
168.7 268.0 11.3 14.5 170.6 274.3 175.3 273.9 172.6 277.2 171.9 279.7 175.3 279.3 0.9762
986.4 208.1 11.4 12.8 988.9 212.3 994.0 212.2 991.2 214.8 989.4 217.4 993.6 217.4 0.9732
340.6 273.9 14.3 17.5 342.8 278.5 348.0 278.7 344.0 282.5 343.3 286.6 347.3 286.6 0.9629
483.0 276.1 14.5 17.1 485.7 281.8 492.0 282.1 487.7 285.5 486.1 289.0 490.9 289.1 0.9622
762.4 220.9 11.2 13.7 765.4 225.8 770.7 225.2 768.5 228.5 766.6 231.5 770.7 231.1 0.9596
321.4 290.0 14.7 18.9 323.1 295.3 328.0 295.8 323.4 299.7 323.2 304.0 326.7 304.2 0.9556
106.7 300.0 17.1 21.3 109.4 306.9 115.0 308.4 108.7 311.3 108.0 315.7 111.7 316.7 0.9545
947.9 230.1 14.3 18.6 950.3 236.5 956.8 236.9 952.6 240.7 950.8 244.3 955.7 244.5 0.9496
327.3 249.0 12.1 14.8 329.6 254.6 334.7 255.3 331.0 257.5 329.4 260.4 333.1 260.9 0.9443
715.7 215.1 9.6 11.8 717.6 219.4 721.8 219.4 719.4 221.8 718.1 224.2 721.3 224.2 0.9372
581.9 207.7 7.1 8.3 583.6 210.3 587.0 210.6 585.1 212.2 583.7 213.8 586.4 214.0 0.9296
492.7 263.4 14.4 16.7 494.7 268.3 500.1 268.2 496.2 272.0 495.6 275.7 499.8 275.5 0.9294
429.0 244.7 11.0 13.1 431.9 249.1 437.2 249.1 434.5 251.9 432.4 254.6 436.6 254.6 0.9246
727.8 225.9 9.4 12.4 729.5 230.7 733.6 230.7 730.7 233.3 729.8 235.7 732.9 235.7 0.9193
392.9 248.0 10.2 12.2 396.5 252.9 401.3 253.1 399.2 255.7 396.8 258.0 400.5 258.2 0.9084
757.1 272.9 20.1 23.9 760.4 281.0 768.5 280.7 763.1 286.1 761.8 290.9 767.8 290.5 0.9044
152.9 281.8 11.0 16.1 154.9 286.9 158.7 286.9 156.1 289.9 155.3 293.6 158.5 293.5 0.8903
751.3 158.2 9.2 12.1 752.7 162.7 756.5 162.6 754.1 165.2 753.3 167.6 756.1 167.5 0.8779
400.6 262.0 10.2 12.4 402.3 267.2 406.0 266.6 403.8 269.5 403.6 272.0 406.1 271.5 0.8741
149.0 269.7 9.4 11.2 152.8 274.4 156.7 275.0 154.8 277.2 152.5 278.8 155.1 279.3 0.8546
938.3 215.9 10.6 13.4 940.7 221.0 945.5 221.1 942.8 223.7 941.1 226.3 944.9 226.3 0.8150
856.3 258.6 15.0 19.0 859.6 265.6 866.6 265.8 862.4 269.1 860.0 272.9 865.4 273.0 0.8149
815.5 277.4 16.2 20.8 819.4 287.7 826.4 286.6 823.3 291.5 821.6 295.0 826.8 294.1 0.7983
635.0 232.0 10.6 13.0 639.4 236.8 643.8 237.0 642.2 239.8 639.6 242.4 642.8 242.6 0.7955
729.1 205.9 10.4 12.5 731.5 209.8 736.2 209.9 733.6 212.6 731.9 215.4 735.6 215.5 0.7788
458.6 281.4 13.9 16.3 461.4 285.2 465.7 285.9 461.3 288.6 460.8 292.3 464.1 292.8 0.7760
965.9 154.2 12.2 15.5 968.1 160.2 973.5 160.2 970.2 163.5 968.8 166.6 973.0 166.5 0.7419
185.4 257.8 9.6 12.4 188.2 262.4 192.8 262.3 190.6 265.0 188.7 267.6 192.4 267.6 0.7318
311.2 279.4 13.1 18.4 314.8 287.5 320.9 287.4 317.8 291.8 316.1 295.1 320.4 295.0 0.6949
768.3 312.0 14.7 18.8 770.9 318.9 776.4 319.2 772.2 323.0 771.5 326.7 775.6 326.8 0.6643
687.8 157.3 10.4 13.9 689.3 161.9 693.2 162.9 689.8 165.2 688.9 168.0 691.7 168.6 0.6514
667.1 161.6 8.2 11.1 669.2 165.4 673.1 165.5 671.0 167.5 669.4 169.7 672.6 169.8 0.6470
617.0 258.3 12.5 15.4 619.4 263.9 624.3 264.0 620.8 267.3 620.0 270.4 623.7 270.4 0.6141
355.6 307.1 12.1 15.6 360.0 312.7 365.6 312.6 363.4 316.2 360.6 319.6 364.9 319.7 0.6091
222.3 233.2 9.4 12.0 224.1 237.6 227.6 237.7 225.1 240.3 224.7 242.8 227.3 242.7 0.5042
