7--Cheering/7_Cheering_Cheering_7_494.jpg
98
540.2 143.3 14.9 17.7 546.6 149.2 552.6 149.3 550.5 152.6 546.8 156.1 551.8 156.2 0.9998
767.0 462.9 28.8 36.6 781.5 477.6 792.3 475.8 792.0 483.3 784.9 491.4 792.7 490.3 0.9997
956.9 529.9 35.4 42.6 976.0 545.8 987.4 543.7 989.4 552.5 982.2 562.7 989.4 561.5 0.9997
375.4 347.5 27.2 31.8 388.9 358.2 399.0 357.3 398.5 362.9 391.2 370.2 399.5 369.6 0.9997
451.0 496.3 38.5 54.5 474.4 517.7 483.7 516.1 487.7 526.3 478.7 538.0 485.1 537.3 0.9996
318.9 156.6 18.3 22.5 327.2 164.1 335.0 163.5 333.2 168.3 328.8 173.3 334.8 172.9 0.9996
923.6 354.3 29.5 33.0 936.6 364.9 947.9 363.1 947.6 369.6 941.1 378.2 949.7 377.0 0.9996
578.9 144.1 13.6 17.1 584.7 150.3 590.0 150.4 588.1 153.4 585.0 156.6 589.4 156.7 0.9996
709.3 465.3 30.4 42.3 727.6 483.0 736.1 481.2 738.0 490.0 730.0 498.4 736.5 497.5 0.9995
815.0 357.4 26.8 30.4 827.6 369.1 838.8 367.5 836.6 374.5 830.2 380.6 838.4 379.8 0.9995
571.0 496.7 28.1 39.6 585.1 513.0 594.2 510.8 595.1 518.4 589.3 527.1 596.2 525.7 0.9995
64.8 352.9 36.2 44.0 80.8 367.7 96.1 368.8 91.9 375.4 81.8 383.7 94.8 384.6 0.9995
776.8 225.4 17.1 22.7 786.2 233.6 792.3 233.6 792.0 237.9 787.3 242.3 791.9 242.5 0.9995
710.5 389.1 26.1 31.1 720.7 402.5 732.3 399.9 729.5 407.5 723.7 413.2 733.3 411.3 0.9995
219.6 335.2 31.7 39.9 234.3 352.1 246.6 350.1 245.7 357.1 237.7 365.4 247.9 364.0 0.9995
724.0 322.0 21.6 27.6 734.3 331.7 742.9 330.9 741.9 336.0 736.7 342.3 743.4 341.8 0.9995
825.0 450.6 28.9 34.6 838.6 465.0 849.7 461.7 849.5 470.4 843.2 478.3 851.1 476.0 0.9995
619.4 398.2 26.3 34.6 633.6 412.6 641.9 411.6 642.3 418.1 635.5 425.2 641.4 424.6 0.9994
326.4 517.4 41.9 50.6 345.4 536.2 362.2 534.4 360.1 544.2 349.8 555.0 363.3 553.7 0.9994
760.6 576.4 42.4 49.6 786.1 592.8 797.5 590.7 800.2 602.7 789.4 613.8 797.0 612.6 0.9994
482.1 395.1 29.3 41.3 495.0 410.1 507.6 410.0 504.3 417.0 495.7 424.5 507.1 424.4 0.9994
983.8 352.9 27.5 32.3 997.2 365.7 1006.8 363.6 1007.2 370.3 1001.5 377.3 1009.0 375.8 0.9994
767.4 315.3 22.8 28.6 778.7 325.2 786.8 324.0 786.0 330.0 780.6 336.3 787.1 335.8 0.9994
322.3 325.7 30.7 40.0 337.0 341.6 349.8 340.5 347.5 348.5 339.4 356.2 349.7 355.5 0.9994
36.1 268.4 30.7 34.8 47.0 281.0 59.6 278.3 57.2 284.4 51.5 292.6 62.9 290.6 0.9994
63.3 446.1 41.4 49.7 81.1 466.1 98.3 463.1 95.3 473.6 86.0 484.5 99.6 482.1 0.9994
373.4 228.5 18.9 25.0 382.9 237.9 389.4 237.1 388.7 242.3 384.4 247.6 389.4 247.2 0.9994
230.1 540.5 39.2 54.0 250.2 562.8 264.4 560.1 264.8 570.2 254.7 581.5 265.8 579.8 0.9994
883.2 304.5 24.7 29.6 893.7 315.9 904.3 314.6 902.0 320.6 896.1 326.5 904.7 325.7 0.9994
974.5 242.4 18.6 23.0 983.6 251.2 988.5 249.6 990.6 253.4 987.9 259.7 991.4 258.5 0.9994
329.4 188.7 20.6 24.1 337.5 195.2 346.8 196.2 343.0 200.7 337.4 205.2 345.1 206.1 0.9993
223.6 162.3 18.4 21.5 230.4 170.5 238.4 169.7 236.1 174.0 232.4 178.7 238.6 178.1 0.9993
709.4 196.5 16.3 20.0 717.7 203.7 723.5 202.9 723.5 207.0 719.9 211.8 723.7 211.4 0.9993
752.8 259.2 19.9 25.3 761.7 268.2 769.7 267.7 767.7 272.9 763.0 278.3 769.4 278.1 0.9993
236.4 199.2 20.6 24.7 243.9 209.6 252.9 207.7 250.7 212.9 246.6 218.0 254.1 216.6 0.9993
437.5 346.6 22.9 28.9 445.5 354.8 456.3 354.6 452.4 360.4 446.3 366.3 456.0 366.2 0.9993
171.4 288.5 24.8 32.1 183.8 300.8 192.8 300.0 192.3 305.9 186.1 312.7 193.0 312.2 0.9992
861.8 374.4 24.8 28.1 874.4 383.8 881.8 382.0 883.6 388.0 879.6 395.6 884.4 394.4 0.9992
637.5 257.7 19.5 24.9 646.8 268.2 653.9 266.3 654.1 272.0 650.3 277.8 655.0 276.4 0.9992
272.2 159.7 16.5 18.5 278.7 165.6 285.9 165.2 284.1 168.8 280.7 173.5 286.0 173.3 0.9991
258.5 227.6 21.8 29.4 270.3 238.7 277.6 238.2 277.3 243.8 272.1 249.8 277.5 249.6 0.9991
499.5 165.5 14.1 18.2 503.3 172.2 510.6 172.0 507.3 176.0 504.2 180.0 510.2 179.9 0.9991
820.7 220.4 16.3 20.8 828.0 228.8 834.6 227.7 833.4 232.2 829.8 236.6 834.7 235.9 0.9991
504.4 334.5 22.7 32.2 514.7 346.6 523.8 345.7 522.5 352.0 516.7 358.4 524.2 357.9 0.9991
408.9 288.7 20.4 25.2 419.6 297.1 427.3 297.0 426.2 302.7 421.0 307.9 426.2 308.1 0.9991
325.7 237.8 17.1 23.6 335.3 246.7 338.9 245.1 341.6 249.4 338.7 255.4 341.1 254.5 0.9990
381.0 159.6 17.2 20.8 383.6 166.8 390.5 168.0 384.6 170.5 383.1 174.8 387.9 175.6 0.9990
479.9 235.2 18.1 20.5 484.8 243.3 493.3 242.0 490.0 246.0 487.0 250.9 493.5 250.0 0.9990
127.1 182.3 22.0 26.9 137.3 191.2 145.4 190.5 144.3 196.4 139.0 202.2 145.2 201.8 0.9990
231.9 279.4 26.2 32.4 244.9 292.5 255.1 291.3 253.4 298.2 247.1 304.1 255.0 303.4 0.9989
873.9 151.9 13.6 16.2 879.9 157.9 885.3 157.8 883.7 161.1 880.6 164.5 884.8 164.5 0.9989
993.0 297.7 25.1 27.6 1004.4 306.9 1014.5 306.7 1012.4 311.6 1006.8 318.1 1014.1 318.1 0.9988
842.8 197.0 14.8 20.1 847.4 204.5 854.5 204.5 851.2 208.5 847.9 212.6 853.8 212.6 0.9988
397.8 191.2 18.3 24.8 406.1 201.1 413.4 200.4 412.3 205.3 408.2 210.4 413.4 210.0 0.9988
440.3 163.1 17.0 21.3 445.5 171.1 453.5 171.6 449.5 175.2 445.8 178.8 452.2 179.2 0.9988
723.4 236.5 17.8 21.9 730.9 245.2 738.4 244.5 736.9 248.5 733.0 253.3 738.7 252.8 0.9988
346.6 193.4 15.9 24.4 353.1 202.9 360.3 202.3 358.2 207.5 354.1 212.3 359.7 211.9 0.9987
302.0 278.0 22.9 28.2 310.9 287.8 320.5 286.8 318.0 292.0 313.4 298.5 320.8 297.8 0.9987
563.2 332.4 27.0 30.0 574.4 342.3 585.2 341.0 582.2 347.3 576.5 354.0 585.0 353.1 0.9987
678.5 230.1 15.8 18.6 687.3 235.5 691.2 234.8 692.9 238.8 690.0 243.6 692.6 243.3 0.9987
168.2 153.2 18.4 23.8 175.3 162.9 183.3 162.2 180.9 166.6 177.3 171.8 183.2 171.3 0.9987
539.9 188.7 17.1 20.5 546.4 195.9 554.0 195.7 551.4 199.7 547.7 204.1 553.6 204.0 0.9984
904.5 216.3 16.3 21.0 911.4 224.2 918.0 223.1 917.3 226.9 914.1 232.1 918.9 231.3 0.9984
505.8 251.5 14.5 16.6 509.6 258.4 516.1 258.1 513.0 261.8 510.7 264.9 515.8 264.6 0.9983
679.1 254.7 22.0 26.4 687.4 267.3 696.6 263.8 695.6 270.1 692.6 276.4 698.9 273.8 0.9982
0.0 461.9 20.7 49.0 -3.8 481.9 13.5 480.7 8.3 489.3 -1.8 497.5 14.2 496.4 0.9981
782.6 144.7 12.6 16.2 787.6 150.7 792.8 151.1 790.7 153.9 787.6 156.8 791.8 157.2 0.9981
195.4 136.5 15.8 20.5 201.2 144.4 208.6 144.2 205.9 147.9 202.2 152.1 208.0 152.0 0.9981
61.8 160.1 20.8 25.9 71.1 169.2 79.9 169.2 77.3 174.5 72.1 179.5 79.1 179.6 0.9980
738.6 499.9 28.3 32.9 747.8 517.1 758.3 510.3 758.8 519.3 756.8 527.2 764.3 521.9 0.9980
349.4 289.0 22.2 28.6 360.1 299.7 368.0 298.5 368.0 303.2 363.2 310.4 368.9 309.7 0.9978
113.2 95.6 16.5 21.0 123.0 103.0 127.8 102.7 128.4 106.6 124.2 111.3 127.8 111.2 0.9977
71.6 220.4 23.2 27.9 78.7 231.1 90.6 229.6 86.5 235.2 81.7 241.9 90.6 240.8 0.9976
486.8 136.2 15.2 19.4 491.5 144.7 498.8 144.1 496.0 147.5 493.2 151.6 498.6 151.1 0.9975
793.0 258.5 21.2 26.7 802.5 268.3 811.3 269.9 807.5 275.0 801.7 278.6 808.3 279.9 0.9973
801.2 197.9 14.8 18.4 807.7 205.1 813.9 204.7 812.6 208.1 809.3 212.1 813.8 211.9 0.9972
340.4 139.3 14.9 20.6 347.2 147.0 353.4 147.0 351.8 150.7 348.2 155.0 352.7 155.1 0.9972
862.5 217.3 17.3 22.7 868.1 226.1 875.8 225.6 872.6 230.3 869.5 235.0 875.7 234.7 0.9971
0.0 222.5 22.5 29.0 5.0 232.3 17.7 231.6 13.6 238.1 7.6 244.4 17.5 243.8 0.9971
633.8 192.6 15.2 18.7 640.6 200.0 646.2 198.9 646.2 202.2 643.3 206.8 647.4 206.1 0.9970
882.8 183.7 16.7 20.5 888.1 191.5 895.7 190.6 892.9 195.1 889.9 199.4 896.0 198.8 0.9958
824.9 316.8 20.2 26.6 833.6 328.0 842.4 326.2 840.8 332.8 836.6 338.4 843.0 337.1 0.9957
753.2 195.9 16.1 22.6 760.9 205.5 766.4 204.1 766.4 209.0 763.3 213.8 767.3 212.9 0.9955
618.8 515.7 31.9 36.8 632.2 531.2 643.7 526.6 643.8 535.2 640.3 545.2 647.9 541.7 0.9947
466.3 268.0 21.9 26.1 476.0 277.5 484.5 276.1 483.8 280.6 479.3 287.3 485.5 286.3 0.9940
583.2 253.1 18.6 25.9 592.4 263.1 599.8 262.8 598.2 268.2 593.0 272.9 598.9 272.8 0.9935
619.0 137.6 13.5 17.0 625.9 143.1 630.8 142.6 630.3 146.1 627.0 149.8 630.9 149.5 0.9920
739.0 147.4 13.6 16.6 744.3 153.2 750.1 153.0 748.1 156.8 745.4 160.2 749.5 160.2 0.9918
567.6 377.1 29.9 39.7 578.4 390.7 591.7 389.8 587.5 397.0 581.6 406.5 591.7 405.8 0.9911
389.6 141.0 14.1 16.9 394.8 147.6 400.9 147.2 398.9 150.7 396.0 154.1 400.8 153.9 0.9906
438.4 196.6 16.8 23.1 446.1 205.6 452.9 205.2 451.3 210.5 447.5 214.9 452.2 214.8 0.9898
758.9 160.2 14.5 18.4 765.5 165.4 770.9 165.9 769.3 170.0 765.7 173.6 769.7 174.0 0.9897
225.7 256.1 20.6 24.0 234.4 265.9 242.4 264.7 241.1 269.3 237.1 274.5 243.1 273.7 0.9886
697.6 142.3 13.0 15.9 703.0 147.3 708.3 147.2 706.4 150.8 703.7 154.3 707.6 154.3 0.9879
141.9 134.0 15.7 21.9 148.5 142.0 155.5 141.6 153.8 145.9 150.3 150.9 155.4 150.6 0.9870
668.5 157.9 14.2 17.6 732.5 178.4 733.7 178.0 734.7 181.9 731.4 184.8 732.1 184.8 0.9731
51.4 184.0 22.6 25.2 674.0 163.8 680.4 164.3 678.0 167.5 674.6 171.1 679.3 171.5 0.9634
104.2 160.4 20.1 24.2 59.8 191.9 69.8 193.5 64.9 198.1 59.5 203.0 67.0 204.3 0.8954
