7--Cheering/7_Cheering_Cheering_7_910.jpg
8
336.3 293.7 37.5 45.2 344.0 310.9 360.7 311.1 350.7 320.4 345.9 328.3 358.5 328.4 0.9996
92.6 276.0 37.1 52.8 104.5 294.3 122.3 295.0 115.1 302.7 105.9 314.1 120.2 314.6 0.9994
934.0 251.5 40.2 46.9 943.9 268.4 961.3 267.2 952.3 276.7 947.0 287.3 959.9 286.4 0.9993
181.3 391.0 25.1 32.0 190.8 403.7 202.1 404.9 197.0 410.6 190.5 415.1 199.6 416.1 0.9990
453.3 266.7 37.3 53.3 466.6 285.6 482.7 284.2 477.5 292.8 470.4 305.4 483.0 304.1 0.9987
690.3 257.0 40.4 53.9 700.9 276.6 719.6 277.6 709.8 285.7 702.9 296.8 716.8 297.4 0.9987
806.8 550.5 11.3 14.1 813.8 555.9 816.9 555.9 816.5 558.9 813.5 561.4 815.6 561.5 0.9789
759.3 564.5 11.0 13.8 764.7 570.0 768.4 569.7 767.8 572.5 765.4 575.4 768.2 575.2 0.9744
