7--Cheering/7_Cheering_Cheering_7_147.jpg
61
19.9 212.6 49.3 59.8 25.5 237.1 43.4 228.4 31.4 241.8 32.7 258.5 46.9 251.4 0.9998
202.6 442.4 52.0 62.3 211.3 465.1 234.6 462.6 219.3 471.8 214.0 488.3 232.0 486.3 0.9998
946.6 267.0 51.6 63.1 959.6 287.3 983.8 289.3 969.9 298.1 960.2 312.7 977.6 314.4 0.9997
816.2 291.4 48.1 59.2 824.7 312.2 846.7 310.1 833.8 317.2 827.9 333.6 846.1 331.9 0.9997
327.8 524.7 52.3 56.3 336.2 546.3 358.7 542.9 344.7 551.2 339.9 566.5 357.4 563.9 0.9997
109.6 74.3 44.1 53.3 117.8 93.0 137.9 93.1 125.2 101.0 119.4 113.6 134.4 113.8 0.9996
786.0 196.1 50.6 56.0 798.6 215.4 822.1 214.2 810.5 223.1 802.3 237.0 820.7 235.9 0.9996
478.8 494.1 43.5 57.2 486.9 508.9 505.7 510.1 491.3 516.7 485.6 532.6 499.7 533.6 0.9996
403.9 217.9 44.7 52.1 417.5 233.2 438.9 234.4 428.6 242.6 418.9 254.9 435.4 255.9 0.9996
474.9 37.0 47.3 54.5 485.2 55.4 507.0 53.6 495.8 63.6 487.9 75.3 508.2 73.7 0.9996
552.3 195.7 47.0 56.4 562.7 214.7 585.1 215.6 571.6 220.0 563.3 235.2 580.7 236.1 0.9996
605.2 264.5 47.6 59.6 613.8 283.8 635.5 281.2 623.9 295.7 619.3 309.8 635.2 307.8 0.9996
107.7 138.0 46.0 57.1 114.1 160.5 134.1 157.5 121.0 168.1 117.8 181.1 134.0 178.6 0.9995
394.2 324.3 46.2 59.2 412.2 345.3 432.6 346.4 427.1 351.2 417.3 367.1 431.8 367.8 0.9995
202.5 234.9 48.6 55.1 211.1 255.4 232.5 252.0 219.8 259.6 215.5 275.4 231.7 272.6 0.9995
544.9 574.9 44.6 53.5 554.1 599.7 562.1 600.3 546.7 609.5 550.2 624.7 555.4 624.9 0.9995
287.3 458.7 47.7 56.7 292.3 483.2 311.6 475.2 299.2 486.4 300.1 503.4 315.5 497.0 0.9993
353.8 211.8 43.2 47.1 365.8 226.2 386.2 228.1 376.6 230.2 366.9 242.6 384.9 244.0 0.9993
670.6 318.3 42.3 49.3 678.6 338.2 697.6 335.2 686.5 342.9 682.1 355.2 696.5 352.7 0.9993
942.9 539.5 52.4 60.9 954.2 562.4 978.2 561.4 964.6 572.9 957.7 585.4 975.8 584.7 0.9993
251.6 355.5 47.3 55.0 258.6 375.5 278.4 376.6 263.9 385.1 259.2 396.4 273.8 397.4 0.9992
591.7 60.2 44.8 51.3 600.9 83.7 619.4 79.1 610.9 92.7 609.3 102.3 621.8 98.5 0.9992
236.9 94.7 42.0 57.4 245.0 114.2 264.7 115.2 251.5 121.4 245.0 135.6 260.3 136.5 0.9992
934.8 428.3 52.8 52.6 957.1 442.9 978.2 445.1 972.2 449.5 960.2 462.5 977.1 464.0 0.9992
785.2 0.3 45.5 51.4 795.9 18.1 816.7 19.0 804.1 25.4 796.3 37.0 812.4 37.8 0.9991
911.4 0.0 43.4 48.1 922.4 13.1 942.7 14.9 930.7 21.9 921.9 32.7 938.9 34.1 0.9990
356.6 110.7 40.1 48.2 363.6 129.5 382.8 127.1 372.3 132.5 367.7 146.3 382.8 144.2 0.9990
679.8 537.2 48.7 57.7 690.6 552.4 710.7 554.1 696.2 562.6 688.8 575.8 705.4 577.2 0.9990
877.8 433.4 40.6 50.3 881.4 452.2 899.8 447.7 886.8 456.1 884.7 470.7 900.4 467.1 0.9990
62.6 27.0 43.7 55.6 71.4 50.3 91.0 44.5 82.3 54.4 78.4 69.8 94.2 64.9 0.9990
446.8 399.5 46.2 55.1 456.0 414.6 467.6 417.1 453.0 424.7 452.4 435.7 462.3 437.3 0.9989
290.9 9.2 38.6 56.5 294.7 27.7 308.5 25.6 294.3 36.0 296.1 50.9 306.3 49.0 0.9988
140.5 26.6 41.1 47.7 149.1 47.3 167.1 46.5 157.1 55.7 152.1 64.5 165.8 63.8 0.9987
141.0 391.0 43.7 51.2 149.4 406.8 169.4 406.0 157.0 410.9 151.1 426.2 167.4 425.5 0.9987
79.9 299.3 40.0 49.2 92.4 314.1 108.8 315.9 98.8 322.5 90.4 332.2 104.3 333.6 0.9987
612.2 93.8 43.5 50.4 619.5 109.6 638.8 108.2 627.4 116.7 622.2 129.8 636.8 128.8 0.9987
91.4 394.1 46.0 55.1 96.6 412.2 113.9 412.8 97.7 420.6 95.6 433.3 108.6 433.5 0.9986
0.0 384.4 31.9 54.2 -0.1 398.9 18.3 400.9 7.4 406.8 0.2 419.3 14.3 421.0 0.9986
991.1 350.1 32.4 64.0 999.8 373.8 1023.5 370.4 1008.1 376.1 1001.9 394.9 1022.5 392.1 0.9986
824.2 401.5 48.4 56.9 831.3 420.9 853.6 417.9 839.0 426.4 834.5 443.2 852.1 440.8 0.9983
581.7 401.3 48.3 63.3 588.1 425.5 603.7 426.7 590.1 435.4 587.7 447.3 599.9 448.4 0.9982
771.2 509.3 48.5 55.1 780.0 529.5 801.3 525.7 791.1 541.2 789.0 554.4 803.1 551.5 0.9980
167.7 0.0 46.2 36.1 180.9 2.5 200.5 2.4 190.9 11.4 184.0 22.6 197.7 22.6 0.9980
216.5 586.6 52.2 41.9 225.0 607.4 244.4 607.2 230.4 618.3 226.7 631.1 240.9 631.1 0.9965
418.9 18.9 43.4 52.8 430.1 33.8 449.6 35.1 438.3 42.2 430.3 53.9 446.1 55.2 0.9956
951.6 62.9 44.5 58.1 964.0 82.0 983.8 80.2 974.5 91.0 967.4 105.2 982.1 103.7 0.9954
584.2 12.1 41.4 46.7 593.7 26.8 613.2 25.8 603.1 31.5 596.2 43.8 611.6 43.0 0.9937
529.9 179.6 35.2 45.4 538.8 193.8 554.2 195.5 543.9 198.9 537.8 211.3 549.4 212.6 0.9877
246.5 242.4 35.9 58.6 254.7 260.3 263.7 261.7 253.9 270.7 253.9 283.7 260.4 284.4 0.9863
396.7 129.7 38.4 47.5 403.7 145.7 417.9 143.9 410.2 153.2 409.1 164.2 420.3 162.8 0.9853
732.8 4.6 45.0 52.7 749.4 22.9 766.7 25.3 758.6 32.0 749.9 41.4 762.7 43.4 0.9795
823.3 101.0 46.7 57.9 833.4 122.6 855.1 122.2 842.6 129.8 834.4 142.4 852.4 142.3 0.9777
981.5 123.1 34.3 46.9 611.7 95.8 630.8 93.0 621.2 103.0 616.9 114.5 630.8 112.2 0.9668
179.5 296.1 37.6 51.9 549.0 202.8 568.6 204.6 554.4 206.8 546.3 221.4 562.5 222.5 0.9564
805.6 81.8 35.8 48.6 990.6 139.6 1003.0 138.4 997.1 147.4 993.5 157.4 1002.8 156.6 0.9315
449.8 331.3 35.9 51.1 183.5 314.1 196.0 312.0 186.2 322.0 187.1 333.3 197.8 331.4 0.9220
733.7 455.1 46.0 53.7 229.9 256.3 243.9 256.1 231.6 265.2 232.0 279.4 242.2 278.9 0.7784
310.7 224.7 41.5 52.4 816.2 98.7 830.8 97.0 824.4 105.9 819.3 116.5 830.8 115.1 0.7547
671.6 162.9 48.9 60.1 453.8 351.6 463.3 350.0 455.9 358.8 458.2 368.7 465.9 367.4 0.7372
109.3 337.3 27.9 42.5 186.7 236.7 201.1 237.9 194.7 243.8 187.9 254.1 198.6 254.9 0.7296
609.1 551.7 40.6 49.8 453.9 612.4 470.2 611.6 459.1 620.3 454.9 630.8 468.4 630.0 0.5101
