7--Cheering/7_Cheering_Cheering_7_17.jpg
395
599.3 182.0 12.8 16.2 606.0 187.6 610.6 187.3 610.1 190.7 606.6 194.0 610.3 194.0 0.9998
572.6 370.9 13.6 17.7 579.3 377.5 583.9 376.6 583.6 380.1 580.6 383.9 584.4 383.4 0.9998
531.4 303.3 14.3 17.0 540.4 310.2 544.1 310.2 544.3 313.8 540.5 316.7 543.0 317.0 0.9998
805.0 429.9 15.2 20.9 814.8 438.5 817.3 437.6 819.7 441.7 816.1 445.8 817.7 445.5 0.9998
464.2 293.2 12.6 16.6 471.4 300.0 475.4 299.8 475.0 303.1 471.8 306.0 474.8 306.1 0.9998
525.9 230.7 12.4 15.3 534.2 236.0 536.9 235.9 537.6 239.0 534.4 241.9 536.2 242.1 0.9998
368.3 424.1 13.6 20.4 377.8 431.5 380.4 431.0 382.0 435.2 378.5 439.4 380.3 439.3 0.9998
14.0 330.8 13.5 18.4 22.5 338.5 25.8 337.4 27.1 341.2 24.0 345.1 26.4 344.5 0.9998
33.7 268.9 12.4 16.8 40.2 275.9 44.0 275.3 44.0 278.6 41.2 281.8 44.2 281.5 0.9998
341.3 363.7 15.4 19.4 348.4 371.5 353.2 369.8 354.7 372.9 352.3 378.4 355.6 377.1 0.9997
59.0 208.9 11.3 14.3 64.7 214.4 68.6 213.8 68.2 216.7 65.6 219.7 68.8 219.4 0.9997
237.1 330.8 12.9 18.4 244.8 337.9 248.0 337.0 248.9 340.5 246.0 344.4 248.5 344.0 0.9997
374.8 306.0 12.2 17.5 382.6 313.5 385.2 312.6 386.5 316.1 383.9 319.6 385.8 319.1 0.9997
804.1 230.7 12.5 16.9 809.9 237.4 814.4 237.4 813.3 240.5 810.1 243.4 813.8 243.6 0.9997
701.2 435.9 17.2 22.4 712.1 445.7 714.9 443.8 718.2 448.5 714.8 453.6 716.3 452.4 0.9997
134.7 311.3 13.8 18.0 143.5 317.7 147.1 317.6 147.6 321.2 143.8 324.8 146.4 324.9 0.9997
846.1 325.6 13.5 18.9 854.8 332.6 858.2 331.9 859.3 335.6 855.9 339.7 858.5 339.4 0.9997
858.4 234.0 12.1 15.5 865.1 240.9 868.7 239.6 869.6 242.9 867.2 246.3 869.4 245.5 0.9997
882.8 442.4 16.8 24.0 892.9 452.2 895.9 450.8 898.9 455.1 896.2 460.7 898.2 459.7 0.9997
841.8 208.6 12.4 15.4 848.2 213.9 852.8 214.1 851.8 217.2 848.2 220.1 851.8 220.3 0.9997
113.7 450.4 16.3 23.4 123.0 459.7 124.2 458.1 128.9 461.9 127.4 467.7 127.9 466.8 0.9996
218.1 301.9 13.2 18.1 226.7 309.7 230.1 309.7 230.5 313.3 226.7 316.4 229.1 316.6 0.9996
611.8 336.0 15.5 18.8 620.2 343.3 625.3 341.7 626.1 345.9 623.0 350.5 626.7 349.5 0.9996
731.9 267.1 13.0 16.2 739.1 274.0 742.5 272.9 743.8 276.0 741.6 279.7 743.9 278.9 0.9996
953.7 456.1 16.4 23.0 964.6 466.4 967.6 465.5 969.4 470.1 965.3 474.4 967.2 474.0 0.9996
555.4 226.5 13.9 16.9 560.4 233.5 565.9 231.4 565.4 234.9 563.5 239.4 567.8 237.8 0.9996
921.7 344.6 16.0 21.4 929.9 352.7 935.8 352.1 935.3 356.3 931.3 360.8 936.1 360.4 0.9996
204.0 211.9 12.6 16.8 211.2 218.4 215.2 218.6 214.7 221.8 211.1 224.8 214.2 225.2 0.9995
726.5 621.8 17.5 24.1 736.5 631.8 738.4 629.7 742.8 634.1 740.5 640.2 741.6 638.8 0.9995
255.0 174.4 11.4 14.8 261.1 180.6 265.2 180.0 264.9 183.4 262.0 186.3 264.8 186.0 0.9995
232.3 162.4 11.6 13.2 236.3 167.7 241.3 166.3 240.2 169.5 238.4 172.7 242.0 171.7 0.9995
642.2 257.2 13.8 18.1 649.2 263.6 653.2 262.4 654.3 265.8 651.7 270.5 654.7 269.7 0.9995
414.0 456.9 17.6 23.3 424.9 465.8 428.2 464.4 431.4 469.0 427.9 474.4 430.2 473.6 0.9995
275.3 231.7 12.2 14.6 281.8 236.8 286.1 237.0 285.3 239.7 282.3 242.6 285.3 242.9 0.9995
629.8 178.9 11.0 14.2 635.7 185.7 639.5 184.6 639.5 187.8 637.0 190.5 639.6 189.8 0.9995
204.0 348.2 11.7 16.7 211.7 354.6 214.1 353.8 215.4 357.3 212.6 360.8 214.3 360.5 0.9995
913.9 464.2 18.7 26.6 926.6 474.2 928.7 472.4 933.0 477.6 929.6 483.9 930.9 482.7 0.9995
821.4 106.6 9.6 12.0 824.5 111.4 829.0 111.2 827.0 113.6 825.1 115.9 828.8 115.8 0.9995
880.0 284.5 13.0 19.2 888.1 292.0 891.4 291.2 892.3 295.1 889.2 299.0 891.7 298.6 0.9994
473.2 248.8 12.8 15.8 479.6 255.6 484.1 254.1 484.3 257.7 481.7 261.3 484.8 260.3 0.9994
423.3 43.9 9.7 12.0 428.9 48.5 432.2 48.7 431.7 51.0 428.8 53.2 431.2 53.5 0.9994
54.7 397.3 17.1 21.8 63.4 407.3 68.8 405.3 69.9 409.5 66.9 414.5 70.8 413.1 0.9994
882.9 619.5 19.8 27.2 895.9 632.1 899.8 630.2 902.9 635.7 898.0 641.1 900.2 640.2 0.9994
236.0 257.1 12.4 16.1 243.1 263.7 247.1 263.3 246.8 266.7 243.6 269.6 246.4 269.6 0.9994
679.9 139.1 11.6 14.7 685.1 144.0 690.0 144.0 688.7 146.8 685.7 149.9 689.6 150.0 0.9994
901.3 375.6 13.5 19.6 910.2 383.4 913.1 382.8 914.3 386.8 910.9 390.6 913.1 390.4 0.9994
904.5 299.2 14.9 19.2 912.9 307.4 917.2 306.4 918.0 310.4 915.0 314.4 918.0 313.8 0.9994
833.6 368.1 17.3 21.3 842.3 375.5 846.8 374.1 848.2 377.7 845.4 383.5 848.8 382.6 0.9994
660.4 186.0 11.9 14.6 665.8 191.5 670.3 190.8 669.8 193.6 667.5 197.1 670.7 196.6 0.9994
172.8 219.4 10.6 13.3 178.7 224.4 181.9 224.1 181.8 226.9 179.1 229.5 181.7 229.4 0.9994
903.2 263.9 12.8 16.5 909.4 270.3 914.3 269.6 913.5 273.1 910.7 276.8 914.5 276.4 0.9994
378.0 112.4 10.2 13.3 383.1 117.3 386.7 117.2 386.3 119.8 384.0 122.6 386.6 122.5 0.9993
257.0 619.5 20.9 30.5 269.4 630.9 272.6 629.0 277.2 634.7 273.7 642.6 275.7 641.3 0.9993
57.3 307.8 13.9 18.3 65.6 315.6 69.4 314.5 70.2 318.5 67.0 322.5 69.7 321.8 0.9993
452.5 134.0 10.6 14.7 458.7 139.8 461.2 139.0 462.3 142.2 460.0 145.4 461.8 145.0 0.9993
80.2 394.7 14.3 18.4 87.1 401.7 92.9 401.6 91.7 405.1 88.2 408.9 92.4 408.9 0.9993
918.1 544.8 16.9 20.8 928.1 552.6 928.9 550.9 933.8 554.4 933.2 559.8 933.3 558.8 0.9993
704.9 280.1 13.9 18.9 712.9 286.8 716.7 285.8 717.6 290.1 714.4 294.4 717.2 293.9 0.9993
377.9 150.2 10.2 13.5 383.6 155.7 386.8 155.4 386.7 158.2 384.2 160.8 386.5 160.7 0.9993
384.9 525.8 18.6 22.0 395.3 534.5 398.2 532.1 402.3 536.4 400.2 542.4 401.9 540.7 0.9993
32.6 505.2 17.7 22.6 44.6 514.5 48.1 514.0 49.7 518.5 44.5 522.7 46.9 522.6 0.9992
216.2 442.4 15.1 20.5 226.1 451.1 229.4 450.0 231.3 454.2 227.5 458.5 229.5 458.0 0.9992
185.9 479.4 17.2 22.6 192.7 488.9 200.2 487.9 197.9 493.0 193.7 497.0 199.8 496.3 0.9992
82.3 532.9 16.9 22.4 90.8 543.2 95.9 541.3 97.1 545.9 93.7 550.9 97.4 549.6 0.9992
607.7 59.0 10.0 11.7 612.1 63.2 616.1 63.3 614.7 65.6 612.3 67.9 615.4 68.0 0.9992
546.1 191.0 13.1 16.2 552.8 197.3 557.3 197.0 556.5 200.3 553.5 203.5 556.9 203.4 0.9992
815.2 273.2 12.6 18.1 823.3 279.7 826.4 279.5 827.5 282.9 824.1 286.8 826.3 286.8 0.9992
529.1 171.5 11.4 14.5 536.5 177.7 539.4 177.4 539.6 180.8 536.2 183.3 538.2 183.3 0.9992
987.4 354.6 13.1 16.0 993.9 360.7 997.7 359.1 998.8 362.5 996.4 366.8 999.0 365.7 0.9992
514.5 437.8 15.2 22.9 524.9 447.0 525.7 445.9 529.5 450.1 526.8 455.0 527.3 454.6 0.9992
392.6 628.9 22.3 28.6 401.1 642.2 410.7 642.2 406.9 648.0 401.9 652.2 408.9 652.3 0.9992
198.2 138.0 10.4 13.0 201.9 142.8 206.5 142.7 204.6 145.1 202.3 147.5 206.2 147.5 0.9991
507.5 540.7 18.8 28.0 519.6 552.3 521.9 550.5 526.1 555.9 522.3 562.1 523.8 561.1 0.9991
134.1 157.5 9.9 12.6 139.4 162.1 142.5 161.5 142.6 164.1 140.4 166.9 142.8 166.6 0.9991
474.4 411.9 16.4 21.3 476.4 419.1 481.1 419.5 476.0 423.4 476.8 427.6 480.4 427.7 0.9991
112.0 265.6 13.5 18.0 117.8 273.5 123.0 271.9 122.9 275.7 120.6 280.1 124.4 278.9 0.9991
451.0 419.2 17.4 20.6 455.8 426.0 463.8 425.8 459.9 431.3 457.1 435.1 462.9 434.9 0.9991
490.4 178.8 11.5 15.0 496.8 184.9 500.7 184.8 500.1 188.0 496.9 190.7 499.8 190.8 0.9991
814.2 158.9 9.5 12.7 820.0 163.8 822.5 163.3 822.9 165.8 820.8 168.4 822.6 168.2 0.9991
546.1 171.2 10.7 12.9 551.0 176.1 555.3 175.7 554.4 178.2 551.9 181.0 555.2 180.8 0.9991
571.9 256.3 13.4 16.8 579.7 263.4 583.4 264.3 582.1 267.2 577.9 269.0 580.8 269.9 0.9991
691.6 340.1 15.3 19.9 701.3 347.4 705.0 346.6 706.1 351.2 702.1 355.5 704.5 355.1 0.9991
1009.9 371.3 12.9 19.4 1017.3 379.3 1021.0 378.8 1020.8 382.9 1017.3 386.6 1020.0 386.4 0.9991
798.5 125.7 10.6 13.3 802.8 130.9 807.0 129.8 806.5 132.7 804.7 136.0 807.8 135.2 0.9990
411.1 314.5 11.9 17.6 417.4 322.6 420.8 321.1 421.6 325.0 419.2 328.7 421.4 327.8 0.9990
992.3 307.1 14.6 17.6 999.3 313.4 1003.8 312.1 1004.6 315.4 1002.3 320.1 1005.7 319.2 0.9990
90.0 79.2 9.2 11.6 94.3 84.0 97.8 84.0 96.8 86.4 94.5 88.5 97.2 88.6 0.9990
758.8 298.1 14.9 18.3 768.0 304.5 772.0 304.1 772.0 308.6 767.5 312.0 770.3 312.0 0.9990
991.2 236.9 12.3 16.1 997.8 243.0 1001.7 242.6 1001.6 245.5 998.7 248.8 1001.9 248.6 0.9990
84.6 308.3 12.6 17.4 92.5 314.5 95.4 314.4 96.3 317.9 93.0 321.5 95.0 321.6 0.9990
480.7 374.9 12.9 16.4 488.3 382.6 491.2 381.1 492.9 384.6 490.7 388.1 492.3 387.2 0.9990
688.1 250.8 11.9 16.4 693.1 256.9 698.0 256.6 696.7 259.9 693.9 263.2 697.9 263.1 0.9990
787.5 97.5 9.5 12.3 790.7 101.9 795.1 101.8 793.3 104.1 791.3 106.7 794.8 106.7 0.9990
609.0 161.9 11.3 14.7 614.6 168.5 618.1 167.1 618.4 170.5 616.6 173.9 618.9 173.0 0.9989
171.1 364.0 12.5 16.6 178.6 371.0 180.4 369.9 182.5 373.1 180.7 376.8 181.8 376.2 0.9989
199.6 107.1 9.4 12.7 203.5 113.5 207.4 112.4 206.6 115.2 205.0 117.9 207.7 117.1 0.9989
588.9 632.8 21.4 28.6 602.2 645.3 605.9 642.8 609.7 648.8 606.1 655.7 607.9 654.0 0.9989
975.4 167.3 9.8 12.3 978.6 171.7 983.0 171.9 981.1 174.6 979.1 176.8 982.3 176.9 0.9989
147.9 387.9 16.5 21.1 154.8 396.4 161.9 395.1 160.7 399.0 157.4 404.1 162.7 403.2 0.9989
366.4 238.3 12.6 16.6 370.8 245.5 376.7 244.9 374.6 248.2 371.8 251.2 376.5 250.8 0.9989
358.8 174.7 10.5 13.8 364.2 180.9 367.8 180.2 367.6 183.2 365.3 186.0 367.8 185.6 0.9989
552.7 287.2 13.1 17.8 558.1 294.8 563.1 294.1 561.9 297.5 559.3 300.9 563.5 300.4 0.9988
73.2 244.5 11.6 15.4 79.3 250.2 83.1 250.0 82.7 253.2 79.9 256.4 82.7 256.4 0.9988
303.9 557.2 18.8 25.9 316.8 567.2 320.4 566.7 322.2 571.9 317.5 577.0 319.9 577.0 0.9988
200.5 179.6 10.0 14.5 205.3 186.1 208.8 185.1 208.8 188.3 206.7 191.3 209.3 190.6 0.9988
858.7 404.4 15.5 22.7 869.9 414.1 872.1 413.1 874.1 418.0 870.6 422.4 871.9 422.0 0.9988
418.3 85.4 10.5 13.1 423.4 91.1 427.1 90.3 426.8 93.0 424.5 95.7 427.3 95.2 0.9988
169.2 252.6 13.5 17.2 175.5 260.6 180.4 259.0 180.0 263.0 177.6 266.5 181.1 265.4 0.9987
258.9 134.6 11.0 13.3 264.7 139.7 268.3 139.6 267.9 142.3 265.4 144.9 267.9 144.9 0.9987
303.4 139.4 10.2 12.6 308.9 144.1 311.9 143.7 312.3 145.8 310.2 148.8 312.2 148.6 0.9987
396.8 294.5 12.2 15.6 401.4 302.6 406.5 300.7 405.5 304.8 403.9 308.0 407.4 306.6 0.9987
414.7 63.1 9.0 11.7 416.1 67.4 419.9 67.5 417.3 69.8 416.4 72.2 419.5 72.2 0.9987
985.8 52.1 8.2 10.5 990.0 56.0 992.8 55.8 992.3 58.0 990.4 60.1 992.5 60.1 0.9987
669.5 634.4 22.0 27.9 678.8 647.1 688.0 645.4 686.1 651.6 681.7 657.2 688.4 656.0 0.9987
606.0 422.7 15.6 22.1 614.1 430.8 618.1 429.9 619.4 433.7 616.7 439.1 619.8 438.4 0.9987
28.3 133.9 10.4 13.3 32.2 140.1 36.8 139.3 35.4 142.3 33.6 145.0 36.9 144.4 0.9986
383.5 459.6 13.4 19.4 385.2 467.4 387.3 467.8 384.2 471.5 386.2 475.0 387.7 475.1 0.9986
904.0 143.4 10.2 13.1 907.6 148.5 912.1 148.3 910.3 151.3 908.5 153.9 911.8 153.8 0.9985
1001.7 43.8 9.2 12.8 1005.9 49.1 1009.5 48.5 1009.0 51.2 1007.0 53.9 1009.7 53.6 0.9985
832.5 87.5 8.6 10.8 836.9 91.4 840.1 91.6 839.3 93.6 836.9 95.6 839.4 95.9 0.9985
11.1 67.1 9.3 11.5 13.5 72.1 17.7 71.6 15.8 74.1 14.6 76.2 17.9 75.8 0.9985
164.1 104.8 10.7 11.8 167.8 109.0 172.5 109.5 170.2 112.2 167.8 114.1 171.1 114.5 0.9985
711.8 156.0 11.3 15.7 718.1 162.3 721.7 162.0 721.5 165.4 718.6 168.4 721.2 168.3 0.9985
387.7 190.6 11.4 15.7 393.3 196.3 396.8 195.5 397.2 198.3 394.9 202.2 397.6 201.6 0.9985
772.9 140.7 9.7 12.7 774.6 145.8 778.9 145.8 776.3 148.4 775.1 150.8 778.5 150.8 0.9985
597.7 23.5 8.9 10.3 600.4 26.8 604.6 26.7 602.6 28.9 600.8 31.2 604.3 31.1 0.9985
500.0 204.1 12.5 16.9 505.5 211.5 511.0 211.0 509.2 215.0 506.1 217.8 510.2 217.6 0.9985
6.3 152.9 10.5 12.7 12.0 157.4 15.6 157.4 15.0 160.1 12.3 162.6 14.9 162.7 0.9985
534.5 533.8 16.2 21.4 544.4 543.8 547.5 541.9 549.6 546.6 546.6 551.3 548.3 550.1 0.9985
108.2 185.3 13.1 17.1 112.1 192.9 117.9 192.6 115.4 195.8 113.0 198.7 117.9 198.5 0.9985
599.9 212.1 11.3 15.6 605.3 218.9 609.6 218.1 609.2 221.4 606.8 224.6 610.0 224.1 0.9984
229.9 205.9 12.1 14.8 235.6 211.7 240.2 211.2 239.4 214.6 236.6 217.5 239.8 217.2 0.9984
231.5 115.2 11.1 15.4 235.5 121.6 240.0 121.0 238.7 124.2 236.7 127.3 240.3 126.9 0.9984
140.1 417.6 16.4 20.1 147.5 426.9 151.5 424.2 153.3 428.2 152.0 433.4 154.5 431.5 0.9984
682.6 96.4 9.7 11.6 685.4 99.4 690.3 99.5 687.9 101.9 685.7 104.4 689.8 104.5 0.9984
353.0 75.1 9.1 12.2 356.8 80.6 360.6 80.5 359.3 83.1 357.1 85.1 360.0 85.1 0.9984
414.7 409.2 16.6 18.0 420.8 417.1 428.0 416.4 425.3 421.3 422.1 424.1 427.2 423.7 0.9983
108.8 361.8 11.1 16.7 114.9 368.2 115.6 367.4 119.0 369.9 118.4 374.0 118.7 373.7 0.9983
108.2 107.7 10.5 12.9 113.3 112.7 117.6 112.4 116.7 115.2 114.2 117.8 117.4 117.6 0.9983
928.1 89.7 8.5 10.3 932.1 93.6 935.3 93.1 934.8 95.1 933.0 97.3 935.6 97.0 0.9983
78.8 352.9 13.7 16.4 85.9 360.3 89.6 358.1 90.9 361.7 89.4 365.9 91.9 364.4 0.9983
32.1 99.6 10.0 12.5 37.5 104.7 40.8 104.0 40.7 107.0 38.4 109.5 40.6 109.2 0.9982
646.6 160.4 10.8 13.9 651.1 165.7 655.2 165.5 654.0 168.3 651.8 171.1 655.0 170.9 0.9982
493.0 103.2 9.4 12.4 495.1 108.2 499.5 108.1 497.2 110.3 495.7 112.8 499.1 112.7 0.9982
668.0 124.2 9.6 11.9 673.2 128.6 676.3 128.5 675.9 130.9 673.5 133.2 675.9 133.3 0.9982
390.6 337.6 14.0 18.7 398.4 344.8 402.8 344.2 403.1 348.0 399.8 352.0 402.9 351.7 0.9982
130.9 81.1 8.6 11.1 133.6 85.5 137.4 85.4 135.7 87.5 134.1 89.6 137.1 89.5 0.9981
847.6 472.6 14.6 21.4 858.2 480.6 858.9 479.5 862.1 483.7 859.4 488.8 859.6 488.2 0.9981
17.1 238.9 14.0 17.9 23.6 245.3 29.1 244.4 28.0 248.4 24.7 252.3 29.1 251.7 0.9981
503.4 137.2 10.8 14.2 505.4 143.8 509.7 143.8 506.9 146.9 506.6 149.1 509.4 149.1 0.9981
341.8 121.7 9.8 12.1 346.6 125.8 350.3 125.6 349.5 128.2 347.0 130.8 349.9 130.8 0.9981
934.9 175.4 11.0 14.0 940.8 182.2 944.5 181.1 944.4 184.2 942.1 187.0 944.6 186.3 0.9981
265.5 377.2 14.4 18.2 273.5 383.2 277.3 382.2 278.3 386.1 275.1 390.5 277.9 390.0 0.9981
589.8 106.8 9.1 12.1 592.7 111.5 596.7 111.5 594.9 113.7 593.2 116.0 596.3 116.0 0.9980
168.7 201.4 9.9 13.1 175.4 206.8 177.6 206.3 178.4 209.2 175.9 211.7 177.4 211.5 0.9980
274.5 258.5 12.5 17.3 280.8 264.9 285.3 264.1 284.9 268.3 281.7 271.9 284.9 271.5 0.9980
297.3 65.2 10.1 12.2 302.4 69.7 305.6 69.0 305.7 71.7 303.8 74.4 306.0 74.1 0.9980
581.2 68.8 9.6 11.2 585.8 72.6 589.3 72.0 588.9 74.7 586.7 77.3 589.3 77.0 0.9979
192.3 122.8 9.4 11.7 196.4 127.3 200.1 127.3 198.7 129.9 196.5 132.0 199.1 132.1 0.9979
57.5 86.7 8.8 12.0 60.9 91.9 64.6 91.3 63.6 93.9 62.0 96.2 64.8 95.8 0.9979
773.8 90.5 9.1 12.4 774.8 95.5 777.1 96.1 774.4 98.1 775.0 100.2 776.5 100.5 0.9979
434.2 37.7 8.6 11.1 436.9 42.1 440.7 42.1 439.0 44.2 437.3 46.3 440.4 46.3 0.9979
734.5 120.3 9.6 12.6 738.9 126.1 742.7 125.8 741.8 128.5 739.7 130.8 742.3 130.6 0.9978
240.9 193.2 10.3 12.9 245.6 197.5 249.5 196.9 248.8 199.7 246.4 202.6 249.6 202.3 0.9978
948.2 55.3 9.4 12.2 951.7 60.3 955.9 60.0 954.5 62.3 952.5 64.8 955.7 64.6 0.9978
307.3 113.9 9.3 12.4 312.4 119.3 315.3 119.1 315.2 121.6 313.0 123.9 315.1 123.8 0.9978
676.8 207.3 13.1 14.3 684.2 211.9 688.1 211.4 688.7 214.3 685.6 217.7 688.3 217.5 0.9977
70.3 2.6 8.3 10.4 73.3 6.8 77.0 6.8 75.5 8.8 73.6 10.7 76.6 10.7 0.9977
536.3 101.8 10.1 14.2 541.0 107.4 544.8 107.3 544.0 109.9 541.6 112.7 544.4 112.7 0.9977
106.1 85.0 9.8 12.4 109.0 90.4 113.4 89.9 111.7 92.6 110.0 95.0 113.4 94.6 0.9977
13.6 125.3 9.4 12.2 17.8 130.8 21.5 129.9 20.9 132.6 19.2 135.2 21.7 134.6 0.9976
610.4 37.9 9.0 11.5 612.9 42.5 617.2 42.3 615.2 44.6 613.5 46.8 617.0 46.7 0.9975
710.3 107.1 9.5 11.8 713.3 111.5 717.8 111.5 715.8 113.9 713.7 116.2 717.2 116.3 0.9975
927.9 308.7 12.4 16.2 934.5 316.1 937.9 314.4 939.1 318.4 937.0 322.0 939.2 320.9 0.9975
399.9 43.9 8.0 10.8 403.0 48.0 406.4 48.1 405.1 50.2 403.2 52.1 406.0 52.2 0.9974
357.1 312.6 11.8 18.0 365.0 319.2 366.3 318.5 368.3 322.0 365.9 326.1 366.8 325.8 0.9974
875.7 114.1 8.7 11.0 879.9 118.1 883.4 118.0 882.3 120.5 880.1 122.6 882.6 122.7 0.9974
973.1 451.5 13.6 19.9 981.3 458.8 984.3 457.3 986.1 461.8 983.0 466.7 985.1 465.8 0.9974
246.2 293.2 11.8 16.4 252.1 300.6 256.0 299.2 256.1 302.9 253.7 306.4 256.5 305.5 0.9974
95.2 581.5 18.8 24.2 101.3 592.7 109.4 591.1 106.6 597.1 103.8 601.4 110.0 600.2 0.9974
490.4 70.5 9.8 13.2 494.4 76.3 498.7 75.7 497.5 78.4 495.6 81.2 498.7 80.8 0.9974
454.3 332.8 14.3 19.0 462.0 340.9 466.2 339.4 467.0 343.3 464.3 347.6 467.4 346.5 0.9974
529.4 68.2 8.7 10.8 532.2 72.3 536.1 71.9 534.6 74.2 533.2 76.6 536.1 76.2 0.9974
172.1 556.0 18.7 20.9 182.0 563.9 187.2 561.9 188.5 566.7 185.2 572.1 188.5 570.8 0.9974
787.0 350.3 15.7 18.6 793.5 359.2 797.9 356.5 799.2 360.4 798.3 365.2 801.2 363.2 0.9973
478.1 169.9 10.1 12.2 480.8 174.4 485.8 174.2 483.6 176.9 481.5 179.4 485.5 179.3 0.9973
433.5 80.0 9.2 12.2 434.9 85.4 438.4 85.7 435.7 88.0 435.1 90.0 437.9 90.1 0.9973
179.0 32.3 8.6 11.1 182.2 36.9 186.0 36.4 185.0 38.6 183.4 41.0 186.2 40.6 0.9973
690.9 130.1 9.7 12.2 694.9 134.7 698.7 134.4 697.7 137.0 695.6 139.5 698.6 139.4 0.9972
180.0 268.9 14.2 18.4 187.8 276.2 192.0 275.1 192.3 279.0 188.8 282.8 192.3 282.2 0.9972
142.0 179.4 12.3 14.5 147.6 184.5 152.5 183.9 151.3 187.1 148.7 190.3 152.5 190.0 0.9972
623.7 545.4 15.1 23.3 634.5 552.0 634.5 551.7 638.3 555.5 636.1 561.2 636.2 561.2 0.9970
549.6 152.0 11.8 13.7 554.9 158.4 559.1 156.6 559.2 160.0 557.6 163.4 560.4 162.1 0.9970
500.4 288.4 12.8 15.0 508.0 296.8 510.7 296.4 509.9 300.3 506.0 301.8 507.2 301.7 0.9970
458.4 116.4 10.6 13.4 463.6 122.8 467.7 122.1 466.9 125.1 464.5 127.5 467.4 127.2 0.9969
490.5 315.8 15.5 19.5 498.2 322.3 503.2 321.9 503.2 325.3 499.9 330.0 503.8 329.9 0.9969
98.0 19.9 6.8 9.0 488.5 35.9 491.8 35.5 491.0 37.8 489.3 40.0 491.9 39.7 0.9969
830.0 492.1 16.3 23.7 99.3 23.5 101.7 23.7 99.8 25.2 99.4 26.9 101.4 26.9 0.9969
509.9 394.3 18.5 14.5 840.3 502.9 843.1 501.4 845.4 506.0 841.8 510.6 843.4 509.9 0.9969
157.7 171.7 10.6 14.2 520.8 402.4 523.3 404.4 520.9 407.4 515.5 406.6 516.1 408.2 0.9969
149.7 124.0 10.0 12.8 164.4 177.7 167.3 177.4 167.6 180.7 164.5 183.1 166.2 183.1 0.9969
305.8 243.2 12.8 15.9 153.7 129.8 158.0 129.3 156.6 132.2 154.5 134.5 157.6 134.2 0.9968
902.1 99.4 9.7 11.6 311.5 249.2 315.2 247.4 316.2 250.6 314.8 255.1 317.6 253.8 0.9968
391.8 105.3 10.0 11.7 905.9 103.8 910.2 103.6 908.8 106.1 906.7 108.3 909.9 108.2 0.9968
454.5 37.4 8.5 10.6 393.9 109.3 398.6 109.2 396.0 111.8 394.5 114.2 398.3 114.2 0.9967
411.2 22.3 9.3 11.5 456.9 41.4 460.8 41.3 458.8 43.4 457.2 45.4 460.5 45.4 0.9967
73.9 291.3 12.8 16.2 414.5 25.9 418.7 25.6 417.1 28.3 415.2 31.0 418.5 30.8 0.9966
912.2 185.6 9.3 12.9 80.5 298.9 83.4 297.3 84.6 300.4 82.8 303.9 84.8 302.8 0.9966
352.2 144.2 8.6 12.0 916.6 190.4 920.2 190.3 919.4 192.9 917.2 195.5 920.0 195.5 0.9965
0.0 390.8 13.9 19.3 354.9 148.6 358.9 148.8 357.2 151.1 355.3 153.3 358.4 153.4 0.9964
568.3 88.3 9.9 12.6 7.6 398.8 10.7 397.5 12.5 401.4 9.4 405.5 11.5 404.8 0.9964
426.5 269.1 13.3 14.9 571.6 93.6 576.1 92.9 574.6 95.7 572.8 98.2 576.3 97.8 0.9964
458.8 172.6 11.2 13.6 434.0 275.9 437.4 276.0 436.4 279.8 432.7 281.4 434.6 281.7 0.9964
792.1 38.3 9.8 13.2 460.8 178.5 464.5 178.4 462.0 181.5 462.2 183.8 464.7 183.6 0.9964
768.9 647.4 16.9 19.2 793.4 43.7 797.3 44.1 794.3 46.3 793.7 48.7 796.6 48.8 0.9963
1011.2 95.7 11.4 13.5 777.7 657.8 781.5 655.2 784.0 660.0 781.2 665.2 783.6 663.5 0.9963
208.5 85.6 8.7 12.4 1014.2 99.7 1019.1 99.7 1016.6 102.3 1014.7 105.4 1018.6 105.4 0.9963
315.7 107.1 9.5 13.0 210.1 90.4 213.7 90.6 211.3 92.9 210.2 95.1 213.1 95.2 0.9962
311.5 609.2 18.1 26.2 319.2 112.2 323.5 112.3 321.7 115.0 319.7 117.4 322.8 117.4 0.9962
136.1 100.7 9.0 11.7 323.7 620.7 324.9 618.8 329.2 624.0 327.0 629.8 327.6 628.7 0.9962
840.4 260.7 15.5 19.5 138.3 106.3 142.4 105.2 141.0 107.9 139.9 110.3 143.0 109.4 0.9961
388.8 52.1 7.8 9.5 848.0 268.6 853.4 267.8 852.5 272.0 849.4 275.8 853.3 275.4 0.9961
681.5 589.9 13.7 23.1 390.6 55.3 394.3 55.1 392.5 57.0 391.0 59.0 394.2 58.9 0.9961
186.1 98.0 9.8 12.8 691.3 599.1 692.4 598.7 694.4 603.3 691.2 607.8 692.0 607.7 0.9960
391.7 145.6 9.4 12.3 192.1 102.9 194.8 102.7 195.0 105.3 192.5 107.9 194.4 107.9 0.9960
41.9 21.2 7.2 8.3 395.3 150.7 399.0 150.1 398.0 152.8 396.4 155.3 399.3 154.9 0.9960
452.2 212.8 10.5 14.4 44.5 24.3 47.7 24.0 46.6 25.9 45.2 27.6 47.7 27.4 0.9959
257.4 121.8 9.3 11.4 457.2 218.8 460.8 218.7 460.0 221.5 457.6 224.2 460.4 224.2 0.9958
346.1 286.7 10.8 13.4 261.2 127.1 264.7 126.1 264.3 128.6 262.9 131.1 265.4 130.4 0.9957
65.2 118.3 9.6 12.4 350.0 293.4 354.6 293.5 352.5 296.4 350.2 298.1 353.4 298.3 0.9957
492.5 47.9 8.4 10.1 70.2 123.4 73.5 123.0 73.3 125.6 71.0 128.1 73.4 127.9 0.9956
167.4 137.9 9.5 12.8 494.6 51.4 498.5 51.5 496.3 53.4 494.9 55.3 498.1 55.3 0.9955
855.6 193.8 10.0 12.0 172.1 142.8 175.4 142.4 175.1 145.1 172.9 147.7 175.3 147.5 0.9955
364.7 44.1 8.3 10.9 858.0 197.1 862.7 197.2 860.1 199.6 858.3 202.2 862.3 202.2 0.9955
869.3 147.4 10.4 11.4 368.0 48.4 371.6 48.3 370.4 50.5 368.4 52.5 371.3 52.5 0.9952
975.1 587.9 12.3 16.3 872.9 152.5 877.6 152.8 875.2 155.6 873.1 157.0 876.2 157.3 0.9952
100.8 40.9 8.1 10.4 976.4 594.4 980.5 595.4 976.4 598.4 976.8 600.8 979.6 601.4 0.9951
929.8 524.2 14.9 22.4 103.6 45.0 107.2 44.8 105.8 47.0 104.1 49.0 107.0 49.0 0.9951
325.9 161.0 10.7 13.8 939.7 532.8 941.9 531.7 943.7 536.7 940.4 541.6 942.0 541.1 0.9951
27.9 62.2 8.7 11.4 331.2 166.9 334.9 166.4 334.2 169.5 331.8 172.1 334.4 171.8 0.9950
468.3 85.9 10.2 11.9 31.4 67.2 35.1 66.9 34.0 69.2 32.2 71.4 34.9 71.2 0.9949
563.6 60.2 8.7 11.5 471.2 89.3 476.0 89.4 473.6 92.0 471.5 94.6 475.3 94.6 0.9949
242.0 247.0 10.8 13.7 567.5 64.8 571.0 64.8 570.0 67.3 567.9 69.3 570.5 69.3 0.9948
64.5 135.6 9.8 12.1 247.9 251.9 250.8 251.1 251.3 254.1 249.3 257.3 251.4 256.8 0.9947
636.0 36.5 8.7 11.4 67.6 139.3 72.1 139.1 70.2 141.7 68.2 144.4 71.9 144.3 0.9947
438.8 51.2 8.5 10.8 740.3 239.4 743.6 239.8 740.1 242.7 740.5 245.7 742.8 245.9 0.9946
822.3 125.0 9.8 11.7 639.5 41.2 643.1 40.8 641.9 43.5 640.2 45.6 642.8 45.4 0.9946
228.6 87.9 10.3 12.5 441.3 55.5 444.9 55.3 443.2 57.5 441.8 59.7 444.8 59.6 0.9946
646.9 54.8 9.0 11.7 826.3 129.2 830.6 128.6 829.3 131.6 827.2 134.1 830.5 133.8 0.9945
441.4 93.4 10.6 12.7 234.7 92.1 237.6 92.0 237.5 94.7 235.1 97.4 237.1 97.4 0.9945
448.4 644.0 22.0 22.6 649.3 59.7 653.5 59.8 651.4 62.3 650.0 64.2 653.1 64.2 0.9945
829.0 148.5 9.7 12.1 443.1 97.6 448.0 96.9 445.4 100.4 444.6 103.4 448.3 102.8 0.9943
396.9 64.1 8.8 11.6 460.0 656.1 468.0 653.8 467.4 660.4 462.1 665.2 467.3 663.6 0.9943
211.3 48.8 7.8 9.0 833.8 152.5 837.2 152.2 836.5 154.9 834.4 157.6 836.9 157.5 0.9943
312.7 131.1 8.5 12.4 400.4 68.7 404.0 69.0 402.6 70.9 400.6 72.8 403.3 73.1 0.9937
56.0 52.5 9.3 11.7 214.8 52.1 217.7 51.5 217.3 53.7 215.9 55.7 218.0 55.4 0.9936
463.3 156.0 10.2 12.0 317.2 136.2 319.9 135.6 319.9 138.3 318.1 140.9 320.1 140.6 0.9936
892.4 214.5 9.8 14.2 59.4 56.9 63.5 56.8 62.0 59.3 60.0 61.5 63.2 61.5 0.9934
510.6 25.5 8.0 10.5 466.3 160.7 470.8 160.5 468.8 163.2 467.2 165.3 470.6 165.1 0.9928
915.5 51.3 8.6 12.4 897.8 220.2 900.6 220.0 900.9 222.7 898.9 225.6 900.8 225.5 0.9927
597.4 139.9 9.9 13.3 513.6 29.5 517.2 29.5 515.8 31.7 513.9 33.7 516.7 33.8 0.9925
569.7 183.2 10.4 14.5 917.7 55.8 921.9 55.7 919.9 58.2 918.3 60.8 921.7 60.7 0.9923
397.6 128.5 9.0 11.6 602.0 144.7 605.8 144.3 605.1 147.2 602.9 150.1 605.8 149.9 0.9923
2.8 77.4 8.1 10.8 576.6 188.9 578.6 188.6 579.0 192.0 576.1 194.6 577.4 194.6 0.9922
10.6 596.6 20.6 23.2 400.1 132.7 404.1 132.6 402.2 135.0 400.7 137.3 403.8 137.2 0.9922
473.4 19.9 7.5 9.4 5.4 81.8 9.1 81.6 7.6 83.7 5.9 85.6 8.9 85.6 0.9920
952.6 404.9 14.4 18.4 18.3 605.8 21.1 602.4 25.2 605.6 26.1 612.9 28.2 610.4 0.9919
22.0 20.8 7.0 9.4 477.4 23.6 479.7 23.5 479.5 25.3 477.7 27.1 479.4 27.2 0.9918
349.5 110.5 9.7 11.9 961.1 411.3 964.6 411.0 964.8 415.1 961.4 419.0 963.7 419.0 0.9916
1000.2 89.1 8.4 11.8 24.7 24.4 27.6 24.1 26.7 26.1 25.3 28.0 27.6 27.9 0.9915
15.2 9.7 7.7 9.5 352.6 116.5 356.9 115.6 355.5 118.4 354.1 120.6 357.1 119.9 0.9915
927.0 158.2 9.9 12.6 1003.0 93.9 1006.5 94.0 1004.6 96.4 1003.1 98.3 1005.8 98.4 0.9914
517.5 493.0 12.3 19.4 18.7 13.3 21.8 13.0 21.1 15.1 19.3 17.1 21.7 17.0 0.9914
166.7 30.7 7.7 10.1 929.4 163.9 934.1 163.9 931.6 166.6 930.0 168.7 933.4 168.7 0.9914
640.5 133.7 9.9 12.2 526.1 500.2 526.9 499.6 529.1 503.2 527.1 507.5 527.8 507.2 0.9913
677.9 70.7 9.4 11.2 168.9 34.9 172.3 34.9 170.6 36.8 169.3 38.6 172.1 38.6 0.9910
610.6 91.2 9.4 11.1 645.6 139.6 649.2 139.1 648.3 142.2 645.8 144.0 648.0 143.8 0.9907
25.3 6.8 7.4 9.7 679.9 74.2 684.0 73.9 681.8 76.4 680.7 79.0 683.9 78.7 0.9906
122.8 230.7 10.3 13.3 611.9 95.5 615.0 95.6 612.5 98.0 612.6 100.1 614.7 100.1 0.9901
541.2 592.5 16.5 23.6 27.3 11.0 30.7 10.8 29.1 12.8 27.9 14.6 30.7 14.4 0.9898
641.4 62.2 9.0 11.0 127.0 236.5 131.5 236.0 130.2 238.9 128.1 241.5 131.5 241.1 0.9898
637.5 303.5 11.5 17.3 550.6 602.1 552.1 600.0 556.9 604.0 555.5 610.1 556.0 608.8 0.9896
69.1 58.2 8.4 10.4 643.7 66.3 647.8 66.6 645.5 68.7 644.0 70.7 647.0 71.0 0.9896
790.7 86.1 7.9 9.5 644.5 309.2 646.4 308.4 648.1 312.0 645.9 316.3 647.4 315.9 0.9895
231.0 151.1 9.1 11.5 72.7 62.6 76.0 62.0 75.4 64.3 73.8 66.5 76.3 66.1 0.9894
124.3 400.9 14.9 21.0 793.3 89.9 796.8 89.9 795.2 91.7 793.7 93.4 796.6 93.4 0.9894
8.4 451.1 12.2 16.1 234.5 155.9 238.5 155.7 237.0 158.3 235.0 160.4 238.0 160.3 0.9888
279.5 141.8 11.3 13.7 132.8 410.4 135.4 409.0 137.3 412.7 134.7 417.0 136.5 416.2 0.9887
373.5 71.2 8.0 11.1 14.7 457.3 15.7 456.0 18.8 459.0 18.7 463.3 19.2 462.4 0.9887
103.6 57.6 8.1 9.1 285.0 146.0 289.3 145.9 288.2 149.0 285.7 151.9 288.8 151.9 0.9886
20.3 442.6 13.5 18.8 376.1 75.9 379.6 75.6 378.2 77.9 376.8 80.0 379.5 79.9 0.9884
661.0 43.1 7.8 9.7 105.9 60.7 109.7 60.7 107.9 62.7 106.3 64.5 109.3 64.5 0.9884
564.8 33.6 9.3 11.0 27.5 449.5 30.5 447.9 32.1 452.1 30.2 457.1 32.3 456.0 0.9882
92.9 3.1 8.6 10.9 663.1 46.8 666.9 47.0 664.8 48.8 663.2 50.6 666.2 50.7 0.9881
360.0 226.7 11.0 14.8 568.6 37.4 572.6 37.2 571.4 39.6 569.2 42.0 572.3 42.0 0.9877
34.3 614.7 21.3 29.3 94.6 7.5 98.5 7.6 96.2 9.8 95.0 11.8 98.1 11.8 0.9870
381.1 18.4 10.1 13.3 366.6 232.7 369.2 231.9 369.8 234.9 367.5 238.0 369.4 237.6 0.9867
148.0 58.7 8.2 10.6 46.3 627.2 49.0 624.1 53.5 629.9 52.0 637.8 53.4 635.7 0.9866
936.0 110.8 8.6 12.3 385.3 23.1 389.4 22.5 388.5 25.2 386.5 28.3 389.8 27.9 0.9862
443.2 370.7 11.9 16.1 151.7 62.8 154.8 62.6 154.0 64.8 152.3 67.0 154.7 66.8 0.9860
322.6 91.2 9.5 12.5 939.2 115.7 942.9 115.7 941.5 118.1 939.6 120.5 942.4 120.5 0.9859
353.3 51.9 8.1 10.0 451.4 377.9 453.3 378.1 453.3 381.8 449.8 384.1 450.9 384.5 0.9856
938.3 36.9 8.0 10.5 326.5 96.1 330.5 95.7 329.5 98.5 327.4 101.1 330.5 100.9 0.9855
168.1 83.7 9.7 11.3 355.8 55.8 359.4 55.5 357.9 57.6 356.5 59.6 359.4 59.4 0.9852
589.6 454.0 14.0 17.9 299.7 184.6 303.7 183.4 303.6 187.0 301.6 190.3 304.5 189.5 0.9852
213.9 66.5 10.2 12.3 940.4 41.2 944.0 40.9 942.4 43.0 941.1 45.0 944.1 44.7 0.9851
292.9 338.2 11.5 17.9 172.5 88.0 176.6 88.3 175.1 90.9 172.6 92.9 175.4 93.1 0.9842
361.1 92.0 9.4 11.9 598.7 460.7 601.9 459.7 601.9 464.3 597.9 467.9 600.1 467.4 0.9842
806.8 590.9 16.0 23.3 217.6 72.6 221.9 71.0 221.1 74.2 219.9 76.9 222.9 75.7 0.9837
180.7 57.8 8.7 11.4 299.6 344.8 300.9 344.0 303.2 347.4 301.9 351.6 302.8 351.3 0.9834
408.5 82.7 9.3 11.0 365.8 97.0 369.3 96.2 368.9 99.1 366.9 101.5 369.4 101.1 0.9834
510.4 116.2 10.4 11.7 816.6 599.4 817.2 597.9 821.5 602.4 820.3 608.4 820.6 607.5 0.9830
616.2 8.7 8.6 11.1 183.9 63.2 187.6 62.2 186.8 64.7 185.3 67.1 188.2 66.4 0.9828
139.3 8.1 9.2 11.7 412.4 86.5 416.0 86.4 414.9 88.8 412.8 91.0 415.5 91.0 0.9822
969.9 43.4 8.8 11.4 513.8 120.4 518.5 120.6 516.2 123.2 514.0 125.4 517.6 125.6 0.9822
271.5 87.4 9.6 11.7 619.8 13.3 622.9 13.1 622.1 15.3 620.3 17.3 622.8 17.2 0.9815
412.8 210.0 10.4 15.5 142.3 12.4 146.5 12.3 144.6 14.9 142.7 17.2 146.0 17.2 0.9813
993.4 138.7 12.2 13.9 972.7 48.1 977.0 48.3 975.0 50.5 973.1 52.5 976.2 52.7 0.9812
150.4 113.2 9.2 11.6 275.5 91.4 279.7 91.3 278.2 94.2 275.9 96.6 279.0 96.5 0.9804
460.9 20.2 8.8 10.7 419.4 215.3 421.1 215.0 422.5 218.1 420.4 221.4 421.7 221.3 0.9803
637.9 82.8 9.1 11.2 999.2 142.6 1003.8 142.6 1002.4 145.4 999.4 148.5 1003.1 148.5 0.9799
598.4 76.5 8.7 9.7 154.0 118.1 158.1 117.9 156.8 120.2 154.7 122.4 157.9 122.3 0.9799
439.3 17.7 7.9 9.7 463.4 25.8 467.3 24.7 466.0 27.1 465.0 29.2 468.0 28.3 0.9763
153.5 71.8 9.2 11.5 643.1 86.8 645.5 86.1 645.9 88.9 644.3 91.5 645.7 91.1 0.9756
689.8 38.6 6.9 8.6 602.5 80.3 605.5 80.4 604.6 82.5 602.6 84.2 604.7 84.4 0.9750
5.5 29.9 8.6 10.5 441.4 21.3 445.1 21.1 443.5 23.1 442.0 25.1 445.0 25.0 0.9746
42.5 4.9 8.2 11.2 156.5 76.2 160.8 76.4 158.8 78.9 156.7 81.0 159.9 81.2 0.9733
473.4 42.1 8.5 10.5 691.4 42.3 694.4 42.4 692.7 44.2 691.7 45.6 694.1 45.6 0.9728
158.2 45.5 8.8 10.8 7.3 34.4 11.6 33.8 9.8 36.4 8.6 38.7 12.0 38.3 0.9723
998.5 12.8 7.5 9.6 45.3 9.7 48.9 9.8 47.2 11.8 45.6 13.9 48.3 14.0 0.9722
42.5 153.1 10.0 15.2 477.0 46.3 480.2 45.5 479.8 48.0 478.3 50.4 480.7 49.8 0.9721
155.7 650.0 20.7 16.5 159.4 49.4 162.6 49.7 160.0 51.7 159.6 53.8 162.0 53.9 0.9721
0.0 11.2 6.4 8.5 1000.6 16.4 1004.1 16.5 1002.2 18.3 1000.6 20.0 1003.6 20.1 0.9718
731.5 75.7 10.0 12.6 46.9 158.9 51.1 158.4 50.0 161.9 47.6 165.1 50.9 164.8 0.9713
274.6 411.6 16.3 21.4 170.3 661.8 173.0 660.6 176.6 666.8 171.4 673.5 173.7 672.8 0.9699
826.6 275.0 10.5 16.1 0.7 14.4 3.7 14.2 2.1 16.1 1.4 17.8 3.8 17.6 0.9679
60.5 40.4 7.6 9.3 734.8 80.3 739.2 80.2 737.3 82.7 735.3 85.1 738.8 85.0 0.9652
871.0 168.9 9.4 12.2 283.3 418.6 288.0 418.2 288.0 422.1 284.8 426.8 288.4 426.6 0.9647
226.4 36.0 8.4 10.5 831.3 281.1 834.9 280.4 834.5 283.8 832.6 287.4 835.4 287.0 0.9607
499.0 11.4 8.2 10.2 63.2 43.6 66.5 43.3 65.3 45.4 63.9 47.4 66.4 47.2 0.9599
190.7 194.7 9.6 11.9 874.6 173.9 878.6 173.7 877.3 176.2 875.2 178.5 878.3 178.4 0.9591
759.7 451.4 13.4 17.8 230.2 40.1 233.4 40.2 232.2 42.4 230.3 44.2 232.6 44.3 0.9578
743.1 94.2 10.0 11.2 502.5 15.8 505.5 15.5 504.7 17.6 503.1 19.5 505.4 19.4 0.9556
681.0 54.7 6.8 9.0 194.8 198.5 198.7 198.1 197.7 200.9 195.5 203.6 198.5 203.3 0.9539
472.5 50.3 8.5 11.5 761.7 457.4 765.0 458.6 760.6 461.3 761.1 464.5 763.4 465.2 0.9521
534.7 42.0 8.3 11.2 747.1 98.5 751.3 98.5 749.7 100.8 747.4 102.9 750.7 103.0 0.9521
529.2 6.2 7.7 9.4 683.4 58.7 686.2 58.4 685.3 60.3 684.1 62.1 686.3 61.9 0.9510
485.8 61.0 9.3 11.5 476.8 54.8 479.6 54.7 479.1 56.9 477.1 59.2 479.3 59.2 0.9499
626.5 109.3 9.9 10.9 538.3 47.0 541.1 45.9 541.1 48.5 540.0 51.0 542.0 50.2 0.9456
343.2 174.5 10.7 12.7 531.8 10.0 535.1 9.6 533.8 11.6 532.5 13.5 535.2 13.3 0.9412
621.9 49.5 8.0 10.2 488.8 65.5 493.3 64.9 491.6 67.5 489.7 70.0 493.3 69.6 0.9378
576.9 48.2 7.3 10.7 629.3 113.8 633.7 115.1 630.9 116.8 628.5 117.7 631.8 118.6 0.9332
754.7 224.4 10.5 12.5 345.3 179.8 348.9 179.5 346.8 182.4 346.7 184.8 349.3 184.5 0.9286
430.5 157.4 12.5 13.8 930.0 285.2 934.4 284.9 933.5 288.3 930.8 291.7 934.2 291.6 0.9270
526.5 57.8 9.1 10.2 623.4 53.4 625.9 53.9 623.5 55.6 623.2 57.3 625.0 57.6 0.9239
1011.3 33.3 7.6 9.0 581.3 52.3 583.1 52.1 583.4 54.4 581.7 56.6 582.9 56.5 0.9234
849.4 163.5 11.8 13.3 757.3 230.0 762.4 229.3 760.3 232.9 758.7 235.2 762.2 234.6 0.9203
35.1 32.5 9.2 11.2 433.6 161.9 439.6 162.3 436.2 164.9 433.7 167.9 438.5 168.1 0.9179
659.1 169.9 10.4 12.8 529.4 61.0 533.4 60.8 531.7 63.2 530.0 65.3 533.1 65.2 0.9148
395.6 0.0 7.2 9.4 1013.9 36.8 1017.1 36.5 1015.9 38.5 1014.7 40.4 1017.1 40.2 0.9112
303.8 171.1 9.4 13.0 852.3 167.6 854.9 168.4 851.2 169.8 850.8 172.7 852.6 173.3 0.9095
194.0 22.4 8.8 11.2 36.7 37.4 40.5 36.3 38.8 39.2 38.5 41.7 41.4 40.8 0.9032
114.6 55.3 8.5 10.7 663.7 175.3 667.7 174.5 667.0 177.5 665.1 180.5 668.1 180.0 0.9016
636.7 22.5 8.7 10.6 1022.4 579.9 1025.8 579.6 1025.6 583.0 1022.8 585.9 1025.1 585.9 0.8828
346.0 100.9 8.8 10.2 397.2 4.1 400.2 4.3 398.3 6.2 397.3 7.9 399.7 8.0 0.8794
955.6 78.1 7.3 9.1 307.7 176.4 311.4 176.0 310.3 178.9 308.5 181.6 311.2 181.4 0.8751
413.9 191.4 10.2 12.0 195.7 27.0 200.0 26.7 197.8 28.9 196.5 31.2 199.8 31.0 0.8549
969.7 69.2 9.2 11.1 116.9 60.0 120.8 58.8 119.6 61.5 118.5 64.0 121.4 63.1 0.8518
368.5 79.0 7.8 9.7 298.4 299.9 303.1 299.5 301.5 302.7 299.2 305.9 303.1 305.7 0.8479
160.2 10.3 9.6 12.0 640.3 26.4 644.0 26.2 642.8 28.5 640.9 30.8 643.7 30.8 0.8471
833.7 58.6 8.8 10.8 348.6 105.3 352.5 105.0 350.9 107.2 349.4 109.2 352.4 109.0 0.8390
658.2 446.5 12.7 17.8 958.0 82.0 961.2 82.0 959.7 83.9 958.2 85.4 960.7 85.5 0.8298
202.9 0.2 7.5 10.0 587.0 155.0 591.4 155.1 589.1 157.5 587.2 159.9 590.7 160.0 0.8162
497.3 0.0 7.0 6.5 16.4 1.6 19.4 1.5 17.9 3.3 16.9 4.9 19.3 4.8 0.8055
927.8 111.8 9.0 11.3 863.6 136.0 868.4 135.9 866.7 138.7 864.4 141.0 867.8 141.0 0.7986
134.1 6.4 7.2 8.8 417.5 195.9 421.6 195.7 419.9 198.4 418.1 200.8 421.2 200.7 0.7895
148.3 14.8 7.9 9.0 972.3 73.8 976.4 73.4 974.8 75.8 973.2 78.1 976.5 77.8 0.7670
913.6 39.5 6.6 8.1 372.4 82.5 374.9 82.1 374.6 84.4 373.1 86.5 374.8 86.3 0.7546
66.4 20.1 8.0 9.4 162.5 16.3 167.3 15.9 165.1 18.5 163.6 20.6 167.1 20.3 0.7510
931.2 131.5 7.8 10.1 836.5 62.3 840.3 62.1 838.7 64.4 837.0 66.7 840.1 66.6 0.7503
884.2 113.1 8.6 11.2 663.6 452.3 668.6 451.6 667.7 455.5 664.9 459.9 668.9 459.5 0.7281
253.9 77.0 9.9 12.6 929.3 37.1 932.9 37.1 931.1 39.1 929.7 41.0 932.6 41.0 0.7076
329.3 42.4 8.1 9.3 101.4 266.4 106.3 266.3 104.5 269.2 101.9 272.0 105.9 272.0 0.6991
131.4 69.6 10.0 11.6 205.0 4.3 208.4 4.3 206.8 6.3 205.4 8.2 208.2 8.2 0.6960
485.9 21.9 8.1 9.0 499.2 1.3 502.3 1.2 500.8 2.9 499.7 4.5 502.2 4.4 0.6953
760.5 148.7 11.9 13.5 768.0 460.1 771.7 460.8 768.4 463.5 767.7 466.1 770.5 466.5 0.6891
827.0 561.2 14.7 21.8 523.7 392.8 528.1 392.4 527.3 396.2 524.5 399.4 527.7 399.3 0.6845
725.5 140.0 10.1 13.9 932.9 115.5 936.2 115.6 935.6 117.8 933.1 120.2 935.7 120.5 0.6488
674.9 63.2 10.1 13.8 734.9 447.4 741.5 447.3 737.9 451.5 735.7 456.0 741.0 455.9 0.6108
550.3 4.4 7.7 8.9 354.7 472.2 362.5 472.7 358.6 477.7 354.7 482.4 360.9 482.8 0.5962
987.4 0.0 9.2 7.2 137.4 9.9 139.9 9.8 139.2 11.7 137.7 13.3 139.6 13.3 0.5610
384.3 500.9 12.0 17.5 151.4 18.5 154.8 18.2 153.7 20.2 152.1 22.2 154.7 22.0 0.5571
744.7 237.3 12.6 15.1 441.8 3.2 446.2 3.4 443.1 6.0 442.0 8.6 445.5 8.7 0.5490
650.5 51.8 9.3 11.5 105.2 108.4 109.1 108.2 107.7 111.0 106.0 113.6 108.9 113.5 0.5437
772.1 202.5 10.5 15.2 915.5 42.7 918.7 42.8 917.1 44.4 915.6 45.9 918.3 46.0 0.5188
