7--Cheering/7_Cheering_Cheering_7_456.jpg
11
480.2 315.1 28.8 37.2 486.8 331.2 500.5 330.7 493.5 337.3 488.3 343.3 500.1 342.9 0.9997
649.5 370.6 29.1 34.9 656.8 385.2 670.5 384.5 664.0 390.4 658.3 396.3 670.4 395.8 0.9996
852.7 333.0 26.8 32.9 859.6 345.9 872.8 346.4 866.0 352.2 860.3 357.2 871.9 357.5 0.9996
708.6 343.1 27.9 33.2 712.8 357.6 723.7 356.2 717.1 363.6 716.2 368.9 725.3 367.6 0.9994
777.4 340.1 27.4 32.1 785.5 354.9 798.3 354.1 792.7 362.5 788.2 367.3 796.9 366.6 0.9987
191.7 343.8 25.9 38.9 203.0 360.0 214.1 359.5 211.2 367.2 203.2 372.6 213.3 372.4 0.9984
561.1 351.1 25.3 32.1 566.0 363.2 577.1 363.3 569.7 367.1 565.9 373.7 575.3 373.9 0.9982
1001.3 482.1 21.5 25.0 1016.7 493.5 1019.8 494.0 1018.8 500.3 1011.3 502.2 1012.8 503.0 0.9944
24.0 415.8 31.8 39.9 30.9 432.7 44.1 433.1 36.2 440.6 32.3 446.6 42.4 446.8 0.9938
372.8 342.6 25.5 34.9 375.4 354.5 383.4 356.2 375.7 362.7 377.4 369.0 382.9 370.0 0.9929
271.2 417.8 19.6 27.7 275.2 430.6 284.4 430.7 279.2 436.6 276.6 441.0 283.2 440.9 0.9661
