7--Cheering/7_Cheering_Cheering_7_74.jpg
12
362.7 96.4 36.5 49.2 371.8 116.2 389.0 115.3 380.9 125.3 372.7 131.8 389.4 131.1 0.9997
152.6 140.2 43.6 51.1 164.3 159.0 184.7 156.6 176.3 169.2 168.2 177.3 186.5 175.1 0.9997
255.7 107.6 39.4 50.4 268.4 128.3 286.4 129.7 277.6 138.1 268.1 144.3 284.0 145.4 0.9997
837.5 111.4 39.2 49.4 848.1 131.9 865.9 132.0 856.7 141.0 849.8 148.7 864.4 148.6 0.9996
708.9 92.7 39.8 50.8 718.7 113.8 737.4 113.5 727.8 124.7 720.3 130.1 737.4 129.8 0.9996
602.5 84.4 36.5 45.6 611.7 101.8 629.7 102.3 620.2 111.7 611.5 116.1 629.1 116.3 0.9996
490.6 233.5 37.8 46.4 501.1 250.6 518.8 250.8 510.2 260.0 502.1 266.6 518.4 266.7 0.9996
581.0 241.5 36.7 46.0 589.0 260.1 606.8 259.8 597.3 269.4 589.6 274.9 606.2 274.8 0.9996
375.8 237.8 37.6 49.0 386.7 257.3 404.3 257.9 395.8 267.7 386.3 272.9 402.8 273.5 0.9995
285.5 262.7 39.8 48.6 297.0 280.7 315.6 280.6 307.0 292.3 297.0 297.1 314.7 297.0 0.9994
494.9 70.2 36.1 46.9 505.1 88.2 522.1 88.5 513.5 98.1 506.0 104.8 520.5 105.0 0.9994
668.4 268.2 36.2 49.4 674.9 285.7 691.3 288.7 678.8 296.5 673.5 302.6 688.9 304.8 0.9992
