7--Cheering/7_Cheering_Cheering_7_543.jpg
22
383.4 255.5 54.4 70.9 399.0 279.0 424.0 279.0 412.2 293.8 398.5 303.4 423.7 303.5 0.9998
501.7 119.6 47.1 61.9 514.8 144.7 536.9 143.6 527.2 156.7 516.7 165.0 536.9 164.1 0.9998
181.7 124.5 53.7 67.7 199.5 148.4 223.0 153.9 209.2 163.8 194.7 170.5 216.6 175.3 0.9998
528.3 245.5 51.2 67.1 543.5 271.9 567.4 272.1 556.5 286.0 543.3 293.7 565.8 294.0 0.9997
667.2 251.8 50.0 66.0 682.3 276.7 705.7 276.7 695.2 290.9 682.1 298.6 704.6 298.7 0.9997
799.2 264.5 52.7 66.7 814.0 293.2 838.2 290.9 828.3 305.5 816.8 313.7 839.8 311.6 0.9997
910.0 119.1 44.1 55.1 922.0 140.8 942.0 140.0 932.8 150.7 923.2 158.6 942.2 158.0 0.9997
315.3 140.3 51.4 65.8 328.5 164.1 352.5 165.9 338.8 178.3 327.4 186.5 349.8 188.1 0.9997
234.9 253.0 53.8 69.5 251.9 279.8 276.6 278.7 266.7 293.9 253.1 303.1 276.4 302.3 0.9997
97.4 244.3 57.5 73.3 117.8 272.2 143.9 274.9 131.7 289.3 114.4 296.2 138.9 298.8 0.9997
618.6 147.2 47.5 64.7 632.3 170.7 655.0 172.1 643.6 183.6 630.8 192.0 652.9 193.3 0.9997
797.6 123.6 43.6 52.2 806.7 143.3 827.7 141.4 817.1 151.3 809.5 161.1 829.4 159.4 0.9997
446.4 173.3 45.4 61.9 461.3 198.0 482.1 199.0 472.9 210.8 460.2 217.4 480.0 218.3 0.9996
388.5 75.3 38.4 48.3 398.8 94.5 416.6 93.4 408.6 102.3 401.3 110.8 417.1 109.8 0.9996
892.8 242.2 54.3 65.2 907.9 270.8 932.9 271.1 920.3 284.3 909.0 291.1 931.5 291.3 0.9995
497.6 49.2 37.8 48.0 509.0 66.0 526.5 68.0 516.8 78.4 508.5 84.3 522.3 86.0 0.9995
90.1 49.0 48.0 62.6 112.0 73.9 131.1 73.5 127.5 82.7 116.0 95.5 131.5 94.9 0.9995
727.9 37.2 36.5 48.9 739.0 55.2 756.4 54.5 749.1 63.2 740.9 72.9 756.1 72.3 0.9995
608.4 66.4 38.0 48.1 620.9 84.8 637.6 83.9 631.1 92.2 623.8 102.6 636.7 101.9 0.9995
709.7 135.0 44.0 53.3 723.2 154.3 744.5 153.6 735.9 160.3 724.9 172.4 744.5 172.0 0.9994
278.9 102.2 36.1 47.3 287.5 119.6 305.1 119.1 296.2 129.2 288.7 135.6 305.3 135.2 0.9994
181.2 82.7 41.5 48.4 195.2 104.0 214.7 102.7 207.6 110.3 198.8 119.8 214.0 119.1 0.9980
