7--Cheering/7_Cheering_Cheering_7_273.jpg
8
985.0 410.7 21.4 28.5 988.0 420.1 990.9 420.7 985.8 426.3 990.4 431.8 992.3 431.8 0.9986
405.4 409.8 20.7 30.7 408.0 421.4 409.5 422.1 404.9 428.6 410.3 434.0 411.1 434.0 0.9980
242.5 296.4 27.5 33.2 252.7 314.9 263.0 310.8 261.5 319.0 258.1 324.7 265.6 321.7 0.9945
728.5 272.8 21.5 35.1 744.8 286.7 746.0 286.2 747.4 294.7 741.6 300.5 742.2 300.4 0.9870
497.5 312.7 25.8 24.4 505.9 325.1 514.2 323.5 511.4 330.4 509.6 334.0 514.7 332.7 0.9831
88.9 310.5 21.3 27.6 101.2 322.5 107.4 321.4 107.3 327.2 101.9 331.7 106.9 331.1 0.9744
632.7 365.1 20.4 26.7 648.2 376.0 649.4 375.4 651.6 381.9 645.8 386.2 646.2 386.1 0.9406
648.6 434.0 22.5 26.8 662.3 446.7 667.1 447.4 665.9 453.8 659.8 456.5 662.6 457.4 0.5818
