7--Cheering/7_Cheering_Cheering_7_327.jpg
104
42.3 414.1 39.0 53.9 59.3 428.5 74.8 428.0 74.5 432.8 64.9 450.0 77.2 449.7 0.9997
809.5 381.0 43.3 67.2 836.0 401.9 847.4 403.5 850.1 413.1 834.5 427.0 844.6 428.9 0.9997
880.3 346.9 42.9 57.9 905.5 367.1 918.6 366.6 920.5 376.0 907.5 388.5 918.2 388.6 0.9997
206.9 421.7 44.6 57.1 221.7 443.7 239.7 437.3 238.8 445.6 232.0 462.9 247.1 457.6 0.9997
967.4 353.4 40.1 58.1 990.5 376.1 1001.7 373.4 1005.3 383.8 995.3 397.6 1003.2 395.9 0.9997
653.2 335.0 45.4 67.5 674.8 351.7 687.7 351.4 691.8 358.3 682.8 378.8 693.3 378.6 0.9997
855.0 390.7 34.9 47.0 872.8 410.8 885.1 408.2 884.1 419.1 875.4 427.4 885.5 425.9 0.9995
510.2 370.2 42.6 71.1 537.5 391.6 543.1 391.1 552.6 404.8 539.2 420.6 544.0 420.9 0.9994
289.4 396.9 43.3 60.0 307.6 413.7 319.5 411.4 322.3 421.6 316.2 438.2 326.1 437.0 0.9994
137.1 349.4 36.2 53.5 151.0 366.1 166.8 365.9 164.4 373.2 155.7 386.9 168.8 386.7 0.9994
575.1 370.5 42.9 60.7 598.9 389.6 610.6 387.9 612.8 399.1 600.2 411.5 611.8 410.4 0.9992
688.3 334.1 39.9 56.0 704.2 348.5 722.2 348.7 719.4 353.0 708.4 370.3 724.1 370.3 0.9991
342.2 277.3 30.3 42.7 358.7 292.0 369.3 292.7 368.1 299.5 359.0 307.5 367.6 308.3 0.9991
242.4 301.8 34.4 44.5 261.4 318.9 272.8 317.2 273.9 324.8 265.8 335.5 274.2 334.6 0.9991
550.7 191.0 27.2 35.9 566.7 204.5 574.9 204.2 575.3 211.3 568.2 218.3 574.1 218.4 0.9989
915.6 403.7 31.1 48.8 931.2 420.9 942.3 421.9 942.7 428.1 934.6 439.4 942.6 440.4 0.9987
492.9 265.2 29.3 35.4 507.4 278.0 517.8 277.4 517.9 282.8 512.1 291.5 519.5 291.2 0.9986
385.0 360.9 40.5 56.0 406.7 376.5 417.4 375.2 419.7 385.3 409.7 398.6 419.3 397.8 0.9986
469.1 179.2 23.9 29.5 483.2 190.2 490.4 190.0 490.4 196.2 484.6 202.1 489.6 202.2 0.9983
918.6 281.0 30.8 40.8 938.6 296.0 945.7 295.8 948.3 302.6 940.9 311.4 945.7 311.7 0.9982
561.0 152.7 26.7 33.8 572.3 167.4 583.5 165.6 581.3 173.1 575.6 180.0 583.6 178.7 0.9981
349.7 147.3 28.8 35.5 361.3 159.6 373.6 158.4 371.1 165.2 364.8 173.5 374.3 172.6 0.9980
512.9 222.5 28.3 33.8 526.2 236.7 537.7 236.8 534.6 243.3 527.3 249.2 535.4 249.5 0.9980
17.1 296.9 40.3 51.0 34.1 314.7 48.1 311.1 47.0 319.0 41.6 332.4 51.8 329.6 0.9976
669.3 252.7 30.3 39.5 686.1 267.9 694.5 266.1 695.9 274.1 689.2 282.3 695.4 281.3 0.9976
915.2 223.6 22.6 27.1 922.6 232.0 932.5 231.1 929.3 235.8 925.0 243.0 932.9 242.3 0.9972
180.6 105.5 26.2 31.3 190.9 116.5 201.5 114.4 199.4 120.8 195.0 128.8 202.7 127.2 0.9965
480.9 334.5 38.9 48.1 503.6 350.2 515.8 351.5 515.1 358.1 506.3 368.5 516.1 369.4 0.9965
12.8 192.7 31.4 40.7 28.3 206.7 40.8 206.7 38.8 214.3 29.7 223.0 39.1 223.2 0.9963
183.1 324.1 30.8 41.0 196.8 339.0 207.8 338.7 205.8 345.9 199.9 354.5 207.7 354.4 0.9962
44.0 70.8 30.1 37.5 59.4 85.2 69.1 84.2 68.8 90.1 61.8 97.3 70.3 96.7 0.9960
455.4 53.9 19.2 24.0 461.4 63.7 469.4 63.2 466.2 68.1 462.8 72.7 469.1 72.4 0.9953
975.2 225.6 22.9 32.1 988.2 238.2 994.8 238.0 994.6 244.6 989.5 250.7 994.2 250.8 0.9942
404.1 88.3 21.2 27.1 412.1 97.8 421.6 97.0 418.6 102.0 414.3 108.5 421.5 108.0 0.9911
147.8 54.8 29.5 32.8 156.1 68.0 169.4 65.5 164.6 71.9 160.5 80.0 170.6 78.1 0.9901
228.7 72.5 22.7 26.4 237.1 82.1 247.4 81.9 243.3 86.9 238.5 92.6 246.3 92.6 0.9891
261.3 25.5 22.4 26.6 267.8 31.8 278.1 32.4 272.8 37.2 268.3 43.3 276.9 43.8 0.9891
350.1 246.7 24.0 29.8 359.8 259.4 369.6 257.2 367.9 263.7 363.3 270.3 370.7 268.7 0.9891
694.8 164.2 23.3 27.1 704.4 175.3 713.5 172.8 711.8 178.3 708.3 184.9 715.3 183.1 0.9855
306.3 69.2 21.7 26.2 312.6 78.4 322.6 78.7 317.7 82.8 313.7 88.5 321.4 88.9 0.9853
273.6 159.4 27.0 34.4 282.7 172.0 295.0 171.8 290.1 178.9 284.9 186.2 293.8 186.1 0.9850
462.3 215.6 24.6 31.5 476.3 227.1 482.6 227.0 482.5 233.5 477.0 239.6 481.4 239.8 0.9846
197.4 6.2 19.5 24.8 203.4 15.2 212.5 15.5 208.2 19.7 204.1 24.8 211.2 25.0 0.9832
404.1 201.7 20.7 28.1 414.4 213.2 421.5 211.8 421.0 218.1 416.8 224.2 422.1 223.4 0.9826
609.1 214.7 23.2 32.1 622.0 227.6 626.8 225.3 629.0 231.4 626.4 238.8 629.7 237.3 0.9823
775.9 264.1 22.7 35.0 788.7 277.0 794.3 276.5 795.3 282.5 791.2 290.0 795.3 289.9 0.9818
894.3 321.1 21.8 28.2 902.9 331.9 911.6 331.5 908.7 336.6 904.6 342.4 911.3 342.2 0.9812
1013.3 220.3 10.1 25.6 1023.9 228.6 1026.3 228.2 1028.8 233.0 1026.3 238.9 1028.2 238.9 0.9769
639.7 142.9 21.3 27.1 647.4 154.1 655.8 153.6 652.8 158.8 648.9 163.9 655.6 163.5 0.9764
510.2 95.7 20.1 26.6 520.1 104.0 526.2 102.6 527.1 108.2 523.0 115.1 527.6 114.3 0.9752
445.4 0.0 21.0 25.0 451.3 8.4 461.1 8.2 456.5 13.0 452.7 18.6 460.1 18.5 0.9721
359.3 19.0 22.8 25.7 365.9 29.0 376.1 28.7 371.3 33.7 367.4 38.6 375.5 38.4 0.9696
159.9 132.4 24.2 30.4 169.5 145.8 178.9 144.2 177.0 149.9 173.6 156.6 180.2 155.6 0.9677
519.8 254.8 22.2 33.4 528.4 267.6 536.8 267.6 533.3 274.4 529.4 281.0 535.3 281.0 0.9675
75.5 75.7 21.8 29.0 79.8 87.2 88.8 85.1 84.6 91.7 82.9 98.3 89.9 96.6 0.9620
951.9 257.4 17.6 25.1 961.0 265.9 966.0 265.0 967.1 270.1 963.2 276.1 967.0 275.6 0.9578
508.6 8.7 18.7 22.8 513.7 17.2 522.2 17.1 518.4 21.5 514.7 25.9 521.7 25.8 0.9564
325.2 111.7 22.3 29.9 334.7 123.9 343.1 122.8 341.1 129.2 336.8 135.1 343.2 134.5 0.9557
740.1 91.3 18.8 23.0 747.6 99.7 754.8 99.0 753.2 103.6 749.7 108.8 755.2 108.5 0.9551
873.4 165.4 17.4 22.7 880.2 174.8 886.9 173.9 885.4 178.2 882.8 183.0 887.7 182.3 0.9514
101.0 151.0 30.8 38.2 111.4 162.5 123.7 159.9 122.1 167.2 117.7 177.5 127.5 175.5 0.9334
528.4 145.9 19.3 26.7 538.0 155.0 543.9 154.1 544.2 158.8 540.4 165.6 545.0 165.1 0.9241
377.2 69.5 17.4 24.5 385.7 79.4 391.6 78.5 391.2 83.5 388.1 88.9 392.1 88.4 0.9190
987.1 302.6 22.8 32.8 999.0 315.1 1006.4 314.4 1005.6 321.5 1000.8 328.2 1006.1 327.8 0.8744
818.1 135.8 17.8 25.4 828.5 145.1 832.9 144.1 834.1 149.6 830.3 155.3 833.6 154.9 0.8679
688.8 114.7 14.6 19.4 694.3 122.4 700.2 122.3 698.0 125.8 695.1 129.5 699.7 129.4 0.8586
217.9 257.1 30.5 38.9 229.5 271.1 243.0 270.5 238.6 276.3 232.6 285.6 242.9 285.2 0.8490
737.1 385.3 27.7 37.5 752.3 397.3 760.0 396.8 760.5 401.8 755.3 410.5 761.5 410.3 0.8480
79.1 17.7 18.0 25.3 89.9 27.6 94.2 26.7 94.9 32.3 91.1 37.5 94.0 37.2 0.8427
656.1 76.5 15.1 18.6 662.1 84.1 668.4 83.7 666.5 88.1 663.2 92.0 667.9 91.8 0.8098
874.0 88.7 19.5 23.7 878.5 97.5 887.2 96.3 883.3 101.9 880.8 106.7 887.6 105.7 0.8094
613.1 118.6 18.0 22.4 620.6 126.8 627.9 126.8 625.4 131.4 621.2 135.9 626.8 136.1 0.8057
835.3 170.4 16.7 21.8 842.6 178.8 849.2 178.2 847.6 182.4 844.3 187.4 849.2 187.1 0.8003
763.4 31.3 14.1 19.1 769.2 39.4 774.7 39.1 773.0 43.0 770.1 46.6 774.2 46.5 0.7913
289.8 1.7 21.0 24.9 299.6 10.9 307.6 9.5 306.9 14.8 303.0 20.8 308.8 20.0 0.7869
922.6 201.7 18.5 23.7 930.0 211.5 937.2 211.0 934.3 216.3 931.4 220.9 936.6 220.6 0.7855
248.1 9.5 17.5 21.5 255.1 17.9 261.8 18.3 258.8 22.5 255.2 26.0 259.9 26.4 0.7801
189.9 26.0 20.3 23.6 193.1 36.3 201.1 35.1 196.5 41.8 196.7 46.3 202.1 45.2 0.7705
554.3 22.6 21.3 25.8 560.5 30.1 570.2 29.5 566.4 34.6 562.5 41.2 570.2 40.7 0.7677
803.5 103.0 18.7 23.5 811.6 112.1 819.1 111.1 817.2 116.1 813.4 121.2 819.2 120.7 0.7600
832.6 222.2 20.8 24.9 841.0 229.1 849.4 228.9 846.9 233.3 842.3 239.3 848.9 239.3 0.7567
149.7 271.3 28.8 39.5 164.6 281.9 174.4 281.7 173.9 289.2 167.2 299.1 174.6 299.2 0.7509
694.2 199.8 18.0 25.2 703.6 209.6 708.3 208.1 709.6 212.7 706.4 218.7 710.0 217.8 0.7481
512.4 36.9 13.8 18.2 518.3 43.6 523.7 43.3 522.1 47.0 519.1 50.8 523.3 50.7 0.7453
502.1 73.1 20.5 23.7 509.2 82.1 518.3 81.8 514.4 86.8 510.4 91.6 517.4 91.5 0.7267
889.9 299.9 22.1 26.3 899.6 311.7 909.1 310.8 906.7 316.1 902.1 321.0 908.7 320.5 0.7192
416.4 14.2 18.7 21.8 423.4 22.2 431.0 22.3 427.9 26.7 423.9 31.1 429.9 31.3 0.7148
0.0 220.1 18.3 37.5 7.0 231.9 14.2 232.4 15.0 239.1 7.5 247.1 13.1 247.8 0.7139
601.1 4.5 17.0 20.9 606.3 13.1 613.2 12.7 610.2 17.0 607.4 21.2 613.0 20.9 0.6941
500.2 169.6 20.8 25.6 508.2 179.0 516.9 178.3 514.7 183.9 510.5 189.5 516.8 189.2 0.6807
234.2 373.3 26.1 34.7 244.0 388.3 254.6 386.8 251.5 393.9 247.1 400.3 254.9 399.3 0.6687
916.6 162.6 17.8 25.2 919.2 170.1 923.7 171.0 918.4 175.7 918.7 181.4 922.2 181.7 0.6672
13.7 23.7 18.9 26.1 21.6 33.2 28.1 31.9 27.1 37.5 23.7 43.1 29.0 42.3 0.6561
949.5 80.0 17.2 22.6 957.6 87.6 963.8 87.9 961.5 92.9 957.1 96.8 961.8 97.1 0.6492
812.0 204.8 22.0 26.3 817.0 214.6 824.7 212.7 821.5 218.1 819.7 224.5 825.6 223.0 0.6356
88.6 312.3 29.0 40.4 92.7 326.3 102.7 328.3 94.4 336.1 93.1 342.8 100.2 344.2 0.5939
1013.0 180.1 10.6 26.9 1023.5 191.0 1032.1 189.7 1030.6 196.1 1026.0 201.3 1032.1 200.5 0.5857
853.0 151.1 15.1 17.4 861.7 156.8 866.6 156.8 865.7 161.3 861.7 164.6 865.0 164.8 0.5847
998.6 80.4 15.8 21.2 1004.7 88.0 1010.7 87.8 1008.5 91.9 1005.5 96.1 1010.2 96.0 0.5722
696.0 82.7 17.6 21.9 700.8 92.0 708.5 91.0 705.5 95.6 703.2 100.1 709.0 99.4 0.5551
359.0 43.8 19.9 21.5 369.7 51.3 376.8 51.4 375.3 56.4 370.4 60.2 375.1 60.5 0.5467
61.5 233.5 26.7 36.7 70.9 248.5 83.0 245.8 79.9 254.2 75.0 262.3 84.7 260.2 0.5415
670.0 217.6 21.9 26.0 679.4 226.7 688.3 226.7 685.5 232.1 680.6 236.9 687.5 237.0 0.5148
132.7 70.5 20.4 33.6 141.9 81.3 143.7 80.3 142.8 85.4 143.0 94.6 144.5 93.7 0.5101
