7--Cheering/7_Cheering_Cheering_7_777.jpg
8
827.7 163.6 61.6 73.2 843.4 197.9 869.5 188.3 861.3 207.0 854.5 220.7 878.2 212.3 0.9997
141.4 294.2 85.9 111.5 167.7 338.6 208.7 337.9 191.4 365.2 168.5 375.4 206.4 374.9 0.9997
425.2 218.5 77.3 109.5 449.2 262.7 486.4 260.6 471.7 283.8 450.7 298.2 486.2 296.2 0.9997
645.1 178.1 67.6 83.8 665.3 208.0 697.1 211.5 679.9 227.5 661.8 237.0 691.2 240.3 0.9996
748.0 193.8 59.8 77.5 764.4 223.9 793.1 222.4 780.5 241.6 766.9 250.8 792.6 249.7 0.9996
158.6 155.9 31.5 54.9 164.4 174.2 165.9 174.4 160.1 185.8 167.7 196.5 169.0 196.4 0.9937
87.5 8.4 8.8 15.9 93.8 14.5 94.6 14.0 96.0 17.1 94.4 20.3 94.7 20.1 0.7014
381.6 100.5 28.0 26.1 395.5 114.3 397.1 119.4 389.3 119.2 384.7 117.4 385.5 120.9 0.5049
