7--Cheering/7_Cheering_Cheering_7_139.jpg
20
497.6 218.0 50.7 72.6 512.3 240.1 535.0 241.7 523.8 249.9 513.8 266.8 531.5 268.1 0.9999
934.1 159.6 47.9 55.1 940.5 179.2 961.7 177.3 947.4 188.8 943.1 198.3 962.9 196.6 0.9997
281.5 208.1 49.1 65.9 288.0 235.6 303.1 228.0 292.7 244.6 298.9 257.9 312.0 251.0 0.9997
736.7 165.8 47.8 47.8 746.0 181.7 768.3 180.6 755.0 191.0 748.8 200.3 766.7 199.3 0.9996
555.7 155.1 51.2 53.3 562.5 176.7 584.4 174.0 570.7 185.0 567.4 195.5 584.9 193.0 0.9996
938.5 585.7 48.4 56.8 942.5 604.0 960.1 602.6 943.9 613.8 945.4 627.0 959.9 625.5 0.9996
137.9 322.6 45.1 52.8 149.4 341.1 169.9 340.3 159.8 351.3 152.4 361.8 168.4 361.3 0.9996
184.1 120.8 52.4 55.0 194.0 141.7 215.2 137.7 204.6 152.6 202.0 163.6 217.9 160.1 0.9996
783.8 278.3 46.9 59.7 807.0 296.1 824.2 298.0 819.0 308.4 806.8 320.6 819.6 322.1 0.9996
478.9 572.7 42.0 51.1 484.7 586.6 491.7 589.2 478.9 597.3 487.3 608.1 492.3 609.2 0.9995
21.2 186.4 46.9 50.4 27.7 201.2 46.7 201.9 32.8 213.3 30.3 223.9 43.5 224.5 0.9994
184.5 594.6 37.2 46.4 190.0 605.5 194.9 606.8 184.2 615.3 192.1 626.8 195.2 627.0 0.9994
290.9 596.7 40.5 57.9 296.9 625.7 301.3 627.6 292.4 637.7 301.4 647.3 303.2 648.3 0.9994
677.7 242.8 52.1 61.9 687.6 267.8 709.6 264.8 697.6 278.3 693.2 289.0 712.7 286.1 0.9992
0.0 21.6 29.7 52.0 -8.9 40.7 13.7 42.2 -0.2 51.7 -8.1 60.2 10.4 61.6 0.9989
875.4 264.4 52.2 73.9 888.6 291.0 912.7 291.5 899.7 302.3 891.8 319.0 908.2 319.4 0.9988
425.6 170.8 36.8 41.9 430.4 183.0 441.7 185.3 427.8 192.0 429.1 201.3 436.6 202.8 0.9986
770.6 0.0 48.1 44.2 781.8 13.0 802.2 13.0 790.2 23.0 783.6 31.3 799.0 31.3 0.9982
25.0 465.4 33.3 40.8 29.5 481.0 35.5 481.3 29.0 491.0 36.2 498.0 39.8 497.9 0.9865
319.4 158.9 43.5 46.9 328.1 174.6 342.1 176.7 331.3 187.4 330.7 195.1 339.8 196.4 0.9216
