7--Cheering/7_Cheering_Cheering_7_926.jpg
15
417.2 222.9 59.4 74.5 437.5 245.7 464.7 250.7 450.3 264.2 432.5 273.1 457.5 277.8 0.9997
494.8 369.4 65.1 82.8 510.5 398.7 540.9 402.9 522.1 420.5 508.9 426.6 538.1 429.9 0.9997
543.1 194.7 62.6 85.0 561.2 232.0 590.6 230.2 577.9 246.7 565.3 259.8 589.8 258.4 0.9997
260.0 222.7 65.6 76.2 283.9 247.6 313.5 252.4 299.5 265.1 281.1 275.9 306.7 280.1 0.9997
98.7 250.4 67.1 87.2 124.4 275.1 154.0 283.6 138.0 297.9 115.7 307.2 142.8 314.9 0.9996
703.1 212.6 58.9 82.9 722.4 247.6 749.1 247.6 737.8 265.6 723.0 275.2 746.5 275.5 0.9996
832.9 167.1 67.4 88.7 847.1 204.2 878.6 200.4 862.6 219.9 852.2 232.2 881.3 229.0 0.9996
36.2 233.0 27.1 36.2 52.0 243.6 60.0 243.6 61.0 249.9 53.6 258.3 60.0 258.7 0.9993
356.9 230.2 14.6 19.2 358.8 236.8 363.1 237.8 358.4 241.1 358.9 244.8 361.7 245.3 0.9986
912.1 212.0 31.3 37.2 928.4 225.8 940.4 225.8 938.1 233.5 929.4 240.8 937.9 241.0 0.9982
630.9 245.0 18.2 18.1 642.9 253.0 645.8 254.3 644.3 258.4 638.1 259.5 639.2 260.7 0.9969
5.0 246.8 17.3 24.0 17.4 255.8 19.7 255.5 21.5 260.1 17.5 264.9 19.1 265.0 0.9880
325.8 266.1 21.5 25.8 334.8 276.8 343.8 276.2 341.4 281.7 337.1 287.0 343.1 286.6 0.9860
594.5 240.9 21.2 29.9 600.6 250.5 610.3 251.0 605.3 256.3 601.2 262.6 608.7 263.0 0.9859
76.6 238.7 11.8 16.0 78.9 244.4 81.4 245.0 78.1 247.7 78.9 250.9 80.6 251.1 0.9740
