7--Cheering/7_Cheering_Cheering_7_93.jpg
10
659.9 202.7 29.8 34.2 668.4 213.4 682.1 213.0 675.5 219.2 669.0 226.0 681.4 225.7 0.9999
776.6 301.8 45.8 63.5 786.9 321.2 808.1 318.8 798.6 326.3 791.3 344.3 809.5 342.2 0.9999
290.9 160.2 34.5 39.3 300.2 171.7 316.8 172.5 308.1 180.0 300.1 186.6 315.3 187.1 0.9996
414.0 248.3 29.8 39.4 422.9 260.0 436.7 261.1 429.4 264.7 422.5 274.1 434.6 275.0 0.9995
427.4 222.1 20.8 26.3 433.4 231.1 443.1 231.4 438.6 235.6 434.4 241.2 442.1 241.4 0.9990
500.5 206.6 26.1 30.8 507.2 215.7 518.7 214.3 513.5 219.0 509.2 227.2 519.3 226.1 0.9990
612.4 315.8 33.7 44.7 621.8 327.6 637.5 326.5 631.7 331.3 624.8 344.9 638.6 343.9 0.9990
578.5 273.2 26.4 30.3 584.5 283.3 597.1 283.8 589.8 289.9 584.8 294.7 595.8 295.1 0.9989
422.5 316.2 35.8 46.8 433.4 329.7 450.1 332.9 440.8 339.4 431.8 348.1 445.7 350.6 0.9988
483.0 272.9 16.1 21.3 486.5 283.1 493.8 281.8 490.2 285.8 488.3 289.9 494.3 288.8 0.9981
