7--Cheering/7_Cheering_Cheering_7_607.jpg
11
600.8 285.2 85.3 109.6 619.1 332.9 655.4 326.6 638.0 354.7 629.7 368.3 662.0 362.4 0.9998
507.3 223.4 62.1 77.2 521.5 254.0 550.1 249.7 537.2 268.8 528.0 280.5 554.6 276.7 0.9998
248.2 249.2 76.0 94.3 271.7 281.9 305.6 289.6 284.8 305.3 265.4 315.7 293.5 322.6 0.9998
694.1 211.8 68.4 81.8 711.9 242.0 743.8 238.8 729.7 259.6 716.2 271.3 745.1 268.7 0.9997
369.0 358.1 69.0 88.3 386.6 387.7 418.5 387.4 402.2 405.3 386.5 417.7 418.7 417.5 0.9997
834.9 209.0 70.0 90.8 847.5 250.5 877.5 239.1 862.7 261.1 859.8 280.3 885.3 270.4 0.9997
377.4 199.7 64.6 83.7 399.2 227.6 428.8 231.7 413.9 247.5 395.6 258.4 422.0 262.1 0.9997
0.0 224.2 77.5 101.5 21.0 258.6 58.4 269.8 34.7 286.2 12.0 292.9 44.8 302.8 0.9996
960.6 219.4 24.1 30.0 967.8 231.3 978.4 229.0 974.8 236.1 971.0 242.6 979.4 240.7 0.9996
618.5 229.4 40.7 43.3 623.1 248.7 636.4 247.9 626.0 256.9 628.6 264.3 637.6 263.4 0.9992
322.2 242.2 31.0 47.9 345.5 258.9 348.2 256.8 354.5 267.2 346.7 278.5 348.4 277.3 0.9792
