7--Cheering/7_Cheering_Cheering_7_688.jpg
157
751.3 274.5 21.6 25.9 755.1 284.1 765.4 283.6 759.3 288.8 756.6 294.2 764.5 293.8 0.9997
952.7 345.1 17.9 23.0 962.0 353.4 967.1 352.4 968.9 356.3 965.5 362.2 969.1 361.7 0.9996
866.3 289.2 18.8 24.1 869.1 298.9 877.7 298.6 872.3 303.5 870.4 307.8 877.1 307.6 0.9996
559.6 585.4 20.4 26.1 562.3 595.4 570.1 594.7 564.7 600.2 564.4 605.6 570.6 604.8 0.9996
502.9 470.4 21.5 28.4 506.6 481.2 514.9 481.9 508.7 486.5 506.7 491.5 513.6 491.8 0.9995
142.5 499.0 21.0 27.4 145.7 509.6 154.7 509.6 148.9 515.0 146.8 520.2 154.0 520.1 0.9995
750.3 380.0 20.0 24.3 755.6 388.7 765.1 388.4 760.4 393.5 756.5 397.8 764.6 397.5 0.9995
508.9 274.5 20.4 25.2 515.6 284.2 524.9 283.6 521.7 287.7 517.3 293.0 525.2 292.6 0.9995
174.5 388.3 19.7 24.3 177.5 398.2 186.0 397.3 180.9 402.9 179.4 407.2 186.0 406.4 0.9994
589.2 286.4 20.2 25.2 597.4 295.9 605.8 295.0 603.9 299.2 599.8 305.1 606.2 304.6 0.9994
160.0 545.5 21.9 29.7 163.9 557.8 173.8 558.0 167.6 563.5 165.0 568.4 172.9 568.4 0.9994
243.7 0.0 19.8 21.3 254.0 7.2 258.2 5.8 261.0 9.4 258.8 15.5 261.2 14.5 0.9994
780.6 598.0 19.1 24.7 786.1 607.6 795.1 606.7 791.4 611.8 788.0 616.9 795.4 616.3 0.9994
561.5 542.5 22.1 26.1 564.3 550.1 573.8 550.4 566.6 555.4 564.9 561.3 572.2 561.4 0.9994
648.6 541.7 20.4 24.7 653.2 550.3 662.8 550.5 657.5 555.8 654.2 560.2 661.8 560.3 0.9994
672.5 269.4 19.6 22.5 677.0 276.3 686.0 275.9 681.1 280.3 677.7 285.4 685.3 285.1 0.9993
359.0 551.9 21.1 23.2 362.6 559.9 372.2 559.1 366.5 564.1 364.1 569.2 371.7 568.5 0.9993
120.4 188.0 20.7 27.4 125.2 199.5 135.1 199.2 129.9 204.6 126.3 209.4 134.3 209.1 0.9993
484.9 334.2 22.3 26.1 489.8 344.2 500.1 343.5 494.7 348.0 491.5 354.0 499.5 353.5 0.9993
641.5 512.1 18.9 22.3 644.6 518.7 653.6 519.2 647.6 523.4 645.0 528.5 651.8 528.8 0.9993
19.5 36.8 21.3 25.8 25.6 46.6 35.7 46.6 31.0 51.6 26.8 56.8 34.5 56.8 0.9993
749.4 138.3 19.6 23.8 754.5 146.5 763.3 148.4 757.6 152.2 753.6 155.6 760.5 157.1 0.9993
880.0 330.8 21.8 26.5 884.2 340.8 893.7 341.9 887.1 345.5 883.9 350.5 891.1 351.3 0.9992
445.3 436.6 20.9 25.2 448.2 446.3 456.9 445.9 450.9 450.8 449.4 456.0 456.1 455.6 0.9992
940.2 485.1 20.3 24.1 946.1 493.4 955.2 494.5 950.1 498.0 946.1 502.6 953.3 503.4 0.9992
432.9 556.5 19.8 22.6 436.6 562.9 445.5 563.6 439.6 568.2 436.8 572.7 443.7 573.2 0.9992
128.4 108.5 20.3 27.1 134.1 118.9 143.7 118.4 139.2 123.2 135.6 129.1 142.9 128.8 0.9991
872.7 41.2 20.2 22.7 877.6 47.9 886.9 48.2 881.8 52.6 878.4 57.5 885.7 57.7 0.9991
80.4 558.3 17.4 23.6 83.9 566.6 87.0 567.7 81.0 570.1 81.5 575.5 83.8 576.1 0.9991
909.3 416.3 22.2 27.0 914.8 426.8 926.0 426.1 920.8 431.7 916.9 437.3 925.6 436.7 0.9991
46.1 186.9 21.3 25.0 49.6 195.4 58.9 195.2 52.9 200.1 50.7 205.6 57.6 205.4 0.9991
273.2 565.8 19.1 24.2 276.6 575.1 285.4 574.8 280.1 579.2 277.5 583.9 285.0 583.5 0.9991
230.8 390.6 20.2 23.6 233.5 399.6 242.4 399.0 236.5 404.1 234.9 409.0 241.6 408.3 0.9991
578.7 659.9 20.2 23.0 584.2 669.0 593.8 668.6 589.4 672.8 586.0 677.6 593.1 677.3 0.9990
496.4 426.3 21.2 27.9 500.8 436.8 510.8 436.9 505.1 441.5 501.7 447.1 509.7 447.2 0.9990
812.8 440.0 19.9 22.9 817.2 447.8 826.6 448.1 821.4 452.5 817.9 456.7 825.4 456.9 0.9990
621.6 37.7 18.3 20.8 627.3 44.2 635.3 44.0 631.7 48.1 628.1 52.5 634.9 52.4 0.9990
705.3 636.7 22.7 27.0 708.9 645.2 718.5 645.4 711.9 650.9 709.7 656.1 717.6 656.1 0.9989
653.0 383.6 21.4 23.8 657.7 391.5 667.8 392.3 661.4 396.3 657.8 401.2 665.2 401.9 0.9989
422.2 652.9 20.4 24.2 425.7 663.8 435.1 663.0 429.6 668.3 427.3 672.4 434.5 671.6 0.9989
887.3 72.7 18.9 22.6 897.3 79.9 903.8 80.4 902.9 84.7 898.1 89.3 902.8 89.9 0.9989
460.5 141.8 19.8 24.5 464.5 150.4 473.9 150.4 468.5 154.5 465.4 160.0 472.7 159.9 0.9989
160.6 445.5 20.0 24.8 163.3 454.6 171.2 455.1 164.5 458.7 163.0 464.0 169.0 464.3 0.9989
243.1 284.9 22.2 28.0 247.4 295.3 257.2 294.9 251.4 300.2 248.6 305.8 256.5 305.5 0.9989
317.8 661.4 19.6 21.9 321.5 668.2 330.4 668.7 324.8 673.4 322.2 678.1 328.7 678.4 0.9988
505.6 642.4 21.6 24.5 509.2 651.0 518.7 650.6 512.5 655.0 510.1 660.5 517.7 660.1 0.9988
315.6 337.2 20.8 23.0 322.8 343.6 331.9 345.1 327.2 347.2 322.4 352.4 329.7 353.7 0.9988
770.8 0.0 18.1 21.3 777.7 7.4 785.8 7.4 782.8 11.4 779.1 16.0 784.7 16.0 0.9988
226.3 534.7 20.9 26.4 230.1 544.4 239.2 544.9 232.9 548.6 230.2 554.0 237.3 554.4 0.9988
55.8 73.1 20.2 26.1 61.0 83.4 70.7 83.5 65.7 88.3 61.7 93.0 69.8 93.0 0.9987
997.1 424.5 20.0 23.5 1003.4 431.6 1012.8 431.7 1008.7 436.1 1004.3 441.2 1012.1 441.3 0.9987
374.4 396.2 20.4 23.6 379.5 404.6 389.1 404.5 384.0 407.8 380.6 413.6 387.9 413.5 0.9987
30.7 456.4 20.3 24.6 35.0 466.0 44.3 466.4 38.5 470.0 35.4 475.0 42.4 475.4 0.9987
796.3 396.7 18.7 20.9 800.0 402.6 807.4 405.1 800.4 407.6 798.3 411.5 803.0 413.4 0.9987
172.1 293.2 20.2 24.7 176.8 302.2 185.7 302.8 180.1 305.9 176.6 310.8 184.0 311.3 0.9987
732.2 41.2 18.4 21.7 735.6 49.3 743.6 49.7 738.5 54.1 736.4 57.8 742.4 58.0 0.9987
710.0 546.5 21.0 25.8 713.1 557.1 723.0 557.2 716.8 562.1 714.8 567.2 721.7 567.1 0.9987
200.0 0.0 20.3 22.4 204.5 7.4 213.7 7.2 208.9 12.5 205.8 16.8 213.1 16.6 0.9987
923.7 602.1 21.2 25.5 929.2 610.4 939.2 610.3 934.2 615.0 930.1 620.4 938.3 620.4 0.9986
789.4 524.8 22.0 26.2 793.6 533.1 803.8 532.7 797.9 538.2 795.0 544.2 802.8 544.0 0.9986
34.3 491.8 21.0 28.8 40.0 503.1 49.4 502.5 45.1 507.1 41.8 513.3 49.2 512.9 0.9986
498.6 536.2 20.0 27.0 505.8 546.7 514.7 546.5 511.3 551.4 506.9 556.4 514.1 556.3 0.9985
230.9 602.8 19.8 24.9 235.7 611.4 245.2 611.4 240.3 617.0 236.9 621.6 244.2 621.6 0.9985
284.1 614.9 19.6 24.3 287.3 623.3 295.9 623.6 290.1 627.6 287.7 632.8 294.5 632.9 0.9984
996.6 40.0 20.4 24.0 999.2 49.9 1005.5 48.0 1001.7 54.4 1003.7 59.3 1008.1 57.6 0.9983
568.2 390.7 18.4 25.1 572.1 400.1 580.9 399.7 576.2 405.3 573.3 409.7 580.6 409.4 0.9983
642.9 667.7 20.8 15.6 648.0 675.5 658.3 675.4 653.1 680.0 649.6 684.8 657.2 684.6 0.9982
397.3 341.7 21.5 27.4 402.7 352.1 412.8 351.5 408.2 356.2 404.3 361.7 412.9 361.2 0.9982
324.9 391.3 21.0 24.4 328.4 399.5 337.8 399.3 332.1 404.7 329.9 409.8 336.9 409.7 0.9982
472.3 77.0 20.1 24.5 477.6 83.8 486.3 84.6 481.1 87.5 477.5 93.4 484.7 94.0 0.9982
824.4 47.0 13.8 19.4 828.0 52.3 830.8 53.0 826.0 55.8 826.1 60.5 828.1 61.0 0.9982
671.6 167.0 21.0 25.0 674.8 176.8 684.4 177.0 678.1 181.7 676.0 186.5 683.0 186.6 0.9981
27.6 288.3 22.1 27.7 32.4 299.2 42.6 298.4 37.3 303.8 33.9 309.2 42.3 308.5 0.9981
928.1 238.0 20.3 23.3 931.4 244.9 940.4 245.2 934.4 250.1 932.0 255.1 939.0 255.3 0.9981
916.9 635.3 20.6 27.8 920.9 646.2 930.7 646.2 924.9 651.2 921.7 656.5 929.5 656.5 0.9981
663.2 333.1 18.2 22.7 665.0 341.5 670.5 342.3 664.9 347.0 666.3 351.0 669.8 351.3 0.9980
324.9 149.4 17.3 21.9 330.0 156.6 338.1 156.8 334.3 160.3 330.6 165.0 337.5 165.1 0.9980
942.6 10.8 14.6 19.5 946.2 18.3 953.1 18.7 949.1 22.4 946.4 26.2 951.9 26.4 0.9980
187.0 214.5 20.6 28.6 192.2 225.8 201.6 226.0 196.3 230.8 192.5 235.6 200.3 235.7 0.9979
193.6 178.6 20.9 26.2 197.9 189.3 207.4 188.9 202.3 193.9 199.3 198.9 206.7 198.6 0.9979
526.4 180.7 20.2 23.4 529.8 190.4 538.3 190.7 532.2 194.6 530.3 199.1 536.3 199.2 0.9978
223.9 496.8 20.8 25.1 228.8 506.7 237.2 507.1 232.0 512.1 229.6 516.1 236.0 516.3 0.9977
954.7 35.1 19.2 22.4 960.3 41.9 969.2 41.5 965.4 45.8 961.9 51.4 969.1 51.1 0.9977
320.1 460.5 18.2 20.3 325.0 467.3 333.6 468.3 328.7 471.5 324.8 475.2 331.7 476.0 0.9976
820.5 294.0 17.9 21.5 823.3 300.3 831.2 300.6 825.8 304.9 823.9 309.3 830.5 309.4 0.9974
246.5 344.0 20.2 21.1 251.8 350.5 260.7 351.2 255.3 354.9 251.8 359.4 258.5 359.9 0.9974
132.7 449.1 15.6 18.7 136.3 455.2 143.4 455.6 139.5 459.4 137.0 463.1 142.3 463.3 0.9974
594.8 160.4 18.7 24.3 597.4 169.5 604.7 169.5 598.9 173.6 597.9 178.7 603.4 178.6 0.9972
738.3 220.5 20.2 23.5 744.5 229.7 753.4 229.9 749.4 233.6 745.6 238.0 752.7 238.1 0.9972
567.5 496.1 20.3 27.7 571.0 507.8 580.8 506.3 575.8 512.5 573.8 518.1 581.3 516.8 0.9971
347.9 13.1 17.1 19.6 352.0 20.2 360.3 20.0 356.0 23.9 353.2 28.2 359.3 28.1 0.9970
939.1 271.8 15.1 23.0 942.5 278.6 945.1 279.5 940.3 283.1 941.7 288.5 943.6 288.8 0.9970
1006.4 377.0 17.1 25.8 1009.6 388.2 1017.2 386.5 1013.3 392.6 1012.6 397.6 1018.8 396.1 0.9969
950.2 115.8 19.2 23.4 953.1 124.9 960.8 125.1 955.0 129.2 953.6 133.7 959.3 133.7 0.9969
116.4 247.7 20.1 26.2 119.7 257.2 129.0 257.4 123.1 262.1 120.5 267.4 127.8 267.4 0.9968
55.0 659.1 19.8 24.5 59.5 668.8 68.5 669.3 63.2 673.5 60.2 678.2 66.9 678.6 0.9967
732.5 344.0 19.7 21.1 737.9 352.1 747.0 351.7 742.8 356.6 739.5 360.8 746.1 360.5 0.9967
375.0 617.2 18.8 22.7 379.5 624.2 388.2 624.4 383.4 628.6 380.4 633.7 387.1 633.8 0.9964
669.6 599.7 17.6 24.8 679.3 608.5 683.0 607.2 685.0 611.1 682.5 617.9 685.1 617.0 0.9964
2.4 399.3 18.3 20.8 7.9 406.6 16.5 405.7 13.1 410.1 10.0 415.2 16.5 414.5 0.9964
150.3 0.0 20.8 17.3 155.2 1.7 164.8 1.1 160.0 5.8 156.5 10.6 164.5 10.2 0.9964
101.1 292.0 21.9 25.1 106.7 300.6 117.3 300.9 111.6 306.0 107.3 311.0 115.8 311.2 0.9963
241.7 480.5 18.7 23.3 249.0 488.9 257.5 488.7 254.7 493.9 250.4 498.5 256.6 498.4 0.9962
327.0 228.8 19.4 22.4 333.3 237.3 342.0 235.7 339.8 239.6 336.8 245.8 343.3 244.6 0.9961
538.7 141.9 19.3 22.2 544.3 148.9 553.3 149.8 548.4 153.2 544.4 157.9 551.2 158.6 0.9957
714.4 449.3 16.2 22.2 718.3 457.2 726.2 456.4 722.8 461.3 720.1 466.3 726.3 465.7 0.9949
864.3 659.4 19.3 22.7 869.0 667.4 878.6 668.0 873.4 672.8 869.7 676.8 876.9 677.2 0.9947
890.2 245.4 15.9 20.8 896.2 253.2 903.3 253.6 900.3 257.7 895.9 260.8 902.1 261.2 0.9947
361.4 447.3 20.9 25.7 365.9 457.4 374.3 457.3 369.3 462.4 367.4 467.3 373.7 467.1 0.9946
65.3 631.7 19.6 22.2 70.9 639.7 80.3 639.7 75.9 644.9 72.1 649.1 79.0 649.1 0.9944
83.7 0.0 19.3 21.8 87.4 5.9 95.9 6.4 90.3 10.3 87.6 15.4 94.2 15.7 0.9944
255.0 237.0 19.3 22.9 259.3 243.9 268.4 244.5 263.0 248.8 259.3 252.7 267.3 253.1 0.9941
348.9 669.4 18.7 14.2 352.2 678.5 360.1 678.2 354.9 681.8 353.2 686.3 358.9 686.1 0.9940
103.8 389.3 22.1 23.6 107.9 396.1 116.8 396.2 110.2 399.9 108.0 405.8 114.9 405.7 0.9939
321.0 287.4 20.1 24.7 326.2 296.1 336.2 295.8 331.4 301.0 327.7 306.1 335.3 305.8 0.9939
664.9 129.1 13.5 17.1 670.1 135.4 676.3 135.0 674.3 138.6 671.2 142.4 675.7 142.2 0.9908
399.0 126.4 19.4 26.2 403.2 136.2 412.3 136.7 406.7 141.9 403.6 146.7 410.5 146.9 0.9905
406.9 275.4 21.0 24.5 412.1 282.9 421.9 283.4 416.3 287.7 412.5 293.1 420.2 293.4 0.9904
60.7 245.9 20.5 26.1 63.8 256.1 72.1 255.3 66.9 260.9 65.7 266.3 72.2 265.6 0.9904
9.0 604.1 20.2 24.7 17.4 614.3 25.6 614.7 22.6 619.3 18.6 623.5 24.4 623.8 0.9904
1007.8 276.5 15.7 24.2 1011.9 286.1 1019.9 285.8 1015.9 291.7 1013.7 295.7 1019.9 295.4 0.9901
0.0 235.1 10.8 23.3 -2.9 243.9 5.9 244.4 1.3 248.6 -2.5 252.5 4.4 252.9 0.9901
87.9 514.8 19.3 24.3 92.1 522.9 101.3 523.0 96.1 527.9 93.0 533.1 100.1 533.1 0.9898
741.7 100.5 14.1 16.0 744.8 105.2 751.1 105.8 747.0 108.6 744.7 112.0 749.5 112.5 0.9887
412.2 602.8 19.5 23.3 414.6 610.7 421.8 610.6 415.9 615.5 415.6 620.2 420.9 619.9 0.9884
322.0 514.1 17.2 21.2 325.2 520.3 333.0 519.9 328.6 524.8 326.6 529.5 332.6 529.0 0.9878
685.5 94.6 19.2 21.3 690.4 101.7 699.3 101.6 694.5 106.3 691.5 110.6 698.0 110.5 0.9868
192.2 89.4 19.0 22.4 197.0 98.6 205.4 97.3 201.5 101.9 199.3 106.9 205.4 105.9 0.9839
873.3 190.8 18.0 22.7 876.8 198.0 884.3 196.9 880.5 201.0 878.7 206.5 885.1 205.7 0.9836
470.2 0.0 19.0 14.3 476.4 -1.0 484.8 -1.2 481.3 2.9 477.1 7.5 484.3 7.4 0.9833
666.4 105.6 15.5 19.8 671.3 113.9 678.6 114.7 674.8 118.0 671.3 121.3 676.8 121.9 0.9800
806.2 327.9 18.7 23.4 810.5 336.4 818.9 336.2 814.4 340.9 811.6 345.4 818.2 345.2 0.9791
985.0 651.6 21.2 22.1 988.6 657.8 997.6 657.6 991.9 662.2 989.9 667.1 996.6 666.9 0.9786
549.1 223.5 18.6 20.4 556.3 229.8 563.7 230.5 560.5 233.6 556.2 237.6 562.3 238.2 0.9741
135.6 44.0 18.6 21.4 139.5 52.5 148.2 51.7 143.7 56.2 141.3 60.7 147.7 60.1 0.9702
218.7 670.4 20.4 12.3 224.6 680.4 234.0 680.4 229.4 684.9 225.4 689.3 233.0 689.3 0.9700
126.8 625.5 16.6 20.4 779.8 52.7 787.4 52.5 783.8 56.7 780.9 60.7 786.9 60.5 0.9607
489.0 59.0 13.2 19.0 129.3 634.4 136.0 634.2 131.7 638.8 131.0 642.2 135.8 641.9 0.9554
584.4 436.4 19.6 27.6 428.0 43.5 433.8 42.7 433.7 47.4 429.7 52.4 433.9 52.1 0.9502
1004.7 140.2 18.7 24.3 493.7 66.7 499.6 66.6 497.2 70.7 494.4 74.2 498.8 74.3 0.9485
756.8 186.7 20.3 26.4 589.1 446.4 597.7 447.3 592.1 452.4 589.1 457.4 595.6 458.1 0.9456
822.6 196.9 14.1 20.4 1007.6 149.5 1015.5 149.8 1009.9 153.9 1008.4 158.5 1014.5 158.6 0.9398
547.4 56.4 18.4 23.3 761.7 197.8 770.8 198.0 765.7 202.9 762.3 207.4 769.6 207.5 0.9387
1011.8 201.7 11.8 16.3 825.3 204.4 828.9 204.8 824.9 208.7 825.2 212.9 827.7 212.9 0.9370
482.6 389.5 20.7 22.1 551.4 63.7 559.4 64.4 553.9 68.5 551.3 73.3 557.3 73.7 0.9219
850.2 610.4 19.4 19.8 1015.8 207.2 1021.8 207.0 1019.2 210.5 1016.8 214.0 1021.3 213.9 0.9213
31.5 347.2 16.5 18.9 488.0 396.8 496.2 397.1 491.5 401.9 488.9 405.5 495.2 405.7 0.9142
884.0 506.3 17.2 21.2 855.2 618.0 864.0 618.3 859.3 623.0 855.9 626.2 862.6 626.4 0.9136
432.6 435.6 16.2 21.9 35.8 353.9 44.2 353.7 40.2 358.4 37.1 362.3 43.3 362.1 0.9078
333.2 85.6 19.3 22.7 888.6 515.6 896.3 516.3 891.9 519.9 888.8 523.1 894.5 523.7 0.9050
886.1 200.6 17.9 21.6 437.0 444.1 443.5 444.0 440.3 448.6 438.3 452.7 443.1 452.6 0.8824
716.5 614.8 20.8 24.8 336.7 94.3 345.1 93.0 340.5 97.6 338.8 103.0 345.1 101.9 0.8755
566.7 138.0 19.9 22.0 209.5 156.6 216.1 156.8 212.4 160.2 209.9 163.8 215.4 163.8 0.8650
617.2 252.1 20.5 23.9 712.3 145.4 719.8 144.7 715.7 148.5 713.6 153.1 719.7 152.5 0.8455
416.0 0.0 18.3 10.9 889.1 210.6 897.6 209.6 893.6 214.1 891.4 218.2 897.6 217.4 0.7579
4.0 556.8 24.3 27.2 111.7 157.6 120.1 157.9 115.0 162.7 112.0 167.5 118.9 167.6 0.7231
6.4 98.8 20.3 24.1 721.2 622.1 730.4 623.2 724.8 626.4 721.0 631.9 728.5 632.6 0.6381
