7--Cheering/7_Cheering_Cheering_7_132.jpg
13
849.6 318.4 64.5 85.6 860.1 347.0 888.5 342.7 871.9 355.1 864.9 377.5 890.3 373.9 0.9998
192.2 288.3 63.3 74.7 208.9 311.1 236.6 315.5 217.9 320.6 204.0 336.9 228.0 340.8 0.9998
362.0 405.8 53.1 66.4 373.1 431.1 398.0 431.1 383.7 445.4 375.1 455.7 396.3 455.5 0.9997
641.1 341.9 52.9 63.7 655.1 360.9 681.1 362.1 666.7 365.2 655.1 383.9 675.8 385.1 0.9996
489.3 396.4 50.8 62.7 504.1 418.3 528.3 420.5 515.4 424.9 503.0 439.1 524.1 440.9 0.9996
88.9 97.7 46.4 51.4 100.7 115.0 124.1 115.6 110.2 116.4 98.7 132.1 119.5 132.7 0.9996
548.4 385.1 43.5 48.6 559.4 399.2 579.9 399.3 569.4 403.4 561.4 417.6 577.5 417.6 0.9992
265.5 128.9 43.9 55.5 280.4 144.2 299.4 151.7 288.6 151.5 277.2 163.9 291.9 169.8 0.9980
799.8 364.5 40.6 53.5 808.4 384.7 827.4 383.1 817.8 391.5 812.5 404.8 826.8 403.6 0.9976
40.5 278.6 53.9 64.7 59.9 299.0 81.0 299.4 71.9 309.0 61.8 322.5 78.6 322.8 0.9913
853.1 114.3 58.0 66.8 867.1 136.8 896.3 135.2 883.3 141.5 872.9 161.3 896.7 160.0 0.9736
296.2 382.2 37.9 50.3 306.8 401.1 323.3 403.8 313.0 410.6 305.1 418.5 317.3 420.6 0.9670
734.7 367.6 48.6 62.3 747.2 384.4 761.6 386.6 747.7 394.9 743.1 409.2 753.9 410.6 0.9432
