7--Cheering/7_Cheering_Cheering_7_342.jpg
12
128.6 514.9 57.3 71.0 143.0 534.8 169.5 535.4 155.4 542.0 144.1 561.2 166.8 561.6 0.9999
661.6 471.7 104.3 132.0 690.8 513.0 739.7 521.3 710.4 533.4 687.0 562.8 726.9 570.0 0.9997
496.6 233.4 89.5 113.4 525.8 270.7 566.0 280.3 543.8 288.1 520.9 311.1 554.2 319.5 0.9997
0.0 560.8 77.8 102.6 15.2 594.1 55.8 601.8 30.2 609.9 10.0 634.2 42.5 640.3 0.9997
283.0 455.7 70.2 85.6 299.0 487.4 331.4 488.7 312.1 502.9 300.9 520.0 325.0 521.0 0.9996
191.3 527.7 75.1 88.8 212.8 554.2 248.2 558.0 229.3 570.2 213.2 590.3 240.3 593.7 0.9996
828.7 507.5 151.8 193.0 871.5 580.0 945.8 587.6 905.6 620.3 870.8 654.9 926.1 662.0 0.9995
834.4 451.9 54.3 61.1 852.0 474.5 874.5 475.3 863.3 484.3 853.0 495.9 870.4 496.4 0.9984
342.4 581.7 73.1 96.9 367.0 618.4 397.2 621.4 383.5 635.4 369.4 652.7 393.1 655.3 0.9971
985.2 495.7 38.4 71.0 997.7 525.4 1023.0 526.0 1009.2 540.1 1000.2 551.0 1019.7 551.6 0.9960
271.5 619.3 119.4 90.2 299.6 670.2 355.8 674.8 321.4 701.7 302.1 731.0 344.0 734.9 0.9958
6.7 506.1 66.3 78.7 24.8 537.4 57.9 540.0 41.8 548.9 27.0 564.1 52.9 565.9 0.9873
