7--Cheering/7_Cheering_Cheering_7_683.jpg
9
46.3 595.5 90.8 145.6 105.4 650.9 119.8 648.2 139.6 669.2 117.9 703.3 129.0 701.7 0.9999
118.9 536.3 53.3 78.3 153.9 556.5 158.7 555.2 170.9 570.7 160.8 591.1 163.2 591.0 0.9997
549.3 565.2 13.6 19.3 557.3 571.6 560.0 571.0 561.5 575.1 558.5 579.4 560.5 579.3 0.9948
342.0 652.9 38.4 58.9 366.3 674.3 370.9 672.7 378.8 682.6 373.0 696.5 375.8 696.2 0.9939
195.0 532.5 21.0 28.6 207.6 539.3 212.3 538.9 214.0 544.9 209.3 552.2 212.8 552.3 0.9868
668.2 604.1 23.4 45.6 687.2 617.0 686.9 617.1 691.2 625.0 686.9 636.6 687.3 636.7 0.9634
727.9 598.5 14.2 22.8 737.1 605.7 739.2 605.0 741.5 609.7 738.0 615.1 739.9 614.8 0.8860
247.9 449.7 9.0 10.9 252.3 454.0 255.2 453.8 254.6 456.3 252.8 458.4 254.8 458.3 0.8774
721.9 573.1 11.1 14.4 728.9 577.9 731.9 577.9 731.8 581.4 728.9 584.1 730.9 584.3 0.8448
