7--Cheering/7_Cheering_Cheering_7_359.jpg
12
780.8 233.3 58.9 70.4 789.2 261.2 813.5 256.2 798.2 269.3 795.5 286.5 814.5 282.4 0.9996
701.9 87.1 35.3 44.0 708.3 104.6 717.7 99.2 713.5 112.1 718.5 121.0 725.8 116.3 0.9995
565.0 277.3 17.8 24.6 567.8 285.6 570.1 285.6 565.6 290.7 569.4 295.6 571.3 295.2 0.9994
493.5 251.0 26.0 38.3 497.2 265.7 501.6 265.9 495.3 273.6 499.3 280.2 502.7 279.9 0.9990
986.1 11.3 24.1 29.8 990.2 25.8 999.4 22.1 995.2 29.4 994.5 34.5 1002.7 31.5 0.9990
41.5 336.0 47.3 82.7 52.0 365.3 55.1 366.3 41.6 380.0 47.8 398.3 49.6 398.9 0.9985
522.7 341.9 30.2 49.3 527.7 361.1 529.9 361.3 523.6 371.4 531.6 379.9 533.0 379.7 0.9976
871.9 0.0 31.9 34.9 877.8 1.9 878.3 1.8 872.9 13.2 881.0 22.5 881.5 22.3 0.9966
804.4 100.9 18.0 19.5 808.4 109.9 815.0 109.1 811.4 114.1 811.1 117.5 815.4 116.8 0.9865
366.0 342.4 15.9 20.2 369.3 348.2 371.7 349.3 366.8 352.5 367.7 356.6 369.3 357.3 0.9381
655.8 157.9 21.9 33.9 658.4 170.5 661.0 170.6 656.1 178.0 660.4 183.9 662.5 183.7 0.9265
536.8 251.3 12.9 20.9 539.3 257.9 540.4 258.4 537.0 262.1 538.1 266.7 539.1 266.8 0.8132
