7--Cheering/7_Cheering_Cheering_7_619.jpg
16
158.7 154.2 46.8 59.8 179.7 176.1 198.8 175.2 195.3 185.3 184.4 198.8 198.6 198.1 0.9997
502.5 108.0 42.9 52.9 519.0 122.0 538.4 124.0 531.1 132.0 518.9 142.6 535.9 144.3 0.9996
360.4 144.8 47.8 65.4 379.7 169.2 399.5 167.7 395.2 178.8 383.6 192.3 400.7 191.0 0.9996
207.7 252.6 40.9 55.4 229.7 268.6 242.6 267.2 245.4 278.5 234.3 292.7 244.2 291.7 0.9995
298.5 232.1 47.2 61.9 316.4 258.5 336.7 256.3 330.8 268.4 322.1 281.3 336.9 279.2 0.9994
191.6 121.2 30.0 36.6 201.7 133.6 215.1 133.2 210.1 139.6 204.1 147.7 214.9 147.4 0.9994
22.3 278.6 50.7 69.3 50.6 304.3 67.8 304.4 66.4 318.0 52.3 331.6 64.5 331.7 0.9992
564.9 151.0 38.6 49.5 579.6 161.1 596.0 169.5 584.7 172.4 572.8 180.6 586.3 187.6 0.9988
820.1 167.5 22.4 27.2 825.8 178.9 835.7 177.7 831.5 182.6 828.5 188.6 836.3 187.6 0.9983
565.3 91.5 37.1 45.7 575.9 106.9 593.1 107.2 584.5 116.1 577.3 125.6 590.6 125.8 0.9975
654.1 158.7 30.3 34.9 664.1 170.1 677.3 168.9 672.5 176.2 666.6 183.5 677.7 182.5 0.9958
808.6 145.9 24.9 28.8 815.9 157.2 827.4 158.6 821.0 163.1 815.9 168.2 824.4 169.4 0.9840
847.2 175.6 17.5 22.6 852.8 183.4 861.2 183.2 857.7 188.1 854.0 193.0 860.4 192.9 0.9759
994.9 202.2 18.7 23.4 999.5 209.8 1006.7 210.6 1001.7 214.5 999.2 218.8 1005.1 219.3 0.9515
6.5 105.5 25.6 32.1 24.1 116.9 27.4 116.1 30.8 122.5 25.4 128.9 27.1 128.9 0.9510
948.5 186.5 15.0 20.3 955.1 195.1 960.5 195.6 958.3 200.0 954.8 203.6 958.6 204.1 0.8338
