7--Cheering/7_Cheering_Cheering_7_609.jpg
29
185.5 120.6 32.4 53.4 209.7 140.3 211.3 140.6 217.9 150.8 209.2 160.3 210.6 161.2 0.9997
307.2 128.2 29.4 44.7 332.3 145.4 332.8 145.2 338.8 153.8 330.2 162.1 330.4 162.5 0.9996
368.4 126.0 26.1 37.0 388.2 138.1 390.5 137.5 395.5 145.4 387.8 152.9 389.5 153.0 0.9993
136.3 131.8 32.3 51.3 164.0 148.8 164.5 148.1 169.7 158.5 161.2 170.2 162.1 170.0 0.9992
233.6 150.7 30.2 42.7 255.4 164.5 258.8 163.6 263.5 173.3 254.8 182.2 257.2 182.2 0.9991
402.9 157.0 21.3 31.0 418.5 168.3 421.1 167.6 424.2 174.4 417.8 180.5 419.3 180.5 0.9991
662.4 279.1 14.0 16.7 670.6 283.8 674.5 285.3 672.6 288.8 667.8 291.0 670.7 292.4 0.9990
574.4 269.3 13.1 15.2 581.0 273.9 585.6 273.5 584.8 277.1 581.8 280.5 585.0 280.3 0.9988
643.2 262.7 12.8 14.8 647.0 268.0 653.0 268.0 650.2 271.0 647.9 274.1 652.3 274.1 0.9987
716.4 275.6 13.8 15.4 720.6 280.3 727.0 280.6 723.8 284.0 721.1 286.9 726.1 287.2 0.9983
533.0 251.4 9.2 11.5 536.1 255.7 540.2 255.5 538.6 257.7 536.8 260.1 540.0 260.0 0.9982
986.9 286.2 12.2 14.1 990.6 289.8 996.0 290.0 993.4 293.1 990.9 296.1 995.3 296.3 0.9980
773.6 171.7 24.4 33.6 776.7 185.4 781.1 186.0 775.0 192.6 780.0 198.4 782.6 198.4 0.9980
895.7 166.2 21.2 29.0 897.9 177.1 903.4 176.6 898.3 183.3 901.8 188.4 906.0 187.7 0.9979
602.7 274.6 12.8 15.2 608.8 280.9 613.8 280.8 612.4 284.1 609.5 287.0 612.8 287.0 0.9979
341.6 145.4 23.3 36.8 357.1 156.5 360.6 155.8 364.3 163.7 357.9 172.5 360.1 172.3 0.9979
618.0 266.7 12.8 15.1 623.0 271.2 628.5 270.9 626.7 274.4 624.0 277.9 628.2 277.7 0.9977
692.1 272.3 11.4 15.7 697.7 278.7 701.3 278.6 700.5 281.8 698.1 284.6 700.7 284.7 0.9971
545.9 254.4 11.0 13.6 551.1 258.7 554.8 258.0 554.7 261.3 552.6 264.7 555.3 264.3 0.9969
961.7 282.7 11.8 15.0 965.7 288.6 970.9 289.2 968.2 291.8 965.8 294.3 969.4 294.9 0.9969
560.9 254.8 10.4 13.7 565.8 259.8 569.6 259.7 568.9 262.4 566.6 265.3 569.3 265.3 0.9959
601.5 258.3 11.9 12.4 605.0 262.2 610.5 261.9 608.2 264.5 606.0 267.5 610.2 267.2 0.9952
554.3 243.3 9.8 12.0 558.3 247.6 562.5 247.5 561.2 250.1 558.9 252.5 562.1 252.5 0.9942
590.6 249.1 9.8 10.8 593.5 252.9 597.8 252.6 596.2 254.9 594.4 257.3 597.9 257.1 0.9856
682.6 274.1 10.8 14.1 688.6 278.4 692.6 278.5 691.9 281.6 688.7 284.6 691.8 284.8 0.9819
701.0 260.0 9.7 12.7 703.6 264.8 707.5 264.6 705.6 267.2 704.4 269.7 707.5 269.5 0.9783
755.2 285.4 12.1 15.0 761.6 290.0 765.5 289.9 764.9 293.1 762.0 296.4 764.9 296.4 0.9598
656.5 252.8 9.6 11.3 659.4 256.7 663.9 256.8 661.8 259.1 659.8 261.4 663.3 261.4 0.9287
675.3 260.5 9.1 12.3 680.0 264.9 683.0 264.8 682.4 267.3 680.4 269.8 682.6 269.8 0.8617
