7--Cheering/7_Cheering_Cheering_7_264.jpg
31
647.7 157.8 66.3 78.9 666.3 179.4 695.5 189.4 671.7 194.2 656.4 209.1 681.1 216.9 0.9998
473.3 155.3 47.0 80.8 482.8 184.7 486.1 186.2 472.1 198.6 482.7 213.7 486.5 214.0 0.9997
218.4 195.7 37.1 51.1 229.5 208.1 232.6 208.7 220.2 216.5 224.3 230.6 226.1 230.4 0.9994
66.1 144.4 29.6 33.6 81.0 154.8 91.7 154.1 90.6 161.1 83.5 169.0 91.4 168.6 0.9994
130.6 199.6 33.3 52.0 139.2 217.3 141.2 217.9 131.4 225.2 136.1 237.5 137.0 237.3 0.9991
144.2 82.2 27.9 32.2 153.3 92.7 166.0 93.7 159.9 99.3 153.9 105.6 163.9 106.4 0.9990
195.8 138.6 28.5 34.9 205.0 150.3 217.5 151.6 211.6 156.3 205.2 162.7 215.7 163.8 0.9988
804.8 174.0 32.7 38.3 818.7 188.3 832.6 187.8 828.8 194.0 821.5 202.8 831.8 202.5 0.9988
864.4 162.0 29.5 35.7 878.2 175.4 889.8 175.2 887.6 180.7 881.0 188.6 889.7 188.6 0.9985
917.4 198.7 31.2 38.2 926.1 211.9 940.3 212.6 932.9 219.3 926.4 226.3 938.6 226.9 0.9985
28.8 104.6 29.0 36.1 40.8 120.4 53.4 120.5 49.2 127.6 42.7 133.5 51.6 133.6 0.9985
992.1 175.2 29.4 37.8 996.3 188.9 1008.5 188.9 999.4 195.9 997.4 203.7 1006.3 203.7 0.9983
872.1 243.4 30.6 34.9 882.5 253.9 895.5 256.7 888.1 263.2 881.1 268.6 891.1 270.8 0.9983
2.7 75.0 29.7 34.0 18.9 86.0 28.7 86.2 27.9 92.2 20.2 99.5 27.7 100.0 0.9981
115.3 130.9 28.5 39.0 126.6 146.1 138.3 145.8 134.5 152.5 129.2 160.5 138.0 160.4 0.9980
824.7 229.7 29.8 32.9 834.4 239.3 847.5 239.3 841.9 245.3 835.9 252.5 846.7 252.5 0.9973
951.4 233.3 32.6 38.8 963.9 245.8 978.0 244.8 973.9 252.5 967.3 261.5 978.4 260.7 0.9972
242.8 95.6 28.6 33.7 249.7 110.0 263.2 109.4 256.5 116.1 252.1 122.8 262.1 122.3 0.9968
387.6 165.2 26.8 31.9 398.3 177.8 410.6 177.3 406.9 182.4 400.9 189.6 410.0 189.3 0.9962
291.1 128.4 27.2 35.1 300.4 142.6 313.2 143.7 307.4 148.5 301.1 155.0 310.9 155.8 0.9957
894.9 204.3 20.9 27.2 900.8 214.8 910.6 214.6 906.0 220.0 902.0 225.2 910.1 225.0 0.9956
166.4 145.3 24.9 29.2 175.7 153.7 186.6 153.8 182.3 159.9 176.9 166.1 185.4 166.3 0.9941
126.0 109.1 25.3 31.0 135.1 122.0 146.2 121.4 142.5 127.2 137.7 133.6 145.6 133.3 0.9932
741.6 214.7 39.1 46.0 750.2 230.5 767.9 231.7 757.7 240.8 751.2 248.7 765.0 249.7 0.9820
400.1 275.2 34.9 33.7 411.5 285.5 426.9 287.5 418.9 292.7 411.9 299.6 423.1 301.2 0.9815
451.3 182.0 27.6 33.1 461.1 194.4 473.0 194.3 467.8 201.7 462.4 208.0 471.0 208.1 0.9509
66.1 115.6 24.8 28.3 71.7 126.0 82.3 126.5 76.1 131.6 72.3 136.4 80.4 136.7 0.9080
443.9 159.3 24.8 30.3 451.1 170.4 461.9 170.9 456.4 175.9 452.3 181.8 460.7 182.0 0.8978
394.2 145.9 20.7 25.0 400.4 156.4 410.6 157.2 405.5 161.2 401.2 165.6 408.7 166.2 0.8656
231.9 147.5 24.6 33.8 237.0 157.9 242.8 158.5 236.4 165.9 237.5 172.8 241.3 173.0 0.8296
571.7 158.9 25.2 33.2 581.9 167.8 592.2 167.7 588.7 175.9 582.2 182.9 590.2 183.0 0.7997
