59--people--driving--car/59_peopledrivingcar_peopledrivingcar_59_745.jpg
13
69.3 12.5 19.8 24.4 78.0 22.5 86.1 21.8 84.5 26.3 80.6 31.7 85.9 31.4 0.9980
199.4 28.4 15.6 19.5 204.0 34.8 211.4 34.8 207.9 38.9 204.8 43.0 210.5 43.1 0.9972
108.2 13.1 18.2 23.9 112.7 22.2 121.2 20.8 117.6 26.0 115.0 31.6 121.6 30.5 0.9928
155.0 27.1 16.8 20.7 160.2 35.3 168.5 34.6 165.2 39.4 162.0 43.8 168.1 43.3 0.9923
322.4 28.4 10.9 13.9 325.7 33.7 330.5 33.9 328.0 36.6 325.9 39.2 329.8 39.4 0.9768
230.7 55.2 13.3 16.5 234.6 61.9 240.3 61.4 238.0 64.9 235.8 68.2 240.3 67.9 0.9714
4.7 32.6 20.3 25.3 10.5 42.6 19.5 41.7 15.8 46.8 12.9 52.5 19.7 51.8 0.9662
33.2 9.5 18.7 22.4 37.0 18.1 46.0 17.6 41.4 22.7 38.8 27.6 45.9 27.1 0.9562
252.2 17.8 13.4 16.3 255.4 24.0 261.3 23.1 258.6 26.9 257.1 30.6 261.6 29.9 0.9470
244.7 30.8 12.6 17.1 252.3 36.7 256.1 36.5 256.1 40.1 253.2 43.9 255.9 43.9 0.9212
410.6 42.9 10.7 13.8 414.6 47.9 419.1 48.4 416.9 51.3 414.4 53.7 417.7 54.1 0.8727
448.1 38.7 10.4 13.1 451.6 43.6 456.3 43.7 454.2 46.6 452.2 49.3 455.5 49.4 0.8272
293.8 28.4 12.0 14.7 297.3 33.7 302.6 33.9 299.9 37.5 297.6 40.4 301.4 40.6 0.6051
