59--people--driving--car/59_peopledrivingcar_peopledrivingcar_59_305.jpg
14
537.0 202.9 15.8 23.1 538.4 212.4 542.3 212.4 538.3 217.4 540.6 221.2 543.6 221.0 0.9995
497.4 213.6 12.2 13.6 502.7 218.2 507.5 218.0 506.2 220.9 503.6 223.7 507.1 223.6 0.9992
456.5 190.1 17.4 21.9 461.8 198.9 469.4 199.7 465.4 203.9 461.6 206.6 467.9 207.3 0.9990
479.2 254.3 13.5 17.1 483.6 262.1 490.0 261.3 487.5 265.2 484.9 268.3 489.6 267.7 0.9979
133.8 195.8 9.6 13.0 140.8 201.5 142.0 201.9 142.4 204.6 139.2 206.1 140.0 206.5 0.9974
350.1 203.4 10.5 11.6 352.4 207.5 357.1 207.3 354.6 209.9 353.1 212.4 356.8 212.2 0.9959
343.2 315.6 21.9 30.1 353.4 327.4 360.7 325.4 361.2 331.6 357.0 338.5 362.6 337.2 0.9955
483.4 301.8 23.7 29.8 500.8 311.6 505.0 310.9 507.3 317.8 500.4 324.1 503.3 324.0 0.9773
734.5 236.0 7.0 8.1 736.6 238.6 739.6 238.7 738.0 240.4 736.8 242.0 739.1 242.1 0.9749
760.8 236.3 7.6 9.5 761.9 239.4 764.0 239.7 761.7 241.5 762.0 243.5 763.5 243.5 0.9553
424.5 219.4 11.8 14.7 429.9 224.9 434.3 224.4 433.5 227.9 431.0 231.3 434.4 231.0 0.9230
259.5 206.3 6.5 7.8 261.6 209.3 264.3 209.1 263.1 210.9 262.1 212.4 264.2 212.3 0.8914
886.6 266.3 17.7 19.4 894.4 273.1 899.1 274.8 896.1 278.4 892.0 280.9 895.1 282.3 0.6345
81.6 193.5 6.6 8.8 84.1 196.9 86.7 197.0 85.6 198.7 84.2 200.4 86.2 200.5 0.6037
