36--Football/36_Football_americanfootball_ball_36_353.jpg
18
529.2 205.8 28.0 35.9 536.0 219.9 548.5 220.4 541.5 226.7 536.7 232.1 547.3 232.5 0.9996
69.5 173.6 31.7 39.0 83.1 185.0 96.4 186.8 91.6 193.7 82.2 199.8 94.1 201.3 0.9996
776.6 203.0 26.5 29.2 782.2 211.6 793.8 210.8 787.3 215.8 783.4 223.2 793.1 222.5 0.9996
654.6 237.7 28.2 34.0 662.4 249.6 675.3 251.3 668.0 256.7 661.7 261.7 672.8 263.1 0.9996
894.6 326.5 31.9 38.2 905.0 340.4 919.0 344.4 910.6 350.0 902.7 353.8 913.9 357.1 0.9995
931.4 274.4 31.5 36.0 939.3 286.2 952.7 289.8 942.9 295.9 937.2 300.3 947.0 303.2 0.9995
128.5 186.8 29.8 34.5 138.1 195.9 151.6 197.6 144.5 203.1 137.0 209.1 149.7 210.4 0.9995
705.8 214.7 25.2 28.9 713.3 224.4 724.2 224.9 718.5 230.2 713.6 235.5 722.6 235.9 0.9995
847.1 207.3 29.0 36.4 854.8 222.8 868.2 223.4 861.1 229.0 855.9 235.4 866.0 235.9 0.9995
171.0 271.9 32.0 41.9 178.9 286.8 193.8 290.4 184.0 297.2 177.0 301.3 190.1 304.1 0.9994
273.6 180.3 26.6 34.5 280.3 192.6 292.6 192.1 286.5 200.7 282.0 206.4 292.0 206.1 0.9993
400.8 196.1 25.7 33.0 405.9 208.9 417.4 208.6 410.8 215.4 407.5 221.5 416.5 221.2 0.9992
377.9 315.0 31.4 36.2 389.8 325.5 402.6 329.0 395.5 335.5 386.3 339.2 397.3 342.1 0.9992
644.4 336.7 29.1 34.9 653.5 349.0 666.5 352.1 658.9 358.9 652.4 363.0 661.8 365.5 0.9991
588.3 195.7 27.0 32.1 595.4 204.7 607.3 205.5 600.7 212.1 595.6 218.1 605.2 218.8 0.9991
754.4 316.8 30.5 39.0 761.5 330.8 776.2 331.4 768.0 339.0 762.3 345.4 774.6 345.8 0.9990
505.4 322.4 30.2 41.5 513.3 337.3 526.9 339.3 518.7 346.8 512.9 352.8 523.5 354.5 0.9989
460.5 183.8 25.2 31.7 467.8 195.0 479.3 195.0 473.9 200.8 469.0 207.3 478.2 207.3 0.9986
