36--Football/36_Football_americanfootball_ball_36_415.jpg
14
440.9 89.4 81.3 113.3 459.8 138.7 498.0 135.4 479.0 158.2 467.3 179.5 495.5 176.6 0.9995
229.6 20.0 59.2 83.7 255.9 52.2 281.9 51.9 276.8 64.3 262.7 83.9 281.8 83.4 0.9995
805.9 83.9 19.9 25.6 814.7 94.4 822.3 92.7 821.3 97.9 818.2 104.0 823.5 102.7 0.9982
884.3 125.3 9.7 12.8 886.0 130.7 889.8 130.8 887.3 133.3 886.6 135.6 889.5 135.6 0.9778
718.7 160.7 10.4 12.6 721.1 165.9 725.4 165.5 723.3 168.3 722.2 170.8 725.6 170.5 0.9753
925.4 108.5 11.0 13.4 927.9 113.6 932.6 113.6 929.7 116.3 928.5 118.8 932.1 118.8 0.9311
653.0 172.6 10.9 13.3 655.6 177.4 660.7 177.6 657.9 180.3 655.9 183.0 659.7 183.2 0.9103
636.3 171.3 11.6 14.4 639.2 177.9 644.4 176.9 642.2 180.5 641.1 183.6 644.9 182.8 0.8862
736.7 150.8 11.0 12.7 739.4 155.9 744.1 155.9 741.7 158.5 740.0 160.9 743.7 160.8 0.8627
680.8 169.9 10.0 12.6 683.0 174.7 687.8 174.4 685.4 177.5 683.9 180.1 687.4 179.8 0.8619
684.4 161.7 9.7 11.6 687.7 166.3 691.8 166.4 690.0 168.7 688.0 170.8 691.2 170.9 0.8122
568.2 183.5 13.0 14.7 571.9 189.4 577.0 190.1 573.7 192.8 571.8 195.3 575.5 195.7 0.7531
843.6 125.3 12.6 14.9 846.7 131.4 852.7 131.6 849.5 134.5 847.3 137.5 851.6 137.6 0.7259
85.3 295.3 12.8 15.5 90.2 301.5 94.8 301.0 93.4 304.3 91.2 307.4 94.6 307.1 0.6391
