36--Football/36_Football_americanfootball_ball_36_59.jpg
21
427.3 489.3 42.9 53.1 446.8 505.7 463.8 504.8 461.2 514.8 450.3 527.0 464.1 526.3 0.9994
434.6 106.0 21.1 23.5 441.9 114.0 451.2 114.2 447.0 119.1 442.3 123.5 449.8 123.8 0.9992
257.3 201.8 29.4 33.4 265.4 211.3 278.9 210.8 272.4 217.8 267.3 225.9 277.9 225.5 0.9992
470.3 343.6 38.3 45.3 482.2 358.8 500.0 358.0 492.3 369.7 484.1 377.0 499.2 376.5 0.9991
873.3 286.5 36.3 37.8 888.3 299.9 903.7 298.4 898.5 308.6 889.9 315.8 901.6 315.0 0.9987
718.6 107.4 19.4 24.1 724.6 114.9 733.4 114.6 729.4 120.1 725.6 125.0 732.8 124.8 0.9986
521.5 100.5 18.9 26.1 527.8 111.4 536.3 111.0 532.9 116.1 529.2 120.9 535.9 120.6 0.9982
797.3 84.8 21.0 30.2 803.7 96.1 813.5 96.1 809.0 101.4 804.5 107.1 812.5 107.2 0.9979
169.9 124.7 18.6 23.8 175.4 132.3 184.0 131.7 180.3 137.1 176.8 142.5 183.4 142.1 0.9979
575.0 92.2 22.7 32.0 583.3 106.7 593.0 107.3 588.8 113.3 583.7 118.0 590.8 118.5 0.9976
377.4 106.4 19.7 27.9 382.4 117.8 391.8 118.1 386.8 124.0 383.4 128.6 390.3 128.8 0.9976
779.1 54.7 20.7 26.7 784.4 66.1 793.8 66.0 789.0 71.2 785.5 75.7 793.0 75.5 0.9971
667.5 88.9 21.4 24.4 673.2 97.1 683.2 96.8 678.4 102.9 674.3 107.1 682.6 106.9 0.9970
957.7 92.5 19.6 25.6 964.5 102.1 973.2 102.2 969.5 107.4 965.6 112.3 971.9 112.4 0.9955
282.0 96.6 18.5 23.6 289.4 104.7 296.9 104.6 293.9 110.2 290.0 114.5 295.7 114.5 0.9900
433.7 325.8 38.5 43.2 448.0 341.7 463.6 340.5 457.7 350.4 451.6 358.7 463.0 357.7 0.9891
328.8 94.3 20.0 22.4 334.5 101.9 343.6 101.1 339.6 106.9 335.9 110.9 343.8 110.3 0.9855
41.1 161.7 18.4 23.9 45.7 170.4 54.8 169.4 50.9 174.6 47.9 180.2 54.9 179.4 0.9835
65.2 97.4 15.3 19.7 68.3 107.0 70.5 106.4 69.3 111.6 73.2 114.5 74.3 113.8 0.9295
1009.2 104.6 13.8 22.9 1014.1 114.1 1022.2 115.6 1016.6 119.8 1013.1 123.2 1018.6 124.3 0.7791
404.6 704.1 35.5 35.4 413.5 718.5 424.0 718.5 417.1 726.7 416.0 733.1 423.3 732.8 0.5603
