36--Football/36_Football_americanfootball_ball_36_624.jpg
11
345.5 46.4 32.1 43.2 353.7 63.9 369.0 65.0 360.4 71.6 353.2 76.7 367.9 77.4 0.9997
861.4 327.7 38.3 52.5 870.3 347.4 888.7 347.5 879.1 358.8 871.3 363.7 890.0 363.6 0.9997
257.9 427.8 67.4 96.0 300.1 466.6 312.5 464.2 325.5 478.8 304.8 498.2 316.2 497.3 0.9997
227.1 48.2 28.7 42.1 242.6 66.1 252.9 66.2 252.0 73.0 241.9 79.3 251.0 79.8 0.9995
906.1 50.7 30.3 46.2 915.3 65.7 929.9 66.8 923.2 73.9 915.5 82.2 928.2 83.2 0.9995
741.9 42.4 44.7 52.3 756.5 63.6 776.3 60.7 769.9 68.4 761.9 81.5 777.2 79.3 0.9993
522.8 559.9 28.6 42.3 527.0 573.0 537.3 573.3 527.9 581.3 528.4 589.6 537.6 589.6 0.9982
497.8 115.5 19.9 29.3 501.1 126.0 510.4 126.7 504.2 132.2 501.5 137.2 509.1 137.7 0.9974
619.0 57.8 14.4 21.0 629.4 64.6 631.1 64.8 632.9 68.7 629.3 73.1 630.6 73.5 0.9970
46.7 78.5 13.7 20.5 54.0 86.9 57.0 84.9 58.7 89.4 56.3 94.2 58.6 92.9 0.9802
650.3 74.3 10.4 13.1 653.7 72.6 658.3 73.2 656.9 77.1 652.8 80.2 656.1 80.8 0.6314
