36--Football/36_Football_Football_36_93.jpg
23
848.7 105.4 33.6 46.0 854.8 125.2 870.8 124.2 861.5 133.5 856.5 139.2 871.5 138.3 0.9998
499.7 131.9 29.8 36.9 503.9 144.1 516.6 143.2 507.9 150.2 504.9 158.1 516.0 157.2 0.9997
397.8 140.6 29.1 37.5 413.2 155.8 424.7 155.8 422.5 163.2 413.2 168.8 423.1 169.2 0.9997
909.5 88.7 33.8 44.6 915.0 106.7 930.0 104.3 921.3 113.7 918.1 121.9 931.5 119.9 0.9997
254.7 161.9 32.2 37.0 266.1 176.0 280.5 177.2 273.7 185.0 265.0 189.2 277.1 190.2 0.9996
524.8 234.6 32.0 41.5 531.0 249.2 545.8 248.4 537.4 256.9 532.3 263.7 546.3 263.0 0.9996
536.1 373.7 34.7 40.6 543.5 387.5 560.2 389.1 550.0 397.2 543.0 401.7 558.4 402.8 0.9996
577.9 129.3 31.1 39.1 586.4 144.8 601.5 145.4 593.8 153.2 586.4 157.7 600.2 158.2 0.9996
642.1 129.4 30.8 38.9 647.7 145.2 661.9 142.9 654.9 151.9 650.2 157.5 664.4 155.5 0.9996
166.4 158.0 30.1 39.4 176.8 173.2 190.2 173.6 184.2 181.2 175.9 185.5 189.2 185.9 0.9996
461.1 150.4 27.6 40.4 465.3 167.2 477.8 166.5 469.8 175.0 467.9 181.8 477.7 181.1 0.9996
694.1 150.3 31.7 39.3 700.5 167.0 715.4 163.9 708.7 173.8 704.3 180.0 718.0 177.4 0.9996
341.0 156.7 22.4 39.3 356.7 172.4 359.5 171.4 363.9 178.1 357.0 186.3 359.2 185.9 0.9995
782.2 138.6 32.7 39.8 789.3 154.6 804.9 154.4 796.3 162.0 790.3 167.9 804.1 167.8 0.9995
93.2 120.3 30.9 39.6 105.4 134.9 119.5 134.6 114.6 144.0 105.7 149.4 117.8 149.2 0.9995
591.2 216.4 34.6 39.0 597.3 232.3 613.3 230.2 604.7 238.9 600.6 245.7 614.5 244.0 0.9995
455.3 239.1 32.0 40.7 464.2 253.1 479.9 254.6 471.8 262.3 463.5 267.2 478.0 268.5 0.9995
295.1 237.3 31.2 37.4 305.1 250.4 319.9 249.9 314.0 257.5 305.5 263.1 319.5 262.7 0.9995
221.8 224.6 32.0 42.2 233.9 241.0 248.5 240.0 243.6 248.6 234.5 255.4 247.5 254.7 0.9995
372.0 218.7 32.0 42.0 379.8 234.2 394.2 232.4 387.2 238.7 381.7 248.0 395.0 246.5 0.9994
673.4 266.3 32.2 38.2 680.4 282.2 695.5 280.4 688.1 289.5 682.9 295.0 696.4 293.4 0.9994
741.9 273.4 29.9 40.1 748.6 288.5 762.9 288.4 755.4 295.6 749.7 302.7 762.4 302.7 0.9993
230.7 156.8 13.3 20.1 233.1 164.6 234.6 164.8 232.4 169.3 235.8 172.6 236.7 172.5 0.9897
