36--Football/36_Football_americanfootball_ball_36_365.jpg
14
382.9 199.5 31.5 36.1 389.6 211.0 404.8 210.5 396.8 218.8 390.7 224.6 404.9 224.2 0.9996
542.9 218.9 30.7 36.1 548.7 230.6 563.6 229.7 555.7 238.0 550.0 243.7 564.5 242.9 0.9996
472.0 242.1 29.2 35.9 478.8 253.9 492.6 253.2 485.5 260.5 479.6 266.3 493.5 265.7 0.9996
302.3 194.3 33.3 43.7 309.7 210.6 326.5 210.8 317.6 218.0 310.1 224.8 325.9 225.0 0.9995
809.1 255.7 33.5 37.0 817.6 266.4 833.1 268.2 824.0 274.6 816.9 281.1 830.4 282.5 0.9994
610.8 203.4 29.7 32.5 618.5 213.8 632.6 213.7 625.7 219.6 619.3 225.3 632.5 225.2 0.9994
710.8 240.8 27.6 31.3 714.7 249.1 725.4 249.3 717.5 255.8 715.8 262.4 724.5 262.4 0.9993
209.0 197.0 29.3 35.5 215.1 207.8 227.3 208.0 219.7 215.2 215.7 222.1 225.9 222.2 0.9963
284.8 214.2 23.5 29.4 291.0 224.2 302.4 223.9 296.8 228.6 292.4 235.5 301.7 235.3 0.9960
890.6 338.8 14.7 18.5 894.8 344.6 901.6 345.1 898.1 348.8 895.0 352.1 900.5 352.5 0.9929
1007.1 341.2 13.9 17.2 1011.2 346.6 1017.9 346.6 1014.9 350.5 1012.0 354.2 1017.2 354.2 0.9732
85.4 328.3 15.2 17.2 91.9 334.3 97.9 334.5 95.6 338.2 92.1 341.3 96.6 341.6 0.9633
753.8 230.0 23.1 33.1 758.9 242.1 767.5 242.9 761.0 248.2 758.5 254.7 765.1 255.2 0.9345
149.9 319.9 9.6 12.8 154.3 324.7 157.7 325.1 156.4 327.5 154.0 329.9 156.6 330.3 0.6567
