36--Football/36_Football_americanfootball_ball_36_21.jpg
11
609.6 223.1 51.9 50.3 632.8 243.0 647.5 253.3 635.6 260.5 622.2 258.2 632.3 266.5 0.9999
783.0 140.4 49.8 56.1 803.8 158.2 823.8 160.2 815.5 170.2 803.7 179.2 819.4 181.0 0.9999
380.3 112.2 43.2 49.5 402.0 131.0 417.0 129.5 414.3 139.2 405.5 148.9 417.0 147.3 0.9994
993.2 267.0 23.7 30.6 999.4 279.3 1009.4 278.7 1004.4 284.4 1001.3 290.4 1008.7 289.9 0.9986
905.2 264.1 25.2 29.7 913.4 272.8 924.7 272.6 919.6 279.9 914.2 285.7 923.5 285.7 0.9985
421.8 246.9 45.8 52.1 444.1 264.3 460.9 263.9 456.8 277.2 444.3 285.4 456.3 285.4 0.9975
77.5 293.5 20.2 25.2 82.1 303.0 91.4 302.4 86.7 307.7 83.6 312.8 90.9 312.3 0.9940
851.8 269.6 22.7 26.6 857.4 277.9 868.0 277.6 862.8 283.6 859.0 289.2 867.6 288.9 0.9897
13.1 282.1 21.6 28.6 19.4 293.5 29.0 293.6 24.0 298.6 20.3 304.0 27.5 304.2 0.9864
229.6 214.7 20.6 23.1 236.2 223.1 245.3 224.8 240.0 228.2 235.6 232.0 242.2 233.3 0.8883
163.1 123.5 32.6 33.8 182.2 136.0 190.9 135.4 189.3 145.1 181.6 150.2 187.0 150.1 0.8156
