36--Football/36_Football_Football_36_88.jpg
8
515.0 197.2 39.9 58.0 537.5 216.9 545.3 215.2 552.5 222.3 543.3 237.5 549.9 236.7 0.9997
394.7 175.2 49.3 68.4 421.2 202.1 435.8 199.1 440.5 211.0 428.6 226.7 439.8 224.6 0.9997
658.9 168.9 43.9 65.3 678.6 191.3 693.4 189.1 695.6 195.5 688.1 215.7 699.3 213.9 0.9996
268.1 200.6 40.8 58.5 290.9 221.3 301.0 220.1 307.3 228.3 295.4 242.0 304.4 241.8 0.9996
131.8 189.4 34.8 45.6 147.5 207.6 161.1 205.3 160.9 212.8 152.9 223.8 163.3 222.2 0.9996
28.4 190.7 41.4 52.1 42.8 211.1 62.1 212.5 53.8 220.5 42.5 227.9 60.8 229.1 0.9995
974.3 205.6 35.3 53.2 996.9 226.3 1000.3 224.1 1009.0 233.0 1001.1 244.8 1004.3 243.9 0.9995
675.5 154.0 41.6 55.4 692.4 177.5 707.2 173.4 706.0 179.7 700.2 194.7 711.6 191.5 0.9990
