36--Football/36_Football_americanfootball_ball_36_57.jpg
18
746.4 37.8 54.9 62.2 754.4 67.8 773.7 55.4 766.6 70.4 769.5 87.1 785.5 77.0 0.9997
688.1 73.1 42.5 54.3 696.3 90.8 715.3 88.3 705.1 96.3 701.2 111.3 715.9 109.0 0.9997
370.0 281.1 38.6 48.0 375.1 298.7 388.5 295.6 378.7 304.4 377.7 315.1 389.6 312.6 0.9996
149.0 279.5 39.8 45.3 159.2 293.7 172.1 300.5 156.8 303.4 151.8 309.9 161.4 315.0 0.9996
285.0 264.2 35.6 49.6 291.0 280.4 305.3 280.9 293.3 288.5 290.5 298.9 302.4 299.2 0.9994
571.1 107.6 33.0 42.1 575.6 123.7 588.3 119.6 580.0 128.2 580.2 140.0 589.5 136.7 0.9994
473.2 154.5 37.2 48.0 477.4 174.2 486.4 171.9 478.5 183.0 483.8 191.5 491.6 189.3 0.9993
394.6 207.1 32.5 43.9 399.6 221.5 408.7 219.4 401.3 228.7 404.0 237.4 412.3 235.3 0.9993
160.8 94.7 32.5 40.2 164.6 111.4 177.1 109.7 167.9 116.9 166.7 124.4 177.5 123.0 0.9992
300.3 202.6 30.8 35.6 304.9 211.9 316.2 211.8 306.0 217.8 304.4 227.2 313.5 227.0 0.9991
90.6 121.5 34.5 39.9 97.5 136.9 113.2 135.2 105.0 143.4 100.3 151.2 113.5 149.8 0.9990
399.0 125.1 28.3 38.8 402.5 137.2 412.4 136.1 403.9 142.9 404.4 152.3 412.2 151.3 0.9989
384.6 181.0 29.5 34.4 390.0 193.6 402.2 194.9 392.8 199.0 389.1 206.2 398.5 207.2 0.9970
923.3 144.0 21.6 25.8 928.5 153.7 938.2 153.1 933.3 158.4 930.2 163.8 937.5 163.3 0.9963
621.7 89.8 33.1 38.8 628.5 104.7 642.9 103.1 635.3 109.5 631.0 118.0 643.1 116.8 0.9961
70.7 149.1 26.6 36.0 79.5 162.6 90.3 162.6 85.6 169.6 81.2 176.4 89.5 176.5 0.9785
428.6 124.8 19.6 28.3 -10.8 147.9 -0.0 147.8 -6.2 153.6 -9.7 159.1 -1.2 158.9 0.8260
477.4 116.9 18.5 23.3 435.4 136.0 443.0 134.6 440.5 141.0 437.8 147.2 443.8 146.2 0.8061
