36--Football/36_Football_americanfootball_ball_36_639.jpg
12
558.8 293.6 16.8 21.8 563.0 302.6 570.5 302.6 566.5 306.9 564.1 310.7 569.6 310.7 0.9994
611.6 301.9 16.2 21.8 618.8 310.9 625.7 310.6 623.7 315.0 619.1 318.2 625.4 318.1 0.9994
689.7 307.7 14.4 19.1 696.6 315.6 702.1 315.2 700.9 319.1 697.3 322.4 701.7 322.3 0.9991
777.9 291.4 17.3 21.3 785.3 299.3 792.8 299.9 790.1 303.6 785.0 306.2 792.1 306.7 0.9989
667.6 303.3 16.5 21.6 673.8 311.8 680.9 311.4 678.7 315.4 675.4 320.0 680.9 319.8 0.9984
892.0 298.8 15.8 22.1 896.1 309.2 902.9 308.8 899.6 313.5 897.7 317.0 902.6 316.7 0.9982
478.1 312.9 14.7 19.9 481.8 321.2 487.8 320.8 484.5 325.0 482.7 328.5 487.3 328.2 0.9980
429.1 304.6 14.2 18.7 432.6 311.6 439.2 311.5 435.8 314.8 433.3 318.5 438.7 318.4 0.9979
947.3 282.7 17.4 22.8 955.8 291.5 962.2 291.3 961.2 295.1 956.9 299.6 962.1 299.5 0.9953
257.9 313.2 13.2 15.9 261.3 319.9 266.7 320.0 263.8 323.0 261.8 325.6 266.1 325.6 0.9950
520.6 302.6 13.7 16.7 523.1 309.5 528.3 310.0 524.6 313.2 523.5 316.0 527.2 316.3 0.9127
317.5 301.9 13.5 16.0 836.5 309.6 839.2 309.4 839.0 313.7 836.2 317.5 838.0 317.5 0.6924
