36--Football/36_Football_americanfootball_ball_36_199.jpg
40
347.6 137.4 20.6 25.6 353.4 147.1 362.8 147.8 357.8 152.1 353.3 156.4 361.2 156.9 0.9999
196.9 299.9 28.4 33.3 204.0 310.8 217.4 310.8 210.5 318.2 204.6 322.9 216.9 322.9 0.9998
600.1 145.7 20.8 27.7 606.5 155.2 616.7 155.3 611.9 160.7 606.4 165.2 616.2 165.3 0.9998
734.3 142.8 23.1 27.1 740.8 152.4 751.5 152.0 746.6 156.7 741.8 161.9 751.4 161.5 0.9997
229.5 146.1 21.2 28.6 236.9 158.1 245.8 158.3 241.8 163.3 237.2 167.8 244.7 168.0 0.9997
320.7 145.9 19.9 28.0 332.1 156.6 338.4 157.3 337.6 162.6 331.6 167.1 336.8 167.9 0.9997
442.2 155.4 22.5 26.1 447.5 164.1 458.4 164.2 452.8 169.8 448.0 173.5 458.3 173.6 0.9997
166.4 138.5 21.2 26.7 171.5 148.9 181.5 148.9 176.1 153.9 172.3 158.8 180.7 158.7 0.9997
601.1 249.2 22.1 28.6 605.4 261.1 616.0 259.9 610.5 266.7 607.3 271.5 616.2 270.4 0.9997
494.7 118.0 21.8 27.2 500.2 128.6 510.3 128.8 505.0 133.4 500.5 137.6 509.6 137.8 0.9997
400.0 146.8 21.2 25.7 405.6 157.5 414.7 158.0 409.6 162.5 405.8 166.6 413.1 167.0 0.9997
190.6 142.4 21.3 24.2 196.5 149.5 206.1 150.1 201.1 154.3 196.4 158.8 205.1 159.3 0.9997
906.2 163.4 26.5 29.5 911.7 171.7 923.4 171.8 916.0 177.7 912.2 184.1 921.8 184.2 0.9997
376.2 153.8 21.8 28.9 384.1 166.4 393.5 166.5 389.6 171.8 384.6 176.6 392.4 176.7 0.9996
844.9 154.6 21.8 24.3 851.5 164.0 861.6 163.1 857.4 166.9 852.8 172.3 861.6 171.6 0.9996
669.8 143.4 22.2 28.6 675.7 155.0 685.6 155.0 680.5 160.3 676.3 164.7 685.1 164.7 0.9996
812.0 145.8 20.5 26.0 817.8 154.5 827.3 154.9 822.6 159.5 818.3 164.5 826.4 164.8 0.9996
404.1 298.8 25.4 34.3 410.5 310.3 422.9 310.2 416.6 317.0 411.3 323.0 422.3 322.8 0.9996
866.7 269.5 25.2 27.8 873.1 279.3 884.9 279.2 878.8 285.2 874.0 289.8 884.1 289.8 0.9996
286.8 154.7 22.9 30.3 293.6 166.8 303.9 168.0 298.3 173.3 293.3 177.2 301.9 178.1 0.9996
539.5 233.5 23.4 28.6 545.6 244.4 555.8 245.3 549.6 250.0 545.3 254.8 553.7 255.4 0.9996
104.6 150.0 21.7 23.9 111.2 156.4 121.6 156.3 117.1 159.5 112.0 165.8 120.9 165.8 0.9996
772.4 247.1 23.7 29.6 778.9 257.5 789.8 257.9 784.3 264.0 779.3 268.3 788.8 268.7 0.9995
417.4 239.1 23.1 29.4 424.1 250.4 434.8 250.9 429.3 256.9 424.0 260.4 433.6 260.8 0.9995
663.7 214.2 24.4 31.2 670.8 225.3 682.2 226.1 676.4 232.3 670.7 236.3 680.9 237.0 0.9995
618.7 128.6 19.3 23.0 624.3 138.7 633.1 137.8 629.4 142.0 626.0 146.5 633.2 145.8 0.9995
522.1 140.8 21.4 29.6 527.1 152.5 537.1 153.5 531.2 158.8 527.3 163.3 535.5 164.0 0.9995
342.6 256.4 25.1 31.2 348.9 268.9 361.0 268.7 354.8 275.9 349.7 279.5 360.7 279.3 0.9995
479.2 233.1 23.7 31.3 486.4 246.0 497.4 245.2 492.7 251.5 487.9 257.2 497.1 256.5 0.9995
472.9 129.8 18.2 21.4 478.8 138.4 486.9 138.6 483.2 141.9 479.4 146.1 485.9 146.2 0.9994
571.8 128.3 20.8 26.0 577.3 138.2 586.8 137.2 582.6 141.5 579.1 147.8 586.7 147.1 0.9993
652.6 135.1 18.7 24.2 658.0 144.2 666.3 143.4 662.9 147.5 659.4 152.6 666.8 152.0 0.9993
714.7 136.7 19.5 25.1 719.9 148.4 728.5 147.1 724.7 152.1 721.9 156.6 728.9 155.6 0.9993
644.0 301.2 26.8 32.7 651.6 313.1 664.2 312.8 658.7 318.0 652.8 324.1 664.1 323.9 0.9993
258.7 142.6 19.2 26.1 263.7 153.5 272.0 153.7 267.7 158.2 264.3 162.6 271.4 162.7 0.9993
180.8 224.7 24.0 31.0 185.5 237.7 196.8 236.1 191.3 243.4 188.4 249.2 197.3 247.9 0.9990
294.8 295.5 27.3 33.9 300.9 308.4 312.9 309.4 305.2 314.8 300.8 320.4 310.6 321.1 0.9990
421.2 129.6 18.2 24.0 425.4 138.1 433.9 138.1 429.1 141.3 425.8 146.8 432.8 146.9 0.9987
531.2 305.6 25.4 31.3 537.2 317.5 548.6 317.2 542.6 323.4 538.7 328.8 547.8 328.6 0.9987
246.0 229.1 24.8 29.4 254.0 239.4 264.8 241.6 258.7 245.7 253.1 250.2 261.6 252.0 0.9987
