36--Football/36_Football_Football_36_63.jpg
8
766.6 65.2 45.9 54.5 782.6 81.5 802.6 83.9 792.5 94.4 782.0 103.5 797.3 105.7 0.9998
403.8 90.5 51.0 65.3 418.5 113.4 442.4 113.8 430.7 129.6 420.7 139.3 438.8 139.7 0.9998
455.9 27.9 31.0 35.3 466.5 39.1 480.0 41.0 473.0 48.3 466.4 54.2 475.9 55.8 0.9984
695.0 81.1 36.4 41.2 711.8 92.8 725.8 94.7 720.5 103.6 710.0 110.7 719.8 112.5 0.9983
990.0 59.0 33.5 36.9 1004.3 69.7 1018.8 69.6 1014.3 77.2 1006.6 85.1 1018.1 85.2 0.9968
539.0 119.3 33.8 35.1 546.1 130.5 561.1 130.4 552.7 139.6 548.2 145.2 560.1 145.1 0.9961
705.0 23.9 40.8 45.1 720.5 36.8 737.5 39.6 729.3 46.6 719.8 54.4 733.8 56.5 0.9940
14.3 63.4 31.6 40.9 37.2 75.7 42.0 74.8 43.7 84.0 36.4 92.8 39.5 92.3 0.9598
