25--Soldier_Patrol/25_Soldier_Patrol_Soldier_Patrol_25_566.jpg
17
198.3 427.8 76.3 84.6 218.0 459.8 252.9 457.6 236.0 474.2 224.0 491.7 251.2 489.7 0.9998
850.4 433.8 21.9 25.8 856.1 441.7 866.3 441.2 861.5 446.1 857.2 451.9 866.0 451.5 0.9988
839.3 385.8 20.9 24.4 845.4 393.0 854.3 394.0 849.2 399.0 845.5 403.2 852.2 403.9 0.9987
572.0 350.0 19.6 23.2 577.9 356.3 586.9 356.4 582.7 360.2 578.4 365.3 586.3 365.4 0.9985
366.9 404.3 20.9 24.7 373.1 412.7 382.1 412.3 377.9 417.9 374.4 422.6 381.5 422.3 0.9985
883.6 219.6 11.2 13.4 887.0 224.2 892.2 223.8 890.0 226.8 888.0 229.7 892.1 229.4 0.9979
711.5 323.7 14.9 19.7 719.8 330.8 724.5 330.3 724.1 334.5 720.7 338.6 724.3 338.4 0.9970
557.0 510.2 40.3 43.4 563.9 526.1 582.0 522.6 573.5 534.7 569.1 542.8 584.6 539.9 0.9969
752.1 448.8 22.4 26.7 755.1 457.2 763.4 457.7 756.9 463.2 756.1 468.7 762.0 468.9 0.9946
583.0 302.8 13.6 15.7 586.8 307.7 593.2 307.5 590.1 311.1 587.7 314.6 592.8 314.4 0.9942
755.7 266.0 11.1 13.2 757.7 270.7 762.0 270.8 758.9 273.6 758.3 276.2 761.5 276.2 0.9930
629.1 301.6 13.6 16.7 632.8 307.9 639.3 307.8 636.2 311.4 633.6 314.6 638.7 314.5 0.9926
758.1 315.1 14.1 17.4 764.4 321.3 769.4 321.4 768.0 325.2 764.8 328.4 768.3 328.6 0.9917
898.8 337.3 16.4 18.2 894.2 270.6 901.1 271.4 896.9 274.5 894.3 276.9 899.5 277.5 0.9782
834.6 277.1 15.8 15.9 909.3 346.4 911.7 345.8 911.4 350.8 906.8 352.6 907.6 352.4 0.9300
777.7 328.5 13.7 19.1 836.6 275.0 842.6 274.6 839.4 277.9 837.6 281.3 842.5 280.9 0.7972
888.2 261.5 11.2 15.9 785.1 340.9 790.7 340.7 787.0 345.2 787.4 348.5 791.0 348.2 0.7285
