25--Soldier_Patrol/25_Soldier_Patrol_Soldier_Patrol_25_61.jpg
11
287.8 85.7 64.0 82.3 333.2 115.5 343.8 110.3 353.0 130.8 330.0 148.0 336.7 145.3 0.9998
472.8 236.0 18.1 22.7 480.5 244.9 488.2 244.6 485.9 249.2 481.9 253.7 487.4 253.5 0.9992
499.7 227.4 18.4 24.1 505.6 236.2 513.4 234.6 511.3 239.4 508.4 245.4 514.5 244.2 0.9990
562.0 237.0 19.8 25.3 567.8 245.3 576.8 245.6 572.3 250.9 568.4 255.9 575.5 256.1 0.9984
784.7 237.6 17.0 20.5 789.6 244.8 797.0 245.4 793.1 249.7 789.9 253.2 795.7 253.6 0.9979
630.9 209.4 9.4 11.8 635.2 214.1 638.6 213.6 638.0 216.1 636.1 218.6 638.8 218.4 0.9958
608.1 255.4 14.9 17.0 613.5 260.8 620.3 260.5 617.8 264.3 614.5 268.2 619.9 268.1 0.9944
580.9 237.6 17.8 23.8 587.0 245.9 595.2 246.1 591.6 250.7 587.6 255.4 594.0 255.6 0.9938
577.6 216.4 13.1 14.1 581.3 221.8 587.0 221.9 584.2 224.9 581.8 227.6 586.1 227.7 0.9897
401.4 221.4 12.1 15.0 405.2 227.1 410.5 226.2 408.6 229.8 406.8 233.1 410.8 232.3 0.9880
792.1 211.7 12.8 14.8 794.5 216.3 800.6 216.3 797.2 219.7 795.4 222.9 800.0 222.8 0.9582
