25--Soldier_Patrol/25_Soldier_Patrol_Soldier_Patrol_25_21.jpg
9
616.6 209.3 71.7 89.6 636.7 241.9 669.6 240.8 654.5 262.8 639.7 275.2 668.1 274.3 0.9998
535.8 286.7 29.5 33.2 543.9 296.8 557.0 296.5 550.6 304.5 545.5 311.1 555.7 310.8 0.9996
175.7 316.5 14.7 16.0 180.4 321.6 186.9 322.0 183.9 325.1 180.9 328.3 185.9 328.6 0.9994
272.5 315.8 10.4 11.5 274.7 320.8 279.4 320.4 277.0 323.5 276.0 325.4 279.2 325.1 0.9982
496.3 326.0 20.1 23.6 501.2 333.2 509.4 334.2 504.2 339.3 501.3 343.4 507.4 344.1 0.9974
258.1 318.7 9.0 9.7 261.1 321.8 265.1 321.9 263.2 324.0 261.3 325.9 264.5 326.0 0.9972
41.6 309.5 10.2 12.4 46.3 313.6 50.2 313.5 49.3 316.1 47.1 318.8 49.9 318.8 0.9967
359.1 323.8 13.8 15.5 363.0 328.1 369.3 328.4 366.1 331.6 363.0 334.5 368.5 334.8 0.9958
695.7 288.4 25.1 27.5 705.7 298.6 716.5 299.2 712.4 304.5 706.5 308.7 714.7 309.2 0.9747
