34--Baseball/34_Baseball_Baseball_34_504.jpg
31
113.0 188.6 29.1 33.8 121.1 199.1 134.3 198.8 128.1 205.0 122.5 211.7 134.1 211.5 0.9998
858.0 283.9 29.1 32.4 866.4 294.4 879.6 294.0 873.5 300.5 868.2 307.2 878.9 306.9 0.9997
220.5 393.5 30.3 32.6 228.4 403.8 242.4 403.4 235.4 409.7 230.0 416.7 241.5 416.4 0.9997
610.1 287.4 28.6 30.7 617.9 296.0 630.3 296.5 623.6 302.6 618.2 308.0 629.0 308.4 0.9997
497.4 177.8 27.7 30.8 504.8 186.9 517.1 186.4 511.0 192.5 506.1 199.3 516.4 199.0 0.9997
357.1 388.2 31.6 34.9 365.9 398.3 380.2 398.3 373.2 406.7 366.7 412.3 379.3 412.3 0.9996
897.0 379.4 31.4 34.6 906.0 389.1 920.5 389.3 913.5 395.5 907.2 403.4 919.0 403.5 0.9996
377.2 291.4 28.9 31.4 384.3 301.1 397.6 300.6 390.8 307.9 386.0 314.1 396.7 313.7 0.9996
276.1 112.7 25.9 28.9 282.9 121.3 294.7 121.8 288.3 126.9 283.3 132.7 293.2 133.1 0.9996
451.1 114.0 26.6 31.4 458.8 123.5 470.7 123.6 464.9 130.6 459.9 136.5 469.6 136.6 0.9996
540.9 115.3 25.3 28.7 549.0 123.8 559.8 123.4 555.1 129.3 550.4 135.6 559.1 135.4 0.9996
82.9 378.7 35.0 37.2 91.0 391.1 106.8 390.2 98.6 397.5 93.3 405.7 106.2 405.1 0.9996
910.0 174.6 28.1 30.1 917.8 183.6 930.3 183.9 924.0 188.7 918.9 195.6 928.9 195.9 0.9996
498.0 392.8 29.2 33.3 505.6 402.4 519.0 402.4 512.1 409.4 506.8 416.2 517.7 416.2 0.9996
366.6 115.9 26.8 30.2 374.3 124.2 386.6 124.2 380.8 130.9 375.4 137.1 385.4 137.1 0.9995
266.1 294.3 29.4 33.7 273.5 304.5 287.2 304.1 280.3 312.1 275.1 318.7 286.3 318.4 0.9995
707.9 174.0 27.5 31.4 715.9 184.3 728.4 183.0 723.4 189.9 718.7 197.1 728.7 196.0 0.9995
495.9 289.1 28.5 32.1 503.6 297.9 515.9 297.9 509.5 304.1 504.6 311.1 514.8 311.0 0.9995
144.5 290.9 30.0 34.5 153.1 301.3 166.3 301.2 160.0 308.8 154.4 315.4 165.2 315.3 0.9995
766.3 376.6 33.7 34.0 775.4 385.8 790.5 386.0 783.1 391.3 777.6 400.2 789.2 400.3 0.9995
211.8 177.3 27.0 31.3 219.2 186.5 231.3 186.5 225.3 193.5 220.7 200.2 229.9 200.2 0.9995
707.7 115.2 27.8 31.7 716.0 125.1 728.6 125.5 722.5 131.7 717.2 138.6 726.7 139.0 0.9994
600.4 172.0 27.6 29.0 607.7 180.8 619.8 180.7 613.4 185.8 608.9 192.3 618.5 192.3 0.9994
736.8 288.7 27.9 32.2 743.8 297.9 756.7 298.6 749.3 304.6 744.0 310.6 754.6 311.2 0.9994
624.3 389.4 31.2 35.7 632.9 399.7 647.3 399.5 640.4 407.4 634.2 414.3 646.5 414.2 0.9994
631.9 121.2 25.7 27.0 640.1 129.5 651.4 130.0 646.0 135.4 640.9 140.8 649.6 141.1 0.9994
183.4 117.1 26.6 29.1 190.7 125.2 202.3 125.2 196.5 131.2 191.7 137.1 201.5 137.1 0.9993
794.9 115.5 26.4 29.7 801.1 124.9 812.8 124.2 806.7 130.9 802.9 137.2 812.2 136.6 0.9992
397.5 171.0 26.5 31.6 404.2 181.4 416.4 181.7 409.8 186.8 405.2 193.6 414.8 193.8 0.9992
797.4 177.6 27.8 32.0 806.8 186.2 818.3 186.9 812.7 193.8 806.8 199.7 816.2 200.3 0.9991
303.3 177.3 27.5 32.5 311.4 187.3 323.9 187.8 317.5 194.8 311.7 200.4 322.0 200.9 0.9991
