34--Baseball/34_Baseball_Baseball_34_252.jpg
37
595.4 253.6 23.7 26.4 601.8 261.7 612.9 261.4 607.6 267.6 603.0 272.8 612.2 272.6 0.9998
163.7 245.3 23.7 27.2 170.6 253.9 181.3 253.8 176.2 259.4 171.5 265.0 180.4 265.0 0.9998
751.1 165.7 24.7 27.2 758.0 173.6 769.0 173.3 763.6 179.8 759.0 185.2 768.2 184.9 0.9998
896.1 439.0 29.2 33.0 905.7 448.3 918.5 448.4 912.9 455.5 907.0 462.4 917.2 462.5 0.9998
416.3 335.0 24.6 26.5 422.6 342.4 434.1 342.5 428.4 348.5 424.0 354.0 433.1 354.0 0.9997
590.4 164.3 23.1 26.7 597.4 171.4 607.7 171.3 603.0 177.4 598.7 183.3 607.0 183.2 0.9997
669.6 157.1 24.1 27.3 677.0 165.1 687.9 164.9 683.0 171.3 678.5 177.0 687.2 176.8 0.9997
289.4 165.7 22.7 26.0 294.5 173.9 304.7 173.5 299.3 179.3 296.1 184.9 303.9 184.7 0.9997
323.0 341.5 25.5 27.5 329.0 349.8 340.4 349.4 334.5 355.3 330.4 361.3 339.8 361.0 0.9997
511.9 162.2 22.3 24.6 518.5 169.5 528.1 169.3 523.4 174.3 519.7 179.7 527.2 179.5 0.9997
683.4 254.7 22.5 25.1 689.4 262.4 700.1 262.4 694.9 267.9 690.4 272.8 699.2 272.8 0.9997
433.8 155.9 22.2 26.4 440.0 163.3 450.4 163.5 445.2 168.9 441.1 174.8 449.2 174.9 0.9996
775.9 241.6 23.5 26.5 782.6 249.9 793.3 249.9 788.1 256.2 783.9 261.2 792.1 261.3 0.9996
868.3 341.7 25.8 27.7 875.8 349.3 887.8 349.3 882.0 355.2 876.8 361.4 886.3 361.5 0.9996
70.0 267.0 23.4 25.7 76.4 275.4 87.0 275.1 82.1 280.5 77.8 285.7 86.6 285.5 0.9996
832.8 169.9 22.8 25.8 838.8 177.6 849.2 177.7 843.9 182.9 840.0 188.7 848.2 188.8 0.9996
654.5 445.3 28.4 30.3 663.6 455.2 676.1 454.9 670.9 462.1 665.4 467.8 675.2 467.5 0.9996
955.6 280.0 25.3 26.9 962.1 288.6 972.6 287.6 967.6 293.3 964.5 299.2 973.2 298.4 0.9996
501.8 338.6 24.1 26.8 508.8 346.5 519.8 346.1 514.8 352.4 510.5 358.3 519.0 358.0 0.9996
540.6 453.1 26.6 29.4 547.8 462.6 560.3 462.2 554.4 469.8 549.6 475.7 559.1 475.4 0.9996
69.0 442.1 27.9 30.2 76.1 450.8 88.1 449.9 82.2 456.3 78.3 463.7 87.7 462.9 0.9996
869.4 237.0 25.7 28.1 876.8 245.9 888.6 245.5 883.2 251.9 878.4 257.6 887.8 257.3 0.9995
314.5 443.0 26.5 28.4 321.7 450.9 333.4 450.8 327.4 457.1 322.8 463.1 332.2 463.0 0.9995
688.5 343.2 25.3 28.4 695.6 351.0 707.3 351.9 701.1 357.7 696.1 363.3 705.3 364.1 0.9995
323.8 229.8 22.1 26.2 329.5 237.8 340.1 237.1 335.1 243.1 331.2 249.1 339.7 248.5 0.9995
361.4 160.3 23.3 25.7 367.6 168.1 378.2 167.6 372.9 173.0 369.0 179.1 377.4 178.7 0.9995
771.4 343.7 25.9 27.5 779.1 351.3 790.5 351.3 785.2 357.6 780.6 363.3 789.5 363.3 0.9995
592.9 336.8 26.6 29.6 600.6 345.1 612.8 345.1 606.8 352.0 601.7 357.9 611.6 357.9 0.9995
219.4 167.8 23.1 25.6 225.0 175.8 235.6 175.5 230.1 181.3 226.4 186.8 234.6 186.6 0.9994
200.5 434.9 26.6 29.6 207.4 444.0 219.8 444.5 213.2 451.3 208.5 456.8 217.8 457.1 0.9994
124.1 339.1 27.9 29.6 131.7 348.4 143.8 348.1 137.7 354.9 133.4 360.9 142.7 360.6 0.9994
506.1 249.0 21.4 24.7 511.6 256.5 521.9 256.7 516.7 261.9 512.4 267.3 520.8 267.4 0.9994
420.1 441.9 28.6 30.9 427.2 451.0 440.2 450.8 433.4 457.8 429.0 464.6 438.8 464.5 0.9994
412.3 251.9 23.8 27.5 419.7 259.9 430.5 259.8 425.7 266.4 421.2 272.4 429.3 272.3 0.9994
229.5 346.1 22.7 25.2 235.7 353.5 245.4 353.3 240.5 359.1 237.1 364.3 244.6 364.2 0.9993
773.2 436.4 28.5 33.5 781.9 446.3 795.3 446.1 789.2 454.4 783.5 461.0 793.8 460.8 0.9992
250.3 243.7 25.0 28.5 256.5 251.3 268.0 252.8 261.1 258.1 256.4 263.8 265.4 265.0 0.9991
