34--Baseball/34_Baseball_Baseball_34_233.jpg
30
358.4 370.1 37.9 43.6 379.0 385.8 387.6 395.2 378.3 398.7 367.0 399.8 373.1 407.3 0.9998
180.7 408.1 37.6 41.0 193.1 421.9 209.1 424.2 200.5 431.5 192.3 438.0 204.4 439.9 0.9996
48.4 694.6 18.5 21.6 54.1 701.0 62.4 701.4 58.3 706.2 54.4 710.1 61.2 710.5 0.9994
705.0 690.5 22.8 29.1 716.3 698.5 724.9 699.7 722.4 705.4 716.1 711.3 722.4 712.3 0.9991
299.6 41.7 33.9 29.3 311.7 57.9 325.0 53.5 322.6 63.5 319.1 67.0 328.1 63.8 0.9987
571.5 702.0 27.3 29.4 585.6 711.0 594.9 712.3 591.6 718.8 582.7 723.1 589.7 724.3 0.9972
97.4 43.2 26.9 39.0 101.9 54.3 104.0 55.8 97.4 63.6 102.8 71.7 103.8 72.5 0.9966
286.8 542.5 18.9 23.3 296.2 549.0 303.1 548.9 302.5 553.3 298.2 559.1 303.3 559.2 0.9955
780.0 308.7 31.2 38.2 787.8 319.8 792.5 320.6 782.2 325.6 784.2 335.2 787.8 335.3 0.9945
51.9 447.9 25.4 32.1 62.1 459.4 73.0 459.6 68.9 466.2 62.8 472.4 71.3 472.7 0.9907
313.3 650.3 7.6 9.3 314.9 653.9 318.2 653.7 316.4 655.6 315.4 657.4 318.1 657.3 0.9854
180.4 652.6 7.7 9.5 183.2 656.0 186.5 656.1 185.1 657.9 183.3 659.8 186.0 659.9 0.9833
301.6 544.9 13.4 18.7 304.2 550.1 308.6 551.2 303.9 554.6 303.2 558.8 306.2 559.5 0.9794
366.4 653.8 7.4 8.8 367.7 657.0 370.8 657.0 368.8 658.9 368.1 660.7 370.5 660.7 0.9721
337.2 651.6 7.2 9.0 338.5 654.5 341.5 654.5 339.7 656.3 338.9 658.2 341.3 658.1 0.9715
304.7 677.1 7.5 10.2 306.8 681.2 310.4 681.2 308.6 683.2 307.1 685.0 310.0 685.0 0.9690
245.2 164.8 8.1 10.0 249.6 168.6 252.3 168.5 251.8 170.7 249.8 172.7 251.7 172.7 0.9617
245.5 690.0 7.6 9.4 247.6 693.7 251.0 693.9 249.2 695.6 247.8 697.3 250.5 697.4 0.9616
331.2 680.6 7.7 9.1 333.0 683.8 336.8 683.7 334.8 685.7 333.4 687.8 336.4 687.7 0.9562
201.6 648.6 7.2 8.8 686.1 712.2 693.8 713.1 689.1 717.4 686.7 720.5 692.1 721.1 0.9268
379.3 688.1 7.2 9.3 204.2 651.4 207.4 651.4 206.2 653.3 204.5 655.2 207.0 655.2 0.9162
288.5 648.5 7.7 9.7 381.5 691.3 384.7 691.2 383.3 693.1 382.0 694.9 384.5 694.9 0.8901
402.5 688.1 7.6 9.5 290.3 651.6 294.0 651.6 292.1 653.5 290.7 655.6 293.7 655.5 0.8764
392.0 657.3 7.7 9.2 404.2 691.0 407.9 691.2 405.7 693.1 404.3 695.1 407.3 695.2 0.8730
191.4 689.3 7.6 9.3 393.6 660.7 396.9 660.7 395.0 662.5 394.2 664.4 396.7 664.3 0.8716
215.4 691.1 7.4 9.5 194.5 692.3 197.7 692.3 196.5 694.3 194.7 696.3 197.2 696.4 0.8422
355.5 682.7 8.2 9.9 217.2 694.4 220.7 694.5 218.8 696.5 217.4 698.3 220.2 698.4 0.8311
260.5 648.6 7.1 8.7 357.6 686.1 361.5 686.2 359.4 688.2 357.9 690.2 360.9 690.2 0.7776
272.3 686.1 7.7 9.3 661.6 707.8 667.2 708.3 664.4 711.8 661.5 714.7 665.8 715.1 0.6604
219.8 650.8 7.2 8.3 262.6 651.4 265.7 651.5 264.2 653.3 262.7 655.0 265.3 655.0 0.5678
