34--Baseball/34_Baseball_Baseball_34_389.jpg
20
111.2 231.8 34.2 38.9 125.3 243.4 139.6 246.1 133.3 254.2 122.9 258.8 134.8 261.2 0.9995
131.4 73.3 31.5 40.4 142.8 87.8 157.3 88.7 151.0 96.1 143.0 103.2 154.8 103.9 0.9995
684.2 76.6 34.2 42.4 689.2 93.0 703.4 91.1 694.8 101.4 694.1 110.1 704.4 108.4 0.9995
615.5 79.4 29.5 35.4 621.7 91.7 634.6 91.4 627.1 98.7 623.6 105.7 633.5 105.4 0.9995
790.0 87.7 32.1 42.1 793.8 106.3 805.2 103.9 798.0 114.1 799.8 121.0 808.7 118.7 0.9995
59.8 40.7 33.7 40.0 71.3 54.6 86.6 55.8 79.6 62.4 72.2 70.3 83.5 71.3 0.9995
438.6 241.1 32.4 38.1 446.3 257.8 460.3 254.6 454.4 263.8 450.9 271.2 461.8 268.6 0.9994
860.6 263.5 33.5 39.9 867.0 280.8 881.2 277.1 874.7 287.2 872.4 294.9 883.9 291.9 0.9994
197.9 67.9 30.1 37.0 208.0 81.5 221.4 81.0 216.1 88.6 210.3 96.1 220.6 95.7 0.9994
292.9 64.0 31.9 40.6 304.3 79.4 318.2 80.7 311.9 88.7 305.1 95.1 315.1 96.1 0.9994
339.2 232.6 31.2 40.8 348.1 248.6 363.0 249.2 355.7 256.3 348.7 262.7 361.5 263.1 0.9994
504.4 67.5 31.4 40.1 514.6 82.7 529.1 83.7 522.3 90.0 515.1 97.3 527.0 98.0 0.9994
883.3 82.3 32.7 43.6 889.1 100.0 904.6 100.6 895.1 109.1 890.2 114.5 903.8 114.9 0.9993
755.4 252.4 32.9 42.4 761.4 268.0 776.2 267.4 767.3 276.4 764.0 284.6 775.3 284.1 0.9993
553.9 73.1 30.1 41.1 558.4 89.2 571.9 88.9 563.2 97.0 560.5 105.0 570.4 104.7 0.9993
355.2 80.0 28.4 36.9 364.4 92.5 377.7 92.7 372.1 99.4 365.5 105.9 376.7 106.1 0.9992
434.2 68.7 30.4 39.7 446.3 83.4 459.0 84.4 454.1 91.0 447.3 98.3 456.6 99.1 0.9992
218.8 232.5 31.6 40.4 228.4 247.3 243.1 249.6 235.1 256.6 227.6 262.0 239.7 263.8 0.9992
641.0 248.8 33.0 37.7 648.4 262.1 663.8 261.5 655.9 271.3 650.9 276.9 663.5 276.5 0.9991
551.4 229.5 31.6 40.5 557.9 244.6 572.4 244.5 564.1 253.8 560.5 260.8 570.9 260.6 0.9988
