34--Baseball/34_Baseball_Baseball_34_46.jpg
35
345.6 699.6 33.3 49.4 349.1 719.9 356.0 719.8 347.8 729.7 354.2 737.3 360.1 736.6 0.9997
143.3 324.7 11.9 15.8 150.7 329.6 153.5 329.2 154.2 332.8 151.1 336.3 153.1 336.3 0.9983
381.8 216.8 7.7 12.3 387.6 221.5 388.5 221.2 389.7 223.6 387.8 226.0 388.3 226.0 0.9967
0.0 677.3 22.8 43.9 15.3 692.1 16.0 690.9 22.1 699.1 18.5 709.8 18.7 709.1 0.9957
305.1 255.1 10.3 12.2 312.3 259.9 314.4 260.3 314.8 263.0 311.8 264.8 312.8 265.3 0.9956
92.3 118.2 8.0 10.9 96.3 122.7 99.0 122.6 98.5 124.7 96.6 126.7 98.7 126.7 0.9955
116.8 114.1 8.0 10.6 119.2 118.3 122.8 118.4 120.9 120.4 119.3 122.3 122.3 122.4 0.9921
224.8 117.6 7.4 9.7 228.4 121.0 230.9 121.1 230.4 122.9 228.5 124.8 230.4 124.9 0.9906
373.0 100.2 7.1 8.3 376.4 103.3 378.9 103.3 378.3 105.2 376.6 106.8 378.4 106.8 0.9883
638.7 228.7 10.6 12.9 640.6 233.3 643.8 234.0 640.6 236.3 640.4 238.7 642.7 239.1 0.9826
639.0 251.7 10.2 13.4 645.0 257.0 647.4 256.5 647.8 259.3 645.8 262.0 647.4 261.8 0.9826
10.9 122.3 9.1 12.5 14.6 127.1 17.8 126.7 17.1 129.4 15.4 132.0 17.8 131.8 0.9578
299.5 112.7 7.2 9.0 302.7 116.7 305.3 116.9 304.4 118.8 302.6 120.2 304.5 120.4 0.9521
63.9 35.0 7.7 9.3 68.0 38.2 70.7 38.1 70.3 40.3 68.2 42.3 70.2 42.4 0.9503
375.7 23.7 6.3 7.4 377.8 26.2 380.6 26.3 379.4 28.0 378.1 29.4 380.2 29.5 0.9458
337.7 100.3 7.1 8.1 340.6 103.2 343.5 103.2 342.5 105.0 340.8 106.6 343.0 106.7 0.9457
240.7 115.9 8.6 11.0 243.3 120.6 247.0 120.3 245.5 122.7 244.1 124.9 247.0 124.6 0.9451
263.9 108.8 7.4 8.4 266.8 112.1 269.6 112.0 268.5 114.0 267.2 115.6 269.2 115.6 0.9409
61.0 445.9 12.3 18.1 69.9 451.6 71.2 451.2 72.8 455.2 69.5 459.3 70.4 459.2 0.9155
270.7 27.4 7.1 8.3 273.0 30.4 276.2 30.2 274.9 32.2 273.6 34.0 276.0 33.9 0.8830
129.7 29.6 7.3 9.8 132.4 33.8 135.6 33.8 134.3 35.9 132.7 37.6 135.1 37.7 0.8757
37.0 37.7 7.1 9.4 38.9 41.7 42.1 41.5 40.6 43.5 39.5 45.3 42.0 45.2 0.8525
235.5 31.0 7.0 8.7 238.0 34.4 241.1 34.5 239.7 36.4 238.0 37.9 240.4 38.1 0.8515
484.3 64.5 6.9 9.4 486.2 68.7 489.5 68.8 487.9 70.7 486.5 72.3 489.1 72.3 0.8198
540.1 48.9 6.8 7.8 413.7 43.2 417.2 43.2 415.7 45.1 414.1 47.0 416.8 47.0 0.7916
74.2 38.8 7.9 9.9 542.0 51.6 545.2 51.6 543.7 53.4 542.3 55.0 544.8 55.0 0.7604
455.5 39.0 6.0 6.8 76.8 42.5 80.2 42.4 78.8 44.5 77.2 46.5 79.9 46.5 0.7527
474.2 88.9 6.3 8.8 457.2 41.1 460.0 41.2 458.6 42.8 457.4 44.2 459.6 44.2 0.6964
249.8 29.9 7.1 8.9 477.1 92.3 479.3 92.1 478.8 93.9 477.5 95.7 479.2 95.6 0.6734
212.3 31.2 7.3 9.1 252.0 33.5 255.3 33.6 253.7 35.5 252.2 37.1 254.7 37.3 0.6199
147.2 32.3 6.8 9.1 215.5 35.1 218.4 34.9 217.5 37.0 216.0 38.9 218.2 38.8 0.6125
10.2 18.7 6.7 8.1 552.9 47.5 556.2 47.6 554.8 49.5 553.2 51.4 555.7 51.4 0.5822
458.0 53.5 6.9 7.9 149.6 36.0 152.2 35.7 151.3 37.5 150.1 39.2 152.2 39.1 0.5578
164.7 134.7 6.8 8.9 12.5 21.7 15.3 21.6 14.2 23.4 12.9 25.1 15.2 25.0 0.5516
477.3 14.7 6.4 8.3 460.1 56.1 463.3 56.2 461.8 57.9 460.3 59.5 462.9 59.6 0.5039
