34--Baseball/34_Baseball_Baseball_34_86.jpg
115
48.7 165.7 12.1 15.0 51.6 172.5 57.1 171.4 54.9 175.1 53.4 178.1 57.6 177.2 0.9986
964.2 141.8 11.5 13.6 965.6 147.8 969.1 147.2 966.6 150.6 967.4 153.2 969.8 152.7 0.9985
377.5 158.0 12.8 16.6 381.4 164.4 387.2 163.6 385.0 167.5 382.9 171.1 387.3 170.5 0.9984
559.3 185.8 12.0 15.6 564.5 192.3 569.6 192.3 567.8 195.9 565.0 198.5 568.6 198.6 0.9983
214.8 162.4 10.8 14.2 217.9 168.0 223.1 168.0 220.7 171.0 218.5 173.5 222.5 173.6 0.9982
881.6 193.4 10.5 13.9 886.6 199.1 890.5 199.5 889.1 202.4 886.3 204.5 889.1 204.9 0.9981
569.5 222.0 13.1 16.0 572.7 228.9 578.6 228.6 575.6 232.6 574.1 235.3 578.2 235.0 0.9978
393.5 189.2 10.6 13.7 398.1 194.8 402.6 195.1 400.8 197.8 398.0 200.1 401.4 200.5 0.9977
607.8 139.5 12.0 15.3 610.3 146.2 615.8 145.4 613.2 149.1 612.1 152.2 616.0 151.5 0.9973
892.3 13.3 10.7 13.8 895.1 18.8 900.1 18.8 897.6 21.3 895.6 24.0 899.5 24.0 0.9972
785.4 104.7 10.9 13.6 788.0 110.2 793.0 110.5 790.2 113.3 788.4 115.5 792.0 115.7 0.9971
920.2 225.6 10.8 13.2 921.9 230.9 925.8 230.6 923.0 233.5 923.0 236.3 925.9 235.9 0.9969
50.5 120.8 12.8 16.5 56.2 127.3 61.5 127.9 59.4 131.1 56.0 133.7 59.8 134.2 0.9966
928.8 194.8 10.3 12.5 932.4 199.3 937.0 199.1 935.2 201.7 933.0 204.2 936.7 204.2 0.9965
94.0 163.1 12.3 15.3 96.8 169.3 102.3 169.0 99.4 172.3 97.7 175.0 102.1 174.7 0.9962
260.1 181.9 13.2 16.4 263.4 189.5 268.6 187.9 266.9 192.1 266.1 195.4 269.9 194.0 0.9959
622.0 177.7 12.4 16.9 625.7 184.3 631.3 184.1 628.8 187.2 626.5 190.5 631.0 190.4 0.9959
960.2 31.5 11.4 14.4 963.1 36.8 968.5 36.7 965.8 40.0 964.0 42.9 967.8 42.8 0.9958
463.8 18.0 10.8 13.6 468.3 23.5 472.8 23.7 471.1 26.4 468.2 28.8 471.8 29.0 0.9957
144.7 162.7 11.8 15.3 147.7 169.2 152.9 167.9 151.0 171.6 149.7 175.0 153.7 174.0 0.9955
318.6 192.0 13.0 14.7 320.7 199.4 325.0 198.3 322.7 202.6 323.6 205.2 326.2 204.3 0.9955
542.2 164.6 11.6 13.6 545.6 170.0 550.6 168.8 548.9 172.2 547.4 175.3 551.1 174.4 0.9954
153.7 188.5 11.7 13.8 156.1 193.3 161.3 193.2 158.2 196.5 156.8 199.3 160.6 199.2 0.9953
148.6 112.5 11.7 16.0 151.9 118.8 157.4 118.2 155.1 121.9 153.2 125.3 157.3 124.8 0.9953
787.1 137.7 11.8 15.2 791.4 144.0 796.3 142.9 795.1 146.1 793.2 149.5 797.0 148.7 0.9947
103.7 187.3 12.2 16.0 106.2 194.4 111.6 194.5 108.6 197.8 106.9 200.4 111.0 200.3 0.9946
995.1 228.5 11.7 13.1 998.0 233.9 1003.5 233.8 1000.8 236.8 999.0 239.1 1003.0 239.0 0.9946
167.4 227.9 11.5 14.3 169.6 234.2 175.4 234.2 172.2 237.5 170.4 239.9 174.7 239.8 0.9944
195.2 32.3 11.0 14.3 197.8 38.3 202.8 38.2 200.1 41.0 198.4 43.5 202.4 43.4 0.9942
905.7 127.7 10.2 12.6 908.6 132.8 913.1 132.9 910.8 135.5 908.9 137.7 912.4 137.7 0.9939
517.6 194.5 9.5 13.6 522.0 200.1 525.4 200.2 524.5 202.9 522.1 205.3 524.6 205.5 0.9936
866.8 174.8 10.7 13.2 649.0 233.5 652.2 233.6 651.4 236.8 648.3 238.9 650.4 239.2 0.9931
142.7 139.9 11.3 14.5 868.8 180.3 874.1 180.4 871.1 183.3 869.6 185.5 873.4 185.5 0.9930
327.2 126.7 10.4 13.2 146.5 145.7 151.3 144.6 150.1 148.0 148.3 151.3 152.1 150.6 0.9929
503.5 168.8 11.4 14.9 329.6 132.2 334.8 132.2 332.1 135.0 330.0 137.5 334.2 137.6 0.9925
520.5 228.2 11.8 13.7 506.0 175.0 511.4 175.0 508.4 178.3 506.7 180.9 510.9 180.9 0.9925
112.8 229.3 11.5 13.7 524.3 233.0 529.8 232.6 527.6 236.1 525.2 239.0 529.3 238.7 0.9923
804.8 162.7 12.0 14.2 114.3 235.2 119.2 234.7 116.5 238.1 116.0 240.7 119.5 240.2 0.9917
840.0 98.0 12.1 15.2 810.1 167.9 815.0 167.6 813.5 171.1 810.5 173.8 814.2 173.7 0.9912
983.3 191.5 10.1 12.9 842.6 103.1 848.4 102.9 845.4 106.0 843.3 109.1 848.1 108.9 0.9911
979.4 173.2 10.3 11.9 986.3 196.9 990.7 196.8 988.7 199.3 986.8 201.7 990.3 201.6 0.9910
445.8 169.9 10.3 14.3 983.5 177.7 987.6 177.7 985.9 180.1 983.7 182.5 986.9 182.6 0.9906
108.8 143.0 10.6 13.5 449.8 174.9 454.6 175.2 452.7 178.0 450.0 180.8 453.8 181.0 0.9903
945.7 108.3 10.5 13.5 111.1 149.1 115.9 148.8 113.3 151.6 112.1 154.0 115.4 153.8 0.9902
798.9 21.2 10.3 12.9 950.4 114.2 954.5 113.9 953.2 117.1 950.8 119.3 953.7 119.2 0.9901
498.5 13.7 12.2 15.5 803.1 26.3 807.4 26.5 805.7 29.0 803.2 31.2 806.5 31.5 0.9899
530.1 96.0 11.1 14.3 502.2 20.6 507.5 19.3 505.9 22.8 504.2 26.2 508.5 25.2 0.9898
542.9 118.9 11.6 13.2 533.1 101.9 538.1 101.8 535.6 104.8 533.8 107.4 537.7 107.3 0.9898
331.8 145.4 10.1 13.1 545.7 123.8 551.0 123.1 548.6 126.5 547.1 129.4 551.0 128.8 0.9896
284.5 235.6 10.7 13.1 335.8 150.2 339.9 150.2 338.5 152.9 336.2 155.4 339.4 155.4 0.9888
912.1 38.4 11.5 13.6 288.1 240.7 292.9 240.6 290.9 243.4 288.7 245.9 292.5 245.8 0.9888
495.3 149.4 11.3 13.8 914.7 44.3 919.9 43.6 917.6 47.0 916.2 49.5 920.0 49.0 0.9884
382.0 106.3 9.8 12.7 497.9 155.1 502.9 154.6 500.5 157.6 499.1 160.4 502.8 160.0 0.9880
337.9 286.6 15.6 17.8 384.8 111.6 389.2 111.6 387.1 114.0 385.2 116.2 388.8 116.2 0.9879
836.5 224.9 10.9 14.0 345.5 293.1 351.4 292.7 350.0 297.1 346.4 300.5 350.4 300.4 0.9878
317.1 100.0 10.2 12.9 841.2 230.9 846.0 230.8 844.5 234.0 842.0 236.5 845.1 236.5 0.9873
367.7 142.5 11.5 13.6 319.4 105.1 324.0 104.8 321.5 107.6 320.2 110.2 323.9 110.0 0.9872
310.2 12.9 9.3 11.2 369.4 146.9 374.6 146.8 371.4 149.8 370.3 152.9 374.4 152.7 0.9872
218.6 126.3 10.2 12.0 314.0 17.2 317.8 17.3 316.4 19.7 314.2 21.7 317.1 21.9 0.9871
399.3 245.6 15.0 16.0 221.1 131.4 225.8 131.3 223.5 133.8 221.9 136.1 225.5 135.9 0.9864
407.8 7.2 11.5 14.1 403.1 251.4 410.2 251.1 406.9 255.0 404.2 257.7 409.8 257.5 0.9853
100.5 28.6 9.8 11.7 410.4 12.7 415.4 11.6 413.3 15.3 412.3 18.4 416.1 17.5 0.9849
866.3 116.4 11.6 15.1 102.9 33.5 107.3 33.7 104.8 36.0 103.2 38.1 106.7 38.2 0.9847
567.1 4.6 8.7 11.5 873.9 122.6 876.5 123.1 876.1 126.4 872.4 128.4 874.0 129.0 0.9844
989.5 17.0 11.3 14.4 569.0 9.7 572.6 9.7 570.4 12.0 569.4 14.0 572.2 14.0 0.9827
851.0 9.6 9.6 11.9 993.3 22.8 998.0 22.1 996.4 25.5 994.7 28.6 998.1 28.1 0.9818
271.7 168.3 11.1 12.9 852.9 13.9 856.9 14.1 854.3 16.4 853.2 18.7 856.3 18.8 0.9817
357.1 0.0 11.8 13.1 274.0 173.0 279.0 172.8 276.3 176.0 275.1 178.6 278.6 178.4 0.9816
256.1 148.1 10.6 12.8 360.0 3.3 365.4 2.7 363.0 6.1 361.2 9.4 365.5 8.9 0.9804
49.8 5.3 10.2 12.6 257.7 152.5 263.1 152.5 259.9 155.5 258.4 158.4 262.6 158.3 0.9799
51.0 190.1 11.3 13.5 51.8 9.9 56.4 10.3 53.4 12.4 51.8 14.7 55.4 15.0 0.9755
941.5 0.0 11.2 11.6 54.4 194.7 59.7 195.0 57.2 198.0 54.8 200.5 58.6 200.8 0.9735
230.8 224.8 10.9 14.1 945.4 3.2 949.9 2.7 948.3 5.7 946.5 8.5 950.0 8.2 0.9730
138.8 0.0 11.1 10.1 233.5 231.8 238.3 231.3 236.1 234.4 234.8 236.8 238.2 236.4 0.9714
266.6 104.8 10.1 12.4 141.7 1.8 147.0 1.3 144.7 4.6 143.0 7.4 146.9 6.9 0.9712
430.2 100.0 10.8 12.6 269.3 109.3 274.3 109.3 271.8 112.0 269.8 114.4 273.5 114.4 0.9707
159.9 105.5 10.8 13.4 433.3 103.9 438.2 104.8 435.3 107.4 433.0 109.4 436.6 110.1 0.9668
149.0 29.5 11.4 13.1 164.3 110.3 168.5 109.7 167.5 112.9 165.5 115.9 168.5 115.5 0.9650
485.1 103.3 10.0 11.0 152.0 34.3 157.1 33.9 154.8 37.0 153.1 39.8 156.8 39.5 0.9644
215.4 100.9 9.7 13.0 488.4 107.6 492.5 107.4 490.8 109.9 489.1 112.1 492.3 112.0 0.9629
1005.9 44.1 10.7 12.6 217.4 106.3 222.0 106.4 219.3 109.1 217.8 111.7 221.4 111.7 0.9602
98.1 4.7 11.8 14.5 1007.6 49.3 1012.2 49.3 1009.4 52.4 1008.9 54.5 1012.0 54.4 0.9585
463.8 227.3 10.3 12.8 100.6 10.0 106.0 10.0 103.0 13.1 101.2 15.9 105.5 15.8 0.9553
844.0 136.1 12.9 15.9 465.8 232.8 471.2 232.9 468.4 235.6 466.3 238.1 470.7 238.1 0.9479
893.2 104.4 11.0 12.3 846.4 143.3 851.3 142.7 848.5 146.5 848.4 149.3 851.7 148.7 0.9478
474.6 117.7 11.2 13.9 898.3 108.8 902.4 108.9 901.2 111.8 898.7 113.8 901.5 114.0 0.9437
99.8 43.4 11.3 13.7 477.8 123.0 482.7 121.9 481.2 125.6 479.7 128.8 483.3 128.0 0.9409
258.4 40.8 10.7 12.3 103.2 48.1 108.8 48.4 106.0 51.2 103.4 53.9 107.5 54.2 0.9407
898.7 0.5 9.4 10.9 261.8 44.9 267.0 44.8 264.7 47.5 262.5 50.4 266.6 50.3 0.9367
307.0 35.7 10.5 13.2 902.0 4.7 906.2 4.8 904.3 7.1 902.2 9.2 905.5 9.3 0.9354
452.8 117.1 11.3 13.9 309.6 41.7 314.9 41.1 312.5 44.1 310.8 46.6 314.8 46.1 0.9318
270.3 131.3 9.3 11.0 458.4 122.0 462.8 122.3 461.3 125.2 458.0 127.9 461.4 128.3 0.9301
1014.3 125.3 9.2 14.2 273.3 135.6 277.8 135.4 275.9 138.1 274.1 140.5 277.5 140.3 0.9215
335.8 170.8 10.4 12.4 1016.7 130.0 1021.7 130.1 1018.5 132.8 1017.0 135.6 1021.1 135.7 0.9185
360.9 30.1 10.4 11.3 339.4 175.1 344.2 175.0 342.3 178.0 340.0 180.4 343.4 180.3 0.9177
29.8 39.2 11.5 13.0 364.0 33.8 368.6 33.9 366.3 36.3 364.4 38.5 368.0 38.6 0.9043
1012.8 12.2 10.2 12.0 401.9 242.7 409.9 242.5 406.0 247.1 402.9 250.8 409.5 250.7 0.8969
440.6 345.5 16.0 17.2 31.6 44.9 36.0 44.2 33.6 47.7 33.4 50.0 36.4 49.5 0.8956
998.2 100.1 10.2 12.2 1016.3 16.6 1020.8 16.7 1018.9 19.3 1016.7 21.6 1020.1 21.6 0.8742
509.0 9.3 10.5 13.0 443.1 351.2 448.8 351.0 445.2 355.3 444.8 358.3 448.7 358.1 0.8487
224.1 200.6 11.3 12.8 1000.1 104.2 1003.8 104.4 1001.0 106.8 1000.4 109.2 1003.2 109.3 0.8385
605.9 130.2 13.6 19.6 511.3 13.5 516.2 13.2 513.8 16.2 512.2 19.0 516.1 18.8 0.7998
948.8 27.5 10.8 14.3 226.6 205.0 231.7 205.4 228.6 208.2 226.9 210.4 230.6 210.6 0.7887
411.9 26.5 11.5 14.0 388.3 0.8 392.7 0.3 389.9 4.0 389.9 7.1 393.0 6.6 0.7866
553.2 23.1 9.1 11.8 610.8 138.2 617.2 138.1 614.4 142.4 611.4 145.8 616.3 145.8 0.7828
298.7 24.9 11.0 13.4 954.0 33.3 958.1 33.5 956.9 36.7 953.9 39.2 956.8 39.5 0.7697
33.5 222.1 11.6 13.8 415.3 32.2 420.6 31.7 418.4 35.0 416.5 37.9 420.5 37.5 0.7586
343.1 227.3 11.6 15.9 556.9 27.9 560.7 27.4 559.7 29.9 557.9 32.5 560.8 32.2 0.7349
253.3 9.6 10.7 13.0 301.3 30.1 306.8 29.4 304.2 32.9 302.6 35.8 306.7 35.3 0.7167
883.1 232.1 9.9 12.6 629.4 176.9 633.5 176.4 632.6 180.2 629.9 183.3 632.9 183.1 0.6947
742.6 1.1 12.0 14.4 36.4 228.4 41.4 226.7 39.9 230.2 38.7 233.3 42.7 231.9 0.6643
959.4 120.2 9.6 12.0 463.7 201.4 466.6 201.0 465.9 203.4 464.6 205.7 466.8 205.5 0.6597
859.2 32.3 11.9 14.8 346.3 233.9 351.2 233.3 348.9 236.5 347.4 239.7 351.3 239.2 0.6008
434.3 193.8 11.0 13.6 256.2 14.8 261.2 14.8 258.8 17.6 256.9 20.0 260.6 20.0 0.5776
592.8 102.3 13.0 16.5 887.0 236.8 891.3 236.6 889.9 239.2 887.6 241.9 891.1 241.8 0.5413
