34--Baseball/34_Baseball_Baseball_34_859.jpg
17
769.7 157.9 37.8 52.2 777.0 179.6 794.5 179.7 784.0 189.1 779.2 198.5 792.1 198.5 0.9997
506.1 388.2 39.5 54.3 516.9 409.6 534.9 409.8 525.7 420.7 518.6 429.2 532.8 429.5 0.9997
508.1 252.4 38.0 52.1 518.9 273.2 536.9 273.7 528.1 284.1 520.8 292.6 534.1 293.0 0.9997
647.2 138.8 36.9 46.6 655.4 156.3 672.4 156.6 662.9 165.8 657.3 174.0 670.4 174.2 0.9996
896.9 290.6 41.4 54.4 905.2 312.6 924.2 313.8 912.2 324.6 906.5 332.2 921.3 333.1 0.9996
116.6 270.1 40.5 54.5 127.7 292.0 146.3 292.1 137.0 304.7 129.6 311.4 144.8 311.6 0.9996
639.9 262.2 40.5 56.2 652.9 286.5 671.0 286.7 662.7 297.7 653.4 305.7 668.0 306.1 0.9996
365.5 255.7 40.5 53.8 376.5 276.2 395.5 275.0 387.0 286.9 379.5 296.3 394.9 295.3 0.9996
255.9 140.4 37.0 51.8 264.9 161.8 282.3 162.0 273.2 171.8 266.8 180.4 280.1 180.6 0.9995
754.9 274.8 38.6 53.4 762.8 297.5 780.5 298.1 769.9 309.0 764.5 316.0 778.9 316.4 0.9995
121.5 140.1 41.7 52.4 135.8 161.7 154.6 161.5 146.8 171.7 138.2 181.1 152.3 180.9 0.9995
887.2 161.0 38.5 50.7 893.6 182.0 911.0 180.4 900.7 191.5 897.5 201.3 910.1 199.9 0.9995
249.6 269.6 37.7 53.5 260.5 291.5 278.6 291.8 270.0 302.6 262.3 310.9 275.9 311.2 0.9995
516.0 125.4 40.4 53.6 526.3 146.9 544.8 147.2 534.8 156.3 528.3 166.5 542.2 166.6 0.9995
292.7 403.3 45.5 57.3 312.1 425.3 331.0 427.5 323.1 440.6 310.4 447.7 324.1 449.7 0.9994
395.7 145.2 36.7 51.0 404.1 167.1 420.7 167.1 411.8 178.1 407.2 185.9 418.9 185.8 0.9993
753.2 396.9 44.3 57.2 763.3 420.8 784.2 420.5 772.9 431.5 766.0 441.6 782.2 441.2 0.9993
