34--Baseball/34_Baseball_Baseball_34_216.jpg
15
178.1 83.3 20.1 22.5 182.6 90.3 192.2 90.4 187.0 94.4 183.3 99.2 191.5 99.2 0.9998
629.4 39.7 21.0 25.0 635.5 46.7 645.2 46.3 640.8 51.3 636.4 57.0 644.6 56.8 0.9996
784.3 67.6 22.6 24.6 790.1 75.6 800.3 75.3 794.9 79.8 790.9 85.4 799.1 85.1 0.9996
346.7 95.0 20.4 21.8 351.8 101.9 361.3 102.2 356.3 106.4 352.5 110.9 360.1 111.1 0.9996
47.7 126.6 21.4 23.8 53.2 134.4 62.5 134.0 57.8 138.9 54.7 144.1 61.9 143.8 0.9996
971.2 104.1 23.0 26.1 976.3 112.5 986.7 111.6 981.1 117.1 977.6 122.9 986.3 122.2 0.9996
483.9 136.7 19.4 22.7 487.8 143.8 496.8 143.3 492.0 148.4 489.3 153.3 496.3 152.9 0.9996
131.1 121.5 19.2 24.1 136.7 130.5 145.7 130.2 141.6 135.4 137.9 139.9 145.0 139.6 0.9995
881.7 156.7 20.9 27.1 885.3 168.8 893.8 168.1 888.6 173.9 887.4 178.1 894.1 177.4 0.9994
140.0 92.9 19.7 22.4 144.5 99.5 153.6 99.4 148.8 103.4 145.4 108.5 153.0 108.5 0.9993
0.0 53.6 17.8 24.8 1.7 61.4 12.2 61.0 7.6 66.6 3.4 72.1 11.6 71.8 0.9992
223.5 128.4 20.2 23.7 227.6 135.5 237.1 135.5 231.6 140.4 228.7 145.5 236.0 145.5 0.9992
233.8 45.6 20.9 25.8 239.5 52.7 248.8 52.6 244.2 58.2 240.4 63.6 248.3 63.5 0.9988
806.2 230.4 35.1 31.5 360.5 133.3 368.4 132.9 364.3 137.3 361.5 141.9 367.4 141.6 0.9257
417.8 91.4 37.0 48.7 877.4 397.7 884.5 397.9 883.0 399.3 879.3 405.8 885.1 406.0 0.8326
