1--Handshaking/1_Handshaking_Handshaking_1_859.jpg
9
264.4 197.2 30.1 44.2 285.3 215.2 290.1 213.8 294.9 222.2 285.2 230.3 289.2 229.6 0.9997
580.4 204.3 34.5 52.2 584.9 227.7 591.6 227.1 583.7 237.3 590.7 243.3 597.9 242.2 0.9996
353.3 212.5 26.8 41.8 371.8 229.1 376.4 228.5 380.2 236.3 372.1 244.5 375.1 244.4 0.9995
840.9 206.1 33.6 45.7 846.5 223.6 856.0 225.1 844.3 230.6 844.6 239.8 852.1 240.4 0.9993
999.2 178.8 24.5 32.8 1001.8 193.2 1010.9 194.8 1001.9 199.6 1002.1 204.5 1008.8 205.4 0.9988
117.5 193.8 25.4 39.1 136.8 211.2 139.5 210.0 142.8 217.4 136.0 224.2 138.2 223.8 0.9966
135.8 195.2 18.4 29.6 144.4 206.1 152.0 206.0 150.3 211.6 145.1 216.7 151.9 216.7 0.9958
202.0 221.5 22.1 41.8 219.2 237.6 220.2 237.6 221.8 246.3 215.6 253.6 216.4 253.7 0.9717
397.4 192.0 21.8 29.1 403.8 203.5 414.6 203.7 409.6 209.6 405.1 215.3 413.1 215.4 0.9104
