1--Handshaking/1_Handshaking_Handshaking_1_292.jpg
11
157.9 201.1 82.0 121.0 220.2 244.7 226.3 243.6 245.1 265.4 223.4 291.9 227.4 291.9 0.9999
306.1 173.6 78.9 107.8 352.5 212.1 377.2 210.7 378.2 233.7 356.7 255.7 374.5 254.4 0.9998
615.7 102.4 94.6 130.9 648.6 161.0 686.8 158.6 674.1 187.8 656.1 203.4 689.3 201.1 0.9997
108.8 69.8 54.1 74.1 126.0 96.0 150.5 95.1 140.6 109.8 128.2 122.5 149.6 121.9 0.9995
694.5 96.6 77.0 123.9 746.9 151.4 759.0 148.2 768.3 175.8 743.0 195.2 750.3 193.8 0.9991
224.8 177.0 64.9 93.7 245.6 204.1 276.2 204.4 264.0 225.9 248.2 242.9 273.4 243.1 0.9989
880.8 201.8 73.5 97.9 899.9 240.9 935.2 242.0 916.6 261.1 900.9 274.4 931.7 275.2 0.9987
278.5 90.5 30.5 37.3 289.1 103.5 302.8 102.7 298.3 108.9 291.8 117.5 303.0 116.8 0.9973
54.5 244.8 59.8 83.3 75.5 271.9 100.6 268.4 94.4 287.5 84.6 307.0 102.8 304.1 0.9968
45.4 150.3 36.1 47.7 49.8 168.0 64.2 168.8 52.6 177.4 49.6 187.0 60.5 187.2 0.9570
553.6 85.5 36.6 54.0 573.3 105.8 581.8 106.3 580.8 116.8 573.5 125.8 579.4 126.3 0.7173
