1--Handshaking/1_Handshaking_Handshaking_1_773.jpg
18
808.9 472.4 72.6 88.9 819.6 499.1 844.6 504.9 820.0 520.6 817.4 537.0 835.0 541.8 0.9998
101.5 1055.7 88.4 107.2 128.6 1090.4 165.9 1083.2 154.1 1109.0 142.6 1134.5 171.4 1128.3 0.9997
290.2 548.4 283.6 352.0 327.3 689.5 412.1 687.7 323.0 755.5 344.5 820.8 401.5 818.8 0.9996
549.6 54.3 24.8 26.9 556.1 64.0 567.7 63.6 562.0 70.3 558.1 75.3 566.2 75.1 0.9992
339.1 165.0 27.5 38.6 354.9 179.3 364.3 179.5 363.8 186.3 355.7 193.5 363.5 193.9 0.9990
171.8 168.7 20.5 27.4 181.5 179.1 188.9 178.5 187.5 183.8 182.7 189.1 188.7 188.9 0.9989
440.8 915.7 36.3 41.3 448.1 929.0 463.8 929.8 453.7 936.9 448.8 945.5 460.6 946.1 0.9988
227.2 162.0 23.7 31.6 239.6 173.5 247.1 172.1 247.6 178.3 242.5 185.6 248.3 184.8 0.9988
774.5 11.4 35.5 48.9 784.2 30.1 801.0 29.1 793.3 40.2 786.9 49.2 799.9 48.4 0.9987
299.5 167.9 22.7 31.9 304.0 180.4 313.5 180.4 307.6 186.6 304.9 191.9 313.2 191.8 0.9986
87.4 170.8 24.3 33.0 100.4 184.5 108.4 182.4 109.1 188.5 103.9 196.2 109.9 194.8 0.9981
424.3 191.7 23.8 31.6 432.3 204.3 443.1 203.7 438.8 209.6 434.2 216.0 442.6 215.7 0.9973
21.0 191.7 19.7 23.6 28.2 200.1 35.7 200.5 32.1 204.5 28.3 208.8 34.3 209.1 0.9935
274.7 184.6 22.5 29.0 280.5 195.7 290.9 195.6 285.7 201.1 281.8 206.8 290.1 206.7 0.9933
35.1 176.5 19.6 26.1 42.3 186.8 49.8 186.2 47.4 191.7 43.8 196.7 50.0 196.2 0.9034
735.8 865.9 47.8 74.3 740.6 891.7 740.9 890.5 734.6 909.9 751.2 924.1 751.0 922.2 0.8567
895.6 64.8 61.3 87.4 904.5 88.6 918.9 91.5 901.7 109.5 906.9 127.3 918.1 128.6 0.7569
120.0 193.3 15.8 22.2 127.8 202.7 132.7 202.4 131.8 207.5 128.9 211.3 132.2 211.2 0.6184
