1--Handshaking/1_Handshaking_Handshaking_1_396.jpg
8
350.7 195.8 83.9 126.7 404.3 249.6 418.3 243.9 434.4 265.9 416.4 294.1 427.1 290.1 0.9999
878.3 319.0 40.2 66.2 883.5 346.5 887.2 347.3 877.1 358.6 887.0 369.8 889.9 369.8 0.9997
125.1 278.4 27.3 34.7 134.6 290.7 146.8 290.7 142.1 296.5 135.9 303.0 146.6 303.0 0.9993
780.9 303.1 40.4 51.7 792.2 321.8 810.6 325.4 799.0 332.7 790.8 341.8 804.1 344.6 0.9993
488.9 287.8 29.1 37.6 494.5 304.1 507.3 300.8 501.2 309.3 499.5 318.4 508.4 315.8 0.9978
523.6 299.6 34.3 46.1 534.6 318.8 549.7 317.3 544.2 325.9 538.6 335.4 549.4 334.3 0.9971
234.4 290.5 32.4 36.0 244.6 304.8 259.2 303.0 253.8 312.2 247.5 317.6 260.1 316.2 0.9948
560.8 271.4 75.2 110.7 567.7 309.5 581.6 309.6 564.7 331.3 577.8 353.8 586.6 353.3 0.9947
