1--Handshaking/1_Handshaking_Handshaking_1_420.jpg
13
91.0 54.4 20.6 24.0 93.7 64.7 100.6 64.4 95.5 69.5 96.3 73.0 101.9 72.5 0.9997
247.6 49.2 17.9 23.6 250.4 59.1 257.9 59.2 253.1 64.1 251.7 67.3 257.6 67.4 0.9997
374.0 39.5 17.5 23.4 376.2 49.4 382.3 48.9 377.7 53.6 378.1 58.2 382.8 57.6 0.9994
489.6 55.1 17.0 21.9 492.6 64.1 498.9 63.6 494.9 68.1 494.4 71.5 499.6 71.0 0.9994
784.7 47.3 18.2 25.0 787.6 55.8 793.3 57.5 786.6 61.0 786.3 65.4 790.4 66.6 0.9994
690.1 56.1 16.0 21.0 694.1 63.9 700.4 66.2 695.2 68.9 692.6 71.4 697.5 73.1 0.9992
177.2 64.7 16.5 21.3 179.3 73.1 186.3 73.0 181.3 76.5 180.1 80.9 185.7 80.7 0.9990
435.6 54.3 15.4 19.7 437.1 62.4 442.2 62.2 438.3 66.5 439.1 69.7 443.1 69.3 0.9990
310.5 42.0 17.9 23.6 313.1 51.1 320.1 51.8 314.4 55.4 313.1 59.8 318.3 60.3 0.9989
614.7 59.6 16.4 19.8 617.0 65.9 622.7 66.1 617.4 69.3 617.0 73.9 621.2 73.8 0.9981
555.5 67.6 15.6 18.6 557.6 73.5 564.1 73.4 559.6 77.6 558.4 80.9 564.2 80.7 0.9951
420.0 70.1 11.3 18.6 427.9 77.0 428.6 76.7 430.7 80.2 428.1 84.0 428.7 84.1 0.9871
54.4 72.3 14.9 23.0 63.6 81.0 66.1 80.2 67.8 84.7 64.6 89.5 66.7 89.1 0.9816
