1--Handshaking/1_Handshaking_Handshaking_1_656.jpg
10
216.2 42.7 25.7 37.0 220.4 56.8 226.9 58.4 217.6 63.0 218.9 70.5 223.4 71.4 0.9998
510.5 30.7 33.9 42.4 515.2 46.5 528.7 47.4 516.7 52.6 514.6 62.4 524.5 63.1 0.9997
620.2 40.9 34.0 45.5 624.8 59.7 639.0 60.1 627.7 68.1 625.8 76.5 635.8 76.7 0.9996
401.1 62.1 28.9 38.5 404.5 76.4 413.2 76.1 403.2 81.9 404.3 91.0 410.5 90.6 0.9995
958.5 58.8 44.0 56.6 965.7 79.5 984.8 80.1 969.7 87.0 965.6 100.8 980.0 101.1 0.9995
1.8 35.6 23.6 32.4 5.6 47.2 11.0 48.0 3.2 52.8 5.0 59.7 8.9 60.0 0.9995
146.9 84.7 24.2 35.5 150.3 98.4 156.5 99.4 148.1 104.9 149.8 111.9 153.6 112.5 0.9994
776.1 32.0 38.1 52.2 782.5 51.0 799.1 51.5 787.1 61.3 783.1 71.2 795.2 71.9 0.9993
65.0 77.5 24.1 31.0 67.6 89.1 75.0 88.7 68.5 95.4 70.1 101.4 75.6 100.8 0.9993
305.7 40.7 29.7 39.8 311.4 53.7 319.0 55.2 308.1 60.5 309.6 69.5 314.8 70.4 0.9992
