1--Handshaking/1_Handshaking_Handshaking_1_591.jpg
13
390.1 89.0 116.4 169.5 417.2 157.7 470.1 159.5 439.1 195.3 420.0 214.9 465.4 216.7 0.9997
757.9 322.0 22.9 25.1 764.6 330.0 775.0 329.2 770.5 335.0 766.5 340.8 774.9 340.2 0.9996
923.8 410.9 80.4 69.2 940.4 444.5 961.7 444.5 949.3 463.1 959.7 469.8 971.1 468.9 0.9995
886.2 257.6 59.5 73.6 906.1 287.4 932.0 282.3 924.5 295.9 914.2 313.7 934.5 309.8 0.9993
698.2 336.2 20.7 25.8 705.9 346.6 714.3 345.7 711.5 351.0 707.7 356.1 714.4 355.5 0.9988
811.4 304.8 24.9 29.4 816.3 316.3 827.5 315.3 821.3 319.9 818.1 326.5 827.3 325.7 0.9987
997.8 283.9 25.6 34.1 1005.8 298.2 1018.2 297.2 1012.4 303.5 1007.7 309.9 1017.6 309.1 0.9984
682.2 314.2 19.4 23.8 687.9 323.3 696.6 321.7 693.6 326.8 690.7 332.7 697.4 331.5 0.9963
716.1 386.5 19.2 23.3 718.5 393.9 726.3 394.0 720.8 399.7 720.3 404.6 725.7 404.5 0.9947
838.7 349.7 24.7 27.7 844.5 359.8 855.8 359.2 850.0 365.3 846.3 371.4 854.6 371.0 0.9728
738.1 329.7 17.4 23.8 744.8 340.8 751.3 339.8 749.8 345.1 746.9 349.9 751.8 349.2 0.9659
874.5 320.3 22.2 29.5 880.9 330.8 889.2 330.3 884.4 336.7 882.4 343.1 888.4 342.6 0.9102
719.3 329.2 14.3 19.4 723.5 336.9 728.9 337.0 726.2 340.9 724.1 344.8 728.2 344.9 0.6536
