1--Handshaking/1_Handshaking_Handshaking_1_46.jpg
9
572.9 66.4 80.1 111.0 586.8 123.9 602.6 116.6 593.3 147.7 611.2 161.9 620.1 155.2 0.9999
372.0 60.6 88.8 111.2 418.4 102.4 450.7 112.6 440.3 130.4 409.2 142.6 435.0 151.0 0.9997
195.3 172.1 51.8 61.1 210.5 197.6 234.7 196.4 224.1 212.0 215.0 221.0 232.6 220.1 0.9996
494.8 246.5 27.1 35.9 498.1 260.2 508.2 260.6 498.7 266.2 498.1 273.6 505.5 273.8 0.9995
124.7 210.5 34.3 39.6 137.4 225.5 152.6 225.2 147.3 232.3 140.4 240.8 151.7 240.6 0.9993
31.1 243.4 33.0 43.0 47.5 257.8 60.8 259.2 57.5 266.5 47.8 274.9 58.2 276.1 0.9991
364.6 188.6 41.3 52.3 373.5 209.7 392.2 205.1 384.1 218.0 380.7 230.0 394.6 226.0 0.9984
0.0 222.8 23.8 44.3 -1.3 236.9 16.5 240.5 7.4 246.4 -2.2 254.3 11.5 257.1 0.9975
410.7 233.2 16.2 23.8 420.5 241.9 423.8 241.1 425.2 245.7 421.6 250.8 424.4 250.4 0.9501
