53--Raid/53_Raid_policeraid_53_499.jpg
12
231.5 380.6 27.1 35.4 235.0 397.7 240.6 397.6 235.3 405.4 240.3 409.9 243.8 409.5 0.9992
336.9 376.0 23.8 32.3 340.3 386.8 343.0 386.6 338.4 394.9 345.1 400.6 347.1 400.0 0.9981
315.3 355.2 25.7 32.4 318.1 365.7 323.1 364.9 317.2 373.0 322.2 379.8 325.5 378.9 0.9976
572.7 386.7 7.1 9.0 575.2 390.3 578.1 390.4 576.8 392.2 575.4 393.8 577.6 393.9 0.9451
449.0 370.3 18.4 25.2 452.2 377.5 454.9 377.9 450.1 383.0 452.5 388.7 454.6 388.7 0.9346
855.9 358.3 19.4 34.0 860.8 367.3 861.0 367.6 856.6 374.1 859.2 382.2 860.0 382.1 0.8801
805.6 372.7 17.8 23.7 808.3 380.2 811.2 380.4 806.5 385.1 808.5 390.3 810.6 390.2 0.8769
1002.0 372.2 11.5 13.6 1005.3 377.1 1011.0 377.2 1008.3 380.4 1006.0 383.0 1010.1 383.0 0.8263
961.4 383.9 14.0 17.0 962.4 388.8 966.4 389.4 962.0 393.0 962.8 396.5 965.9 396.6 0.8160
787.7 393.5 11.1 13.1 789.5 397.5 793.2 397.9 790.0 400.5 789.7 403.2 792.5 403.4 0.7802
546.1 376.9 10.6 12.4 550.3 382.0 554.5 381.9 553.0 384.6 550.9 387.0 554.1 387.0 0.6972
644.9 376.1 14.7 20.9 647.2 383.8 650.5 383.6 647.4 388.6 649.5 392.5 652.0 392.1 0.5743
