53--Raid/53_Raid_policeraid_53_89.jpg
9
710.8 349.3 35.3 42.7 716.8 363.9 731.5 363.2 721.8 372.9 719.0 381.7 729.9 381.1 0.9996
328.3 396.0 37.9 40.2 332.9 411.7 345.8 410.5 336.2 420.1 338.0 427.7 346.8 426.4 0.9996
542.3 352.2 37.5 46.1 548.6 365.3 564.5 366.2 553.1 375.7 549.4 384.9 561.9 385.5 0.9995
101.0 387.3 41.9 55.1 108.1 405.4 125.3 404.8 113.5 416.0 110.7 427.2 123.5 426.6 0.9992
512.3 269.8 39.8 44.1 523.9 281.2 542.0 282.3 532.6 291.7 524.9 301.2 538.8 302.1 0.9990
421.1 372.6 35.4 44.9 427.9 386.4 436.2 385.6 429.0 394.6 431.4 404.6 437.8 403.7 0.9988
592.6 321.7 34.0 42.7 596.9 333.2 607.4 332.8 597.2 341.6 597.4 352.0 605.7 351.4 0.9987
851.4 362.1 30.3 41.2 855.9 373.8 861.0 373.9 852.8 382.5 859.0 391.8 862.6 391.3 0.9979
216.3 384.3 37.9 45.8 222.6 396.8 233.3 397.7 223.1 406.7 224.0 415.8 232.7 416.2 0.9968
