53--Raid/53_Raid_policeraid_53_782.jpg
9
369.2 317.0 101.6 131.8 415.6 383.0 455.6 371.8 451.6 403.6 424.4 422.9 460.1 413.7 0.9999
398.8 112.8 81.5 100.1 424.0 151.3 461.6 150.1 445.4 174.0 423.7 183.1 461.2 182.3 0.9998
673.8 120.7 84.4 100.3 691.9 161.7 731.1 152.7 712.8 177.3 701.1 196.2 736.9 188.6 0.9998
803.5 193.0 105.9 129.3 838.0 237.9 883.2 252.1 854.9 272.8 826.7 280.5 868.1 292.9 0.9998
58.6 157.0 115.4 138.3 102.2 208.6 152.1 219.1 127.7 246.3 90.0 251.9 139.5 260.8 0.9997
506.7 241.5 95.8 124.8 536.0 290.9 579.9 288.4 562.2 319.6 538.0 331.8 579.1 329.8 0.9997
556.1 77.8 81.3 105.0 578.6 128.5 616.2 121.9 601.2 149.5 583.0 158.4 619.4 152.6 0.9996
266.4 175.8 86.6 114.9 294.6 226.6 335.6 220.1 322.8 248.6 297.7 261.1 338.6 255.8 0.9996
681.3 247.9 95.5 122.7 707.3 293.2 751.5 288.9 733.1 321.1 711.4 334.0 754.8 330.2 0.9995
