53--Raid/53_Raid_policeraid_53_870.jpg
9
498.7 169.3 42.9 49.3 510.5 185.2 529.4 183.8 520.9 195.5 514.6 205.8 528.7 204.6 0.9995
334.7 186.2 39.5 48.4 346.0 200.0 363.9 199.9 355.1 208.3 347.2 218.9 362.5 218.8 0.9994
425.9 164.1 37.5 50.8 438.4 180.1 455.6 181.3 447.7 190.3 439.0 200.0 452.8 200.9 0.9993
754.4 190.4 38.0 48.9 767.3 207.4 784.2 206.2 777.9 216.3 770.9 226.4 783.9 225.4 0.9991
668.9 183.8 41.6 53.4 680.9 202.3 699.8 202.1 691.1 213.3 682.8 221.9 698.9 221.7 0.9991
227.4 192.2 35.7 46.0 235.9 210.6 252.5 209.7 244.4 218.0 238.2 226.2 252.7 225.3 0.9990
600.7 189.6 35.3 41.9 609.6 204.0 625.9 203.4 618.2 210.8 611.6 219.5 625.5 218.9 0.9989
887.1 172.5 37.1 45.4 896.0 186.4 913.4 186.7 904.1 194.9 897.3 205.0 911.8 205.2 0.9988
92.1 164.1 42.1 53.4 103.4 187.5 122.5 186.7 113.0 198.1 106.6 206.4 120.6 205.8 0.9985
