53--Raid/53_Raid_policeraid_53_190.jpg
14
322.3 329.6 28.6 31.4 332.2 340.1 344.3 338.9 339.8 346.5 334.8 353.3 343.7 352.4 0.9996
892.1 90.9 16.1 21.2 893.7 98.9 898.8 99.0 893.9 103.1 894.6 107.2 898.4 107.0 0.9993
393.5 327.1 25.0 27.9 401.2 336.3 412.7 336.4 407.5 341.8 402.7 347.8 411.2 347.9 0.9985
431.1 324.2 24.6 34.6 434.8 334.8 441.3 335.7 433.7 342.4 435.3 349.5 439.9 349.8 0.9973
360.6 333.1 26.6 31.0 367.3 344.8 379.1 345.2 372.4 352.1 368.7 357.4 377.1 357.7 0.9964
709.1 162.2 18.9 23.0 711.9 169.3 719.0 169.9 713.6 173.9 712.5 178.4 717.8 178.8 0.9960
684.7 570.9 51.1 64.9 721.2 589.0 730.6 588.0 734.0 602.9 720.8 618.1 726.7 617.6 0.9951
620.5 94.9 12.9 18.6 622.4 101.6 627.3 101.6 623.6 104.8 622.9 108.7 626.9 108.6 0.9908
481.4 118.9 14.8 19.1 483.9 124.3 486.8 125.3 482.6 128.8 483.9 132.6 486.0 133.2 0.9832
441.3 155.5 16.0 20.5 444.1 161.7 447.0 162.3 443.1 167.0 445.4 171.0 447.3 171.2 0.9626
794.4 81.7 12.1 13.0 796.1 85.9 800.5 86.0 796.9 88.6 796.5 91.4 799.7 91.4 0.9360
555.5 94.7 15.0 20.8 557.9 101.3 560.0 102.0 556.3 106.2 558.7 110.3 560.1 110.6 0.8113
870.9 74.5 14.7 18.3 873.1 80.8 878.5 81.0 874.4 85.1 873.9 88.5 877.9 88.5 0.6445
161.2 306.5 23.0 33.5 177.2 317.4 180.7 316.8 182.9 323.9 177.3 330.7 180.2 330.6 0.5901
