53--Raid/53_Raid_policeraid_53_756.jpg
23
878.4 44.2 50.0 60.5 900.4 64.1 921.8 64.0 916.1 75.3 904.4 88.9 920.6 88.6 0.9998
270.0 77.2 47.0 51.6 287.6 92.0 308.2 91.9 301.7 101.1 292.2 114.2 307.2 114.0 0.9998
359.3 51.2 48.6 58.0 377.4 69.3 398.7 69.4 390.4 81.3 380.2 93.6 396.4 93.7 0.9998
758.8 65.9 45.0 53.5 778.1 83.6 797.3 84.3 791.0 92.3 781.2 104.8 795.3 105.2 0.9998
135.2 109.6 34.9 37.7 146.8 120.5 162.6 120.2 156.2 127.5 149.1 136.6 161.5 136.4 0.9998
425.1 88.3 39.7 42.9 440.8 99.4 457.7 99.7 452.2 107.5 444.1 118.5 457.0 118.5 0.9998
600.1 53.7 48.0 56.6 620.0 71.2 640.4 71.5 633.8 82.7 623.2 95.3 638.0 95.3 0.9997
510.8 81.5 44.7 50.7 528.2 95.0 547.8 94.8 541.0 104.3 531.5 117.2 546.6 117.0 0.9997
213.5 78.7 41.8 47.9 229.2 92.0 248.2 91.6 241.8 100.4 232.7 112.5 247.4 112.3 0.9997
177.2 109.9 32.6 35.8 190.6 120.9 204.6 120.3 199.9 128.7 192.8 136.5 203.3 136.2 0.9992
13.1 155.0 21.5 25.1 21.2 163.5 30.4 162.3 28.0 167.2 23.8 173.6 31.0 172.7 0.9989
106.9 119.2 31.7 38.3 118.6 130.6 132.9 130.3 128.6 136.9 121.9 146.6 132.8 146.3 0.9988
54.0 136.2 21.9 31.3 65.5 145.1 73.2 144.5 72.7 151.2 67.3 159.2 73.3 158.9 0.9979
63.8 131.7 24.6 33.4 76.8 141.5 83.7 141.2 83.6 148.8 77.6 156.2 82.8 156.3 0.9978
84.8 125.8 27.1 33.3 97.4 135.7 106.8 134.9 105.5 141.5 100.4 149.8 107.5 149.3 0.9967
639.1 92.7 29.3 33.0 647.8 102.6 660.8 102.6 655.1 108.2 649.8 116.3 659.9 116.3 0.9964
31.7 146.4 21.7 29.8 38.2 155.2 48.0 154.6 44.1 161.6 40.5 168.5 48.2 168.1 0.9961
565.6 100.2 34.3 37.5 580.5 110.8 593.1 111.3 589.1 118.7 582.4 126.7 591.8 127.2 0.9909
0.0 168.0 16.1 22.0 7.4 175.4 13.0 175.0 13.0 179.1 9.7 184.5 13.6 184.3 0.9881
453.9 118.3 22.4 30.7 460.1 126.6 468.7 125.8 464.6 132.0 461.6 139.9 468.5 139.2 0.9868
248.6 122.6 22.5 25.9 48.7 150.4 56.7 149.5 52.7 156.9 51.2 165.2 57.5 164.5 0.9204
498.9 109.3 21.8 29.8 254.1 130.5 263.7 130.3 258.6 136.2 255.2 141.5 263.1 141.3 0.7731
395.9 107.2 16.8 21.2 132.3 126.9 147.1 124.7 142.5 132.2 136.7 142.3 148.1 140.8 0.5287
