53--Raid/53_Raid_policeraid_53_318.jpg
9
806.4 262.5 59.1 73.7 842.5 284.6 854.0 284.1 863.8 295.7 851.4 314.8 859.9 314.8 0.9999
636.7 189.8 58.4 73.5 672.2 210.5 688.6 210.4 693.1 223.4 675.1 239.8 688.3 240.5 0.9998
194.1 272.8 47.1 58.9 214.9 293.2 233.8 291.6 228.9 304.5 218.9 316.7 233.3 315.2 0.9997
433.2 229.6 53.7 62.6 459.9 251.3 479.1 249.3 478.4 259.4 467.9 275.1 482.3 273.5 0.9997
13.1 325.7 44.3 49.4 26.2 342.4 45.2 340.1 37.9 350.1 31.7 362.1 45.8 360.2 0.9997
350.3 286.3 47.5 54.1 362.9 305.4 383.7 301.2 375.7 315.4 369.8 327.7 385.0 324.2 0.9996
298.3 314.9 49.2 50.3 315.2 334.9 335.3 330.5 330.0 341.9 324.6 353.7 338.7 350.4 0.9989
113.3 314.4 40.6 47.1 118.5 332.1 134.2 329.7 124.2 341.0 123.3 351.0 135.1 348.8 0.9987
999.9 272.6 23.7 52.3 1025.8 291.3 1038.4 291.5 1036.4 301.9 1024.8 311.2 1033.3 311.6 0.9749
