53--Raid/53_Raid_policeraid_53_33.jpg
23
254.0 80.0 45.6 41.0 270.7 96.3 290.9 95.2 283.4 106.6 274.7 113.1 288.4 112.2 0.9995
447.3 145.7 45.3 48.9 464.2 164.5 484.2 161.3 478.4 174.6 469.5 184.3 483.7 181.9 0.9993
356.4 89.9 40.7 43.5 366.8 104.8 385.4 104.8 375.8 115.1 369.7 123.2 382.6 123.1 0.9991
763.3 43.3 40.2 46.4 781.2 57.8 797.5 58.1 792.7 68.0 784.0 77.4 795.7 77.6 0.9988
75.5 64.1 42.8 60.2 81.0 87.9 90.1 89.0 78.4 99.6 83.2 110.6 89.2 111.1 0.9988
744.7 121.2 39.3 52.2 751.1 137.9 767.3 138.6 755.9 149.0 752.8 158.3 764.9 159.0 0.9987
433.9 81.8 38.3 43.8 447.5 97.5 464.6 98.6 457.0 106.8 448.5 114.4 461.1 115.5 0.9986
703.8 132.7 42.1 49.9 716.9 148.5 734.3 146.5 727.5 157.0 721.5 168.2 734.8 166.6 0.9986
571.1 39.4 41.5 52.2 585.2 61.7 603.6 61.3 595.4 70.3 587.5 79.3 601.9 79.1 0.9952
804.2 89.0 40.2 46.2 815.6 103.1 832.4 105.1 822.4 111.9 814.5 120.2 827.8 121.7 0.9835
361.4 136.6 37.8 49.6 384.9 158.0 391.9 152.7 396.7 164.9 389.4 176.3 393.7 172.9 0.9819
937.1 46.8 32.4 34.4 947.0 58.1 961.1 59.4 953.6 65.0 947.4 70.9 958.2 71.9 0.9604
516.0 82.9 35.9 45.5 527.4 101.5 542.7 101.7 535.3 109.8 529.9 117.4 540.9 117.4 0.9577
249.6 9.2 28.6 33.3 763.7 139.8 775.4 139.9 763.0 149.7 765.6 163.0 773.8 162.8 0.8872
591.3 108.0 51.3 48.3 259.4 19.8 271.7 21.0 265.7 27.6 259.7 33.9 269.0 34.8 0.8252
689.9 100.6 33.5 40.8 601.4 131.4 617.5 129.8 609.2 142.6 613.9 148.2 624.2 146.8 0.8050
0.0 16.9 13.7 39.4 705.5 116.6 716.0 115.1 713.3 125.5 707.4 132.7 714.5 131.8 0.7919
496.1 77.5 24.4 31.6 -6.9 30.5 6.8 32.3 -0.1 38.5 -7.1 45.3 3.6 46.7 0.7840
848.3 59.1 27.9 35.6 508.4 88.3 516.7 86.8 516.0 95.3 510.3 102.1 516.1 101.3 0.6957
872.2 114.8 32.5 36.9 865.2 70.8 872.1 70.4 872.5 78.4 865.5 85.3 870.3 85.4 0.6548
560.1 86.5 38.0 44.7 884.4 132.4 892.5 130.6 891.8 139.1 891.5 145.3 896.4 144.0 0.6517
863.8 85.6 42.0 52.1 576.5 103.0 591.3 103.7 585.7 111.8 577.8 119.6 588.4 120.1 0.6264
780.6 122.2 34.3 51.9 875.8 100.9 887.4 102.7 878.6 109.2 875.9 118.8 885.1 120.2 0.6046
