53--Raid/53_Raid_policeraid_53_10.jpg
10
108.9 92.2 58.6 70.9 124.4 115.0 150.0 114.2 136.9 130.6 128.7 143.9 147.3 143.3 0.9998
330.7 139.5 53.1 60.4 348.9 157.6 371.4 159.8 359.8 172.4 349.5 182.7 365.5 184.6 0.9998
558.8 137.0 58.6 66.0 577.2 164.3 603.4 163.8 591.9 179.4 581.0 188.0 600.7 187.8 0.9997
885.5 128.9 44.5 58.6 911.4 147.6 926.9 147.6 926.3 159.7 913.7 171.4 925.0 171.5 0.9997
475.4 132.5 56.2 66.4 491.1 154.8 516.5 156.6 502.6 172.2 492.3 182.6 511.2 184.1 0.9996
821.3 181.5 50.2 55.3 837.3 199.2 859.6 198.8 849.8 212.6 841.5 223.2 856.6 222.9 0.9996
254.0 121.2 54.5 61.6 272.1 139.3 296.3 142.4 284.4 153.5 272.4 165.3 290.3 167.7 0.9994
634.2 140.9 56.1 68.6 649.3 163.3 673.3 165.5 658.5 175.8 649.2 190.3 666.4 192.0 0.9987
816.2 132.0 46.9 49.2 824.4 150.3 844.5 150.1 833.0 160.3 826.8 168.6 842.7 168.5 0.8495
660.0 146.8 48.1 61.0 669.5 167.3 689.5 168.8 676.8 177.2 670.6 190.0 685.8 191.2 0.5881
