13--Interview/13_Interview_Interview_Sequences_13_113.jpg
16
539.3 97.4 32.6 46.0 554.5 117.1 568.0 117.2 565.0 125.5 556.0 133.5 565.8 133.8 0.9998
210.7 98.2 31.7 43.6 222.1 114.6 236.5 115.1 230.8 123.5 223.9 131.7 234.3 132.2 0.9996
767.1 112.3 40.1 49.9 783.8 132.9 801.0 134.1 794.4 144.8 783.7 151.7 796.2 152.8 0.9995
847.5 177.7 32.3 38.2 862.4 191.6 875.3 191.4 872.6 198.4 864.9 206.8 874.2 206.8 0.9994
659.6 61.2 37.7 47.8 678.0 80.8 692.4 79.1 689.4 88.4 680.4 97.5 691.8 96.2 0.9994
712.7 109.5 38.5 44.5 730.5 124.5 745.7 123.6 742.4 134.0 734.9 143.8 745.1 143.0 0.9993
349.6 118.3 30.5 40.9 364.5 135.7 376.4 135.5 373.8 143.2 366.1 150.4 374.7 150.4 0.9993
935.7 185.0 35.8 48.6 948.7 204.6 965.1 204.1 958.6 214.8 949.1 222.0 962.7 221.7 0.9992
396.0 117.2 34.5 43.7 408.1 134.1 423.1 131.9 418.6 141.5 412.5 150.8 423.4 149.1 0.9992
289.0 131.3 32.7 40.4 297.4 147.8 311.4 147.1 304.3 156.3 299.7 163.2 310.5 162.7 0.9992
255.8 86.1 35.1 43.6 266.3 106.5 281.5 102.9 276.4 113.1 271.6 121.5 283.2 118.8 0.9992
472.6 68.9 32.8 42.3 485.9 82.0 499.8 81.8 496.5 89.4 489.1 99.5 499.4 99.4 0.9988
105.0 117.4 28.4 34.4 111.3 130.3 124.7 130.0 117.6 138.8 113.8 145.0 123.1 144.7 0.9987
8.1 71.2 31.8 38.9 16.8 90.8 29.8 85.8 26.2 95.6 24.0 104.0 32.9 100.0 0.9986
128.0 132.3 29.2 35.8 135.1 149.4 146.9 145.2 142.7 155.1 141.0 162.1 150.0 158.9 0.9981
587.0 151.6 29.8 43.6 593.5 168.6 604.9 168.6 598.9 176.0 595.4 184.4 604.4 184.4 0.9926
