13--Interview/13_Interview_Interview_2_People_Visible_13_473.jpg
11
963.6 164.0 60.1 175.0 984.0 224.0 987.4 225.9 961.3 254.9 986.8 289.4 988.3 289.2 0.9991
156.5 113.9 89.8 171.1 217.1 182.2 227.4 179.7 243.1 214.5 219.8 245.9 224.8 244.8 0.9990
627.3 71.5 96.5 139.7 640.5 130.3 668.4 133.2 640.1 158.4 644.0 176.2 668.4 178.5 0.9986
863.1 107.1 88.9 159.5 877.5 168.3 918.4 167.6 892.2 202.2 886.1 231.6 915.0 230.1 0.9961
537.4 126.3 81.6 135.2 559.3 173.2 599.2 176.4 576.7 210.5 562.9 229.7 590.9 232.2 0.9948
918.4 78.0 67.0 92.9 940.8 113.7 968.4 113.2 957.3 132.0 945.1 149.4 965.2 149.1 0.9939
370.5 184.6 39.7 55.4 381.7 206.2 400.0 205.1 392.1 219.2 386.1 229.0 398.6 228.1 0.9937
402.9 111.3 55.9 102.6 412.4 154.9 437.5 152.3 422.9 177.7 420.7 194.4 437.3 192.3 0.9932
95.3 519.9 80.2 158.7 130.3 570.7 165.3 581.1 148.2 612.3 121.2 634.2 146.6 642.5 0.9924
663.6 141.9 101.8 179.6 675.2 215.3 716.1 205.3 691.8 255.4 695.9 285.4 724.4 277.0 0.9872
330.3 246.8 71.4 111.7 358.0 295.8 386.1 291.3 378.8 314.4 365.8 335.4 386.5 332.1 0.9808
