13--Interview/13_Interview_Interview_On_Location_13_680.jpg
67
920.4 120.1 25.4 37.2 935.8 135.4 941.7 133.7 944.4 140.8 938.4 148.6 942.7 147.7 0.9993
521.6 706.2 97.9 132.6 533.0 764.1 572.5 758.2 543.7 785.0 542.1 814.2 569.1 809.7 0.9993
532.2 137.4 29.0 37.7 549.9 151.8 557.8 152.7 556.4 160.5 547.2 165.8 553.2 166.9 0.9990
387.8 267.1 21.1 25.2 393.8 276.9 402.8 275.7 399.1 281.1 396.2 286.5 403.1 285.6 0.9982
613.0 278.8 9.2 11.2 615.6 283.0 619.7 282.7 618.1 285.1 616.4 287.4 619.7 287.3 0.9971
753.8 266.4 14.4 19.0 756.8 273.2 763.3 272.7 760.0 276.7 758.2 280.8 763.4 280.4 0.9969
168.6 252.2 9.5 11.4 171.5 256.8 175.7 256.6 173.9 259.0 172.2 261.1 175.5 261.0 0.9967
139.3 269.0 11.8 14.1 143.8 274.5 148.7 274.5 146.8 277.3 144.2 280.0 148.1 280.0 0.9966
257.2 267.2 9.4 12.4 259.5 272.3 263.9 272.5 261.4 275.1 259.7 277.2 263.1 277.4 0.9958
110.2 280.8 11.7 15.2 114.0 287.0 119.1 287.0 116.9 289.7 114.5 292.4 118.7 292.4 0.9957
262.3 298.8 11.2 13.3 265.3 303.6 270.4 303.8 267.7 306.4 265.5 309.0 269.6 309.1 0.9942
236.1 332.2 12.6 16.2 240.5 338.6 246.2 338.2 244.2 341.7 241.5 344.7 245.9 344.6 0.9909
60.1 292.9 13.5 15.8 65.9 298.5 71.5 298.9 69.6 302.1 66.5 305.1 70.3 305.6 0.9898
878.2 327.5 14.0 17.5 881.8 333.9 888.6 334.4 884.9 337.6 881.8 340.9 887.4 341.2 0.9886
614.2 311.3 10.6 12.9 617.4 316.3 622.3 316.0 620.1 318.7 618.1 321.3 622.1 321.1 0.9884
654.9 294.5 10.5 13.3 658.0 299.4 662.6 299.1 660.7 301.8 658.8 304.4 662.6 304.2 0.9874
770.0 268.1 10.3 12.2 772.6 272.2 777.4 272.3 774.9 274.8 773.0 277.2 776.8 277.3 0.9874
247.7 284.8 10.3 12.9 250.8 289.5 255.5 289.1 253.5 291.9 251.8 294.6 255.6 294.3 0.9870
268.6 286.7 9.8 11.7 271.1 291.0 275.9 290.9 273.6 293.4 271.7 295.9 275.6 295.8 0.9862
104.5 266.4 10.2 12.5 107.1 271.1 111.7 270.9 109.5 273.4 107.8 275.8 111.6 275.7 0.9858
153.0 259.8 9.8 11.4 156.3 264.1 160.5 264.1 158.6 266.4 156.8 268.7 160.1 268.7 0.9856
857.0 257.6 9.2 12.0 859.2 262.1 863.3 262.0 861.2 264.5 859.8 267.0 863.1 266.9 0.9842
303.6 287.3 9.9 12.9 306.5 292.7 311.2 292.7 309.0 295.3 306.8 297.7 310.7 297.8 0.9825
352.0 279.2 11.4 14.2 355.3 284.5 360.9 284.4 358.3 287.3 356.0 290.2 360.4 290.1 0.9805
812.4 272.1 8.5 10.9 814.5 276.0 818.7 275.9 816.7 278.3 815.0 280.5 818.4 280.5 0.9794
350.4 298.2 10.3 12.8 354.6 302.9 358.8 302.7 357.5 305.3 355.2 307.9 358.5 307.9 0.9787
62.3 223.4 9.3 11.8 65.4 228.1 69.5 227.8 67.9 230.2 66.1 232.5 69.4 232.4 0.9786
853.0 282.4 10.6 13.0 855.2 287.4 859.8 287.2 857.2 290.0 856.0 292.6 859.7 292.3 0.9699
848.2 247.6 9.0 11.6 850.6 252.2 854.9 252.0 852.9 254.5 851.3 256.8 854.7 256.7 0.9697
151.8 286.8 11.3 15.0 154.8 292.5 159.9 292.7 157.1 295.4 155.0 298.3 159.1 298.4 0.9691
816.5 260.4 8.8 10.7 818.4 264.7 822.5 264.7 820.3 266.9 818.8 269.0 822.1 269.0 0.9668
135.3 298.5 12.5 14.1 139.5 303.3 144.9 303.2 142.6 306.2 140.1 309.3 144.5 309.2 0.9662
229.0 294.1 9.4 12.0 232.4 298.7 236.5 298.5 235.0 301.0 233.1 303.5 236.3 303.4 0.9662
633.0 296.0 9.4 12.7 635.0 301.4 639.1 301.7 636.5 304.3 635.2 306.4 638.2 306.6 0.9612
827.7 283.5 11.1 14.2 830.0 289.1 835.5 289.2 832.4 292.0 830.5 294.8 834.9 294.8 0.9603
469.3 337.6 9.4 12.0 471.4 342.6 475.8 342.3 473.7 344.8 472.3 347.2 475.8 346.9 0.9589
79.0 256.1 10.7 13.0 82.8 260.5 87.4 260.3 85.6 263.0 83.5 265.8 87.2 265.7 0.9561
204.6 253.0 9.5 11.3 207.2 256.3 212.1 256.3 209.9 258.8 207.8 261.4 211.7 261.3 0.9553
194.5 298.0 10.8 14.1 199.2 302.7 203.6 302.6 202.3 305.6 199.8 308.8 203.2 308.8 0.9469
102.1 303.1 10.9 12.6 105.6 307.7 110.5 307.8 108.2 310.3 105.9 312.8 109.7 312.9 0.9449
58.8 238.5 9.7 11.3 61.4 242.3 65.9 242.4 63.5 244.8 61.6 247.0 65.2 247.1 0.9376
209.1 286.8 13.3 16.4 214.1 292.3 220.2 292.5 217.7 295.9 214.5 299.3 219.2 299.4 0.9375
693.0 269.8 9.6 12.6 696.3 275.4 700.6 275.2 698.8 278.0 696.9 280.3 700.2 280.3 0.9364
721.8 278.7 9.9 11.4 723.7 282.8 728.3 282.6 725.8 285.1 724.4 287.6 728.1 287.4 0.9176
321.8 302.7 10.4 13.0 325.1 307.9 330.1 307.7 327.9 310.7 325.7 313.2 329.6 313.2 0.9064
220.3 271.2 9.6 12.8 223.6 276.0 227.8 276.0 226.1 278.6 224.1 281.0 227.3 281.1 0.8950
574.2 297.4 10.2 14.1 576.4 302.8 580.8 302.6 578.3 305.6 577.1 308.5 580.6 308.4 0.8900
870.4 247.7 9.7 11.7 873.0 251.8 877.6 251.6 875.5 254.1 873.6 256.5 877.4 256.4 0.8899
167.8 273.5 10.2 13.2 170.6 278.5 175.3 278.4 173.1 281.1 171.2 283.7 175.0 283.7 0.8872
529.0 325.5 9.5 11.7 531.0 329.7 535.4 329.8 532.9 332.2 531.5 334.5 535.0 334.5 0.8784
56.9 256.6 10.1 12.7 61.2 261.3 65.3 261.2 64.0 263.9 61.7 266.4 64.8 266.4 0.8777
94.7 237.4 10.7 13.0 97.7 241.8 102.5 241.9 100.1 244.6 98.1 247.2 101.9 247.2 0.8660
569.9 281.9 9.1 11.0 572.9 286.1 577.0 286.0 575.1 288.3 573.4 290.5 576.6 290.5 0.8632
173.9 239.1 8.6 10.0 176.3 242.8 180.5 242.6 178.6 245.0 177.0 247.1 180.2 247.0 0.8621
210.9 281.3 10.3 12.6 214.5 286.2 219.1 286.2 217.1 288.7 214.8 291.2 218.5 291.3 0.8345
585.6 288.0 8.8 10.5 588.0 291.8 592.1 291.7 590.2 293.9 588.5 296.2 591.9 296.1 0.8197
189.1 267.4 9.3 11.2 192.1 271.6 196.3 271.6 194.3 274.0 192.6 276.3 195.8 276.3 0.7846
36.9 263.5 13.2 15.9 40.2 269.7 45.9 269.4 43.3 273.1 41.4 276.4 45.6 276.1 0.7799
325.3 346.7 10.2 12.3 329.6 351.6 333.5 351.1 332.6 353.9 330.6 356.6 333.5 356.3 0.7680
232.8 256.6 10.1 12.5 235.6 260.8 240.1 261.0 237.8 263.4 235.8 265.9 239.4 266.0 0.7108
142.7 250.1 9.8 11.2 144.7 253.6 149.4 253.8 146.6 256.2 145.0 258.7 148.7 258.8 0.6967
968.9 233.4 8.7 11.6 971.2 237.9 975.3 237.6 973.4 240.1 972.0 242.4 975.2 242.3 0.6850
470.8 284.8 9.3 12.4 473.8 289.9 478.1 289.9 476.1 292.5 474.2 294.7 477.5 294.8 0.6702
229.0 267.5 9.3 10.8 231.2 270.9 235.3 271.0 233.0 273.4 231.5 275.7 234.7 275.8 0.5974
112.5 256.1 10.6 12.3 115.5 260.5 120.8 260.4 118.3 263.1 116.3 265.8 120.4 265.7 0.5705
705.7 274.6 7.8 9.7 708.8 278.3 712.0 278.4 710.7 280.5 709.0 282.4 711.4 282.5 0.5680
76.5 289.3 12.5 17.0 80.9 294.8 85.4 296.4 81.7 299.3 79.2 302.1 82.5 303.3 0.5355
