13--Interview/13_Interview_Interview_On_Location_13_1025.jpg
9
429.4 273.0 129.0 157.6 451.1 344.0 510.5 341.3 475.7 380.6 464.9 398.0 514.8 395.7 0.9998
848.8 502.6 113.2 152.7 865.5 565.3 914.4 561.6 881.9 594.9 874.1 617.9 917.0 615.2 0.9998
136.0 309.5 162.0 213.0 191.3 397.9 264.9 387.5 243.6 431.8 203.4 465.8 273.5 456.4 0.9997
452.2 54.6 120.1 168.7 480.6 120.9 534.5 117.4 507.0 158.3 489.3 180.5 535.2 177.0 0.9997
255.9 59.5 122.4 153.7 305.2 119.3 359.0 119.8 341.6 152.2 304.5 171.7 354.0 172.5 0.9997
659.6 507.0 122.1 166.2 687.6 570.6 744.2 574.3 710.2 608.8 685.7 622.6 743.1 625.5 0.9996
442.3 501.9 143.9 179.4 474.6 575.2 542.1 576.2 504.3 618.6 483.1 638.0 539.8 638.2 0.9996
657.4 87.8 267.5 342.0 695.2 242.2 807.2 220.4 739.9 305.0 732.2 356.0 828.6 338.4 0.9996
43.9 71.4 120.2 151.9 74.8 138.2 132.2 137.6 104.0 174.6 77.1 184.0 131.3 183.5 0.9995
