13--Interview/13_Interview_Interview_Sequences_13_129.jpg
8
447.5 534.6 19.2 24.4 457.4 543.7 464.7 544.2 462.8 549.1 457.4 553.1 462.8 553.7 0.9992
792.4 228.6 19.8 24.6 801.8 238.1 809.6 239.1 806.7 243.6 801.0 246.6 807.5 247.6 0.9992
116.2 533.6 18.7 24.4 126.0 543.2 133.1 543.4 131.4 548.5 126.2 552.4 131.3 552.8 0.9991
135.5 1147.9 16.3 22.5 138.1 1156.9 140.1 1157.5 137.5 1162.4 141.9 1165.4 143.2 1165.6 0.9988
794.3 539.9 14.4 21.1 796.9 546.7 799.2 547.4 795.2 551.2 796.8 555.7 798.4 555.9 0.9967
83.7 225.3 14.7 22.7 86.6 233.3 88.1 234.0 84.1 237.9 86.6 242.5 87.6 242.7 0.9954
758.4 836.3 14.8 21.9 760.6 844.7 763.0 845.4 759.8 849.6 762.5 853.3 764.1 853.5 0.9951
389.7 300.7 21.2 17.2 394.8 311.2 398.2 308.0 398.2 313.0 402.7 315.1 404.7 312.5 0.5684
