13--Interview/13_Interview_Interview_On_Location_13_430.jpg
26
586.5 885.4 27.9 32.8 589.9 895.1 596.6 895.8 589.0 903.2 592.6 910.2 597.0 910.2 0.9982
38.5 1050.3 40.5 51.3 44.9 1070.1 51.6 1070.5 44.1 1083.5 53.3 1092.0 57.1 1091.7 0.9947
351.2 842.6 22.8 34.5 365.6 855.7 370.5 855.2 371.9 862.4 366.7 869.3 369.9 869.3 0.9945
549.7 849.7 22.8 30.0 553.6 860.9 561.0 861.0 555.6 867.7 556.5 873.3 561.6 873.2 0.9942
371.7 805.5 22.6 29.0 380.1 817.2 388.0 814.2 387.7 821.1 384.5 828.1 390.4 826.0 0.9915
900.3 961.9 33.8 38.5 908.5 976.3 924.0 980.8 913.1 986.5 906.4 991.7 917.0 995.0 0.9901
448.4 831.0 25.3 30.3 456.4 842.6 468.1 840.9 464.1 848.7 460.0 855.3 468.4 854.1 0.9893
212.8 809.5 24.4 30.0 219.9 822.5 230.4 819.9 227.2 827.5 224.5 833.8 232.1 831.8 0.9833
406.6 700.7 17.7 22.4 409.1 711.6 415.3 710.6 411.4 715.9 412.0 719.7 416.3 718.8 0.9776
427.0 773.8 22.2 25.7 431.0 784.8 441.1 783.3 436.1 790.3 434.1 795.3 441.3 794.1 0.9727
557.5 718.1 24.9 31.8 566.8 730.6 576.9 729.7 573.6 736.5 568.9 743.0 576.7 742.4 0.9525
656.1 760.9 20.5 26.3 667.5 768.6 673.5 769.3 672.0 774.6 667.1 779.7 671.3 780.4 0.9519
490.1 774.8 14.4 23.1 493.2 783.3 494.3 783.4 491.1 787.7 493.1 792.5 493.9 792.3 0.9501
326.7 696.7 17.6 22.7 331.0 705.6 337.9 704.2 334.8 709.6 333.3 714.6 338.7 713.5 0.9360
381.6 973.5 26.1 39.7 386.0 989.1 391.3 989.2 385.1 997.3 387.8 1005.0 391.1 1004.6 0.9282
427.6 714.4 16.8 21.8 431.7 721.9 437.6 722.8 433.4 726.9 431.5 731.0 435.9 731.5 0.9277
928.8 708.1 19.4 23.2 91.9 922.0 98.4 922.1 93.5 929.3 96.0 933.8 100.2 933.6 0.9145
330.4 1198.3 39.4 46.4 933.0 719.3 941.7 717.8 937.9 723.7 936.3 728.1 942.0 726.9 0.9121
153.3 707.3 16.4 20.3 335.6 1211.9 355.0 1211.8 343.1 1224.9 339.6 1234.6 353.1 1234.3 0.8678
289.4 956.5 29.8 38.6 157.5 714.8 164.4 714.7 160.9 719.4 158.4 723.6 163.7 723.5 0.8510
149.9 1324.2 32.2 49.7 301.6 975.4 312.5 973.6 310.3 981.6 305.4 988.9 312.9 987.7 0.8147
686.6 802.0 19.2 27.2 358.7 695.7 363.8 695.8 361.9 699.5 359.0 702.9 362.8 703.1 0.8093
271.3 693.1 19.6 28.5 168.5 1343.6 171.7 1339.4 179.3 1348.1 176.6 1360.8 178.8 1358.1 0.7139
961.9 770.2 24.9 25.2 698.6 811.4 703.2 811.2 703.8 817.0 698.9 822.5 702.0 822.7 0.6939
576.1 757.0 21.8 26.0 276.3 705.7 284.1 705.3 280.2 710.9 277.7 716.0 283.5 715.7 0.6271
234.5 1066.7 24.8 36.0 357.6 726.7 363.5 726.1 363.7 731.4 359.2 736.7 363.5 736.5 0.5956
