13--Interview/13_Interview_Interview_2_People_Visible_13_117.jpg
11
356.8 130.6 76.7 94.6 391.0 161.1 421.0 175.9 405.5 186.2 377.3 190.5 406.5 203.5 0.9998
869.9 336.0 20.2 22.6 875.2 344.7 884.3 344.2 879.9 348.6 876.3 352.6 884.1 352.3 0.9996
183.8 271.1 38.8 53.0 199.4 288.9 216.8 291.3 210.4 300.0 199.4 309.7 212.7 311.8 0.9995
911.1 306.3 26.2 36.2 914.4 318.2 917.2 317.9 910.6 325.8 917.3 333.3 919.4 332.6 0.9990
106.4 274.3 32.6 37.5 115.9 287.4 131.5 288.3 124.3 292.3 117.2 300.9 130.1 301.6 0.9990
0.0 300.4 43.7 66.3 19.3 321.0 36.4 320.6 35.1 334.1 18.6 346.7 33.8 347.0 0.9987
138.9 276.4 31.1 41.4 151.0 293.2 164.4 291.4 161.0 298.9 154.8 307.7 165.4 306.5 0.9984
41.8 293.4 46.6 64.0 59.2 318.2 79.8 320.5 70.3 334.7 56.6 341.7 73.8 343.8 0.9982
831.3 343.7 23.9 30.9 839.3 356.4 848.9 357.4 844.0 362.9 839.4 367.5 846.6 368.3 0.9978
745.8 312.1 22.1 26.5 818.6 258.8 824.2 257.9 821.8 261.7 820.5 264.2 824.3 263.4 0.9618
70.7 284.4 33.6 45.8 220.7 333.2 233.9 333.6 228.7 339.9 222.6 346.9 232.2 347.2 0.8831
