13--Interview/13_Interview_Interview_On_Location_13_1015.jpg
14
693.6 202.1 49.0 50.7 703.2 227.7 711.2 225.9 706.6 240.9 719.8 244.8 724.7 242.5 0.9998
423.8 210.8 32.3 40.3 439.4 226.3 451.2 227.9 448.1 234.7 439.7 240.8 448.5 242.3 0.9996
384.4 181.2 38.4 51.3 403.1 200.6 418.0 205.8 412.4 215.2 400.7 219.9 411.5 224.0 0.9996
174.3 159.8 43.8 53.1 199.8 178.9 214.9 180.7 212.6 191.4 196.6 198.5 208.9 200.4 0.9996
541.4 231.7 35.7 43.8 550.2 253.0 567.4 248.6 561.2 260.8 555.2 266.7 570.3 263.3 0.9995
468.9 235.2 31.3 39.8 483.0 252.2 496.2 252.9 491.8 260.4 483.4 266.7 492.7 267.3 0.9994
319.3 158.5 40.2 59.1 347.8 183.4 355.3 184.1 357.0 195.6 343.4 204.2 349.1 205.5 0.9994
624.8 231.0 33.1 41.7 632.1 251.1 647.4 247.3 641.0 256.1 637.0 264.4 649.2 261.4 0.9994
879.6 108.5 51.1 63.8 888.6 137.7 910.8 133.1 898.9 146.2 894.0 158.2 912.9 154.4 0.9994
790.5 177.8 44.3 54.9 804.5 201.0 824.9 201.0 815.9 209.7 804.6 217.0 824.2 217.1 0.9993
592.3 307.8 37.1 43.9 601.6 324.6 620.4 323.6 611.6 333.5 604.1 340.6 620.0 339.8 0.9992
228.6 168.2 24.5 31.4 237.5 179.2 248.8 180.0 244.5 184.5 238.2 190.7 248.0 191.4 0.9992
736.4 136.4 25.3 32.0 745.6 148.3 756.9 149.7 751.7 154.7 745.7 160.0 754.5 161.1 0.9973
690.2 221.4 39.4 39.3 993.6 165.8 1005.6 165.6 1001.3 173.0 994.6 178.2 1002.9 178.2 0.9197
