13--Interview/13_Interview_Interview_On_Location_13_579.jpg
16
889.3 920.7 27.7 30.4 895.5 931.5 908.5 929.7 902.5 935.0 898.3 942.9 908.8 941.5 0.9998
495.9 558.3 70.9 80.5 521.9 586.0 552.1 588.6 540.6 594.3 524.7 612.5 549.7 614.4 0.9996
771.5 890.3 24.1 25.4 778.5 897.8 789.9 898.0 784.5 903.0 779.3 908.5 788.9 908.7 0.9996
410.7 532.6 73.5 102.5 440.7 577.6 470.8 581.8 457.1 602.7 437.4 612.6 459.8 616.3 0.9996
984.4 888.0 31.4 40.5 991.5 902.1 1005.9 905.0 996.3 910.9 990.5 917.0 1002.5 919.2 0.9994
733.8 879.6 23.1 24.4 740.3 885.9 750.2 886.0 745.1 889.3 741.1 895.2 749.2 895.3 0.9988
834.9 892.5 24.1 31.3 839.4 904.8 849.9 901.8 845.3 908.4 842.8 915.6 851.9 913.3 0.9987
865.3 885.9 16.1 19.2 869.2 892.8 876.4 893.1 872.3 896.7 869.5 900.2 875.4 900.4 0.9987
225.9 890.7 25.0 34.8 235.8 903.8 247.1 904.5 242.7 911.2 236.1 917.0 245.0 917.6 0.9983
693.1 902.3 21.4 24.8 699.7 909.6 709.5 912.0 703.6 914.7 698.4 918.8 706.8 920.7 0.9982
732.6 926.6 24.8 29.4 738.7 938.3 749.9 938.9 743.4 944.5 739.2 949.5 747.6 949.9 0.9917
812.2 912.1 22.4 26.4 816.8 922.2 827.2 921.8 821.4 927.1 818.3 932.9 826.0 932.5 0.9917
757.9 879.1 13.3 18.3 761.2 885.6 768.2 885.6 764.7 889.5 762.1 893.2 767.5 893.2 0.9798
791.6 946.5 28.2 29.6 799.3 955.9 811.4 957.6 804.3 963.0 798.7 967.7 808.7 969.0 0.9754
796.0 894.8 11.1 14.0 799.9 899.8 804.7 899.9 802.5 902.8 800.2 905.5 804.0 905.5 0.9712
824.4 886.9 12.7 15.6 819.9 966.3 825.0 965.8 823.8 970.2 820.9 973.8 824.7 973.6 0.5414
