13--Interview/13_Interview_Interview_Sequences_13_273.jpg
26
882.4 274.9 41.8 52.9 887.3 293.6 896.8 294.2 882.9 302.5 886.9 314.2 893.8 314.2 0.9997
438.3 91.6 55.3 75.3 465.7 122.5 486.6 123.5 481.0 138.2 468.3 151.7 482.4 152.2 0.9995
252.2 289.7 23.4 27.8 255.0 300.3 264.7 300.1 257.7 305.6 256.2 310.9 263.6 310.6 0.9994
758.2 295.5 39.0 47.2 766.5 312.7 784.3 311.7 774.9 322.7 770.0 332.1 783.4 331.3 0.9994
694.3 249.5 29.0 36.3 698.9 264.1 710.8 264.2 703.1 272.3 701.2 277.9 710.2 277.7 0.9994
180.5 293.7 27.9 33.2 185.9 305.6 197.6 304.5 191.0 312.0 188.0 318.5 197.6 317.6 0.9993
616.7 290.7 39.8 48.8 626.9 310.7 645.7 311.2 636.1 320.9 628.6 328.9 643.3 329.3 0.9993
332.9 321.5 27.3 35.8 339.3 336.2 351.2 335.3 345.3 342.0 341.4 348.4 351.5 347.7 0.9992
351.4 257.6 22.9 29.0 355.2 270.2 364.7 268.7 359.4 275.8 358.4 281.1 365.5 279.8 0.9992
128.6 304.2 24.8 28.6 134.8 314.9 145.9 314.6 140.2 321.3 136.6 326.4 145.0 326.1 0.9990
62.9 295.0 24.5 28.9 67.3 306.2 77.5 305.7 71.3 311.6 69.0 317.1 76.8 316.7 0.9988
703.6 295.0 32.4 38.6 708.9 310.1 722.8 310.1 713.8 318.4 711.0 325.4 720.8 325.3 0.9987
664.7 256.9 23.3 29.4 669.3 267.3 677.6 270.0 669.1 273.2 667.3 278.4 672.9 280.3 0.9986
597.2 262.4 25.5 28.5 601.8 274.6 611.8 272.2 606.4 278.6 605.4 285.0 613.0 283.0 0.9985
764.5 246.4 28.9 35.3 767.8 261.0 776.3 260.7 767.7 266.9 769.3 273.8 775.3 273.4 0.9985
303.9 297.0 24.4 29.4 307.2 308.5 317.3 306.8 311.2 313.9 310.6 320.6 317.9 319.2 0.9981
342.5 215.9 19.9 22.8 347.4 227.1 355.2 224.2 352.9 230.3 352.0 235.1 357.4 232.8 0.9971
325.7 270.8 19.0 22.9 330.5 278.9 339.7 278.7 335.5 283.4 332.1 288.3 339.2 288.0 0.9969
555.8 201.9 21.1 25.9 559.4 212.5 568.6 212.3 562.7 217.5 560.8 222.4 567.5 222.1 0.9968
885.3 235.9 33.1 36.8 890.9 250.6 904.7 248.9 895.8 256.8 893.5 264.5 903.5 263.1 0.9966
286.1 273.4 20.0 23.1 290.4 282.4 298.8 281.2 294.6 286.5 292.7 291.4 299.1 290.4 0.9957
793.0 291.5 34.3 44.3 799.1 307.2 809.9 307.3 801.1 316.3 800.7 325.6 808.7 325.5 0.9941
96.1 306.4 20.8 26.7 103.0 316.9 110.5 316.9 106.9 322.7 104.0 328.0 109.6 328.0 0.9711
263.1 268.3 16.5 20.2 267.5 274.7 274.7 276.8 269.7 279.7 266.5 282.9 271.7 284.5 0.9679
13.7 308.3 18.0 24.9 16.4 317.7 23.5 317.1 19.1 322.6 17.9 327.9 23.3 327.3 0.9611
726.1 97.2 17.2 23.4 730.0 106.0 738.0 106.1 733.5 110.8 730.9 115.2 737.1 115.2 0.8866
