13--Interview/13_Interview_Interview_2_People_Visible_13_262.jpg
33
185.0 309.9 55.4 58.7 211.0 331.5 232.1 332.6 225.5 344.7 209.5 352.3 226.6 353.7 0.9997
828.4 286.8 34.5 50.3 843.7 308.6 858.2 308.0 854.7 317.2 844.6 325.3 856.6 325.1 0.9996
445.6 336.6 49.3 66.3 454.3 362.5 464.3 368.6 447.6 376.0 451.7 386.1 458.1 390.2 0.9994
889.8 376.0 40.2 47.1 905.2 391.4 921.6 398.5 911.2 403.5 899.9 407.9 913.0 413.6 0.9993
618.2 354.2 41.5 46.2 630.8 367.3 650.3 370.2 639.5 377.6 628.8 384.7 646.7 387.0 0.9993
722.8 349.8 38.9 50.6 732.7 370.4 750.1 372.3 739.8 380.5 732.0 387.3 747.3 388.8 0.9992
699.6 313.2 32.7 38.7 711.0 324.1 725.6 325.5 719.1 331.8 711.8 340.4 723.0 341.4 0.9992
584.9 293.7 36.6 42.4 598.2 306.8 613.9 309.9 605.9 316.8 597.5 323.7 609.1 326.2 0.9988
413.3 213.0 28.5 34.0 420.9 225.9 433.8 225.8 427.5 231.2 422.4 238.1 432.7 238.0 0.9987
291.1 363.4 42.3 50.6 307.7 382.8 325.9 382.0 319.9 391.2 310.2 400.8 325.2 400.2 0.9987
158.0 203.7 29.3 38.1 166.7 217.3 180.4 216.8 174.3 223.4 168.1 230.9 180.0 230.5 0.9986
900.7 282.2 36.1 42.0 912.4 299.0 928.9 298.1 922.1 306.2 915.3 315.1 927.3 314.3 0.9982
359.8 279.8 44.4 54.9 376.5 302.4 395.1 302.5 387.3 311.4 377.0 320.5 392.5 320.8 0.9982
104.8 316.9 38.4 48.6 117.5 334.1 135.9 335.8 127.3 343.4 118.1 352.7 132.8 354.0 0.9977
893.9 323.2 34.5 41.1 899.7 336.1 912.7 337.7 900.5 342.1 897.4 350.9 907.8 352.0 0.9975
763.5 338.9 36.6 46.0 772.3 357.3 789.7 356.6 781.2 365.5 774.8 374.6 788.9 374.1 0.9971
525.2 310.6 35.0 45.5 532.4 329.3 549.9 329.4 540.4 337.1 534.6 346.4 547.9 346.4 0.9968
638.6 297.7 39.0 43.3 648.8 310.1 666.2 312.9 655.1 315.0 647.3 325.8 661.5 328.0 0.9968
28.1 208.4 33.1 37.2 40.0 221.7 54.6 224.0 47.8 228.2 39.9 235.4 50.9 237.2 0.9965
810.8 370.7 38.7 40.3 823.5 380.8 840.2 385.9 829.7 391.6 819.5 396.2 835.0 400.2 0.9960
859.1 299.0 28.6 42.2 865.0 316.5 879.0 315.5 872.0 324.7 867.9 332.9 878.5 332.1 0.9950
958.1 371.4 36.9 39.4 973.9 387.6 988.1 388.3 982.0 397.5 973.5 402.8 983.0 403.5 0.9931
329.9 293.7 28.9 37.3 338.1 308.4 351.6 307.7 345.6 313.7 340.3 322.0 350.9 321.5 0.9928
555.0 320.7 36.3 39.6 564.3 332.5 581.3 334.4 571.4 339.7 564.0 348.1 577.1 349.6 0.9922
199.8 224.9 24.3 31.3 206.3 236.8 218.1 238.2 211.3 244.0 205.9 249.0 214.8 250.2 0.9904
938.4 316.4 26.9 34.1 946.5 328.0 958.5 329.9 951.7 334.4 945.8 341.0 955.3 342.5 0.9882
29.8 268.2 38.0 47.0 49.8 283.7 62.0 282.6 61.8 293.2 52.8 303.4 62.0 303.0 0.9865
426.7 269.5 51.3 66.5 447.9 300.8 468.8 303.2 460.8 314.4 448.0 322.7 462.9 324.7 0.9841
32.0 176.6 28.6 30.5 39.5 186.2 52.7 185.4 46.8 191.7 42.2 199.1 52.1 198.5 0.9840
17.9 354.1 47.7 64.3 40.7 380.0 57.5 378.0 53.5 389.4 43.2 401.3 56.4 400.0 0.9692
249.1 330.0 44.8 48.5 270.1 344.6 286.8 346.8 280.7 353.9 269.2 362.3 282.4 364.1 0.9664
245.6 260.6 36.4 39.6 257.4 272.3 274.5 274.4 265.6 280.7 257.3 288.7 270.7 290.3 0.9658
111.1 213.2 25.7 33.5 119.5 224.9 131.9 224.7 126.6 231.7 121.0 238.6 130.9 238.6 0.9460
