57--Angler/57_Angler_peoplefishing_57_358.jpg
8
798.4 63.3 48.2 45.5 810.5 89.1 816.6 84.4 816.1 99.8 829.4 102.4 832.8 97.8 0.9999
466.1 136.6 72.5 90.5 479.3 174.1 511.8 171.1 493.4 195.6 487.7 208.3 512.6 205.6 0.9997
759.9 79.1 27.4 32.5 769.0 90.8 780.6 90.0 776.2 96.2 770.7 102.6 780.6 102.2 0.9997
346.5 146.7 77.1 94.9 367.4 184.5 404.3 185.7 385.9 201.4 368.7 216.9 400.3 218.2 0.9996
685.9 143.7 39.5 49.0 694.0 164.3 711.7 163.8 701.4 174.3 697.3 182.8 709.7 182.4 0.9995
789.5 261.7 73.8 81.7 808.4 292.1 842.1 292.3 824.3 306.2 810.8 322.2 838.2 322.3 0.9995
655.0 80.5 26.7 33.5 660.6 95.9 665.8 96.9 661.6 103.9 665.4 107.1 669.3 107.5 0.9993
154.4 119.7 22.1 37.1 159.3 133.2 159.7 133.8 153.8 140.1 159.1 148.1 159.1 147.9 0.9975
