57--Angler/57_Angler_peoplefishing_57_1048.jpg
9
158.4 291.7 45.0 53.5 174.1 306.8 193.7 308.2 185.0 317.4 174.2 327.6 191.6 328.7 0.9998
762.9 416.7 44.7 51.5 774.5 432.3 795.4 434.5 783.2 443.1 773.6 452.6 791.3 454.4 0.9997
396.0 293.7 30.9 39.2 400.9 310.6 415.1 310.2 406.4 318.2 402.8 324.6 413.6 324.3 0.9997
689.5 390.2 37.6 45.7 695.9 407.5 711.5 404.5 703.4 416.4 701.2 425.2 713.7 422.7 0.9996
498.4 293.3 33.3 40.7 510.9 308.1 525.5 310.4 518.8 316.7 511.1 323.5 522.1 325.3 0.9996
505.6 434.2 33.4 42.5 511.5 452.1 526.5 451.0 517.8 460.7 514.9 468.1 526.0 467.1 0.9995
621.3 303.7 30.5 37.2 626.8 318.2 639.8 318.3 631.2 325.4 628.0 331.8 638.3 331.7 0.9994
291.2 317.8 36.6 47.8 303.0 338.0 319.0 337.3 312.5 345.8 304.5 353.2 318.5 352.7 0.9994
640.1 502.1 34.0 42.3 648.2 519.9 663.9 520.9 655.0 530.0 649.9 536.2 660.4 537.1 0.9993
