57--Angler/57_Angler_peoplefishing_57_140.jpg
8
607.6 423.3 13.8 15.6 610.4 428.3 616.2 428.5 612.6 432.1 611.1 435.0 615.5 435.0 0.9990
767.0 380.6 13.4 16.1 772.4 386.3 778.1 386.6 775.9 390.0 772.7 392.8 776.9 393.1 0.9989
522.7 372.8 10.0 13.7 524.4 377.6 526.0 377.6 524.0 380.6 525.6 383.2 526.7 383.0 0.9906
369.2 407.7 7.4 8.4 372.6 410.8 375.2 411.0 374.3 412.8 372.5 414.4 374.4 414.6 0.9592
401.5 413.5 8.0 8.4 405.2 416.8 407.8 417.3 406.5 418.9 404.6 420.1 406.5 420.6 0.8291
283.5 395.9 7.1 7.8 285.5 398.4 288.5 398.5 287.1 400.3 285.9 401.9 288.1 401.9 0.8283
279.8 402.7 6.8 7.8 282.6 405.0 285.5 405.1 284.4 406.9 282.8 408.6 285.0 408.7 0.7884
317.4 408.2 6.0 7.3 320.7 410.9 322.5 411.0 322.3 412.7 320.7 414.0 321.9 414.2 0.7428
