4--Dancing/4_Dancing_Dancing_4_166.jpg
28
319.5 142.9 58.2 63.2 339.6 168.7 365.0 173.9 350.9 186.9 336.2 190.3 356.8 194.5 0.9996
716.4 251.1 51.9 60.3 736.9 277.8 757.6 280.2 747.7 293.2 735.0 298.9 749.6 301.3 0.9996
486.3 114.2 72.6 96.5 511.5 151.5 544.5 149.3 533.5 164.6 519.5 186.8 544.5 184.7 0.9996
855.2 137.8 54.3 66.5 876.5 158.1 901.1 161.1 892.8 164.7 878.4 182.2 899.0 184.6 0.9996
107.0 20.6 30.9 41.3 119.9 37.1 133.3 37.9 129.0 44.7 120.8 51.6 131.7 52.3 0.9995
935.3 86.2 29.9 35.9 951.7 100.6 961.3 102.1 958.3 109.4 948.6 113.9 955.1 115.4 0.9994
641.3 106.0 44.6 58.0 649.4 127.5 668.6 128.9 654.3 137.5 648.4 148.2 664.3 149.2 0.9994
0.0 110.3 37.8 47.5 3.6 129.9 17.7 128.9 6.2 138.3 7.1 145.6 19.4 144.4 0.9994
771.7 171.7 25.5 32.5 780.5 182.5 792.6 184.0 787.2 188.6 780.5 194.4 790.8 195.6 0.9994
186.4 6.8 29.3 39.3 200.9 23.1 212.1 22.3 210.8 29.2 203.1 36.7 211.9 36.3 0.9993
442.8 124.1 30.8 41.1 455.2 140.5 468.3 138.9 466.3 145.1 459.5 155.3 469.7 154.0 0.9993
648.7 60.7 28.7 33.4 664.5 77.3 672.3 77.3 669.8 85.5 661.7 88.9 666.4 89.3 0.9992
101.0 117.6 63.6 86.0 127.1 153.5 155.1 152.8 147.1 167.8 134.2 186.6 153.0 185.7 0.9991
251.7 79.6 31.8 43.5 259.5 92.5 274.5 92.7 266.6 98.1 260.3 108.2 273.5 108.5 0.9989
166.6 162.2 49.0 66.5 193.4 187.4 211.3 186.7 209.5 199.3 192.6 210.0 209.3 209.8 0.9988
401.9 15.1 30.3 42.1 415.8 32.1 428.3 31.5 425.0 39.9 417.6 47.8 426.6 47.4 0.9988
726.6 163.0 28.5 37.5 742.2 177.1 752.3 177.0 751.8 183.6 744.6 191.6 751.8 191.6 0.9987
837.0 71.3 19.6 25.3 846.5 81.1 854.8 81.6 852.5 85.7 846.9 90.4 853.3 91.0 0.9984
990.5 161.6 22.9 30.5 1005.6 173.9 1010.5 174.5 1010.7 180.6 1003.6 185.2 1006.8 186.0 0.9983
692.5 114.4 26.7 36.5 700.4 128.7 712.9 129.0 707.1 135.7 701.1 141.4 711.9 141.7 0.9979
811.9 132.3 25.2 32.4 824.8 148.5 834.1 146.3 833.3 153.5 827.9 159.2 834.1 157.8 0.9976
963.6 226.9 38.3 44.2 979.7 244.9 995.1 242.7 992.6 252.1 985.3 261.9 995.8 260.3 0.9970
895.7 19.8 21.0 25.8 904.4 30.6 913.2 30.1 910.4 34.7 906.2 39.8 912.7 39.5 0.9968
546.7 97.4 23.8 31.8 560.7 110.7 567.9 110.7 568.0 116.6 561.6 122.3 566.8 122.7 0.9968
375.5 120.0 32.4 46.0 389.3 137.5 402.8 138.8 398.1 145.9 390.2 153.9 400.7 155.1 0.9857
610.0 221.2 32.0 57.7 634.2 240.5 636.5 240.5 641.3 251.8 633.6 264.1 635.0 264.4 0.9847
945.5 145.7 20.8 22.9 949.8 155.0 958.9 155.2 953.5 160.9 951.6 164.1 957.8 164.3 0.9705
890.7 73.3 17.5 25.5 900.5 83.3 904.2 81.1 906.8 85.8 905.0 92.3 908.1 90.8 0.6234
