4--Dancing/4_Dancing_Dancing_4_570.jpg
11
220.2 231.1 28.6 35.9 224.7 243.5 237.2 241.7 229.0 246.1 226.4 256.4 236.4 255.0 0.9997
721.8 227.4 23.7 29.2 725.4 238.6 735.0 238.1 728.9 244.1 727.3 249.7 735.0 249.2 0.9996
317.6 292.0 24.8 28.9 321.4 303.3 331.6 302.8 325.0 309.3 323.6 314.7 331.1 314.1 0.9995
789.9 173.2 36.0 49.6 800.1 192.2 816.7 191.9 808.7 201.8 802.1 210.6 815.1 210.3 0.9994
476.2 198.7 33.6 45.6 481.6 216.0 495.6 213.4 487.5 223.7 486.0 232.6 497.7 230.3 0.9994
926.4 218.1 32.0 38.6 932.5 232.7 946.7 231.0 939.0 240.7 935.9 248.2 946.3 246.9 0.9993
640.0 301.8 24.2 30.8 644.8 313.6 656.0 314.3 649.1 319.5 645.3 325.1 654.3 325.6 0.9991
451.5 301.4 22.1 27.8 455.2 313.4 465.6 312.5 459.7 318.8 457.5 324.1 464.8 323.4 0.9991
401.3 266.0 19.5 23.9 406.0 273.7 415.4 274.3 409.9 278.2 406.1 283.2 413.3 283.7 0.9990
118.8 251.4 22.8 27.7 124.6 260.8 135.3 259.9 130.3 266.7 126.3 272.0 135.1 271.4 0.9990
291.3 280.4 19.7 24.9 294.2 289.5 300.9 289.4 295.6 295.0 295.8 299.9 300.7 299.6 0.9966
