4--Dancing/4_Dancing_Dancing_4_76.jpg
15
629.0 97.0 18.9 24.3 635.1 105.5 643.4 105.5 640.2 109.1 636.5 114.5 643.3 114.4 0.9996
922.5 114.9 27.0 34.3 930.5 126.8 942.7 128.2 936.1 131.8 930.3 139.3 940.1 140.4 0.9994
70.6 110.1 32.4 39.5 75.6 125.1 89.7 123.9 80.8 132.1 78.3 140.4 89.1 139.3 0.9993
797.8 124.0 35.6 42.5 804.8 139.6 821.6 137.3 812.9 144.9 807.4 154.0 822.6 152.2 0.9993
723.6 105.4 27.3 32.9 732.5 118.1 744.8 116.3 741.0 121.6 736.4 130.0 745.7 128.6 0.9989
249.2 100.6 24.1 24.8 254.1 110.6 264.5 107.9 260.1 112.1 258.3 119.4 266.0 117.1 0.9988
202.9 94.5 17.3 20.8 207.6 101.6 215.4 102.6 210.8 105.3 207.2 109.4 213.6 110.2 0.9984
370.2 126.4 37.6 46.5 380.4 145.0 398.3 143.7 390.4 153.4 384.3 163.0 397.5 161.9 0.9983
473.2 96.8 11.4 13.8 476.5 102.2 481.5 102.3 478.8 104.3 476.8 107.2 480.6 107.3 0.9956
681.6 98.3 13.5 18.7 685.1 105.4 690.8 105.8 687.4 109.3 685.1 112.3 689.9 112.6 0.9953
398.5 112.3 19.5 24.5 403.8 122.5 412.2 121.8 408.4 127.2 405.9 131.9 411.9 131.3 0.9952
497.5 173.6 57.9 44.8 516.7 182.3 539.8 183.9 528.8 181.4 518.6 196.4 537.4 197.6 0.9934
962.4 100.3 19.3 23.1 968.4 107.3 977.8 107.6 973.8 111.8 969.5 117.2 977.0 117.4 0.9848
889.4 96.6 16.3 20.8 894.9 102.7 902.0 102.6 898.7 106.0 895.4 110.9 901.2 111.0 0.9632
126.5 95.2 22.3 24.9 132.1 105.1 142.5 104.2 137.5 110.0 134.6 114.6 142.5 113.8 0.8956
