4--Dancing/4_Dancing_Dancing_4_495.jpg
26
398.1 412.2 25.0 29.0 401.5 424.2 411.2 422.5 405.3 430.1 405.1 435.5 412.4 434.0 0.9995
667.9 456.4 21.2 33.8 670.0 468.7 672.5 469.3 666.4 475.5 670.9 482.1 672.3 482.1 0.9994
764.7 431.3 19.3 23.8 768.3 439.6 776.9 439.9 771.5 444.3 769.0 448.7 776.0 448.9 0.9992
933.6 451.7 12.0 14.9 936.5 457.6 941.9 458.1 938.7 460.6 936.5 463.0 940.9 463.3 0.9992
140.8 399.6 20.9 24.4 147.5 408.6 156.9 408.5 152.9 412.4 148.3 417.0 156.4 417.0 0.9990
726.2 440.6 11.3 14.2 729.3 445.7 734.4 445.6 731.9 448.2 729.7 450.9 734.0 450.9 0.9988
609.2 465.9 22.4 30.8 611.7 477.3 617.4 477.6 610.7 483.3 612.9 489.1 617.2 489.1 0.9987
955.8 436.3 11.7 15.4 957.5 441.9 961.4 442.0 958.2 444.6 957.9 447.6 961.0 447.5 0.9986
820.3 459.7 10.8 13.1 823.6 464.6 828.5 464.6 826.4 467.3 824.2 469.7 827.9 469.8 0.9985
870.3 448.6 11.3 13.7 873.1 453.6 878.3 453.9 875.3 455.9 873.3 458.6 877.4 458.8 0.9983
700.3 435.7 11.6 14.4 703.6 441.7 708.8 441.6 706.3 444.4 704.2 447.0 708.3 446.9 0.9975
137.2 470.5 24.7 29.7 149.7 481.1 159.1 482.5 156.6 487.4 149.9 492.6 156.7 493.8 0.9975
357.6 452.0 10.6 13.0 360.7 456.9 365.5 456.6 363.3 459.4 361.6 462.0 365.3 461.8 0.9968
891.2 437.4 19.0 21.9 894.6 443.5 903.3 444.4 897.1 447.6 894.4 452.8 900.7 453.5 0.9968
970.0 436.2 18.4 24.2 972.9 443.4 979.8 444.1 974.0 448.6 972.8 453.7 978.3 454.1 0.9964
1009.1 450.7 11.6 14.0 1013.0 455.1 1018.0 455.6 1015.6 458.2 1013.2 460.9 1017.0 461.3 0.9959
610.9 437.4 10.5 14.0 613.5 443.9 618.0 443.5 615.9 446.4 614.5 448.8 617.9 448.5 0.9958
576.7 443.1 11.4 15.0 578.7 449.4 582.9 449.6 579.7 452.4 579.1 455.0 582.2 455.1 0.9949
815.2 446.3 11.7 14.0 817.7 451.7 822.8 451.7 819.8 454.8 818.4 457.3 822.1 457.3 0.9946
918.3 447.4 11.6 15.2 920.2 453.2 924.7 453.2 921.6 456.5 921.2 459.3 924.5 459.1 0.9942
708.8 448.9 11.1 14.1 711.0 454.2 715.9 454.1 713.2 457.0 711.9 459.9 715.6 459.7 0.9938
633.1 413.7 19.3 21.5 637.0 419.9 645.5 420.4 639.5 423.6 636.6 428.3 643.5 428.7 0.9929
376.0 454.0 11.0 13.3 378.2 459.1 382.9 458.5 380.4 461.4 379.4 464.3 382.9 463.8 0.9917
218.8 377.4 19.4 27.8 232.6 388.5 235.3 387.9 237.1 394.0 231.9 398.9 233.6 398.8 0.9910
676.1 439.2 11.2 13.0 679.0 444.4 684.1 444.3 681.4 446.6 679.6 449.2 683.3 449.3 0.9905
598.8 450.6 10.8 12.5 602.6 455.4 607.3 455.3 605.3 457.8 603.1 460.2 606.8 460.2 0.9831
