4--Dancing/4_Dancing_Dancing_4_65.jpg
20
287.9 519.8 28.6 34.9 293.3 533.6 305.4 531.4 298.5 538.0 296.1 546.0 306.0 544.2 0.9995
653.4 510.4 40.4 50.5 659.5 528.9 676.6 528.3 665.4 535.8 661.9 546.4 676.8 545.6 0.9995
662.9 117.3 41.8 66.8 692.5 143.3 698.3 143.4 703.5 156.7 689.0 166.9 693.8 167.4 0.9994
478.5 361.4 63.3 45.1 510.6 369.3 511.7 375.2 496.2 366.2 490.5 379.7 491.7 383.4 0.9994
939.0 511.9 36.3 45.7 944.8 527.9 961.4 524.6 952.3 533.6 949.0 544.8 963.2 542.0 0.9993
38.6 512.7 30.6 36.2 48.8 524.7 63.5 525.7 57.1 533.1 48.6 538.2 61.7 539.0 0.9993
722.5 539.8 33.3 35.6 728.7 551.7 744.3 554.7 732.6 560.3 727.1 568.2 739.7 570.5 0.9989
230.2 459.9 21.7 23.6 238.8 467.9 248.0 467.3 245.5 471.1 241.0 476.7 248.3 476.2 0.9983
329.7 511.2 27.6 33.3 339.5 522.6 352.2 522.5 347.9 528.0 341.6 535.5 351.6 535.5 0.9982
691.1 441.5 26.2 34.6 696.1 453.0 707.4 454.3 699.1 459.6 695.8 466.3 704.4 467.3 0.9971
174.1 505.7 26.4 30.8 181.2 514.7 193.8 515.6 187.0 521.1 181.8 527.9 191.5 528.6 0.9970
729.5 421.2 24.2 34.5 742.4 434.4 751.0 434.2 749.9 440.4 743.5 447.3 750.2 447.4 0.9966
629.2 529.3 31.9 40.2 638.0 542.2 654.2 541.0 647.7 547.4 640.6 558.0 654.8 557.1 0.9959
428.4 420.7 23.3 33.3 443.2 435.1 448.5 433.8 450.0 441.4 444.1 447.6 447.3 447.1 0.9934
994.6 535.9 29.0 39.6 1000.3 551.4 1017.4 555.3 1002.7 562.2 997.7 570.9 1010.4 573.8 0.9928
815.8 403.9 26.4 35.5 822.7 417.1 834.3 414.9 829.6 422.3 826.1 430.0 835.6 428.2 0.9901
44.2 390.0 19.4 26.5 53.4 400.4 61.1 400.7 58.9 405.8 54.0 410.5 59.5 410.7 0.9883
962.3 479.2 20.7 26.4 969.2 490.5 978.5 489.2 975.6 494.1 971.8 499.8 979.0 498.8 0.9860
588.3 483.9 20.0 24.3 5.1 503.1 15.6 503.7 13.4 511.3 4.3 517.5 13.2 518.4 0.8834
888.9 430.3 25.4 33.8 591.9 492.7 601.5 492.2 596.1 497.8 593.7 502.5 600.9 502.0 0.8432
