4--Dancing/4_Dancing_Dancing_4_92.jpg
8
593.5 96.0 49.7 72.8 604.9 122.0 627.5 122.3 614.3 135.4 605.7 146.8 626.7 147.0 0.9997
330.6 21.7 47.2 73.2 344.2 49.0 366.0 49.7 354.9 63.3 343.5 72.3 364.6 72.8 0.9996
862.4 222.9 40.3 57.9 869.4 248.0 886.9 246.6 876.3 257.6 872.9 266.3 888.8 264.8 0.9996
468.7 238.4 38.7 52.0 482.8 261.0 500.9 261.9 493.7 272.3 483.5 278.8 497.7 279.6 0.9993
704.5 240.5 36.9 52.9 713.9 260.6 732.4 262.4 722.3 270.4 714.4 280.5 728.6 281.9 0.9988
79.7 348.5 41.7 52.2 95.1 368.9 113.7 368.7 106.9 376.3 97.1 386.7 112.5 386.7 0.9971
232.3 267.1 26.1 37.8 237.5 282.4 249.0 282.1 241.6 289.2 239.6 296.8 247.5 296.5 0.6315
101.1 282.5 31.9 36.3 106.9 295.2 120.9 296.3 111.4 304.2 107.0 310.5 117.8 311.3 0.6018
