4--Dancing/4_Dancing_Dancing_4_140.jpg
14
298.5 146.6 39.2 44.4 315.5 163.2 330.0 167.0 323.2 175.4 310.7 178.0 323.2 181.5 0.9997
167.9 119.3 41.3 54.3 189.0 140.1 204.6 140.0 201.8 150.7 189.4 159.1 202.5 159.4 0.9997
734.8 247.3 50.5 35.3 757.2 256.5 758.6 252.5 766.5 251.1 770.5 264.4 770.8 261.9 0.9987
916.9 302.1 22.9 28.1 921.9 312.9 931.9 311.9 926.9 317.5 924.2 323.8 931.8 322.9 0.9977
968.8 314.4 21.3 27.1 973.5 325.1 983.1 324.2 978.3 330.3 975.7 335.7 983.0 334.9 0.9970
903.8 195.9 17.0 22.7 905.9 204.6 912.8 204.3 907.7 208.6 906.7 213.5 911.9 213.1 0.9908
986.5 242.1 17.6 22.3 972.6 213.5 981.5 213.1 977.1 218.4 974.0 223.1 980.6 222.9 0.9829
666.2 273.6 20.7 25.7 991.0 250.5 998.9 251.0 994.5 255.3 991.6 259.4 997.3 259.8 0.9822
1002.0 292.0 20.8 23.9 671.8 283.0 681.1 283.6 675.9 288.5 672.1 293.4 679.4 293.8 0.9504
764.3 117.7 53.3 30.0 1005.6 300.6 1014.2 300.8 1008.1 306.0 1006.3 310.5 1012.6 310.5 0.9173
701.0 308.2 16.6 22.4 786.4 128.9 787.4 123.8 790.2 118.8 795.6 125.2 795.2 121.4 0.8842
418.8 148.1 15.3 22.3 706.0 315.7 713.0 317.0 708.7 321.2 705.4 324.9 710.8 325.9 0.7784
623.0 276.3 17.5 22.5 421.0 157.2 428.5 156.4 424.5 161.7 422.9 166.2 428.7 165.5 0.7502
440.4 138.8 19.6 27.2 966.7 195.2 974.7 194.3 970.7 199.7 968.6 203.8 974.7 203.0 0.6863
