4--Dancing/4_Dancing_Dancing_4_448.jpg
11
444.1 303.6 21.3 27.8 449.3 312.3 458.7 313.2 452.8 316.2 449.0 322.7 456.6 323.5 0.9980
824.9 285.3 23.5 32.6 831.2 293.4 836.0 294.4 828.3 299.1 827.6 307.3 831.5 308.0 0.9972
926.5 318.7 19.8 24.4 928.7 328.1 934.6 327.9 928.9 332.5 930.2 337.3 934.4 337.0 0.9966
368.8 296.7 18.6 22.8 376.9 305.0 383.7 304.6 382.7 307.8 379.2 313.4 384.4 313.1 0.9947
674.5 289.2 21.6 32.3 687.6 301.4 693.4 300.4 694.4 307.3 689.2 314.1 693.4 313.7 0.9945
951.6 319.5 13.5 17.4 954.7 325.4 961.3 325.9 957.7 329.1 955.1 332.5 960.2 332.9 0.9837
223.8 290.9 15.7 20.2 1012.3 342.0 1018.2 341.7 1015.2 344.8 1013.3 348.2 1017.8 347.9 0.9789
547.8 301.2 18.6 25.5 226.6 297.8 231.4 298.9 225.8 301.7 225.4 305.6 228.7 306.3 0.8755
274.4 305.1 14.6 17.2 553.3 307.3 557.3 309.0 550.9 312.4 549.3 318.2 552.6 319.3 0.8711
70.3 250.5 21.5 32.5 475.2 317.4 480.3 317.3 477.8 320.3 476.3 323.4 480.1 323.3 0.7974
182.4 318.6 10.8 15.4 281.5 310.6 286.7 310.5 285.6 314.2 282.3 317.9 286.2 318.0 0.6966
