4--Dancing/4_Dancing_Dancing_4_259.jpg
31
235.7 400.8 42.9 52.7 248.0 424.9 265.7 419.7 260.9 432.8 256.1 442.8 269.3 438.6 0.9996
638.1 89.4 65.5 92.1 647.5 129.7 658.9 128.2 642.6 147.4 659.0 161.8 666.6 159.5 0.9995
541.0 275.4 38.5 47.3 555.5 294.3 572.4 294.7 565.5 305.2 556.6 311.5 569.6 312.0 0.9993
90.8 408.2 38.5 48.3 104.4 427.8 122.0 426.3 116.1 436.5 108.1 445.9 121.5 444.9 0.9992
231.6 256.9 38.5 47.2 244.7 275.1 261.5 275.1 255.1 282.7 246.9 291.5 260.8 291.5 0.9992
961.6 260.2 38.5 51.6 967.9 281.6 984.8 280.7 974.6 291.8 970.8 300.3 984.4 299.5 0.9990
799.3 405.0 34.5 45.7 807.6 423.3 823.7 422.5 815.8 431.6 809.7 439.1 823.6 438.3 0.9989
852.4 282.3 32.3 40.1 858.9 297.4 873.4 296.8 865.1 305.3 861.3 313.2 872.1 312.7 0.9988
101.3 192.5 19.6 23.8 109.3 202.0 117.5 201.2 115.2 206.9 111.5 211.7 117.3 211.1 0.9962
106.3 239.7 19.8 24.1 112.4 248.2 121.8 248.7 117.3 253.2 113.1 257.8 120.3 258.2 0.9959
85.8 313.7 17.2 24.0 90.7 322.1 98.6 323.4 93.9 327.8 90.5 331.7 96.3 332.8 0.9952
180.2 288.3 19.5 27.6 189.0 299.0 196.6 299.5 194.1 304.8 189.3 309.5 195.0 310.0 0.9948
60.9 206.4 19.3 23.4 66.7 214.3 75.9 215.0 71.2 219.3 67.1 223.7 74.1 224.4 0.9943
139.6 200.6 15.7 21.1 146.1 208.6 152.7 208.2 150.6 212.7 147.4 217.1 152.1 216.9 0.9941
39.0 201.9 16.1 21.9 41.3 210.1 46.8 210.2 41.9 214.3 41.7 218.8 45.6 218.8 0.9939
162.1 189.0 14.4 19.2 166.1 195.6 173.4 196.2 169.7 199.9 166.6 203.8 172.0 204.2 0.9926
152.1 245.2 17.5 21.1 157.5 252.8 165.6 252.2 162.4 256.9 159.4 261.5 165.4 261.1 0.9919
792.5 274.4 32.5 50.7 815.0 293.1 820.3 293.5 823.0 303.3 814.2 312.7 817.9 313.5 0.9904
529.3 207.0 17.1 19.0 532.8 215.8 538.9 213.2 536.6 218.7 536.7 222.8 541.1 220.8 0.9872
21.1 248.3 18.9 24.2 28.0 259.4 36.4 258.6 33.4 263.8 29.8 268.3 35.8 267.7 0.9857
537.4 415.3 40.8 46.8 549.7 432.1 568.9 431.4 560.3 443.3 551.6 450.8 567.1 450.4 0.9857
253.4 187.8 15.7 21.5 258.5 195.6 265.6 196.5 261.7 200.5 258.4 204.3 263.6 205.0 0.9789
510.3 217.4 15.1 20.9 516.2 224.8 522.8 224.6 520.9 228.9 517.6 233.4 522.4 233.3 0.9772
54.6 320.4 21.8 27.4 62.7 330.1 72.0 329.1 69.4 334.6 65.5 340.8 72.7 340.0 0.9768
230.7 188.0 13.5 18.2 235.2 195.6 240.8 195.8 238.1 199.6 235.5 202.8 239.7 203.0 0.9741
206.7 195.7 15.8 20.4 211.0 202.7 218.9 203.1 214.8 207.9 211.6 211.7 217.4 212.0 0.9677
596.8 247.7 17.8 24.0 930.1 279.0 934.5 279.3 927.8 287.8 932.5 295.8 935.2 295.7 0.9611
193.8 173.2 14.8 18.2 601.9 256.1 609.9 257.5 605.1 261.4 601.5 265.6 607.4 266.7 0.9534
285.0 285.4 16.8 22.2 197.8 179.6 204.7 180.0 201.1 184.0 198.2 187.4 203.3 187.6 0.9154
546.7 250.0 15.3 19.4 292.6 294.7 298.6 293.9 297.4 298.7 293.9 303.3 298.6 302.9 0.8756
184.6 194.2 18.9 24.5 551.0 258.4 557.9 258.2 554.4 262.0 552.2 265.6 557.2 265.5 0.6903
