31--Waiter_Waitress/31_Waiter_Waitress_Waiter_Waitress_31_733.jpg
93
758.0 311.3 22.5 28.2 763.2 321.9 773.7 322.4 767.7 327.3 763.4 332.3 772.3 332.6 0.9998
893.2 220.4 23.3 29.7 896.6 231.6 905.7 231.9 898.9 237.4 897.4 242.9 904.8 242.8 0.9997
660.5 199.7 23.0 30.2 665.4 211.1 675.9 211.2 669.9 216.4 666.0 221.8 675.2 221.8 0.9997
717.6 189.7 20.2 23.3 720.7 196.6 725.8 197.1 719.1 201.5 720.4 206.8 723.8 206.9 0.9997
312.9 211.9 22.6 29.1 319.7 223.9 329.9 224.4 324.6 229.5 319.7 234.0 328.3 234.3 0.9997
392.9 244.9 22.9 29.1 398.2 256.7 409.0 256.1 403.6 261.6 399.6 266.9 408.8 266.5 0.9996
569.6 285.0 22.7 28.8 575.4 295.3 586.0 295.2 580.4 299.4 576.2 305.8 584.9 305.7 0.9996
340.2 193.5 21.9 24.8 346.4 201.0 356.4 201.0 351.6 205.4 347.7 211.1 355.7 211.0 0.9996
805.0 279.0 22.9 29.6 810.3 290.5 821.0 290.5 815.4 296.0 811.2 301.3 820.2 301.3 0.9996
639.9 203.0 20.3 26.6 644.2 215.1 653.4 214.4 648.5 219.7 645.8 224.0 653.1 223.5 0.9995
678.5 291.6 23.7 31.1 682.2 304.6 692.5 303.6 686.2 310.0 684.1 316.0 692.1 315.2 0.9995
524.4 206.5 23.4 28.4 530.3 218.4 541.5 218.1 536.1 223.5 531.3 227.9 540.9 227.7 0.9994
797.7 227.3 22.6 29.2 799.9 239.7 807.3 239.2 801.1 245.0 802.0 250.5 807.6 249.8 0.9994
829.4 318.3 25.6 31.0 834.3 332.2 846.0 331.0 839.8 337.5 836.6 342.8 846.3 341.8 0.9994
536.7 266.3 21.4 28.7 542.2 278.0 552.3 278.0 547.2 283.2 543.1 288.1 551.7 288.1 0.9994
779.3 202.0 20.2 27.3 782.1 213.2 787.5 213.3 781.6 217.9 783.0 223.1 787.0 223.0 0.9993
598.5 293.6 23.7 30.8 601.4 305.3 610.6 305.0 603.1 310.8 602.0 316.7 609.4 316.3 0.9993
228.3 292.1 23.1 31.3 230.9 304.6 239.5 305.2 231.7 310.1 231.2 316.2 237.4 316.5 0.9993
972.7 280.9 22.9 28.3 976.6 291.7 986.2 291.7 980.0 297.2 977.8 302.5 985.6 302.3 0.9993
307.4 386.9 23.6 31.5 310.7 398.7 319.7 399.2 311.7 403.9 310.6 410.5 317.3 410.8 0.9992
800.7 385.7 25.4 30.2 806.4 398.0 818.2 397.6 812.0 405.1 808.3 409.2 817.5 408.9 0.9992
445.7 339.8 25.0 34.1 451.7 355.3 463.2 353.4 458.0 361.4 454.6 367.1 463.8 365.6 0.9992
168.8 208.8 23.3 26.6 171.6 218.3 179.5 218.8 171.5 223.1 171.1 228.5 176.8 228.6 0.9992
482.2 257.7 23.6 29.7 484.9 268.8 493.7 268.5 486.4 273.0 485.6 279.8 492.0 279.5 0.9992
851.5 354.9 22.9 30.9 853.4 366.3 861.4 366.8 853.9 372.6 854.4 378.5 860.1 378.6 0.9991
311.5 281.6 22.5 26.8 317.5 293.1 327.8 291.7 323.4 296.8 319.5 301.6 328.4 300.5 0.9991
103.9 214.8 21.6 29.8 109.7 224.9 119.9 225.0 114.8 230.6 110.4 236.5 119.0 236.6 0.9991
506.0 410.5 37.4 52.3 511.3 427.3 527.4 428.3 514.4 436.3 510.9 448.3 523.1 449.3 0.9991
750.8 274.9 20.9 27.4 755.7 285.0 765.2 286.0 759.3 289.9 755.7 295.1 763.1 295.8 0.9991
314.2 355.4 25.1 30.3 320.8 368.4 332.3 367.9 326.5 373.6 322.5 379.5 331.0 379.0 0.9991
162.3 361.6 23.0 30.7 165.5 372.6 175.0 374.3 166.9 378.0 164.7 383.6 171.9 384.7 0.9991
453.3 295.6 22.7 31.2 460.8 307.1 470.9 307.8 466.0 313.7 460.9 318.8 469.2 319.3 0.9991
461.6 247.3 21.8 29.7 464.4 258.8 471.7 258.9 465.2 263.7 465.6 269.7 471.0 269.6 0.9990
912.3 350.2 23.3 31.5 916.9 362.9 928.1 362.1 922.0 368.2 918.6 374.8 927.3 374.1 0.9990
359.6 289.0 24.9 33.8 366.0 302.6 378.0 302.9 371.8 308.8 367.0 314.8 376.5 315.0 0.9990
382.0 354.4 21.8 28.9 387.5 365.5 397.5 366.6 391.5 371.1 387.5 376.0 395.3 376.9 0.9990
778.4 350.8 25.1 31.9 785.9 363.2 797.2 365.3 790.6 369.8 784.8 374.1 794.0 375.8 0.9990
618.3 319.3 25.4 31.6 624.9 332.4 636.5 332.4 630.4 337.5 625.6 342.7 635.8 342.7 0.9990
647.9 283.6 23.9 28.7 651.6 294.5 661.5 294.2 655.2 299.8 653.2 305.6 661.2 305.1 0.9990
1003.7 344.0 19.9 33.4 1010.0 357.7 1022.7 358.6 1015.3 363.5 1010.7 369.7 1020.2 370.4 0.9990
448.8 219.9 20.2 27.1 453.0 231.3 462.0 230.7 456.8 236.2 454.3 241.1 461.4 240.6 0.9990
729.5 295.9 20.9 28.1 734.8 307.3 744.3 307.9 738.9 312.3 734.8 316.8 743.0 317.2 0.9990
168.4 235.2 24.7 32.9 173.5 249.1 184.5 249.1 178.0 254.6 174.5 259.6 183.9 259.5 0.9989
5.6 281.2 25.6 32.1 14.7 292.9 25.8 293.3 21.3 298.8 15.8 304.7 24.7 305.0 0.9989
919.0 183.7 22.2 25.2 923.6 191.5 933.3 191.2 927.7 196.9 924.7 202.1 932.4 201.8 0.9989
173.1 323.2 24.0 30.8 179.6 335.7 190.7 334.7 185.9 340.3 182.0 347.0 190.5 346.2 0.9989
678.3 261.7 23.4 27.9 685.0 274.6 696.2 274.9 690.7 280.5 686.0 284.7 694.2 284.9 0.9989
159.7 293.8 19.8 26.8 162.6 303.9 167.1 304.0 161.1 308.4 162.9 314.0 166.3 313.7 0.9989
965.0 393.4 24.9 29.9 972.1 404.5 983.5 406.0 977.1 409.9 971.8 415.2 980.8 416.4 0.9988
240.0 250.5 22.5 29.5 245.3 262.1 256.0 261.5 250.7 266.9 247.0 272.8 255.7 272.3 0.9988
393.5 280.2 22.3 28.8 401.3 291.0 411.3 290.9 407.4 295.4 402.6 301.3 410.7 301.3 0.9988
988.9 312.2 22.9 30.6 994.3 323.5 1004.8 324.0 998.7 328.7 994.7 334.9 1003.0 335.3 0.9988
888.7 276.3 24.2 29.4 894.7 287.1 904.8 287.5 899.0 292.3 895.0 297.5 903.8 297.7 0.9988
38.8 187.8 22.6 22.3 47.2 195.4 57.3 195.7 53.2 200.0 48.1 204.0 56.1 204.3 0.9987
394.3 402.5 22.0 28.9 400.5 415.5 410.6 414.2 406.4 419.6 402.7 425.1 410.7 424.1 0.9987
17.4 241.0 23.8 30.1 25.8 252.9 36.7 253.3 32.0 258.6 27.0 263.9 35.2 264.3 0.9987
699.5 333.8 24.5 31.1 705.6 346.1 717.7 345.9 711.7 352.0 706.8 357.7 717.1 357.5 0.9987
827.0 184.0 23.2 26.0 831.2 192.4 840.4 192.4 834.4 197.5 832.1 203.0 839.6 202.8 0.9987
571.7 198.7 21.9 26.8 576.5 209.5 586.2 207.7 581.6 213.4 578.9 219.6 586.6 218.2 0.9986
637.8 384.3 23.4 31.4 643.0 398.0 654.3 397.0 648.6 402.6 644.8 408.4 654.1 407.6 0.9986
228.1 374.7 26.8 35.2 235.5 388.8 248.3 388.7 242.2 396.0 236.5 401.5 247.1 401.5 0.9986
738.7 242.7 21.2 25.0 743.4 252.7 753.0 252.6 747.7 257.8 744.8 262.4 751.8 262.3 0.9985
552.5 410.4 22.9 31.2 557.9 422.6 568.7 423.4 562.6 428.4 558.0 433.6 566.9 434.3 0.9985
992.5 167.7 23.0 28.7 996.4 177.8 1003.0 178.0 995.0 182.0 994.9 188.5 999.6 188.6 0.9985
910.7 318.1 26.2 31.7 915.9 331.3 928.1 330.0 921.4 335.9 918.4 343.2 927.2 342.2 0.9985
530.1 332.3 24.0 33.4 534.9 345.8 546.3 345.9 539.7 352.0 536.1 357.8 545.2 357.9 0.9984
879.3 400.5 25.1 31.8 884.9 413.5 896.9 413.0 890.7 419.2 887.0 425.5 895.9 425.1 0.9984
250.0 232.9 20.5 25.8 255.3 242.8 264.5 243.7 259.3 247.5 255.8 252.5 262.8 253.1 0.9983
26.7 220.9 21.9 28.1 36.3 232.1 44.9 231.9 42.5 237.0 37.8 242.5 44.4 242.4 0.9983
952.7 249.5 21.0 28.3 956.6 261.4 965.8 260.6 960.6 266.0 958.2 271.7 965.2 271.1 0.9982
259.7 292.9 25.0 31.8 265.9 306.0 277.0 304.3 272.0 310.1 268.7 317.6 277.3 316.2 0.9982
65.1 372.6 25.0 32.2 74.7 385.5 85.4 386.5 81.1 390.8 75.1 395.9 84.0 396.7 0.9981
98.9 297.6 25.1 33.0 108.6 311.3 119.7 311.4 115.6 317.0 110.1 322.9 118.4 323.2 0.9981
151.1 406.8 23.9 32.9 156.5 420.4 167.7 419.8 161.8 425.6 157.6 431.3 167.5 430.8 0.9980
79.1 355.7 25.2 32.6 86.3 368.9 98.3 369.2 92.6 375.1 87.6 381.0 96.9 381.2 0.9978
733.4 366.1 25.1 31.2 738.7 378.6 751.0 378.8 744.2 384.4 739.6 389.4 750.1 389.5 0.9977
464.6 410.7 23.4 30.5 470.1 422.9 481.3 423.2 475.2 429.3 471.3 434.6 479.6 434.8 0.9977
252.1 195.3 20.9 24.4 258.2 202.3 268.0 202.2 263.4 207.5 259.2 212.8 267.4 212.6 0.9976
0.0 340.4 18.2 33.0 0.1 354.1 10.7 352.4 5.9 359.0 3.1 365.6 11.2 364.2 0.9973
381.3 197.6 22.0 26.8 387.0 206.9 397.8 206.4 392.8 212.0 388.5 217.7 397.5 217.3 0.9966
317.9 252.7 21.6 27.3 324.0 263.6 333.9 264.2 328.7 269.6 324.6 273.8 331.9 274.3 0.9965
582.6 211.0 20.7 29.4 585.9 223.5 594.4 222.4 589.6 228.2 588.3 234.0 594.2 233.0 0.9957
877.7 265.2 21.6 27.3 882.9 277.3 892.4 275.9 887.7 281.9 884.8 286.6 892.6 285.4 0.9955
95.1 276.9 24.2 30.0 101.8 289.3 113.4 290.3 107.1 295.3 101.9 299.8 111.4 300.7 0.9953
549.2 335.6 17.4 26.2 556.7 346.1 563.5 347.0 560.1 351.8 555.3 355.8 560.5 356.5 0.9899
246.4 368.3 21.2 29.0 252.2 380.5 261.7 380.5 257.1 385.5 253.7 390.9 261.2 390.8 0.9863
814.9 260.5 18.9 23.9 820.8 268.0 826.5 270.7 820.7 271.0 817.6 275.8 821.9 277.8 0.9780
186.2 196.2 20.7 24.2 193.1 203.1 202.6 204.1 198.1 208.0 193.6 213.3 200.9 214.2 0.9706
903.9 188.1 16.8 22.2 906.0 196.1 912.7 195.5 908.1 201.3 908.0 206.2 912.5 205.5 0.9677
116.0 196.8 20.2 22.5 121.6 203.6 129.9 204.2 125.2 208.0 122.0 212.4 128.5 212.9 0.9640
1016.8 241.5 6.7 30.7 1023.4 252.1 1033.7 252.7 1028.2 258.0 1023.5 263.5 1031.7 264.1 0.8856
605.5 256.7 20.6 18.0 612.0 268.8 619.4 267.3 616.8 272.0 615.0 272.6 620.1 271.4 0.8648
759.1 178.7 19.2 23.3 764.1 186.6 771.2 187.0 766.9 191.4 764.4 195.7 770.5 195.9 0.5789
