31--Waiter_Waitress/31_Waiter_Waitress_Waiter_Waitress_31_660.jpg
8
189.0 4.7 145.3 187.8 272.7 77.8 316.5 72.4 326.4 106.8 288.1 147.5 320.5 143.8 0.9997
61.3 205.2 59.8 73.4 88.3 233.4 112.4 233.6 107.6 245.1 94.0 260.2 112.6 260.3 0.9990
854.4 213.1 63.6 71.3 882.8 239.4 909.8 240.1 900.8 254.8 884.3 268.0 904.4 268.8 0.9990
799.3 170.8 46.9 55.8 825.2 189.9 841.5 192.6 837.0 203.0 822.9 212.1 834.7 214.5 0.9986
954.7 135.8 34.3 42.8 960.3 150.4 975.2 147.9 966.7 157.1 963.9 167.9 975.6 165.9 0.9956
790.0 126.8 26.3 30.6 793.1 138.0 803.4 137.3 795.8 144.1 795.1 150.8 802.2 150.1 0.9943
860.5 135.8 25.3 34.2 864.1 146.3 868.3 146.8 861.2 153.9 864.9 161.3 867.7 161.2 0.9937
586.9 153.3 19.1 28.8 597.9 163.7 601.9 162.5 603.9 168.7 600.2 175.5 603.3 174.9 0.7131
