31--Waiter_Waitress/31_Waiter_Waitress_Waiter_Waitress_31_677.jpg
14
543.5 421.6 110.2 160.0 556.9 490.5 577.3 495.0 545.8 523.9 567.1 546.7 579.6 548.8 0.9999
762.0 27.4 41.5 56.0 775.1 48.9 794.3 50.0 785.0 59.3 776.3 69.4 791.2 70.3 0.9993
799.1 116.2 51.2 59.4 813.8 137.2 836.3 138.2 824.3 148.1 814.9 159.2 832.4 159.8 0.9990
502.6 147.4 111.6 90.7 549.9 198.2 592.6 194.0 579.9 224.0 554.2 230.3 579.0 227.9 0.9984
281.1 180.4 40.0 47.9 289.6 202.2 305.8 201.0 297.1 211.1 294.2 219.4 305.4 218.4 0.9958
469.2 53.0 72.1 95.6 501.4 88.3 528.0 88.5 519.5 104.6 503.7 123.0 522.9 123.1 0.9928
898.4 88.3 40.8 52.1 912.1 112.6 928.1 111.1 922.2 121.1 915.7 130.4 926.5 129.4 0.9775
343.7 65.4 27.3 35.4 350.2 77.8 361.9 78.8 354.5 85.0 350.2 91.7 359.1 92.5 0.9164
159.5 60.2 20.5 28.1 162.5 71.2 168.7 71.2 163.5 76.8 163.9 82.3 168.4 82.1 0.8896
253.1 61.3 18.7 23.5 102.2 189.7 111.4 190.0 102.7 199.5 103.9 209.1 110.3 209.0 0.7750
168.5 128.0 31.1 35.4 673.8 149.4 692.1 149.7 686.1 160.1 676.6 170.9 690.6 171.1 0.6155
391.7 42.3 22.2 30.6 258.1 70.3 267.0 70.2 262.7 75.2 259.4 79.6 266.2 79.6 0.6078
656.9 45.6 20.6 25.3 177.1 142.3 191.4 142.2 184.4 149.7 179.2 156.6 189.7 156.6 0.5832
881.4 50.3 22.9 29.6 396.3 53.2 406.2 52.7 400.3 59.3 397.8 66.3 405.2 65.8 0.5254
