31--Waiter_Waitress/31_Waiter_Waitress_Waiter_Waitress_31_962.jpg
16
885.2 499.6 82.7 107.8 938.7 550.0 956.4 544.3 963.1 568.4 940.1 588.4 951.3 584.4 0.9998
349.8 279.6 29.5 34.1 355.4 294.9 362.0 295.0 357.0 302.7 361.2 307.5 365.1 307.2 0.9988
943.6 248.5 28.3 37.2 948.3 262.8 958.1 265.5 949.5 271.7 948.2 276.0 956.4 277.7 0.9973
671.4 139.8 14.6 14.8 674.8 147.6 677.5 146.1 676.7 150.8 679.9 152.7 681.4 151.4 0.9955
208.3 253.7 22.3 32.7 223.7 266.9 227.4 266.0 229.2 272.6 223.5 279.1 225.8 278.7 0.9951
848.5 246.4 24.9 34.6 866.4 258.7 870.6 258.4 872.0 266.2 864.4 272.6 867.5 272.8 0.9919
844.3 141.4 26.1 34.6 847.3 155.4 855.6 155.9 848.0 161.5 847.6 167.7 854.2 167.8 0.9873
1008.1 203.2 15.6 21.4 1011.7 211.3 1019.3 211.7 1014.3 216.6 1013.2 219.8 1018.6 220.0 0.9863
234.7 151.8 15.7 20.4 245.6 161.1 247.7 160.9 247.6 166.2 242.4 168.8 243.4 168.9 0.9851
693.3 295.2 29.4 35.9 713.2 309.4 719.1 310.7 717.8 318.7 708.1 322.9 711.7 324.2 0.9699
930.1 188.0 13.9 19.3 932.8 195.8 937.0 195.9 933.5 199.9 933.6 203.5 936.5 203.4 0.9673
748.0 172.3 11.2 14.7 749.6 178.6 753.2 178.8 750.2 181.8 750.6 184.5 752.9 184.4 0.9446
463.1 180.1 11.7 12.6 466.0 185.4 471.1 185.0 468.8 188.1 467.4 190.4 471.0 190.1 0.7586
297.1 156.3 11.8 12.5 301.7 161.6 305.7 162.5 303.3 164.8 301.0 166.5 303.8 167.2 0.7166
506.0 177.4 8.6 11.8 508.4 181.4 511.2 181.7 509.1 184.0 508.5 186.6 510.6 186.7 0.6142
553.7 191.8 10.1 14.4 558.4 197.3 561.3 197.5 560.5 200.3 558.4 203.2 560.6 203.4 0.5506
