31--Waiter_Waitress/31_Waiter_Waitress_Waiter_Waitress_31_728.jpg
10
430.8 212.9 33.0 42.8 445.4 229.4 459.7 229.7 455.5 238.1 445.8 245.3 456.9 245.6 0.9996
540.0 185.5 29.4 36.3 546.5 199.6 560.2 199.0 552.9 207.3 548.5 213.4 559.4 212.9 0.9996
647.2 224.1 33.3 41.0 652.9 240.0 668.7 239.9 659.1 247.9 654.1 254.1 668.2 253.9 0.9994
53.2 313.5 13.2 15.5 54.8 319.6 60.1 319.4 56.5 323.1 56.2 325.9 60.0 325.6 0.9988
197.3 296.0 9.5 11.7 200.6 300.7 204.7 300.9 202.7 303.2 200.6 305.2 203.8 305.4 0.9932
690.3 187.5 50.3 88.6 701.4 224.7 703.0 223.4 698.6 242.8 709.1 257.0 711.1 255.9 0.9848
79.3 311.5 12.1 18.3 81.1 319.9 82.8 319.6 80.6 323.9 83.9 327.0 84.8 326.5 0.9842
305.3 296.7 7.9 9.5 307.8 300.9 311.2 300.8 309.7 302.8 308.3 304.4 310.9 304.4 0.9389
125.8 290.7 6.1 7.2 127.4 293.5 130.3 293.6 128.8 295.1 127.6 296.5 129.9 296.5 0.7591
364.4 312.1 10.7 15.7 366.8 316.5 368.3 317.0 366.2 319.7 366.7 323.1 368.2 323.3 0.7253
