21--Festival/21_Festival_Festival_21_300.jpg
8
235.4 337.3 88.7 114.5 266.0 382.9 305.8 394.0 282.6 408.0 257.1 416.9 292.9 426.7 0.9997
515.2 366.1 80.7 94.9 538.1 402.0 575.0 401.7 556.9 421.4 542.6 438.0 570.5 437.6 0.9995
764.2 321.8 85.1 108.9 783.0 361.3 821.5 362.6 798.1 382.3 785.5 402.1 815.9 403.2 0.9995
695.8 519.9 43.0 53.8 718.3 537.4 734.2 538.8 732.2 547.3 719.9 558.4 732.3 559.8 0.9991
413.2 453.2 36.7 48.6 424.5 473.1 440.7 474.6 432.7 483.1 425.2 490.1 437.5 491.4 0.9979
353.0 470.7 21.7 25.4 359.9 479.7 369.1 480.0 364.5 484.9 360.5 489.7 367.7 490.0 0.9750
975.5 469.9 34.0 37.0 994.1 480.8 1003.2 480.0 1004.4 486.6 998.9 495.8 1005.4 495.4 0.9042
0.0 475.5 19.2 30.1 -0.9 486.0 9.1 487.1 2.0 492.5 -0.8 498.2 6.8 498.9 0.7288
