21--Festival/21_Festival_Festival_21_68.jpg
370
538.0 50.2 15.6 20.0 542.9 57.7 550.3 57.8 546.8 61.6 543.1 65.3 549.4 65.5 0.9997
566.3 39.3 15.7 18.5 573.7 46.1 579.7 45.6 578.7 48.9 575.3 53.2 579.6 52.9 0.9997
364.6 162.3 17.6 20.7 372.0 170.2 379.4 169.7 377.5 173.2 373.2 177.6 379.2 177.3 0.9997
347.5 408.0 22.3 23.7 351.7 421.0 359.3 419.1 355.6 425.6 356.4 428.4 361.8 426.8 0.9997
490.3 48.6 15.9 19.9 498.9 55.9 504.4 55.3 503.9 59.5 499.9 63.7 504.1 63.5 0.9996
108.5 42.5 15.8 19.0 113.1 50.2 121.0 50.1 117.5 53.0 113.8 56.7 120.4 56.7 0.9996
759.2 698.6 23.6 30.5 767.6 709.9 778.0 710.1 773.9 715.4 768.6 721.0 777.0 721.2 0.9996
993.6 715.3 25.2 28.3 1001.3 725.4 1012.7 723.3 1009.1 729.3 1004.7 736.1 1014.2 734.4 0.9996
300.6 687.0 26.6 30.2 313.3 697.6 323.8 696.8 321.9 703.6 315.1 709.5 323.2 709.1 0.9996
588.0 50.3 15.1 19.7 592.5 58.3 599.7 58.4 596.1 62.1 592.9 65.5 598.9 65.6 0.9995
538.3 160.5 18.2 20.7 547.7 167.3 554.6 168.0 552.7 172.5 547.3 176.0 552.3 176.7 0.9995
303.7 52.0 16.4 20.6 308.9 59.9 316.7 59.4 313.4 63.7 310.2 67.9 316.2 67.6 0.9995
881.7 108.5 18.7 21.4 887.3 114.8 896.1 114.8 891.9 118.8 887.7 123.5 895.3 123.5 0.9995
757.4 94.1 18.6 21.4 764.4 102.2 772.5 101.5 770.2 105.1 766.1 109.7 772.9 109.2 0.9995
162.7 39.8 17.3 20.3 169.5 47.4 176.9 46.9 174.9 50.3 171.1 54.5 177.1 54.1 0.9995
280.3 253.5 19.4 22.7 288.6 261.2 296.9 261.4 294.5 265.4 289.9 270.4 296.2 270.7 0.9995
751.9 51.1 15.7 19.3 757.0 58.0 764.2 58.2 760.9 61.9 757.3 65.6 763.3 65.8 0.9995
674.0 34.1 15.7 18.5 679.5 40.3 686.9 40.5 684.0 42.8 680.4 47.2 686.5 47.4 0.9995
792.4 406.0 19.9 25.6 800.0 415.1 808.9 414.9 805.9 419.5 801.1 424.4 808.7 424.3 0.9994
486.2 429.9 20.0 24.1 491.7 438.7 501.1 438.3 496.7 443.3 492.9 447.9 500.6 447.6 0.9994
699.1 478.4 20.5 24.7 702.2 487.8 711.5 487.8 705.2 491.6 702.9 497.0 709.8 497.0 0.9994
429.2 172.4 17.8 22.4 434.8 180.8 443.2 181.1 439.5 184.6 435.6 189.0 442.3 189.2 0.9994
844.2 477.9 22.4 27.9 852.1 488.3 862.1 488.3 857.9 493.8 853.1 498.8 861.3 498.9 0.9994
591.0 118.7 17.2 19.9 596.0 125.7 603.9 124.9 600.8 128.7 597.7 133.3 604.0 132.7 0.9994
996.0 646.0 23.1 26.1 1005.1 655.3 1015.2 654.3 1012.3 660.1 1007.1 665.8 1014.6 665.1 0.9994
172.0 429.2 21.6 25.8 180.6 437.9 189.9 438.6 186.2 443.4 180.9 448.2 188.3 448.8 0.9994
414.6 406.7 19.8 25.4 422.9 416.6 431.6 416.8 428.8 421.2 424.2 426.1 430.5 426.3 0.9994
933.9 308.6 19.6 22.5 943.3 316.1 951.0 316.3 949.1 320.5 944.4 325.2 950.1 325.5 0.9993
173.6 131.6 17.5 21.4 180.3 139.1 188.4 138.8 185.7 142.6 181.6 147.4 188.2 147.2 0.9993
514.1 62.8 17.3 20.2 520.1 69.8 528.1 69.8 524.7 74.2 520.8 77.9 527.1 78.0 0.9993
963.4 468.5 19.8 26.3 972.8 479.2 980.4 478.0 979.7 482.9 975.1 488.5 981.0 487.8 0.9993
364.4 486.6 22.2 25.2 374.0 494.5 383.5 495.0 380.7 499.3 375.1 504.4 382.7 504.8 0.9993
475.1 296.8 20.1 22.7 481.2 305.2 490.5 304.8 486.5 309.0 482.3 313.3 490.2 313.1 0.9993
67.8 419.6 21.5 26.2 75.5 429.7 84.7 430.1 80.6 436.2 75.7 439.7 83.1 440.1 0.9993
754.7 422.9 21.8 24.5 764.6 430.6 773.9 430.6 771.6 435.5 766.3 441.0 773.3 441.0 0.9993
282.2 8.9 15.4 18.1 287.1 16.5 294.0 16.8 290.7 20.5 287.6 23.4 292.8 23.6 0.9993
781.0 309.2 20.5 25.4 788.3 317.9 797.5 318.5 793.7 323.0 789.1 327.8 796.3 328.3 0.9993
565.1 484.9 22.0 26.1 575.4 494.4 584.4 494.5 581.9 499.4 576.2 504.2 583.2 504.5 0.9993
345.5 348.4 20.3 24.4 352.2 357.0 361.6 356.8 357.8 361.4 353.5 366.3 361.2 366.2 0.9993
365.1 129.8 17.1 20.3 373.9 137.3 380.2 136.9 379.4 140.8 375.4 145.1 380.0 144.9 0.9993
646.5 538.3 22.3 27.3 653.6 549.3 663.9 548.7 659.7 554.0 655.3 559.4 663.3 559.0 0.9993
707.0 386.1 20.2 24.9 716.0 394.8 724.7 394.5 722.5 399.5 717.1 404.8 723.8 404.8 0.9993
584.4 341.3 21.2 26.2 592.9 350.4 602.1 350.6 599.0 355.1 593.9 360.1 601.4 360.3 0.9993
539.1 409.7 21.0 21.8 545.4 416.7 555.2 416.7 550.9 420.5 547.0 425.7 554.3 425.7 0.9993
366.7 705.8 24.8 28.9 376.6 715.6 387.4 715.1 384.3 720.8 378.9 727.1 387.1 726.8 0.9993
989.1 123.8 18.4 21.9 994.0 132.6 1002.5 132.1 998.7 137.0 995.6 141.0 1002.1 140.6 0.9993
928.8 379.2 20.9 23.1 936.0 386.0 945.4 386.3 941.3 390.3 936.7 395.5 944.2 395.8 0.9993
73.1 291.2 19.8 24.7 81.0 301.1 89.5 299.7 87.2 305.2 82.7 310.1 89.6 309.2 0.9993
639.6 485.4 21.5 24.9 650.3 495.0 657.7 494.1 657.3 498.4 652.7 504.1 657.9 503.7 0.9993
910.4 701.1 24.5 30.4 921.1 711.9 931.9 711.5 928.9 718.3 921.9 723.3 931.4 723.1 0.9992
436.5 705.6 26.0 27.7 448.0 714.9 458.5 715.4 455.0 720.6 449.0 725.8 456.9 726.3 0.9992
443.3 584.6 24.5 28.0 453.8 594.5 464.3 594.0 461.5 599.1 455.9 605.1 463.9 604.8 0.9992
261.8 225.7 17.1 19.2 267.6 233.1 275.3 233.2 271.9 237.6 268.1 240.4 274.1 240.6 0.9992
76.8 707.1 21.9 29.8 87.6 718.1 96.4 717.9 94.9 723.5 89.0 729.1 95.9 729.3 0.9992
230.6 543.7 23.7 29.9 239.5 553.9 250.4 554.6 246.6 559.5 240.7 565.8 249.4 566.4 0.9992
125.4 12.6 15.2 18.7 131.3 19.8 137.6 18.7 136.5 21.9 133.6 26.7 138.5 25.9 0.9992
642.2 202.2 18.5 21.5 647.9 209.3 656.6 209.7 652.4 214.2 648.5 218.3 655.2 218.6 0.9992
305.4 156.9 17.1 21.1 309.9 164.8 318.2 164.5 314.3 168.8 310.9 172.8 317.8 172.6 0.9992
476.3 113.2 16.2 18.5 481.7 119.8 489.2 120.1 485.8 124.0 482.2 127.3 487.9 127.6 0.9992
323.6 536.4 22.5 28.1 333.9 548.1 343.1 547.6 340.3 553.1 334.9 558.2 342.0 558.1 0.9992
768.6 168.0 18.6 21.2 774.9 174.9 783.3 174.9 779.7 179.1 775.8 183.5 782.5 183.5 0.9992
580.7 297.0 19.3 23.4 586.1 305.4 594.8 303.9 591.8 308.3 588.0 313.2 596.2 311.9 0.9992
841.2 9.8 16.1 17.7 845.5 15.6 853.5 15.4 849.7 18.7 846.4 22.6 853.1 22.4 0.9992
126.4 183.3 18.8 21.4 133.7 189.7 142.1 190.1 139.1 193.5 134.4 198.1 141.5 198.4 0.9992
460.2 546.4 21.1 25.7 470.1 554.8 478.7 555.3 476.4 560.2 470.9 565.3 477.4 565.8 0.9992
88.7 444.7 24.8 27.4 95.9 458.8 106.6 454.3 104.2 462.3 102.0 468.0 109.5 464.5 0.9991
945.0 67.1 16.4 18.9 950.6 73.3 958.4 73.2 955.1 77.6 951.3 81.0 957.6 81.0 0.9991
228.9 662.6 25.0 29.9 239.3 673.6 250.1 673.3 246.8 678.3 240.9 684.8 249.2 684.8 0.9991
243.6 620.6 23.5 27.2 252.9 633.3 263.0 631.6 260.4 638.0 255.7 642.9 263.0 641.7 0.9991
436.8 219.3 18.8 21.7 442.8 226.7 451.6 226.8 447.6 231.3 443.6 235.6 450.4 235.7 0.9991
121.5 405.4 20.1 24.2 124.1 413.2 131.5 413.6 124.9 417.7 124.2 423.2 129.8 423.4 0.9991
175.4 518.3 20.2 23.4 183.2 526.7 192.5 526.4 189.6 530.0 184.9 535.7 192.0 535.6 0.9991
858.7 394.9 20.7 24.7 865.7 401.9 875.2 402.5 870.9 407.0 865.9 411.7 874.2 412.2 0.9991
65.8 218.2 18.7 21.3 72.5 224.8 81.1 225.2 77.8 228.2 73.6 233.1 80.4 233.4 0.9991
652.5 459.8 19.5 24.3 660.9 469.0 669.0 469.4 666.1 474.1 661.2 478.3 667.6 478.6 0.9991
460.6 337.4 22.2 27.4 470.4 347.1 479.4 347.3 476.3 353.0 470.5 357.7 478.1 358.1 0.9991
338.6 83.4 17.8 19.4 344.7 89.1 352.8 89.3 349.2 93.3 345.2 97.5 351.8 97.7 0.9991
267.7 327.9 19.7 23.3 276.1 336.9 284.3 337.5 281.5 341.1 276.7 345.3 283.0 345.8 0.9991
267.0 49.6 15.7 20.5 274.8 57.7 280.9 57.6 279.4 61.8 275.3 65.5 279.9 65.6 0.9991
45.9 516.0 21.0 26.4 54.1 524.6 63.1 525.4 59.4 530.2 54.1 535.0 61.1 535.7 0.9991
618.4 433.7 19.9 22.9 624.3 442.0 633.3 440.9 629.8 445.1 626.0 449.9 633.9 449.0 0.9991
215.4 44.3 16.9 19.8 220.6 51.5 228.4 51.9 224.5 55.7 220.7 59.2 227.1 59.5 0.9991
69.7 96.0 18.5 21.4 74.9 103.4 83.8 103.1 79.9 107.2 76.2 111.8 83.5 111.6 0.9991
685.6 427.3 20.9 23.3 694.2 435.1 703.1 434.8 700.3 439.7 695.5 444.4 702.4 444.2 0.9991
656.8 91.2 17.6 20.9 662.0 99.0 669.9 98.9 666.2 102.6 663.0 106.7 669.2 106.6 0.9991
519.3 501.4 20.6 26.7 527.5 511.1 536.6 511.4 533.6 515.2 528.4 520.8 536.0 521.1 0.9991
225.1 336.5 19.1 22.7 234.9 344.9 242.3 344.7 241.6 348.1 236.8 353.2 242.3 353.1 0.9991
531.3 644.3 24.3 30.1 540.2 653.8 551.3 653.6 547.4 660.0 542.1 666.5 550.4 666.4 0.9991
305.7 498.3 20.1 24.7 313.0 507.1 322.3 507.6 318.3 512.6 313.3 516.8 320.7 517.3 0.9990
162.0 399.9 20.1 24.4 170.2 407.8 178.8 408.7 175.5 412.2 170.6 417.0 177.4 417.7 0.9990
521.8 353.2 19.6 24.1 529.3 362.2 537.7 362.2 535.0 366.5 530.2 371.0 537.1 371.0 0.9990
713.7 561.7 22.5 25.5 721.0 571.8 731.2 570.6 727.2 577.2 723.2 581.8 730.9 581.0 0.9990
552.9 430.8 20.8 24.3 562.4 438.9 571.2 440.0 568.4 444.3 562.8 448.8 569.3 449.8 0.9990
484.7 18.4 15.2 18.7 489.4 25.8 496.7 25.7 493.6 28.7 490.3 32.4 496.2 32.4 0.9990
650.4 403.2 20.9 24.9 660.2 412.5 668.7 413.2 666.0 418.3 660.4 422.4 666.5 423.1 0.9990
29.3 532.1 21.3 27.8 43.1 541.9 47.1 541.1 50.0 546.6 45.3 553.0 48.1 552.8 0.9990
262.2 143.1 18.1 19.7 267.3 150.0 275.7 149.0 272.6 152.8 269.3 157.5 276.4 156.7 0.9990
422.4 547.2 23.9 28.3 432.5 557.9 442.7 557.7 439.6 563.6 433.7 568.7 441.8 568.6 0.9990
224.5 137.9 17.3 20.9 228.8 145.9 237.2 145.2 233.3 149.5 230.3 153.8 237.1 153.2 0.9990
996.5 537.9 22.5 26.8 1005.9 547.3 1015.5 547.0 1012.8 552.7 1006.9 557.8 1014.5 557.7 0.9990
64.6 347.9 20.6 24.1 72.0 356.2 81.3 356.3 77.5 360.8 72.9 365.4 80.5 365.5 0.9990
522.8 119.8 17.5 21.5 527.8 127.1 536.2 126.8 532.5 130.6 528.9 135.3 535.8 135.1 0.9990
899.9 597.4 19.2 25.5 909.3 606.6 916.7 607.4 914.6 611.7 909.0 616.0 915.2 616.8 0.9990
891.1 543.6 22.6 28.0 901.9 553.9 911.5 554.5 908.9 559.0 903.0 564.6 909.9 565.3 0.9990
929.9 342.5 20.5 23.9 938.2 350.6 947.1 351.0 944.0 355.2 939.2 360.0 946.0 360.3 0.9990
643.8 20.7 15.2 18.1 651.4 26.7 655.9 25.8 656.8 28.9 653.9 33.7 657.3 33.2 0.9990
691.4 651.5 22.5 27.3 700.8 661.1 710.4 660.6 707.4 666.6 702.5 672.3 709.8 672.2 0.9990
1001.9 221.5 17.9 22.0 1008.3 229.6 1016.4 230.2 1013.2 232.5 1008.9 237.1 1015.6 237.6 0.9990
118.0 298.9 19.7 22.8 123.9 305.6 133.5 305.2 129.7 309.1 125.3 314.7 133.5 314.4 0.9990
810.4 150.0 18.2 21.1 817.7 157.6 825.8 157.3 823.2 161.9 818.8 165.9 825.0 165.8 0.9989
21.3 446.7 20.6 25.1 29.4 455.3 38.8 455.5 35.4 459.8 30.0 464.6 38.0 464.9 0.9989
0.7 51.0 16.0 19.4 7.0 58.0 14.1 58.6 11.3 61.7 7.2 65.1 12.9 65.7 0.9989
285.9 383.2 20.9 24.9 291.7 392.5 301.0 391.6 297.0 396.8 293.3 401.7 301.1 401.1 0.9989
497.4 488.2 22.9 26.9 506.1 496.2 515.9 496.4 512.4 501.0 507.1 507.2 515.1 507.4 0.9989
838.3 446.9 21.6 25.2 846.4 456.6 856.2 456.0 853.1 460.4 848.4 466.1 855.6 465.8 0.9989
916.8 195.7 19.2 23.7 922.4 204.3 930.9 204.2 926.8 209.2 923.2 213.6 930.0 213.5 0.9989
177.2 611.2 19.8 27.3 190.5 620.3 192.3 619.6 196.6 624.4 192.6 630.9 193.8 630.7 0.9989
252.0 174.9 17.4 20.1 257.7 182.0 265.8 182.2 262.4 185.5 258.6 189.7 264.9 189.8 0.9989
708.2 102.6 17.1 19.5 714.2 109.9 722.2 109.0 719.6 113.4 716.2 117.6 722.2 117.0 0.9989
162.8 222.3 17.1 19.9 167.6 229.1 175.9 228.9 172.1 232.2 168.4 236.5 175.4 236.4 0.9989
211.1 110.2 18.0 21.7 219.2 118.5 226.2 117.8 224.8 122.1 221.0 126.5 226.4 126.1 0.9989
210.7 221.3 18.3 21.5 217.1 229.2 225.5 229.4 221.9 233.3 217.9 237.3 224.3 237.6 0.9989
390.2 87.3 16.8 19.5 394.9 94.9 402.6 94.5 399.1 98.2 396.2 102.2 402.1 101.9 0.9989
964.9 206.4 18.7 22.0 971.9 214.5 980.5 213.9 977.7 218.3 973.5 223.1 980.1 222.6 0.9989
24.4 328.6 20.0 23.3 33.8 337.0 41.8 336.3 40.0 341.3 35.4 346.2 41.3 345.8 0.9989
815.6 14.7 17.8 20.8 819.9 22.1 828.3 21.5 824.4 25.8 821.6 30.5 828.1 30.0 0.9989
752.5 531.6 22.6 25.4 761.1 539.5 771.4 539.8 767.5 544.9 762.1 550.1 770.1 550.4 0.9989
220.1 83.2 16.3 20.0 226.3 90.5 233.9 89.8 231.6 93.8 227.9 98.5 233.7 98.0 0.9988
674.2 522.8 22.4 25.4 683.2 530.8 693.1 531.4 689.5 536.1 684.1 541.2 691.6 541.7 0.9988
491.7 83.5 17.2 19.7 494.5 90.5 502.0 89.7 497.6 94.5 496.3 98.7 502.0 97.9 0.9988
829.2 177.8 17.8 20.7 835.5 185.7 843.6 186.0 840.2 189.8 836.1 193.3 842.5 193.6 0.9988
202.1 313.0 19.1 23.9 208.7 322.3 217.5 323.0 213.5 327.5 209.0 331.4 215.7 332.1 0.9988
990.1 616.5 21.4 24.9 1000.0 625.2 1008.7 625.3 1006.9 630.2 1001.7 635.5 1007.9 635.7 0.9988
779.8 27.6 16.7 18.9 785.4 33.8 792.9 34.3 789.2 38.7 785.6 41.8 791.3 42.2 0.9988
900.2 487.9 25.5 28.8 909.6 498.0 920.4 496.1 918.1 501.8 913.7 509.5 921.7 508.1 0.9988
383.6 335.9 19.1 23.2 391.3 345.0 399.2 344.8 396.2 350.1 392.1 354.1 398.1 354.1 0.9988
376.6 624.8 23.8 26.5 385.3 633.5 395.7 632.1 393.0 637.2 388.3 644.1 396.1 643.1 0.9988
165.0 112.2 16.7 20.5 170.9 120.4 178.3 119.8 175.8 123.6 172.7 128.0 178.2 127.6 0.9988
7.2 350.0 20.9 26.3 12.9 359.7 22.5 361.2 16.9 365.5 12.5 369.4 20.0 370.5 0.9988
755.4 359.9 19.6 25.8 763.0 370.3 772.2 370.3 769.0 374.9 764.1 379.8 771.0 379.9 0.9988
158.7 94.3 18.1 21.7 164.3 103.0 172.1 103.2 168.2 107.5 164.4 110.7 171.0 110.9 0.9988
92.2 324.3 18.6 23.6 97.0 332.7 106.2 332.2 101.9 337.9 98.6 342.5 105.7 342.1 0.9988
911.1 529.6 21.3 24.4 917.5 537.8 927.8 538.3 922.7 542.4 918.0 547.5 926.0 547.9 0.9988
1001.8 326.8 19.6 22.5 1008.7 334.1 1017.5 334.1 1014.0 338.5 1009.4 343.0 1016.9 343.0 0.9988
163.6 360.0 19.5 23.3 170.2 368.2 179.0 368.7 175.1 373.3 170.8 377.3 177.8 377.7 0.9987
837.7 686.5 24.5 31.0 848.7 698.1 859.1 698.2 856.1 703.8 850.2 710.1 857.9 710.3 0.9987
293.6 274.7 20.0 24.5 300.8 282.9 309.3 282.4 306.4 286.6 302.6 292.4 309.3 292.0 0.9987
852.8 81.5 17.7 22.2 859.5 89.4 867.7 89.2 865.0 93.1 860.8 97.7 867.6 97.6 0.9987
673.4 605.9 21.4 26.5 680.5 615.8 690.5 615.5 686.8 619.6 682.4 625.6 690.2 625.4 0.9987
722.6 31.7 17.5 20.9 729.0 38.0 736.7 39.1 733.2 42.1 728.9 46.3 735.3 47.1 0.9987
654.7 239.4 18.6 21.6 662.3 246.7 670.6 247.2 667.6 250.9 662.7 255.1 669.3 255.6 0.9987
605.4 387.5 19.1 22.9 614.3 395.2 621.4 394.4 621.0 399.0 616.7 404.4 622.1 403.9 0.9987
689.0 248.9 19.7 22.1 695.7 256.4 704.6 256.2 701.2 260.5 697.1 265.2 704.1 265.0 0.9987
69.9 163.4 18.7 23.3 75.8 172.1 84.9 171.8 81.1 176.6 77.0 181.1 84.3 181.0 0.9986
65.4 635.8 24.6 28.5 75.2 646.6 85.9 646.0 82.7 651.7 77.3 657.4 85.2 657.0 0.9986
550.1 100.7 17.7 20.5 557.4 107.8 564.6 110.0 560.7 113.3 556.0 116.0 561.3 117.7 0.9986
370.3 207.7 20.8 27.5 381.5 216.6 389.1 216.3 388.9 221.3 382.8 227.7 388.8 227.6 0.9986
851.9 255.9 18.6 22.0 857.0 263.6 865.6 263.7 861.3 267.6 857.6 272.0 864.9 272.0 0.9986
312.3 82.0 16.6 21.0 317.8 89.7 325.6 89.9 322.4 92.8 318.9 97.6 325.0 97.7 0.9986
524.2 7.1 14.8 18.9 527.2 14.3 534.1 14.7 529.9 17.8 527.6 21.4 532.9 21.7 0.9986
601.8 89.1 17.3 19.1 609.1 96.2 616.5 95.9 614.2 99.8 609.9 103.3 616.1 103.1 0.9986
626.5 638.5 21.3 26.8 635.0 647.5 644.5 647.1 642.2 651.7 637.3 658.3 644.6 658.1 0.9986
325.8 447.3 21.0 23.8 335.8 454.8 344.2 454.5 342.7 458.9 337.4 464.3 344.0 464.2 0.9986
38.2 589.2 23.7 27.1 46.5 599.4 57.5 599.3 53.1 604.2 48.1 609.8 56.3 609.8 0.9986
670.3 678.3 25.5 28.9 676.4 689.0 688.0 688.7 682.0 692.9 677.9 699.7 687.0 699.4 0.9986
645.4 702.0 23.8 28.8 653.9 713.0 664.6 711.6 661.6 716.6 656.8 723.5 665.2 722.4 0.9986
72.4 13.3 16.5 21.1 75.7 21.7 83.6 22.2 78.9 25.5 76.3 29.4 82.4 29.7 0.9986
137.5 698.8 23.7 29.2 145.7 710.2 156.5 709.2 152.7 715.3 148.0 721.3 156.2 720.6 0.9986
78.5 555.8 22.4 24.9 87.1 564.1 97.0 563.7 94.3 568.2 89.2 573.9 97.1 573.6 0.9986
104.6 238.1 19.8 25.9 111.9 248.0 120.8 248.1 117.3 252.9 113.0 257.7 119.8 257.9 0.9986
726.4 313.7 19.0 23.5 737.3 321.8 743.8 322.0 743.5 326.6 738.0 331.2 742.6 331.6 0.9986
180.0 277.2 18.8 21.0 185.8 283.4 194.4 284.1 190.2 287.6 186.0 292.0 192.9 292.6 0.9986
706.3 151.6 18.0 22.1 712.0 159.4 720.7 159.5 717.0 163.8 712.8 168.1 720.0 168.2 0.9986
708.0 281.8 20.3 23.3 716.7 289.4 725.4 289.6 722.5 294.6 717.4 299.1 724.1 299.4 0.9986
941.7 19.3 15.7 19.4 947.7 26.1 955.1 26.1 952.5 29.7 948.5 33.6 954.7 33.6 0.9985
109.6 516.5 24.2 27.1 119.2 524.3 129.9 526.1 124.9 531.0 118.3 535.5 126.7 537.0 0.9985
421.6 51.7 16.4 18.7 426.3 58.1 434.1 57.4 430.9 61.4 427.9 65.7 434.0 65.1 0.9985
422.6 307.9 19.0 21.8 429.1 315.7 437.8 315.2 434.5 319.4 430.8 324.3 437.4 324.0 0.9985
219.7 712.9 23.8 25.8 230.7 721.3 240.6 722.4 237.7 725.4 231.6 730.9 239.0 731.8 0.9985
801.9 560.3 22.4 25.0 813.4 568.7 822.0 568.8 821.2 572.8 815.7 578.7 821.8 578.9 0.9985
330.6 142.6 16.3 18.0 336.7 148.0 344.1 148.7 341.3 150.8 337.4 155.1 343.3 155.6 0.9985
586.9 149.3 17.7 20.3 592.8 156.8 600.7 157.3 597.0 161.4 593.3 164.8 599.2 165.2 0.9984
565.2 249.3 20.7 23.9 573.6 256.6 582.4 256.2 580.1 260.6 575.4 266.2 582.7 265.9 0.9984
117.8 638.9 21.0 25.3 124.4 648.1 134.0 647.8 129.8 653.3 125.7 658.1 133.0 657.9 0.9984
278.1 570.4 23.1 27.2 288.2 580.2 298.1 578.8 295.9 585.2 290.6 591.2 297.9 590.3 0.9984
392.4 30.1 15.8 18.5 397.0 36.2 404.2 36.1 400.7 39.9 397.6 43.8 403.6 43.8 0.9984
981.7 306.2 19.3 23.4 989.2 314.7 997.6 314.1 994.9 318.5 990.8 323.5 997.4 323.1 0.9984
458.7 365.1 20.9 25.6 468.7 373.3 477.2 373.1 475.3 378.3 469.8 383.9 476.1 383.8 0.9984
830.0 730.0 24.1 29.5 840.5 740.3 851.0 740.1 848.2 746.1 842.2 752.1 850.3 752.1 0.9984
218.5 0.0 17.0 18.2 221.9 5.8 229.7 6.1 224.9 9.6 222.5 13.5 228.2 13.7 0.9984
756.3 125.8 16.3 21.1 762.0 133.0 769.5 133.4 766.4 136.5 762.5 141.1 768.7 141.4 0.9984
28.0 285.2 20.0 25.5 36.4 295.0 45.1 295.7 41.8 299.7 36.4 303.9 43.7 304.6 0.9984
253.8 117.1 17.2 20.0 260.0 124.2 267.9 123.8 265.0 128.3 261.2 132.4 267.2 132.1 0.9984
150.1 546.8 25.6 30.7 160.0 557.4 170.4 555.7 168.9 560.9 164.0 569.2 172.3 567.8 0.9984
743.3 78.4 17.2 21.5 749.0 85.4 756.8 86.1 753.1 89.8 749.2 94.1 755.4 94.6 0.9984
311.6 115.2 17.2 19.9 318.0 121.5 325.9 121.5 323.0 125.1 319.1 129.7 325.3 129.7 0.9984
441.8 249.6 17.6 21.4 447.3 256.9 455.4 256.6 452.1 260.8 448.7 265.4 454.9 265.3 0.9983
36.4 378.5 22.0 26.0 45.1 387.7 54.8 387.7 51.4 393.1 46.1 398.1 53.6 398.2 0.9983
789.1 609.0 25.1 27.4 797.7 618.4 809.4 618.7 804.5 623.2 798.8 628.8 808.1 629.1 0.9983
124.4 604.7 22.3 26.8 135.4 614.1 143.6 612.6 143.2 618.8 138.5 625.3 144.3 624.5 0.9983
154.8 299.6 19.8 23.2 162.1 307.8 171.1 307.9 167.4 312.1 162.7 316.8 169.9 317.0 0.9983
910.1 148.9 18.5 20.8 918.9 156.5 926.3 156.0 924.6 160.7 920.1 164.9 925.6 164.6 0.9983
451.5 667.3 21.8 27.9 461.6 677.4 470.1 677.7 468.3 681.4 462.7 687.6 469.4 687.9 0.9983
187.0 193.4 19.4 22.7 193.4 200.9 202.8 201.8 198.4 205.1 193.6 209.7 201.1 210.4 0.9983
472.7 640.0 22.8 29.9 483.9 651.0 493.1 650.6 492.0 654.7 486.1 661.8 493.2 661.6 0.9983
1001.1 393.5 20.2 23.9 1013.7 402.1 1020.0 402.4 1019.9 407.3 1013.4 411.8 1017.9 412.2 0.9983
979.0 567.1 23.2 24.9 987.9 575.3 997.8 575.2 994.5 578.8 989.7 584.8 997.3 584.7 0.9982
350.0 560.1 21.6 25.6 360.9 568.3 369.0 568.2 368.5 572.8 363.4 578.9 369.3 579.0 0.9982
420.8 111.4 17.5 20.1 425.9 117.8 434.0 118.1 429.8 122.4 426.2 126.2 432.7 126.5 0.9982
773.4 487.2 20.9 22.8 778.4 494.6 788.5 494.7 783.2 499.0 779.4 503.9 787.3 504.0 0.9982
0.0 641.1 19.1 27.4 6.0 651.3 15.3 651.2 11.5 656.3 7.4 662.1 14.3 662.1 0.9982
572.0 5.5 14.6 19.5 573.6 12.3 577.1 12.6 573.2 17.3 575.6 20.9 577.9 20.8 0.9982
808.0 65.0 15.9 18.6 814.3 72.0 821.5 72.5 818.7 75.4 815.0 79.1 820.3 79.5 0.9982
399.5 360.2 19.8 23.5 404.6 368.1 413.6 368.5 408.8 373.8 405.1 377.5 412.3 377.8 0.9981
498.9 567.1 22.0 24.8 507.9 575.2 517.4 575.9 513.9 580.3 509.0 585.5 515.5 586.2 0.9981
391.1 154.7 17.7 19.4 395.9 160.7 404.0 160.6 400.0 163.5 396.8 168.4 403.3 168.3 0.9981
350.2 282.4 20.3 23.4 357.8 289.9 366.7 290.1 363.5 294.0 358.9 299.0 366.0 299.2 0.9981
71.0 58.6 16.7 21.2 76.9 65.2 84.8 65.5 81.5 69.5 77.1 73.9 83.8 74.2 0.9981
119.3 365.4 19.7 24.6 126.7 373.6 135.7 374.0 132.1 379.2 126.9 383.4 134.1 383.8 0.9981
307.1 625.8 25.4 27.9 314.8 637.4 326.5 636.3 321.6 642.6 317.2 647.6 326.2 646.8 0.9981
502.8 247.3 19.2 23.3 508.3 255.6 517.1 254.8 513.4 259.3 510.3 264.8 517.1 264.1 0.9981
704.8 359.3 16.5 21.5 711.6 368.2 718.8 367.8 716.7 372.5 713.0 376.6 718.0 376.4 0.9981
372.1 589.3 22.4 27.0 382.7 600.3 391.6 600.8 388.4 606.5 382.6 610.7 388.9 611.2 0.9980
226.1 391.8 19.0 23.3 236.7 398.8 242.0 398.8 242.9 403.1 238.6 408.7 242.4 408.9 0.9980
757.6 204.4 18.1 21.8 763.1 214.0 771.6 212.8 768.7 217.8 765.7 222.3 772.0 221.4 0.9980
774.6 642.0 23.0 29.4 783.1 653.2 793.9 653.0 790.2 657.3 784.9 663.8 793.3 663.7 0.9980
254.2 440.1 20.5 24.3 259.5 448.7 269.1 448.6 264.3 453.3 260.6 458.4 268.1 458.3 0.9980
922.3 635.2 23.2 27.0 931.5 643.9 942.0 644.5 938.3 648.7 932.6 654.6 940.6 655.1 0.9980
987.6 28.0 14.8 18.6 993.4 35.4 1000.1 35.1 998.0 38.8 994.7 42.6 999.6 42.5 0.9980
941.1 230.7 18.5 21.3 947.3 238.0 955.4 238.8 951.4 242.5 947.3 246.3 953.8 246.8 0.9980
880.8 283.8 19.3 24.0 887.0 294.9 896.0 294.4 892.4 300.2 888.4 303.7 894.9 303.4 0.9979
573.8 557.2 23.3 25.5 585.6 565.4 594.0 564.8 592.8 570.4 587.1 576.2 593.1 576.0 0.9979
0.0 703.4 24.4 29.2 9.5 712.5 20.7 711.6 18.0 717.7 12.3 724.9 20.8 724.3 0.9979
792.3 80.4 16.4 19.2 798.4 87.3 805.6 87.0 803.2 90.6 800.0 94.8 805.5 94.6 0.9979
573.3 169.1 17.4 22.3 582.2 177.3 588.9 177.6 587.2 182.1 582.4 185.9 587.5 186.4 0.9979
540.1 283.5 18.9 23.2 547.7 292.7 555.5 293.1 552.6 298.0 548.3 301.5 554.2 301.8 0.9979
72.9 494.7 21.4 23.2 80.8 503.8 90.6 503.9 86.6 509.7 82.1 513.3 88.7 513.5 0.9978
970.4 78.7 17.3 21.5 972.6 86.3 979.2 86.0 974.4 90.2 973.8 95.0 978.7 94.6 0.9978
600.3 40.1 14.2 19.6 605.5 47.0 611.8 46.4 609.8 50.1 606.9 54.5 612.0 54.1 0.9978
951.5 100.1 18.1 20.3 956.7 107.9 964.9 106.6 961.7 111.2 959.0 115.9 965.2 114.9 0.9978
199.7 483.9 20.2 24.9 205.9 491.8 215.3 491.7 211.1 496.3 207.1 502.1 214.4 502.0 0.9978
936.3 680.4 24.6 29.5 946.4 689.5 956.9 692.0 952.1 695.6 945.6 700.8 954.0 702.7 0.9978
444.2 158.9 15.8 19.7 450.5 165.3 456.6 164.8 455.0 168.5 451.9 173.2 456.7 172.9 0.9978
441.5 12.6 17.3 19.5 445.4 19.1 453.6 18.9 449.2 23.1 446.4 27.2 453.0 27.0 0.9977
120.5 135.8 15.9 19.2 126.1 141.7 133.7 141.7 130.8 145.4 126.9 149.6 133.0 149.7 0.9977
346.5 25.1 15.7 19.6 352.0 33.1 359.4 32.3 356.9 36.9 353.8 40.8 359.3 40.3 0.9977
893.2 11.5 14.2 17.6 897.8 17.2 904.5 17.3 901.7 20.0 898.5 24.2 904.0 24.3 0.9977
642.7 167.1 17.6 21.4 650.3 175.4 657.7 174.5 656.0 179.3 652.3 183.8 657.8 183.3 0.9977
59.9 84.5 16.4 21.0 66.5 92.5 73.2 92.5 70.8 96.3 67.3 100.3 72.5 100.4 0.9977
995.8 54.4 15.9 19.4 1004.4 61.0 1010.3 61.3 1009.2 65.3 1004.7 68.8 1009.1 69.2 0.9976
53.5 34.6 15.3 19.4 61.4 41.9 66.7 41.1 66.7 45.2 63.2 49.5 66.9 49.1 0.9976
957.9 135.3 17.9 22.6 968.3 143.2 973.2 142.8 974.0 147.1 969.8 152.0 973.4 151.9 0.9976
66.3 0.0 14.0 15.3 71.1 4.1 77.3 4.9 74.3 7.8 71.2 11.0 75.9 11.7 0.9976
896.1 433.8 20.0 23.0 903.1 441.8 912.4 441.6 909.0 445.5 904.8 450.8 912.0 450.7 0.9976
955.0 427.8 18.4 24.1 960.8 436.2 969.6 435.4 966.5 439.5 962.7 445.4 970.0 444.7 0.9976
329.3 327.6 18.4 23.2 336.9 337.3 344.4 337.1 341.8 341.6 337.9 345.5 343.7 345.5 0.9976
854.5 53.7 16.7 19.9 856.6 60.5 863.4 60.9 857.9 64.5 856.8 68.6 861.8 68.8 0.9975
427.1 4.5 15.7 19.7 432.5 11.7 439.6 11.4 436.8 15.1 433.6 19.3 439.2 19.1 0.9975
680.0 16.1 14.3 15.9 684.8 21.0 691.4 20.8 688.7 24.2 686.0 27.8 691.0 27.7 0.9975
987.4 493.7 22.2 22.9 997.4 500.9 1006.5 501.4 1004.5 503.9 999.6 509.9 1006.3 510.4 0.9974
873.5 213.5 21.3 26.2 881.4 220.3 890.8 221.0 887.1 224.2 881.9 230.6 889.9 231.2 0.9973
193.0 579.7 24.2 29.1 204.9 590.6 214.5 590.2 212.8 595.4 206.6 601.3 214.0 601.2 0.9973
798.9 250.4 18.1 20.8 804.9 256.7 813.0 257.5 809.0 261.5 805.0 265.2 811.5 265.9 0.9973
700.5 182.6 18.9 20.5 706.6 189.2 715.4 189.4 711.5 192.7 707.7 197.6 714.3 197.8 0.9973
757.5 232.7 18.5 21.2 762.9 239.7 771.7 239.6 767.7 243.5 763.6 247.8 771.4 247.6 0.9972
361.8 77.6 15.8 18.5 366.0 83.7 373.8 83.2 370.4 86.3 367.2 90.9 373.6 90.6 0.9972
532.8 308.7 20.7 23.1 539.5 318.6 548.2 315.6 546.5 320.7 543.9 326.7 550.4 324.5 0.9972
632.7 255.6 19.8 22.9 641.3 263.2 649.8 263.8 646.9 267.8 642.2 272.6 648.6 273.1 0.9971
595.3 291.6 16.0 23.3 600.7 300.7 608.3 301.0 605.0 305.7 601.1 309.8 607.2 310.0 0.9970
350.2 45.2 15.9 19.9 356.7 52.2 363.7 51.6 362.0 55.4 358.4 60.2 363.8 59.7 0.9970
274.2 88.9 16.9 20.8 280.7 96.5 288.4 97.5 284.8 100.7 280.3 104.4 286.4 105.3 0.9970
594.3 458.7 16.8 24.6 600.1 468.2 607.5 468.4 604.2 473.3 600.3 477.4 606.4 477.6 0.9968
637.7 295.2 15.0 23.0 647.5 303.4 647.9 302.5 651.6 306.6 650.0 312.3 650.3 311.8 0.9967
816.2 353.5 19.1 22.3 822.3 361.1 831.6 361.2 827.3 366.6 822.7 370.5 830.0 370.7 0.9966
283.8 353.1 19.8 22.5 291.4 360.2 299.7 359.5 297.1 363.6 293.1 369.2 299.7 368.8 0.9965
14.7 141.3 17.2 23.2 17.7 150.2 25.2 150.3 20.3 154.3 18.4 159.0 24.0 159.0 0.9965
47.1 668.1 24.0 29.5 59.7 677.2 68.4 678.2 66.5 683.7 60.3 689.5 66.7 690.5 0.9965
123.0 116.4 17.1 20.0 129.7 123.9 137.4 123.9 134.8 128.3 130.9 132.2 136.5 132.3 0.9964
912.1 76.1 15.5 19.0 914.3 82.9 921.3 82.2 916.9 86.3 915.7 90.8 920.8 90.2 0.9964
0.0 487.3 20.9 23.0 8.3 494.4 17.4 493.6 15.0 497.8 10.4 503.9 17.1 503.4 0.9963
663.7 364.6 17.7 23.0 667.9 373.7 675.7 374.0 671.4 378.3 668.5 382.1 674.8 382.3 0.9963
652.3 280.4 17.5 23.0 660.6 290.4 667.5 290.3 665.7 295.1 661.4 298.7 666.6 298.9 0.9962
876.9 341.9 19.8 22.8 886.9 348.8 894.9 348.7 893.2 353.6 887.7 358.5 893.9 358.5 0.9961
436.9 432.8 23.6 23.9 446.9 442.2 456.4 443.1 452.2 448.5 446.1 451.5 452.5 452.3 0.9961
213.4 18.2 15.8 20.4 221.3 25.9 227.5 25.4 226.4 29.4 222.8 33.8 227.5 33.6 0.9961
300.8 25.6 15.7 17.8 305.4 31.6 312.9 31.9 309.5 34.8 306.1 38.7 311.9 38.9 0.9961
312.8 295.7 20.5 22.3 315.6 302.7 322.3 302.9 315.7 307.0 315.5 312.3 320.4 312.3 0.9961
131.1 482.9 21.0 24.2 140.5 492.3 149.1 491.6 147.4 496.5 142.9 501.8 149.0 501.5 0.9961
289.3 200.8 18.0 21.0 294.7 208.5 303.2 208.2 299.6 212.9 296.2 217.2 302.4 216.9 0.9960
758.6 275.4 18.6 21.5 767.2 282.7 774.4 282.2 772.9 287.2 768.5 291.6 773.9 291.3 0.9960
834.2 533.1 20.6 24.7 846.0 541.0 850.3 540.7 852.1 544.3 847.8 550.2 851.3 550.3 0.9959
857.3 154.7 17.2 19.6 860.5 161.5 868.2 160.2 864.3 164.1 862.6 169.3 868.6 168.2 0.9957
971.4 383.8 18.4 22.6 973.8 392.1 979.4 391.9 974.9 397.6 976.9 401.8 980.8 401.3 0.9957
382.1 2.7 14.6 17.3 387.4 7.6 394.0 8.5 391.0 11.2 387.5 14.9 392.6 15.7 0.9957
589.7 207.1 17.5 21.2 595.3 214.1 604.0 214.5 600.0 219.5 595.9 223.4 602.3 223.8 0.9956
497.8 710.6 24.4 25.5 507.5 719.9 518.0 720.3 513.8 726.1 507.9 729.7 516.1 730.1 0.9954
392.9 534.7 20.8 23.7 402.9 542.2 411.2 542.1 409.8 546.0 405.1 551.9 411.5 551.9 0.9954
732.5 703.1 23.8 27.3 741.1 712.2 750.5 710.5 748.7 714.9 745.0 722.5 752.4 721.1 0.9954
125.3 77.6 16.7 19.2 130.0 83.9 137.9 84.7 133.6 88.0 130.1 91.6 136.4 92.2 0.9954
770.2 463.9 23.7 29.3 778.5 476.7 789.1 476.3 785.0 482.5 780.0 487.3 788.4 487.0 0.9952
558.6 217.8 18.7 22.0 566.7 225.4 574.8 225.5 572.3 229.9 567.8 234.4 573.8 234.6 0.9951
638.0 362.1 20.9 25.9 648.4 370.0 655.1 368.8 655.5 373.6 651.4 380.3 656.6 379.6 0.9951
165.0 23.6 15.6 18.6 172.8 29.9 178.6 29.5 177.9 33.3 174.4 37.7 178.6 37.5 0.9950
384.7 680.5 22.8 28.2 394.3 693.6 403.1 691.3 402.2 696.5 398.5 702.8 405.0 701.1 0.9947
526.1 477.3 16.0 21.6 531.5 485.6 538.6 486.7 534.8 490.8 531.1 494.1 536.4 495.0 0.9947
409.0 71.0 16.8 18.3 414.8 77.4 422.1 76.2 419.9 79.5 416.8 84.3 422.7 83.3 0.9947
72.5 138.5 18.2 21.8 80.1 146.1 87.9 146.4 84.9 150.8 80.6 155.1 86.6 155.4 0.9943
696.7 211.2 17.0 20.2 698.9 218.2 704.3 218.6 699.3 222.6 700.1 226.6 703.9 226.7 0.9943
963.0 263.8 18.4 21.4 971.7 271.6 979.2 271.6 977.4 275.9 972.7 279.9 978.4 280.1 0.9942
882.3 312.3 17.0 19.6 885.8 318.9 894.1 319.0 889.5 323.6 887.0 327.6 892.9 327.7 0.9940
256.3 13.6 15.5 18.5 261.3 20.2 268.6 20.0 265.5 24.2 262.4 28.1 267.7 28.0 0.9939
810.9 110.7 19.6 22.3 817.8 118.5 826.7 118.7 823.1 122.1 818.8 127.1 825.9 127.3 0.9939
683.6 310.0 15.6 22.0 694.7 318.2 696.0 317.5 698.6 322.0 695.1 326.7 696.0 326.4 0.9937
837.4 308.3 15.9 20.5 842.6 316.1 849.9 316.1 846.7 320.4 843.3 323.9 849.2 324.0 0.9932
280.4 606.4 22.2 25.5 290.8 615.1 299.2 614.7 297.4 619.4 292.4 625.1 298.8 625.0 0.9932
991.8 98.5 16.8 19.0 996.5 106.2 1004.1 104.8 1001.6 108.4 999.2 113.2 1005.1 112.0 0.9926
105.2 390.2 19.8 24.2 112.7 397.5 121.7 397.6 118.6 401.5 113.9 407.3 121.3 407.4 0.9925
228.1 258.1 19.7 24.2 234.4 266.5 243.4 266.8 239.4 271.5 235.1 276.1 242.2 276.4 0.9924
555.8 644.1 20.3 27.0 564.3 654.0 573.3 654.7 569.7 659.4 564.2 664.2 571.4 664.8 0.9920
936.9 123.1 17.2 21.8 701.8 339.4 711.0 339.7 707.4 343.4 703.0 348.6 710.1 348.9 0.9911
827.6 427.7 23.0 25.2 942.7 131.4 950.3 131.3 946.9 135.4 943.5 139.7 949.5 139.7 0.9910
140.6 170.8 17.1 21.4 833.9 436.2 844.6 436.0 839.6 441.1 835.0 446.2 843.6 446.1 0.9899
15.0 0.0 17.1 12.2 145.9 177.7 153.8 179.3 149.1 182.3 145.3 185.9 151.3 187.3 0.9898
68.7 197.5 19.9 24.2 21.2 -0.2 28.8 -0.4 26.0 3.0 22.3 7.1 28.2 7.0 0.9895
307.2 227.9 17.8 21.6 75.3 207.3 84.5 208.0 80.1 212.0 75.8 216.1 82.9 216.7 0.9894
815.9 328.0 20.7 21.6 311.5 234.6 320.0 234.8 315.3 239.3 312.0 244.0 318.7 244.1 0.9887
702.5 124.6 15.9 19.2 824.0 335.8 832.7 335.7 829.2 340.6 824.9 344.8 831.2 344.8 0.9886
808.1 223.7 17.2 19.0 709.1 131.3 716.2 131.7 713.7 135.0 709.6 139.0 715.0 139.4 0.9879
168.6 0.0 14.7 17.5 813.3 232.2 820.9 230.9 818.1 235.5 815.6 239.5 821.0 238.5 0.9877
697.0 83.1 16.4 18.9 171.7 6.0 178.7 6.4 174.6 10.2 172.2 13.7 177.4 13.9 0.9869
480.2 151.5 16.3 18.2 702.2 89.2 709.7 89.5 706.2 92.9 702.8 96.8 708.8 97.0 0.9860
839.2 654.3 21.8 24.5 485.0 157.3 492.7 157.1 489.3 160.3 485.9 164.4 492.5 164.3 0.9855
612.2 225.4 15.3 19.1 845.3 664.7 854.7 663.7 850.9 668.5 847.3 673.0 855.2 672.3 0.9849
386.8 474.8 18.4 24.4 618.3 231.2 625.0 231.2 622.9 234.9 619.2 238.9 624.8 239.0 0.9848
15.0 187.6 16.8 20.0 393.0 482.7 401.7 482.7 398.4 487.4 394.3 492.8 401.1 492.7 0.9845
892.3 465.5 24.4 29.6 20.7 195.6 28.6 195.3 25.7 198.7 22.1 202.9 28.5 202.7 0.9832
944.2 291.0 19.8 21.3 902.2 478.0 912.4 476.4 909.8 482.1 905.2 488.3 913.2 487.1 0.9783
394.7 55.3 15.3 18.6 951.2 298.5 960.0 298.3 956.6 301.9 952.7 306.7 959.7 306.6 0.9775
529.1 34.3 15.9 18.2 399.1 61.6 406.0 62.2 402.1 65.1 399.1 68.9 404.5 69.4 0.9758
960.5 15.5 15.7 18.6 3.8 41.1 10.7 40.9 7.4 44.2 4.8 47.8 10.1 47.6 0.9746
0.0 236.4 15.2 23.6 534.4 40.7 541.5 40.1 539.1 43.3 536.1 47.6 541.9 47.2 0.9741
522.2 608.8 25.9 28.8 966.5 21.4 973.7 21.4 971.2 24.8 967.5 29.0 973.2 29.1 0.9717
122.9 0.0 15.4 11.8 3.3 244.6 11.7 244.1 9.3 248.3 5.1 253.7 11.9 253.4 0.9635
429.8 201.9 16.4 18.7 533.6 620.0 544.1 620.1 541.0 625.4 535.4 630.8 542.7 631.0 0.9588
366.6 313.8 20.8 23.7 128.4 1.4 135.6 1.9 132.3 5.8 129.0 8.6 134.0 9.1 0.9560
569.5 709.8 20.9 23.3 436.4 209.4 442.5 209.5 440.1 212.8 437.0 216.2 441.6 216.3 0.9542
489.6 180.9 16.9 19.8 377.1 321.2 384.5 321.9 382.5 326.5 377.2 330.9 382.9 331.6 0.9532
408.3 274.2 16.7 19.7 576.0 717.7 585.4 717.3 581.6 722.9 577.5 727.8 584.7 727.6 0.9530
538.7 207.9 14.8 20.7 495.6 188.0 503.2 188.3 499.8 191.4 496.1 195.4 502.2 195.7 0.9522
116.5 96.6 16.2 20.8 412.0 282.9 419.9 283.0 415.6 287.8 413.2 290.8 418.6 290.7 0.9435
442.6 472.3 16.7 22.2 543.8 216.0 549.9 215.5 547.9 219.8 545.0 224.0 549.9 223.7 0.9398
905.2 59.8 14.0 17.6 124.9 105.7 130.8 105.0 129.8 109.8 125.7 113.6 129.8 113.3 0.9363
344.1 256.6 18.5 21.3 453.2 479.3 455.8 478.4 457.3 482.5 455.0 487.8 456.6 487.4 0.9339
901.1 265.9 18.4 19.6 909.6 66.4 916.1 66.0 913.4 70.0 910.7 73.8 915.6 73.5 0.9320
197.9 182.9 17.1 21.2 351.7 263.2 359.4 263.3 356.8 267.8 352.8 272.4 358.7 272.6 0.9317
858.4 372.7 22.1 23.8 908.5 274.0 916.6 274.1 913.5 278.7 909.2 281.6 915.1 281.8 0.9252
12.5 222.2 16.3 20.7 202.4 190.4 210.9 191.0 206.6 195.0 202.8 199.1 209.3 199.6 0.9190
191.8 414.0 16.7 20.1 866.0 382.6 876.1 383.5 871.2 388.4 866.1 391.6 873.8 392.3 0.9072
645.1 81.9 15.4 19.2 17.8 229.1 25.4 230.6 21.2 233.9 17.0 237.3 23.3 238.5 0.9049
600.3 663.9 23.9 28.2 194.1 421.2 197.5 421.0 193.6 425.5 196.0 429.5 198.4 429.1 0.8714
746.4 255.5 20.1 24.4 649.9 88.9 656.5 88.8 653.6 92.7 650.7 96.5 656.0 96.5 0.8578
332.8 0.0 15.6 10.0 610.2 674.0 619.7 673.6 616.7 679.6 611.9 685.4 618.9 685.2 0.8434
1014.9 424.9 8.7 24.8 752.2 264.2 761.4 264.9 756.4 268.8 752.5 273.0 759.8 273.5 0.7356
611.3 609.3 19.5 22.4 338.7 -2.6 345.8 -2.3 342.9 0.7 339.0 4.6 344.8 4.9 0.6802
138.5 330.0 21.3 28.8 758.5 4.3 763.7 4.2 761.4 7.2 759.1 9.9 763.2 9.9 0.6743
55.2 255.3 18.2 20.2 71.8 100.2 78.9 99.2 76.6 103.5 73.3 107.1 79.3 106.4 0.6361
862.9 41.4 16.8 19.5 54.3 11.1 59.5 11.0 57.4 14.6 54.9 17.7 58.9 17.8 0.6185
487.3 410.2 17.0 19.6 1023.9 433.5 1031.8 433.5 1029.1 438.4 1024.9 443.3 1030.9 443.4 0.6162
947.4 380.8 15.6 23.1 616.3 617.4 625.0 617.1 620.9 621.7 618.0 626.3 624.4 626.1 0.5821
901.1 186.3 19.6 26.0 142.7 338.8 148.5 339.4 141.4 343.1 141.3 350.4 145.6 350.6 0.5213
