21--Festival/21_Festival_Festival_21_531.jpg
8
842.0 401.6 63.4 82.6 869.7 433.4 895.0 429.4 893.7 442.6 880.9 464.5 899.5 461.7 0.9996
748.3 393.3 72.3 87.2 762.3 426.7 793.2 427.5 772.8 441.0 763.7 458.8 786.8 459.9 0.9995
547.1 427.8 143.5 184.4 602.9 490.4 663.6 484.4 649.8 531.8 620.9 570.0 661.3 565.0 0.9994
753.0 297.8 43.1 55.2 767.3 318.6 787.9 317.8 780.6 328.4 771.4 340.1 786.8 339.4 0.9994
915.4 385.5 48.1 65.7 949.4 403.9 954.8 402.4 964.1 416.5 949.8 430.8 954.7 430.5 0.9992
106.3 258.0 120.3 152.1 169.0 314.6 213.2 311.1 211.3 341.4 177.9 372.7 211.1 370.8 0.9983
939.5 608.7 40.4 58.4 954.0 633.1 973.0 635.5 964.5 646.8 953.6 653.4 968.1 655.5 0.9979
692.2 422.7 46.2 66.7 654.5 227.7 659.3 228.1 653.9 235.5 657.3 241.3 660.2 241.2 0.6935
