21--Festival/21_Festival_Festival_21_29.jpg
9
686.2 361.6 12.5 15.9 688.3 368.5 693.0 368.1 690.0 371.6 689.7 374.4 693.2 374.0 0.9954
229.9 277.5 18.5 20.4 235.6 285.7 243.9 284.3 241.1 288.8 238.3 293.7 244.4 292.6 0.9832
638.0 429.5 17.9 24.4 650.6 436.4 653.5 435.9 656.0 441.3 651.7 447.0 653.9 447.0 0.9799
251.8 433.3 6.8 9.8 256.2 437.5 257.5 437.3 257.9 439.3 256.5 441.1 257.3 441.1 0.9715
613.9 279.1 14.6 16.7 617.4 286.5 624.5 284.7 622.0 289.0 620.3 293.2 625.2 291.7 0.9615
614.3 359.0 10.4 12.5 974.0 482.8 982.4 482.2 979.1 486.5 975.7 491.8 982.5 491.3 0.9099
184.3 370.8 7.7 9.1 620.6 364.0 623.2 363.8 623.0 366.9 620.3 369.1 622.1 369.0 0.7689
343.1 419.1 11.3 12.3 870.5 477.6 876.3 476.2 876.1 481.6 872.3 486.4 876.6 485.6 0.7164
283.4 417.0 10.0 12.0 187.5 374.3 190.4 374.2 189.6 376.2 188.0 378.1 190.1 378.0 0.5019
