21--Festival/21_Festival_Festival_21_678.jpg
13
347.8 352.1 46.1 58.7 357.5 367.7 368.1 372.2 351.0 378.8 351.8 391.6 359.7 394.6 0.9997
66.8 337.7 41.2 63.9 73.6 361.6 81.2 363.1 67.7 372.9 73.3 384.8 78.9 385.3 0.9996
480.3 47.7 45.7 52.4 492.0 61.7 511.2 62.7 499.7 73.4 492.1 82.3 508.5 83.3 0.9996
606.4 93.2 47.7 52.6 621.1 109.4 643.6 108.6 634.4 118.2 624.1 130.7 642.6 130.1 0.9995
565.9 344.5 50.3 60.7 570.5 365.1 584.9 365.5 570.3 379.5 578.0 390.5 588.1 390.0 0.9993
800.7 98.6 45.7 58.0 806.0 120.1 817.0 119.5 805.4 132.8 812.3 143.4 819.8 142.3 0.9992
814.3 1.0 44.2 52.7 829.6 20.8 848.8 18.6 842.5 29.6 834.9 41.2 849.6 39.2 0.9992
296.7 5.2 43.3 50.2 310.3 19.9 330.4 22.1 320.2 30.7 309.6 40.2 326.2 42.1 0.9992
634.8 330.7 44.8 67.1 641.3 350.6 647.7 351.3 635.9 362.2 641.1 378.2 645.8 378.4 0.9990
409.3 17.4 41.5 53.5 434.2 35.7 446.5 36.9 446.7 46.4 435.3 56.6 444.3 58.1 0.9990
141.9 377.8 42.8 64.1 149.6 401.8 157.3 403.7 142.9 413.0 147.2 426.2 152.6 427.1 0.9990
909.3 254.5 43.9 61.8 915.7 275.8 924.2 277.8 911.0 287.3 914.2 300.2 919.7 301.6 0.9981
803.0 343.5 39.9 54.9 810.3 355.4 812.3 357.8 805.3 367.6 811.5 380.5 812.9 382.1 0.9888
