21--Festival/21_Festival_Festival_21_405.jpg
25
160.6 170.0 16.6 18.4 167.5 176.8 174.2 175.1 172.7 180.0 169.4 184.1 174.5 183.0 0.9986
476.1 57.1 14.7 18.0 479.4 63.4 486.2 63.5 482.5 67.1 480.0 70.7 485.6 70.7 0.9986
587.8 94.6 16.3 19.6 590.7 103.2 597.5 103.6 593.2 108.1 592.1 110.9 596.9 111.1 0.9977
335.4 100.1 15.7 19.2 341.6 108.5 348.3 106.7 346.8 112.0 344.1 115.9 348.9 114.6 0.9976
537.8 68.1 15.4 18.1 540.6 74.0 546.5 74.0 542.8 78.1 541.9 81.4 546.5 81.3 0.9974
428.2 89.7 14.1 16.8 433.8 96.8 440.0 95.7 438.2 100.0 435.4 103.3 439.9 102.6 0.9970
611.5 139.0 16.9 19.3 616.5 145.5 624.4 146.3 620.1 150.7 616.6 153.7 622.6 154.3 0.9969
9.6 0.0 15.2 15.6 14.7 3.4 21.8 3.3 18.7 7.4 15.3 11.1 21.0 11.1 0.9957
991.1 256.2 14.2 16.5 993.0 261.5 996.1 262.5 992.3 266.0 993.8 269.0 995.6 269.6 0.9920
950.4 603.2 19.7 21.1 961.2 610.9 966.8 610.9 965.1 616.4 960.0 619.5 963.7 619.8 0.9909
665.3 70.6 14.6 17.3 669.4 78.7 676.0 78.9 672.6 82.7 670.2 85.1 674.9 85.3 0.9900
344.7 189.8 15.3 19.5 348.9 197.6 356.0 198.4 351.9 202.4 348.9 205.2 354.1 205.8 0.9816
727.7 94.4 12.9 15.6 729.7 101.1 732.8 101.2 730.5 104.9 732.1 107.1 733.9 107.0 0.9793
813.1 184.7 16.5 21.0 815.8 191.3 821.0 192.9 815.2 196.3 814.8 200.2 818.4 201.2 0.9781
470.6 143.0 15.6 19.2 473.3 150.9 479.1 151.2 475.1 155.7 474.9 158.5 479.2 158.6 0.9737
841.7 227.6 16.3 20.2 844.5 234.5 848.8 236.5 843.5 239.3 843.4 242.3 846.6 243.6 0.9709
844.2 143.8 16.8 17.4 846.6 150.4 853.4 149.8 849.5 154.6 849.0 157.9 853.7 157.3 0.9686
60.3 437.1 19.3 23.3 68.8 445.6 71.9 442.7 75.9 446.0 75.5 453.0 77.6 450.8 0.9572
244.9 173.5 15.9 18.6 251.7 180.6 258.1 178.8 256.8 183.9 254.2 188.1 258.7 186.9 0.9535
183.7 621.7 16.8 21.2 196.2 630.2 198.0 629.7 198.8 634.8 193.7 638.1 194.6 638.0 0.9346
580.5 512.5 15.1 21.4 583.3 519.4 584.6 520.1 581.4 524.3 584.5 528.3 585.3 528.6 0.8960
407.7 153.1 14.3 14.1 411.8 159.2 418.0 158.8 415.2 162.6 413.2 164.8 417.6 164.6 0.8676
3.5 94.0 11.1 17.1 5.9 99.3 7.6 99.9 4.7 103.1 5.4 106.8 6.6 107.0 0.8646
100.7 292.8 14.1 19.8 110.5 301.0 112.5 300.5 113.6 304.9 110.1 308.6 111.3 308.4 0.7928
132.0 320.4 12.7 19.0 141.0 327.1 142.7 326.6 143.6 331.0 140.0 334.9 141.2 334.7 0.5642
