21--Festival/21_Festival_Festival_21_521.jpg
63
848.9 524.5 75.2 78.1 874.4 548.3 903.6 564.7 880.4 571.6 861.0 572.5 887.6 586.6 0.9998
595.8 352.4 51.7 67.1 613.5 370.2 636.5 376.1 622.7 387.1 609.4 398.4 626.5 403.5 0.9997
286.6 320.3 42.3 56.4 295.8 337.5 314.2 339.1 302.1 348.1 296.0 360.0 309.5 361.4 0.9997
771.8 352.9 33.2 33.5 785.5 363.7 799.6 370.0 790.2 374.9 780.9 377.0 790.3 382.1 0.9997
244.8 282.5 31.3 40.5 247.7 297.7 259.7 298.1 249.8 305.6 249.0 313.3 258.4 313.3 0.9996
723.7 349.2 37.8 44.0 737.2 362.1 753.2 368.3 742.3 373.6 732.4 379.5 744.9 384.4 0.9995
286.5 589.2 88.2 92.4 306.9 648.3 346.9 638.8 329.9 670.3 324.1 684.1 351.7 676.3 0.9995
0.0 290.6 57.6 62.9 4.2 316.5 25.6 313.8 8.6 327.2 9.1 338.2 27.2 335.8 0.9995
797.1 274.2 20.2 24.6 805.3 283.3 813.3 283.9 809.7 287.9 805.0 292.0 811.7 292.6 0.9995
249.7 450.9 52.4 68.5 258.0 482.1 282.2 480.8 267.6 493.9 262.6 505.4 281.7 504.2 0.9994
502.7 598.7 88.6 82.9 530.0 638.7 565.8 657.9 535.6 672.2 515.9 671.4 541.3 686.4 0.9994
684.8 460.7 76.7 95.2 705.3 498.1 740.5 501.6 720.4 519.2 706.2 533.8 731.3 536.9 0.9994
535.2 344.8 42.4 49.6 546.0 358.6 561.9 363.7 546.9 367.5 541.0 378.3 552.2 382.2 0.9994
828.7 324.0 30.3 33.3 839.2 333.9 851.7 337.6 843.9 342.4 836.7 347.1 846.1 350.0 0.9993
711.8 275.9 24.7 28.8 718.7 284.5 729.2 286.1 722.3 289.7 717.4 295.7 726.0 297.0 0.9993
922.7 323.9 33.7 35.6 937.1 334.5 951.5 336.6 945.6 343.6 936.5 349.4 947.4 351.3 0.9993
655.7 315.9 30.4 39.5 663.5 330.6 677.2 331.3 669.6 338.1 664.1 345.1 675.2 345.6 0.9992
472.0 480.8 54.5 75.4 486.1 511.4 510.5 515.6 495.7 526.9 485.8 538.5 502.9 541.8 0.9991
842.5 282.8 21.6 25.6 849.6 292.1 859.5 293.4 854.0 298.0 848.9 302.3 856.7 303.4 0.9990
686.5 395.0 37.6 45.4 696.3 414.0 713.6 415.1 704.2 425.3 698.1 432.0 710.3 432.8 0.9989
892.3 288.2 23.8 24.2 899.4 296.0 909.5 298.0 903.1 300.2 898.7 305.1 906.0 306.7 0.9983
677.0 289.8 21.3 26.7 683.9 300.1 692.8 300.4 688.2 305.6 684.3 310.4 691.3 310.6 0.9979
443.9 317.7 27.0 37.6 448.8 331.3 460.6 332.5 452.3 339.4 449.2 346.1 458.4 346.9 0.9975
676.0 235.6 17.7 21.6 682.2 241.9 689.8 243.4 685.5 246.7 681.5 250.9 687.4 252.0 0.9974
641.9 285.2 21.6 25.9 646.3 292.5 655.9 292.9 650.0 298.4 647.3 304.0 654.7 304.3 0.9973
898.3 391.5 35.8 36.4 912.3 403.6 926.2 409.6 917.1 413.3 907.8 416.5 918.0 421.3 0.9973
735.9 305.3 27.8 30.4 744.7 314.6 756.7 316.7 749.9 321.3 743.6 326.7 753.5 328.4 0.9969
99.0 269.4 34.3 45.2 104.6 284.3 110.5 284.9 100.7 291.8 104.1 302.0 108.6 302.1 0.9959
330.4 208.1 15.1 19.6 334.4 215.7 341.2 215.9 337.6 219.8 335.0 223.5 340.2 223.6 0.9959
703.6 610.6 99.2 72.0 728.1 660.4 775.4 664.3 748.0 684.9 728.3 705.7 767.7 708.8 0.9945
267.5 222.6 22.9 29.0 269.9 232.9 276.8 232.7 269.9 238.8 271.0 244.9 275.8 244.4 0.9915
0.0 479.8 71.1 140.9 -30.6 537.6 4.0 547.5 -36.9 566.7 -33.7 584.7 -9.0 591.9 0.9905
638.2 219.5 12.4 14.6 641.9 224.2 647.8 224.8 644.7 227.6 642.1 230.6 646.5 231.0 0.9904
533.9 231.0 15.6 21.5 536.7 238.0 540.3 239.4 535.1 242.7 535.6 246.8 538.1 247.6 0.9903
733.9 259.5 15.9 18.4 738.7 264.1 746.1 264.7 742.4 267.9 738.8 272.1 744.8 272.6 0.9867
129.9 486.7 35.1 53.6 140.8 508.6 144.6 511.1 135.5 516.9 135.0 526.6 137.5 528.2 0.9862
375.1 232.9 17.3 22.2 377.8 241.8 385.0 241.8 380.3 246.2 378.9 250.1 384.2 250.0 0.9823
805.5 312.1 26.2 33.4 812.6 323.9 824.8 325.3 817.9 331.9 812.8 337.6 821.4 338.6 0.9820
858.6 416.8 46.0 43.6 879.9 431.1 893.5 441.3 882.0 442.8 869.6 444.8 879.0 452.7 0.9810
640.8 237.3 15.7 17.8 643.9 243.0 650.8 244.2 646.0 247.6 643.7 250.5 648.7 251.4 0.9792
803.9 256.4 16.8 21.0 808.1 263.9 815.2 264.1 811.1 268.6 808.8 272.3 814.2 272.4 0.9791
193.7 225.9 25.9 30.0 197.6 235.5 206.3 234.8 199.3 240.5 198.9 247.9 205.6 247.0 0.9761
572.2 234.7 14.9 18.0 575.0 239.2 580.8 240.7 575.7 243.7 574.1 247.4 578.6 248.4 0.9757
929.2 262.5 16.9 20.9 933.3 270.6 941.4 271.7 936.5 275.5 933.4 279.0 939.2 279.8 0.9601
307.9 197.2 13.6 18.5 309.8 204.7 314.8 204.3 311.3 208.4 311.0 212.1 314.6 211.7 0.9597
381.9 202.3 13.0 16.5 384.6 207.0 390.6 207.6 386.7 210.8 384.7 214.4 389.3 214.8 0.9504
591.6 211.1 16.3 18.9 595.7 218.6 603.3 218.2 599.7 222.5 597.0 226.5 603.0 226.2 0.9503
417.9 209.6 15.6 19.3 638.6 266.1 647.1 269.1 641.3 271.3 636.3 273.6 642.9 275.9 0.9459
463.6 222.6 15.8 19.3 422.5 217.6 429.7 217.3 426.5 221.5 423.6 225.4 429.2 225.2 0.9404
345.7 219.9 17.6 21.5 466.7 228.9 473.8 229.5 469.4 233.2 467.0 237.2 472.5 237.5 0.9372
520.6 222.1 12.9 15.7 348.5 227.8 355.1 227.8 350.7 232.1 349.7 236.0 354.8 235.9 0.9309
441.4 240.4 21.3 25.2 523.2 227.4 529.5 226.9 526.3 230.7 524.4 234.2 529.2 233.8 0.9303
864.1 349.6 34.3 37.3 446.8 248.6 456.1 247.3 451.9 251.7 449.3 258.3 456.5 257.3 0.9279
364.4 293.8 24.6 35.4 880.7 360.9 893.7 364.2 888.0 369.7 878.6 375.4 888.4 378.1 0.8704
953.3 284.3 18.3 22.1 371.4 307.6 381.7 307.6 376.2 315.6 372.7 322.1 380.5 322.0 0.8502
1008.6 350.6 14.9 30.3 959.8 292.8 968.1 292.8 964.9 297.9 960.9 302.0 966.8 302.1 0.8437
766.9 268.6 16.2 20.9 1020.3 363.0 1031.3 362.6 1027.7 369.5 1022.1 374.6 1029.7 374.4 0.7802
558.3 253.6 15.2 18.8 771.0 275.5 778.4 275.4 774.5 279.2 771.8 283.9 777.6 283.9 0.7325
587.7 273.7 15.7 20.6 560.8 259.0 566.0 259.3 561.8 263.2 561.0 267.3 565.1 267.4 0.7244
858.3 489.6 56.6 61.4 592.7 280.7 599.7 281.9 595.4 285.5 592.2 289.1 597.6 290.0 0.7191
783.9 244.9 11.9 14.8 873.8 514.1 895.8 516.5 881.5 527.5 871.1 534.6 888.8 536.4 0.6473
475.7 289.8 32.3 39.1 947.8 291.3 955.5 291.9 950.5 296.4 948.0 300.9 953.8 301.3 0.6396
696.4 248.7 13.6 17.4 785.9 249.8 790.7 249.9 787.4 253.2 786.5 256.4 790.2 256.4 0.5543
