21--Festival/21_Festival_Festival_21_707.jpg
20
143.2 358.4 55.3 73.2 151.2 390.5 174.6 388.3 160.1 404.4 157.2 414.9 176.6 412.8 0.9996
647.8 280.6 50.3 76.7 655.8 311.7 659.9 312.4 648.1 327.0 661.7 339.2 665.2 338.7 0.9995
314.6 520.5 18.2 23.4 316.9 528.9 322.9 528.9 317.7 533.4 317.8 538.0 322.5 537.8 0.9995
498.6 408.9 43.6 55.0 505.5 430.8 522.2 428.2 509.8 436.9 507.8 450.4 520.8 448.2 0.9994
844.2 441.7 41.4 57.6 853.1 463.5 873.5 462.8 863.2 474.7 854.2 482.5 874.4 481.9 0.9993
0.0 526.3 16.3 20.1 6.0 533.7 13.2 534.0 10.6 537.1 7.0 541.3 12.6 541.5 0.9992
282.9 550.5 15.8 20.6 285.5 557.6 289.6 558.7 284.4 561.9 285.1 565.8 287.8 566.3 0.9992
984.8 438.5 34.2 42.5 996.1 454.6 1012.1 454.4 1005.2 463.1 997.3 469.8 1010.8 469.6 0.9991
292.6 600.5 13.0 19.3 294.3 607.1 296.7 607.9 292.5 611.2 294.1 615.0 295.5 615.3 0.9991
277.0 515.8 16.7 21.4 279.5 523.3 284.7 524.1 279.2 527.3 279.2 531.5 282.9 532.0 0.9991
61.1 536.7 13.4 17.8 63.1 543.1 66.3 544.1 62.0 546.7 62.6 549.9 64.8 550.4 0.9988
78.4 523.0 14.8 18.8 81.2 529.6 86.4 530.8 81.6 533.6 80.5 536.9 84.0 537.8 0.9986
424.0 538.3 17.5 23.9 426.5 547.5 430.9 548.3 425.2 552.3 426.5 557.0 429.3 557.4 0.9985
391.9 556.3 17.2 18.6 394.2 565.7 400.5 564.6 397.0 569.6 397.7 572.4 401.8 571.5 0.9981
484.6 417.5 34.8 51.9 494.8 437.6 511.8 436.3 503.8 444.5 497.8 456.6 511.0 455.6 0.9958
40.1 568.1 14.4 16.8 47.4 573.9 53.0 574.4 51.1 578.1 47.2 581.0 51.2 581.5 0.9938
752.4 457.2 30.6 42.9 759.6 471.2 770.2 471.5 761.1 477.7 758.4 487.6 767.4 487.7 0.9922
420.8 526.7 12.1 18.7 423.6 533.0 425.3 533.5 421.7 536.6 422.8 540.6 424.1 540.7 0.9571
388.8 537.8 14.1 18.9 392.0 543.9 397.1 544.9 392.6 547.7 390.9 551.5 394.9 552.1 0.8359
877.8 445.4 32.2 46.7 883.4 462.3 894.8 463.1 886.2 470.9 883.2 480.3 892.5 480.6 0.7119
