21--Festival/21_Festival_Festival_21_788.jpg
16
221.7 83.7 58.5 68.5 232.8 110.3 258.2 105.1 245.9 122.3 240.6 134.8 262.8 130.1 0.9998
751.5 175.0 181.1 228.1 838.2 263.2 910.4 265.3 890.8 321.7 823.8 338.0 888.7 342.1 0.9998
363.4 199.1 28.5 33.5 368.8 215.3 379.6 211.5 374.7 219.9 373.6 225.6 382.9 222.4 0.9995
48.8 193.0 22.3 29.5 55.9 203.6 65.2 202.5 61.8 207.9 58.3 214.6 65.8 213.8 0.9982
161.2 145.6 13.1 17.8 164.0 153.3 169.7 152.8 166.7 156.3 165.3 159.7 169.8 159.2 0.9970
82.8 226.9 21.2 24.5 91.9 239.3 99.4 235.7 99.5 241.0 96.7 246.8 102.0 244.0 0.9964
469.4 135.2 24.2 31.9 475.7 148.7 487.1 149.1 481.2 155.1 476.6 159.5 485.9 159.8 0.9956
341.0 148.0 22.9 33.7 346.3 161.6 356.5 160.4 352.0 166.6 349.0 173.7 356.8 172.8 0.9947
422.4 227.2 20.5 27.1 427.0 237.7 436.1 237.7 431.2 243.8 428.3 248.8 435.1 248.7 0.9917
447.2 106.9 14.8 18.4 450.2 114.7 456.8 114.3 453.2 118.4 451.6 121.8 456.2 121.5 0.9895
170.1 205.0 21.5 28.4 174.9 217.6 184.3 216.2 179.6 221.7 177.1 227.4 184.3 226.4 0.9808
136.5 170.8 20.4 23.6 143.0 179.8 151.2 178.8 148.1 184.2 145.0 188.7 151.5 188.0 0.9682
115.3 147.6 10.8 13.9 119.7 152.6 123.7 152.4 122.5 155.4 120.2 158.5 123.4 158.4 0.9144
0.6 242.6 14.5 17.2 2.7 248.4 8.7 247.7 5.2 252.4 4.5 256.3 8.8 255.6 0.8692
423.2 182.3 15.4 20.6 426.5 190.5 432.5 190.7 428.6 194.8 427.1 198.6 431.6 198.7 0.8564
495.9 187.4 20.1 29.4 470.3 194.4 479.4 194.7 472.9 200.2 471.1 206.2 478.0 206.3 0.5130
