21--Festival/21_Festival_Festival_21_489.jpg
8
886.0 512.1 37.0 53.4 908.9 536.8 918.7 536.0 918.1 547.8 905.9 554.6 913.5 554.6 0.9994
207.1 528.0 30.4 38.3 225.7 539.8 232.8 538.0 235.9 546.2 227.4 555.3 233.4 554.4 0.9990
601.4 526.7 17.0 23.2 609.7 535.7 616.7 535.5 615.2 540.2 610.3 544.2 616.2 544.2 0.9988
158.5 552.6 9.7 12.6 159.4 558.3 162.2 558.1 159.5 560.4 159.8 562.9 161.6 562.7 0.9763
252.0 586.8 7.8 9.5 254.7 590.7 258.2 590.7 256.6 592.7 255.0 594.5 257.7 594.5 0.8876
969.7 557.9 18.5 29.4 972.9 568.2 975.0 568.9 971.0 574.8 974.5 580.5 976.1 580.7 0.8850
291.5 581.9 7.2 9.0 294.6 585.3 297.4 585.3 296.5 587.3 294.8 589.0 297.0 589.1 0.7603
270.6 589.5 9.1 12.0 275.1 595.1 278.2 595.2 277.3 597.9 275.2 599.8 277.4 599.9 0.5361
