21--Festival/21_Festival_Festival_21_355.jpg
31
711.7 376.4 72.6 89.7 721.3 413.8 745.5 393.8 734.7 411.9 741.5 443.5 761.7 427.2 0.9999
614.5 418.8 106.2 111.1 636.9 474.6 668.1 442.6 660.3 467.7 668.3 505.1 694.9 479.4 0.9999
516.2 386.2 72.8 96.4 525.2 424.5 555.0 411.4 538.5 434.4 537.5 457.6 566.1 446.3 0.9997
155.2 366.7 50.9 71.1 164.5 387.1 187.4 386.8 172.0 398.9 165.7 415.7 184.3 415.5 0.9996
368.9 473.0 69.2 89.2 380.5 506.0 409.7 493.6 396.7 510.7 394.8 537.9 420.2 527.3 0.9996
478.9 371.9 46.1 64.1 492.7 389.6 513.5 392.8 501.6 402.7 490.7 413.8 509.0 416.5 0.9995
456.8 492.2 100.9 131.6 479.2 546.8 524.7 534.8 506.5 569.3 495.0 593.6 533.3 583.2 0.9994
234.7 513.5 66.7 90.4 259.7 550.3 290.8 544.8 283.2 571.4 263.0 582.3 289.4 578.2 0.9992
673.2 331.4 35.2 52.6 681.1 345.7 697.3 344.8 689.5 351.0 684.5 366.8 697.0 365.9 0.9992
614.5 358.7 46.9 54.4 627.8 377.5 649.7 376.9 639.6 385.4 631.3 398.5 647.7 398.0 0.9992
959.5 453.9 52.9 80.1 993.3 488.4 1006.4 486.8 1007.8 504.2 988.9 516.8 997.6 516.4 0.9970
23.4 363.0 41.8 70.7 30.3 388.4 48.2 387.5 35.4 402.0 32.7 417.0 45.4 416.2 0.9969
108.3 362.5 40.1 52.0 113.6 381.7 129.4 380.3 118.9 391.4 118.8 402.9 129.8 401.4 0.9967
343.9 331.9 43.0 51.0 359.4 349.4 379.1 353.3 369.0 357.5 357.6 367.2 372.9 370.4 0.9964
974.7 382.3 39.9 56.1 996.7 398.8 1010.3 402.2 1008.0 412.4 995.8 422.9 1005.5 425.7 0.9959
1004.5 354.6 19.0 41.1 1010.6 366.7 1023.1 365.9 1015.5 373.2 1012.7 384.0 1022.3 383.3 0.9957
718.2 314.9 11.5 16.7 719.9 321.0 722.8 321.7 719.1 324.6 719.9 327.7 721.9 328.1 0.9956
571.7 349.2 34.3 40.8 581.3 361.8 596.5 361.3 589.7 362.3 584.0 376.3 595.9 375.9 0.9950
580.8 304.2 8.0 9.9 583.1 307.9 586.8 308.0 585.0 309.8 583.4 311.7 586.3 311.7 0.9899
5.3 364.0 25.1 38.1 9.4 375.6 20.4 374.9 12.7 383.0 11.0 391.9 19.3 391.2 0.9879
573.4 315.9 7.0 8.7 574.5 319.3 577.2 319.3 575.3 321.1 574.9 322.8 577.0 322.7 0.9672
558.9 313.3 7.9 9.4 560.8 316.3 564.4 316.3 562.6 318.2 561.2 320.1 564.1 320.1 0.9664
91.7 482.1 48.1 61.7 99.9 508.3 124.3 508.6 110.3 524.5 104.1 528.2 124.7 528.2 0.9640
121.1 331.4 27.3 29.6 129.3 340.6 141.8 342.1 135.0 347.3 129.3 352.9 138.7 354.1 0.9500
701.9 308.4 8.9 11.1 703.2 312.8 706.9 312.1 704.9 314.8 704.5 317.1 707.3 316.4 0.9491
726.5 301.4 8.9 12.1 728.0 306.3 730.8 306.4 728.6 308.9 728.7 311.2 730.6 311.2 0.9266
569.9 333.7 19.6 24.7 573.2 343.5 580.4 343.2 575.4 347.4 574.3 352.2 579.7 351.8 0.8659
600.5 303.5 7.1 9.1 602.1 306.9 605.3 306.8 603.6 308.7 602.5 310.4 605.2 310.3 0.8623
559.5 299.7 6.9 8.8 561.0 303.1 563.7 303.1 561.9 304.9 561.4 306.7 563.5 306.6 0.8386
971.6 349.1 22.7 29.3 977.5 357.5 988.0 357.5 982.6 362.7 978.8 369.9 987.0 369.9 0.7349
626.6 329.7 14.1 17.1 630.5 335.1 636.5 335.6 633.0 338.6 630.5 342.3 635.2 342.7 0.5367
