21--Festival/21_Festival_Festival_21_105.jpg
12
89.1 337.0 37.9 52.4 98.7 357.4 116.9 359.4 106.8 368.7 98.7 375.9 113.7 377.4 0.9993
366.8 334.8 39.8 49.8 375.9 357.4 395.0 356.3 385.4 368.4 378.9 374.3 394.0 373.3 0.9989
510.1 328.8 36.2 50.6 516.7 350.6 533.7 350.0 524.0 361.5 519.0 367.8 533.3 367.3 0.9985
737.8 321.4 39.8 49.7 749.1 341.5 768.5 341.3 759.3 352.8 751.9 361.4 765.9 361.2 0.9981
810.0 322.4 30.8 37.0 825.5 334.6 835.7 335.0 834.7 340.3 828.8 348.8 836.4 349.1 0.9974
614.4 272.8 41.5 53.4 621.5 295.5 639.7 295.3 628.5 307.2 624.4 315.0 637.8 314.9 0.9972
238.2 328.5 37.1 48.4 246.6 349.9 263.5 349.6 254.3 361.1 249.1 366.6 262.5 366.2 0.9966
985.0 288.4 35.9 45.1 1001.3 305.7 1016.8 305.7 1011.7 315.0 1002.4 322.8 1014.7 322.8 0.9964
889.5 318.2 21.8 35.2 905.5 328.6 907.2 328.9 910.4 334.3 906.7 342.6 908.1 343.0 0.9821
28.2 318.1 16.5 22.7 31.7 324.1 34.9 325.0 30.4 329.4 31.4 334.3 33.4 334.8 0.9583
963.1 308.6 18.8 31.9 976.4 317.9 976.4 317.3 981.2 323.2 979.0 331.5 979.3 331.3 0.8902
453.4 326.6 27.7 36.5 460.4 341.1 472.3 340.4 466.6 347.4 462.6 354.4 472.2 353.7 0.8676
