21--Festival/21_Festival_Festival_21_14.jpg
22
279.2 486.2 26.1 32.6 294.0 497.7 302.9 497.5 301.6 505.3 292.4 510.2 299.7 510.3 0.9996
259.3 312.4 18.7 25.6 264.5 321.7 272.9 322.5 268.3 326.3 264.5 331.3 271.3 331.9 0.9993
825.7 344.0 10.1 14.6 827.4 349.6 829.2 350.2 826.3 352.6 827.4 355.2 828.6 355.4 0.9989
944.9 347.7 11.4 13.9 946.3 352.3 948.9 353.0 945.3 355.2 946.0 357.9 947.9 358.2 0.9988
110.3 402.9 13.3 17.4 111.6 410.2 117.0 410.5 112.9 413.8 112.4 416.7 116.4 416.8 0.9988
755.6 357.4 12.1 15.9 757.5 364.4 759.4 364.8 757.5 368.6 760.5 370.3 761.8 370.4 0.9972
998.8 530.1 22.6 31.8 1015.9 542.0 1018.1 541.5 1021.4 548.0 1015.2 554.5 1016.3 554.3 0.9971
346.2 330.0 14.8 20.4 348.6 335.9 350.2 336.1 346.2 340.2 348.5 344.9 349.8 344.7 0.9970
427.6 484.0 19.7 19.1 438.6 492.8 443.1 493.4 440.9 497.7 435.6 498.9 438.1 499.7 0.9962
6.5 401.4 13.2 14.5 14.1 405.8 18.4 405.6 18.0 408.8 14.8 411.9 17.8 411.9 0.9960
307.4 311.1 16.5 24.6 314.5 320.5 321.3 319.5 319.9 325.1 315.7 329.7 321.3 329.1 0.9950
812.6 398.1 8.1 9.1 814.0 401.1 817.1 401.0 815.1 403.0 814.7 405.0 817.1 404.9 0.9932
495.5 394.9 8.4 13.8 497.1 400.7 497.9 400.7 496.1 403.5 497.8 406.1 498.0 405.9 0.9929
854.5 341.8 7.0 9.3 857.3 345.4 860.1 345.5 859.0 347.3 857.3 349.0 859.5 349.1 0.9842
200.2 307.2 6.4 7.7 202.1 309.9 204.9 309.8 203.7 311.5 202.5 313.1 204.7 313.0 0.9810
1016.1 357.5 7.1 8.6 1019.6 360.7 1022.1 360.5 1021.7 362.4 1020.1 364.1 1022.0 364.0 0.9314
10.9 309.8 9.8 12.2 15.1 314.4 18.9 314.3 17.8 317.0 15.6 319.5 18.6 319.5 0.8161
819.8 364.6 6.4 7.7 821.0 367.2 823.4 367.5 821.6 369.1 821.1 370.6 822.9 370.7 0.8047
893.7 345.2 6.8 7.7 896.2 348.3 899.1 348.7 897.6 350.3 896.0 351.6 898.2 351.9 0.6078
224.4 305.5 9.5 11.9 227.1 310.1 231.2 309.8 229.4 312.4 228.0 314.8 231.2 314.5 0.6032
161.0 386.0 10.2 14.3 163.8 391.3 167.5 391.3 165.3 394.2 164.2 397.0 167.2 397.0 0.6013
964.8 439.8 13.2 14.0 970.1 445.7 975.7 445.2 974.0 449.1 971.3 452.1 975.4 451.8 0.6006
