21--Festival/21_Festival_Festival_21_887.jpg
25
466.4 209.9 109.7 139.9 507.0 257.0 555.5 266.7 530.5 292.7 497.8 307.4 539.9 316.2 0.9997
591.3 149.6 30.7 40.7 594.4 164.2 603.8 164.6 594.6 172.0 595.7 180.4 603.1 180.1 0.9996
262.9 132.0 103.5 137.7 287.3 186.9 334.4 184.1 310.6 217.8 297.4 240.2 331.2 237.8 0.9995
832.3 168.2 38.0 53.8 836.1 190.6 845.9 190.9 834.8 201.7 840.6 211.0 847.0 210.7 0.9995
694.2 190.1 46.4 60.0 703.3 208.2 721.4 210.8 704.6 217.7 699.4 231.7 713.8 233.7 0.9993
742.9 267.4 54.3 62.1 753.7 290.3 776.5 288.0 763.8 300.3 757.7 313.4 776.3 311.5 0.9993
107.2 191.6 28.4 34.5 111.7 201.6 121.7 202.1 111.8 206.5 110.0 215.3 118.2 215.6 0.9989
177.4 225.9 40.6 50.6 185.1 246.5 202.5 246.9 191.7 257.3 186.7 265.2 200.5 265.3 0.9986
198.9 343.8 39.1 58.5 207.8 367.8 225.2 367.2 216.1 380.1 212.3 389.9 225.2 389.2 0.9980
375.9 160.5 25.8 35.9 379.8 173.6 386.0 173.2 378.3 178.9 380.0 187.0 385.0 186.4 0.9973
560.5 301.1 44.2 57.8 568.4 319.6 582.1 320.2 570.5 329.2 568.2 341.9 578.2 342.3 0.9970
992.3 256.9 30.8 64.9 997.1 281.7 1012.0 283.0 998.6 294.4 998.6 305.9 1010.2 306.6 0.9958
911.2 286.2 63.4 79.4 922.2 319.3 946.7 322.9 929.2 336.1 922.4 344.7 943.7 346.9 0.9947
437.8 193.0 23.9 31.9 636.2 603.4 651.5 605.3 638.0 614.8 637.2 625.0 648.6 625.8 0.9811
116.6 336.9 42.1 55.5 442.3 205.4 451.5 204.4 445.0 210.9 443.7 218.1 450.6 217.2 0.9772
42.2 228.3 19.7 24.5 126.5 358.6 144.2 358.0 135.0 369.1 129.5 378.3 143.4 377.7 0.9534
801.4 302.4 36.1 46.2 46.3 238.2 54.7 237.5 49.6 242.3 48.0 247.5 54.2 246.8 0.9169
953.6 146.9 19.7 26.6 809.0 321.4 819.4 322.8 808.8 329.5 807.5 336.7 815.4 337.5 0.8995
22.3 147.6 13.8 17.0 959.1 158.4 968.3 157.7 964.1 162.8 960.4 167.5 968.3 167.0 0.8811
355.7 210.2 30.0 43.1 25.3 154.8 31.7 154.6 28.4 158.3 26.4 161.6 31.3 161.4 0.8796
176.1 148.8 7.7 9.6 360.9 222.7 369.7 223.8 361.1 229.7 359.9 240.0 366.3 240.7 0.8737
247.7 202.1 21.6 26.0 178.1 152.8 181.3 152.6 179.5 154.7 178.6 156.5 181.1 156.4 0.8523
1011.0 147.0 12.5 45.5 254.8 209.7 265.0 210.3 260.4 214.6 255.4 220.4 263.9 221.0 0.8134
117.6 135.7 8.1 10.3 568.0 191.7 576.1 191.8 571.8 196.1 568.8 201.1 574.9 201.2 0.7489
770.5 176.8 20.9 32.4 1017.4 160.2 1032.2 161.2 1020.7 167.5 1015.6 177.9 1027.8 178.6 0.6101
