21--Festival/21_Festival_Festival_21_130.jpg
46
930.0 580.9 57.7 61.2 940.7 608.5 954.2 606.8 945.6 623.5 958.1 629.1 968.0 626.5 0.9999
500.2 588.8 52.7 67.0 519.4 616.5 540.2 606.7 539.3 623.4 529.4 639.9 547.3 632.1 0.9998
188.0 547.9 59.8 71.8 201.5 578.1 228.2 571.9 216.9 589.1 209.5 602.3 233.7 596.6 0.9997
312.7 518.8 32.3 39.1 328.6 532.2 341.1 531.5 338.2 541.3 328.8 548.5 338.2 548.2 0.9996
507.1 483.1 31.3 37.9 517.1 497.4 532.1 496.6 525.7 503.9 519.0 511.9 530.7 511.3 0.9996
635.7 487.8 32.4 43.4 642.3 503.3 656.7 504.5 646.5 510.6 642.1 519.6 653.1 520.6 0.9995
116.5 470.2 30.0 32.4 124.5 482.4 138.5 481.8 131.7 487.2 126.2 494.2 137.5 493.8 0.9995
276.8 467.1 30.4 38.8 287.9 480.8 302.1 481.8 296.2 487.8 288.1 495.1 300.2 495.9 0.9994
662.5 602.5 61.7 80.0 693.9 636.7 716.1 631.2 714.0 651.2 699.6 667.9 715.3 663.6 0.9994
535.6 513.6 34.4 40.9 543.9 529.7 561.1 528.2 553.3 536.3 547.5 545.0 561.0 543.7 0.9994
146.7 445.8 40.2 45.3 153.3 462.1 170.2 460.5 158.9 468.5 155.3 479.3 168.4 478.1 0.9993
28.2 442.0 31.1 34.1 36.7 455.5 50.3 457.8 42.1 463.3 35.5 467.0 47.3 468.8 0.9993
445.1 483.1 36.7 48.9 466.9 501.1 478.1 499.5 479.4 510.2 467.8 520.2 476.1 519.4 0.9992
16.7 496.7 44.7 50.9 26.1 517.7 46.8 518.6 34.4 526.5 27.5 535.4 43.8 536.1 0.9991
195.1 461.2 25.8 27.9 202.5 474.9 213.1 475.8 207.2 481.9 203.1 484.4 210.2 485.2 0.9981
334.8 467.3 27.1 37.2 348.3 481.7 359.1 481.9 356.2 489.6 348.0 495.4 356.4 495.7 0.9979
61.3 415.1 19.8 23.2 71.5 423.4 78.4 422.5 78.5 426.9 74.5 432.5 79.3 432.0 0.9974
559.5 485.8 23.0 28.1 571.0 495.6 578.6 493.5 578.7 499.6 573.5 506.6 579.5 505.2 0.9963
803.7 443.5 19.7 27.7 816.3 453.1 818.3 451.5 822.6 456.2 820.1 463.6 821.5 462.6 0.9952
812.1 486.7 21.3 26.2 823.2 495.5 827.8 493.4 830.1 498.3 826.8 505.7 829.8 504.4 0.9952
305.6 448.6 18.5 25.4 308.8 457.6 316.8 457.7 311.8 462.8 309.8 467.9 315.8 468.0 0.9949
370.7 441.0 17.6 24.2 382.7 448.8 386.9 449.0 388.3 453.3 383.8 458.4 386.9 458.8 0.9946
731.0 474.9 23.4 29.4 745.2 487.5 749.3 484.9 753.2 489.9 750.0 497.4 752.8 495.8 0.9932
293.3 439.6 16.5 19.2 300.4 446.7 306.9 446.8 304.7 450.7 300.8 453.9 306.0 454.1 0.9929
121.2 439.5 12.8 14.7 126.0 445.0 131.3 444.8 129.3 447.7 126.7 450.5 130.9 450.4 0.9921
553.9 438.6 12.2 15.3 559.2 444.4 563.8 444.0 562.6 447.0 560.1 450.0 563.7 449.8 0.9900
58.2 447.4 20.3 25.7 66.2 456.8 74.9 456.5 71.8 463.1 67.1 467.4 73.3 467.3 0.9891
265.3 433.8 21.2 26.7 275.7 443.4 283.8 442.7 282.9 448.1 278.4 454.0 284.2 453.6 0.9874
528.7 465.4 19.7 26.1 541.6 472.4 545.1 471.6 547.8 477.4 542.7 483.8 545.4 483.5 0.9867
80.0 415.2 10.0 12.4 81.9 419.6 86.4 419.0 84.1 421.9 83.0 424.9 86.4 424.5 0.9754
104.1 443.1 10.3 14.0 106.8 448.7 111.5 448.7 109.1 451.4 107.3 454.1 111.1 454.1 0.9680
407.1 433.3 17.1 21.7 412.2 440.7 419.5 441.1 415.5 445.2 412.5 449.3 418.2 449.6 0.9639
770.0 433.5 10.2 13.1 773.7 438.6 778.0 438.7 776.1 441.2 773.9 443.5 777.4 443.6 0.9536
195.1 436.7 17.8 20.5 198.7 444.3 207.2 444.0 202.6 448.8 200.1 453.4 206.7 453.0 0.9304
388.8 442.9 12.6 17.0 394.4 449.6 397.6 449.6 396.6 453.2 394.5 456.5 396.6 456.6 0.9275
142.4 430.5 17.0 20.2 149.3 436.8 156.0 435.6 154.5 439.5 151.5 444.8 157.0 443.8 0.9181
616.5 456.7 20.4 27.5 626.8 464.4 632.6 463.6 633.1 468.4 629.1 475.7 633.7 475.3 0.9134
166.9 428.2 12.7 15.4 172.4 435.3 177.4 435.7 175.4 438.6 172.7 440.9 176.1 441.3 0.9017
34.8 416.2 15.0 17.0 41.8 422.5 47.2 422.0 45.9 425.8 42.9 429.5 46.9 429.4 0.8761
691.9 456.1 10.0 13.0 696.0 460.7 699.7 460.5 698.6 463.1 696.7 465.7 699.6 465.6 0.8596
850.1 460.2 20.7 26.7 860.9 469.8 867.6 469.1 867.2 473.8 863.3 479.9 868.5 479.5 0.8411
728.8 542.5 46.7 33.0 751.5 563.9 760.5 560.8 759.0 570.1 753.5 571.1 757.2 568.9 0.8362
752.8 462.0 17.5 20.6 756.7 470.5 764.6 471.2 759.6 475.5 756.7 479.4 762.7 479.9 0.8049
104.4 415.7 8.9 11.1 106.4 420.4 110.6 420.3 108.4 422.8 107.0 425.0 110.2 424.9 0.6819
675.3 498.2 21.9 34.7 691.1 509.7 694.2 509.1 696.7 516.4 691.2 524.1 693.6 524.0 0.6633
958.6 480.5 16.9 27.0 970.5 489.1 971.4 488.8 974.7 493.8 971.5 499.7 972.5 499.7 0.5610
