21--Festival/21_Festival_Festival_21_237.jpg
20
977.9 394.8 12.1 19.3 986.1 402.2 987.6 401.8 989.2 405.7 986.6 409.6 987.7 409.5 0.9987
589.0 392.0 14.3 18.7 595.7 400.3 601.5 400.3 599.8 403.9 596.4 407.0 600.5 407.1 0.9977
217.3 369.1 12.0 15.0 223.8 374.8 226.4 373.8 228.0 376.8 226.5 380.5 228.1 379.8 0.9977
670.8 348.4 10.4 14.0 677.8 353.6 680.1 353.5 680.7 356.5 678.0 359.2 679.6 359.3 0.9970
862.5 419.2 18.4 26.3 875.1 429.2 877.8 428.8 880.4 433.6 876.3 439.0 878.2 438.9 0.9966
810.9 396.7 14.0 21.1 813.1 404.5 816.1 405.5 811.7 409.0 812.5 413.0 814.5 413.5 0.9945
627.4 398.2 13.2 20.0 636.5 406.6 638.5 406.1 640.3 409.9 637.4 413.8 638.9 413.8 0.9933
347.1 430.3 10.1 12.8 348.4 434.6 351.5 434.8 348.7 437.3 348.8 439.9 351.2 439.9 0.9928
948.4 404.4 11.6 16.7 955.9 411.1 958.3 410.7 958.8 414.4 955.6 417.5 957.3 417.4 0.9894
507.7 350.1 8.9 12.0 509.0 354.8 512.3 355.0 509.7 357.4 509.3 359.6 511.7 359.7 0.9776
770.2 454.2 16.7 18.0 780.4 461.9 784.0 463.7 782.0 467.1 776.7 468.2 779.0 469.8 0.9749
806.0 377.3 11.0 14.4 810.3 383.9 814.6 383.6 813.3 386.7 811.1 389.3 814.5 389.2 0.9740
382.5 384.8 10.7 15.8 389.6 390.8 390.7 390.2 392.8 393.4 391.2 396.9 391.9 396.6 0.9740
127.3 333.2 9.6 11.7 129.4 337.3 134.2 337.4 131.6 340.1 129.9 342.5 133.5 342.5 0.9572
852.6 361.5 7.5 8.1 854.4 364.6 857.4 364.7 855.7 366.6 854.8 368.0 857.0 368.0 0.9317
709.3 359.1 10.5 13.0 628.4 378.5 630.3 378.7 628.1 381.2 628.6 383.7 629.9 383.7 0.9171
170.8 383.4 9.6 13.4 713.2 363.7 717.8 363.8 715.9 366.6 713.5 369.1 717.1 369.3 0.8886
385.6 330.0 7.7 9.9 176.8 388.1 178.6 388.0 178.9 391.2 176.7 393.9 177.6 394.0 0.8748
69.4 336.0 9.5 12.6 386.9 333.6 390.1 333.8 387.8 335.8 387.1 337.8 389.5 337.9 0.7480
148.1 308.2 8.4 9.6 522.1 394.0 527.8 394.0 525.0 397.4 522.8 400.0 527.2 400.0 0.5157
