21--Festival/21_Festival_Festival_21_54.jpg
206
60.1 566.5 15.3 18.3 67.0 574.7 72.9 573.1 72.2 577.3 69.0 580.8 73.6 579.7 0.9996
801.4 500.4 9.7 12.5 805.8 505.4 809.5 505.6 808.2 507.8 805.7 509.8 808.6 510.1 0.9996
477.9 504.6 11.1 13.2 481.6 509.9 486.7 509.3 485.0 512.0 482.9 514.9 486.8 514.4 0.9995
324.9 615.6 17.7 23.7 332.1 625.2 339.7 624.2 337.9 628.9 333.7 633.3 340.2 632.5 0.9995
269.1 623.5 16.9 23.4 276.2 633.0 283.4 632.7 281.6 637.2 277.2 641.3 283.1 641.1 0.9994
432.3 567.9 13.3 18.7 439.0 575.7 444.1 575.3 443.6 579.0 440.4 582.6 443.9 582.5 0.9993
615.8 531.6 12.3 15.9 620.6 537.9 626.3 537.5 624.5 540.9 621.6 544.1 625.8 543.9 0.9993
96.9 607.6 18.8 23.9 106.9 616.4 112.8 615.8 113.6 619.2 109.3 624.9 113.6 624.7 0.9993
232.9 576.1 13.6 20.4 239.8 584.2 245.1 584.3 244.1 588.1 240.3 591.6 244.6 591.9 0.9993
274.1 584.6 16.9 21.9 283.4 592.4 289.1 591.6 289.3 595.5 285.2 600.6 289.7 600.1 0.9992
179.0 638.0 20.9 25.5 187.4 649.1 196.5 648.0 193.9 653.8 189.3 658.1 196.1 657.3 0.9992
374.0 583.8 18.0 25.8 383.2 593.4 389.0 592.9 389.5 597.1 385.9 603.3 390.3 603.0 0.9992
731.0 498.2 9.8 12.1 733.7 503.2 738.2 503.3 735.8 506.0 734.0 507.9 737.4 508.0 0.9991
53.5 599.6 15.8 20.8 58.7 608.7 66.1 607.8 63.5 612.3 60.2 615.8 66.5 615.2 0.9991
499.9 494.7 10.7 13.5 503.1 500.4 508.1 500.2 505.9 503.1 504.0 505.6 507.6 505.4 0.9991
166.3 581.1 18.0 22.6 175.5 590.3 181.0 590.2 180.1 594.1 176.1 598.2 180.2 598.3 0.9991
407.6 567.5 15.9 20.3 414.6 575.6 420.6 575.5 418.7 579.5 415.2 583.4 419.8 583.5 0.9990
758.4 510.3 10.9 13.8 763.0 515.8 767.4 515.2 766.4 518.1 764.3 521.0 767.4 520.6 0.9990
521.7 502.1 9.2 12.3 525.1 507.3 529.4 506.8 528.0 509.3 526.2 511.9 529.3 511.6 0.9989
565.1 532.2 11.4 14.6 566.8 538.1 571.7 538.0 568.5 541.1 567.7 543.9 571.2 543.8 0.9989
180.2 597.6 17.5 24.1 187.0 606.6 194.6 606.1 192.5 611.1 188.6 616.1 194.3 615.7 0.9988
252.7 507.8 11.8 14.3 256.1 514.3 261.5 513.1 259.6 516.5 258.1 519.6 262.0 518.7 0.9988
418.9 481.9 9.2 11.7 422.0 486.7 425.9 486.4 424.4 488.7 422.6 490.9 425.9 490.7 0.9987
140.4 503.8 10.1 12.8 146.1 509.0 149.3 509.0 149.0 511.8 146.2 514.0 148.3 514.2 0.9987
43.0 522.3 10.9 13.0 44.8 527.2 49.0 526.9 46.3 529.7 45.8 532.3 49.0 532.0 0.9987
584.9 515.9 11.1 14.8 590.3 522.5 594.8 522.3 593.7 525.4 591.1 527.9 594.0 527.8 0.9986
829.9 491.3 10.1 13.3 833.5 497.1 838.0 496.9 836.2 499.7 834.1 502.0 837.4 501.9 0.9986
15.4 514.7 9.2 12.5 16.4 519.6 18.8 519.8 16.2 522.3 17.2 524.7 18.7 524.7 0.9985
276.0 505.9 11.6 15.9 280.4 513.5 285.4 512.9 283.8 516.7 281.5 519.2 285.2 518.8 0.9985
25.5 562.4 14.2 17.3 31.1 567.6 37.1 568.0 34.5 571.5 31.0 575.0 35.8 575.4 0.9985
633.0 489.4 9.5 12.0 635.7 494.4 640.1 494.5 637.8 496.9 635.9 498.9 639.4 499.0 0.9985
217.6 588.4 18.1 23.7 225.6 599.2 232.6 597.2 231.8 602.6 228.2 607.2 233.7 605.8 0.9984
704.8 503.8 11.0 13.8 708.3 510.2 713.1 508.8 711.7 512.3 710.2 515.1 713.7 514.1 0.9984
123.6 655.0 19.6 23.4 130.8 666.5 139.4 665.3 136.5 671.0 132.6 674.5 138.7 673.8 0.9984
58.7 523.6 12.3 16.5 61.7 530.4 67.4 529.8 64.7 533.2 62.9 536.6 67.3 536.2 0.9983
228.8 637.4 18.8 22.9 237.5 646.4 244.7 645.0 243.7 650.4 239.6 655.0 245.0 654.0 0.9983
103.7 564.2 16.0 17.2 106.6 571.3 114.0 570.8 110.0 575.1 108.3 578.2 113.6 577.7 0.9981
438.1 484.3 8.7 11.3 441.4 488.7 445.2 488.6 443.8 490.9 441.8 493.0 444.9 493.0 0.9980
818.3 481.5 8.8 10.8 821.2 485.7 825.2 485.7 823.5 487.8 821.5 489.9 824.7 489.9 0.9980
102.9 581.0 20.0 22.8 111.5 590.0 120.1 589.3 118.1 593.5 113.7 598.5 120.0 598.1 0.9978
659.3 483.8 9.1 11.6 662.1 489.0 666.2 488.3 664.6 490.8 663.1 493.1 666.3 492.7 0.9977
685.1 506.3 13.2 17.1 692.2 513.9 696.7 512.6 697.0 516.6 694.4 520.3 697.3 519.4 0.9977
247.0 496.0 10.4 13.1 251.2 501.5 255.4 501.3 254.0 504.2 252.0 506.5 254.9 506.4 0.9976
0.0 528.2 8.1 13.2 1.0 533.8 5.8 534.0 3.8 536.3 1.4 538.3 5.3 538.4 0.9973
0.9 493.7 8.4 10.0 2.5 497.2 6.4 497.3 4.0 499.3 2.7 501.3 5.9 501.4 0.9971
90.4 517.0 11.0 13.2 93.3 522.2 98.6 522.1 95.9 524.5 93.8 527.2 97.8 527.2 0.9971
51.3 667.3 23.2 15.3 54.4 678.4 62.9 678.1 56.9 684.6 57.6 689.5 63.7 689.1 0.9970
742.4 490.7 9.7 11.7 745.3 495.2 749.8 494.9 747.8 497.3 746.1 499.7 749.7 499.5 0.9969
547.1 509.1 11.5 15.0 552.4 515.1 556.7 514.2 556.4 517.3 554.1 520.8 557.3 520.2 0.9967
734.7 515.8 10.7 13.7 738.4 521.3 743.1 520.8 741.4 523.6 739.5 526.4 742.9 526.0 0.9966
544.0 529.4 10.8 14.8 547.7 536.2 552.5 535.7 550.7 538.7 548.6 541.3 552.4 540.9 0.9965
146.2 492.7 9.2 12.1 148.7 498.0 152.9 497.9 150.9 500.5 149.4 502.6 152.6 502.4 0.9964
686.0 484.7 9.3 11.8 689.6 489.5 693.4 489.2 692.3 491.7 690.5 494.0 693.3 493.8 0.9964
42.5 482.3 7.9 9.6 44.0 485.9 47.6 485.7 45.7 487.9 44.8 489.8 47.5 489.6 0.9962
920.8 459.5 9.6 12.2 924.8 464.4 928.9 464.1 927.7 466.9 925.7 469.3 928.6 469.1 0.9961
670.9 496.2 9.8 12.3 673.5 501.9 678.0 501.5 675.9 504.2 674.4 506.5 678.0 506.2 0.9960
36.9 594.2 13.1 16.5 42.2 601.2 47.9 600.5 46.3 603.6 43.6 607.2 48.1 606.7 0.9959
747.5 461.8 9.3 11.8 749.4 466.6 753.5 466.4 751.3 468.9 750.2 471.2 753.3 471.0 0.9958
156.4 491.6 7.8 10.5 157.3 495.7 159.9 495.6 157.7 497.9 157.9 500.1 159.8 499.9 0.9958
906.4 452.5 9.1 10.8 909.0 456.7 913.0 456.4 911.2 458.5 909.8 460.8 912.9 460.5 0.9956
189.9 547.8 13.0 17.8 193.5 554.0 199.7 554.2 196.6 557.6 193.6 560.9 199.0 561.0 0.9956
267.8 515.3 12.6 15.4 272.2 522.3 278.1 521.4 276.2 525.0 273.6 527.6 278.4 526.9 0.9954
851.7 493.0 9.3 11.7 854.7 497.7 858.9 498.0 856.8 500.2 855.0 502.1 858.1 502.4 0.9954
52.7 502.5 9.4 12.1 55.3 507.7 59.7 507.2 57.9 509.7 56.3 512.2 59.6 511.9 0.9952
183.3 505.4 11.6 14.6 186.5 511.3 192.2 511.4 189.4 514.3 187.2 516.8 191.4 516.9 0.9949
236.4 549.1 14.8 18.6 242.4 557.2 248.3 557.4 245.9 560.9 242.8 563.8 247.1 564.1 0.9947
204.3 494.5 10.1 12.9 208.4 499.4 212.7 499.7 210.9 502.3 208.5 504.4 211.6 504.8 0.9946
172.1 479.6 8.1 9.9 175.0 483.4 178.5 483.6 176.9 485.3 175.0 487.0 177.9 487.2 0.9945
461.6 501.8 9.3 11.8 465.0 507.0 469.2 506.6 467.8 509.1 466.0 511.3 469.0 511.1 0.9944
34.2 640.7 19.3 29.4 43.8 651.5 49.2 651.3 49.1 656.3 45.1 662.1 49.6 662.1 0.9937
439.2 500.0 8.3 11.7 442.7 504.7 445.9 504.7 444.7 507.0 442.9 509.1 445.4 509.2 0.9936
657.9 452.8 8.6 10.2 660.4 456.7 664.5 456.5 662.7 458.6 661.1 460.6 664.3 460.4 0.9935
592.4 528.9 11.8 15.6 594.6 534.7 599.2 536.1 595.2 538.5 593.8 540.8 597.1 541.8 0.9932
140.0 517.7 9.6 11.9 142.9 522.5 147.3 523.1 144.8 525.1 142.8 527.0 145.9 527.5 0.9931
161.4 474.9 7.5 9.9 165.4 478.8 168.1 478.9 167.5 480.9 165.5 482.7 167.4 482.8 0.9928
772.5 465.4 8.0 10.7 775.0 469.8 778.6 469.7 777.0 471.7 775.4 473.6 778.4 473.6 0.9928
304.8 543.6 12.1 15.7 308.4 550.6 313.9 549.6 312.1 553.1 310.3 556.4 314.3 555.6 0.9928
655.2 510.4 9.8 12.2 657.9 516.1 662.4 515.5 660.6 518.3 659.3 520.6 662.5 520.2 0.9907
191.8 489.3 7.7 10.1 193.7 493.4 197.2 493.6 195.3 495.5 193.9 497.3 196.6 497.4 0.9904
243.4 545.1 11.5 15.4 247.9 552.0 252.2 551.9 250.9 554.9 248.4 557.3 251.7 557.3 0.9900
204.0 525.3 10.2 13.6 206.8 530.7 211.4 530.7 209.1 533.4 207.2 535.9 210.9 536.0 0.9895
540.4 478.9 9.0 11.6 543.3 484.0 547.5 483.2 546.1 485.9 544.7 488.3 547.7 487.7 0.9890
494.3 511.9 9.6 11.4 495.5 515.9 499.8 515.5 497.1 518.2 496.6 520.8 499.8 520.4 0.9889
73.8 482.0 6.7 8.8 75.4 485.7 78.4 485.6 76.9 487.2 75.8 488.7 78.2 488.6 0.9885
643.1 502.1 9.5 11.9 645.6 507.1 650.0 506.7 648.1 509.3 646.6 511.6 649.9 511.3 0.9876
775.3 500.2 9.7 12.8 779.7 504.8 783.4 504.5 782.7 507.3 780.6 510.1 783.3 510.0 0.9836
682.7 467.8 9.0 11.2 685.3 472.9 689.6 472.5 687.7 475.3 686.4 477.3 689.4 477.0 0.9835
469.0 479.1 8.8 11.3 471.4 483.5 475.5 483.6 473.5 486.1 472.0 488.1 474.9 488.1 0.9834
547.5 474.9 8.7 11.1 549.9 479.7 554.2 479.0 552.6 481.4 551.2 483.8 554.4 483.3 0.9827
785.5 483.7 8.2 10.2 787.8 488.3 791.4 488.6 789.3 490.6 787.8 492.3 790.6 492.5 0.9820
377.9 487.0 9.0 11.5 379.7 492.0 383.9 491.8 381.7 494.3 380.5 496.5 383.7 496.3 0.9807
29.6 468.0 7.4 9.0 31.8 471.7 35.3 471.7 33.6 473.5 32.1 475.2 34.9 475.2 0.9802
619.4 514.3 9.8 12.7 621.6 519.1 626.2 518.8 624.2 521.2 622.8 524.2 626.2 523.9 0.9800
615.3 517.7 10.9 13.1 618.7 522.9 623.5 522.9 621.3 525.0 619.3 527.6 623.0 527.6 0.9798
671.5 518.9 11.1 13.7 674.7 525.5 679.8 524.7 677.8 528.1 676.1 530.5 679.8 529.9 0.9796
659.3 530.2 9.3 16.4 665.5 535.1 666.4 534.7 668.2 537.9 666.3 541.9 667.1 541.9 0.9780
766.9 482.6 9.0 12.1 770.8 486.8 774.5 486.7 773.5 489.2 771.4 491.7 774.1 491.7 0.9745
303.2 528.1 10.5 13.8 307.7 533.9 311.7 533.5 310.7 536.5 308.5 539.2 311.5 539.0 0.9731
567.8 478.8 8.8 11.3 570.9 483.1 574.8 483.0 573.3 485.4 571.5 487.6 574.5 487.5 0.9715
710.4 523.9 10.4 14.4 715.0 529.2 718.8 529.2 717.9 532.2 715.4 535.0 718.3 535.1 0.9708
725.8 445.5 6.5 7.9 727.7 448.4 730.6 448.3 729.3 449.9 728.1 451.6 730.5 451.5 0.9672
857.6 475.8 10.2 12.0 861.3 480.4 865.9 480.6 863.9 483.0 861.8 485.2 865.1 485.3 0.9669
815.8 505.5 8.8 10.6 820.9 509.2 823.6 509.4 823.2 511.7 820.9 513.6 822.6 513.9 0.9659
899.0 496.1 10.7 12.9 902.3 501.2 907.4 500.6 905.5 503.6 903.5 506.3 907.3 505.9 0.9655
796.2 481.9 8.5 9.9 799.3 485.5 803.0 485.3 801.6 487.5 799.9 489.6 802.8 489.5 0.9649
141.8 459.6 7.1 8.2 143.9 463.1 146.9 463.0 145.5 464.7 144.3 466.1 146.7 466.1 0.9647
351.5 533.9 13.6 17.1 354.3 540.4 360.5 540.3 356.8 543.6 354.9 547.1 359.6 547.0 0.9646
906.6 433.9 6.8 8.3 908.3 437.5 911.3 437.4 909.8 439.1 908.8 440.5 911.1 440.5 0.9642
885.5 470.5 8.0 12.0 890.7 475.3 892.5 474.9 893.1 477.5 891.2 480.0 892.4 479.8 0.9640
397.4 557.9 15.0 19.0 401.6 566.2 407.9 566.3 404.6 570.0 402.0 573.0 406.8 573.1 0.9631
2.4 474.5 7.5 8.9 4.6 477.9 8.2 477.9 6.4 479.7 4.9 481.4 7.8 481.5 0.9631
357.9 588.7 12.9 19.2 366.5 596.9 368.9 596.0 370.1 599.9 367.4 603.6 369.2 603.1 0.9594
679.6 534.8 10.5 15.4 685.9 541.1 687.7 540.3 689.2 543.3 687.3 546.7 688.5 546.3 0.9586
933.4 435.5 7.0 8.6 935.5 439.2 938.5 439.2 937.0 440.9 935.8 442.3 938.2 442.3 0.9584
120.4 455.3 6.8 8.7 121.7 458.9 124.1 458.7 122.6 460.6 122.5 462.3 124.2 462.1 0.9571
624.0 459.5 8.3 10.6 626.7 464.0 630.2 463.9 628.7 466.2 627.2 468.2 629.9 468.1 0.9548
324.5 575.8 17.9 23.0 331.9 582.4 339.0 582.5 336.8 587.1 332.5 592.2 338.4 592.3 0.9538
650.5 477.2 9.6 12.0 654.2 482.2 658.2 482.6 656.4 484.9 654.3 486.6 657.2 487.0 0.9526
343.8 570.6 11.3 15.1 348.5 576.1 352.7 575.8 351.5 579.1 349.3 582.3 352.4 582.2 0.9513
75.1 451.8 7.0 8.8 77.1 455.1 80.2 454.9 78.8 457.0 77.8 458.8 80.1 458.6 0.9509
686.7 466.3 9.9 11.9 691.1 470.9 695.1 470.7 693.9 473.3 691.7 475.8 694.7 475.8 0.9500
304.0 560.5 11.2 16.2 310.4 566.9 312.7 565.9 313.9 569.5 312.0 573.3 313.4 572.7 0.9483
505.5 488.6 8.8 12.0 507.7 493.8 511.7 493.6 509.8 496.1 508.4 498.4 511.3 498.2 0.9460
116.7 465.5 6.4 7.6 118.7 468.5 121.6 468.4 120.3 470.0 119.1 471.5 121.4 471.4 0.9423
935.6 467.2 8.2 10.2 939.2 471.8 942.4 471.6 941.5 473.8 939.8 475.7 942.1 475.6 0.9402
554.2 493.2 10.3 13.6 560.0 497.5 562.9 497.7 562.7 500.3 560.1 502.9 562.4 503.3 0.9401
626.9 449.3 6.7 8.1 628.9 452.7 631.8 452.5 630.6 454.3 629.5 456.0 631.8 455.8 0.9383
858.7 491.9 8.4 11.9 860.3 497.3 864.0 497.6 861.9 499.6 860.6 501.5 863.3 501.7 0.9326
229.3 620.3 16.1 20.2 235.4 627.5 242.5 627.9 239.7 631.1 236.2 635.2 241.7 635.6 0.9324
444.4 472.7 8.4 11.2 446.9 477.6 450.7 477.5 448.9 480.0 447.4 481.8 450.1 481.8 0.9250
736.7 463.2 8.1 9.8 739.0 466.8 742.7 466.8 740.9 469.0 739.5 471.0 742.4 471.0 0.9249
0.0 626.2 10.4 21.8 -1.7 635.1 6.3 634.0 3.3 638.9 -0.1 642.7 6.8 641.9 0.9237
519.8 456.5 7.3 9.3 522.6 460.1 525.5 459.9 524.6 461.8 523.1 463.7 525.5 463.6 0.9214
311.3 533.7 8.8 12.2 312.4 538.4 316.6 538.2 314.2 541.0 313.3 543.5 316.5 543.3 0.9183
83.1 510.7 9.9 12.4 85.0 515.2 89.3 515.2 86.7 517.9 85.4 520.2 88.7 520.2 0.9162
486.0 476.8 7.3 9.6 488.5 480.3 491.5 480.6 490.0 482.6 488.3 484.4 490.6 484.7 0.9114
527.2 473.9 7.1 9.3 529.4 477.5 532.6 477.4 531.1 479.4 529.8 481.3 532.3 481.2 0.9047
962.8 430.5 6.8 8.1 964.4 433.7 967.4 433.8 965.7 435.4 964.6 436.9 967.0 437.0 0.8982
28.0 548.1 14.1 16.8 31.5 554.5 37.5 554.8 34.0 558.3 32.1 561.6 36.3 561.8 0.8950
894.4 479.8 8.5 10.9 896.9 484.3 900.7 484.5 898.7 486.5 897.0 488.4 900.0 488.6 0.8924
100.0 517.0 9.6 11.4 65.5 494.2 69.6 493.8 67.8 496.3 66.4 498.6 69.6 498.3 0.8913
677.7 439.8 7.2 8.7 103.1 521.9 107.1 521.7 105.4 524.4 103.9 526.7 106.8 526.5 0.8905
525.7 491.3 8.2 9.9 679.6 443.1 682.8 443.0 681.3 444.8 680.1 446.5 682.6 446.4 0.8870
570.5 467.0 8.5 10.6 528.1 495.3 531.8 495.3 530.1 497.4 528.5 499.3 531.3 499.4 0.8858
287.8 590.1 13.0 16.8 573.9 471.6 577.3 471.6 576.0 473.7 574.2 475.6 576.8 475.6 0.8849
577.4 492.2 9.3 11.8 290.9 597.2 296.7 597.6 293.5 600.7 291.2 603.6 295.7 603.8 0.8838
11.0 503.0 8.2 10.1 580.2 497.1 584.4 496.5 582.8 499.2 581.3 501.8 584.4 501.3 0.8830
134.5 556.3 13.0 17.7 12.3 507.0 15.1 506.9 13.0 509.0 12.9 511.1 14.9 510.9 0.8781
365.2 483.0 9.0 12.1 138.5 561.9 143.6 561.8 141.3 565.4 139.3 569.3 143.3 569.2 0.8759
488.5 445.8 5.9 7.3 368.1 487.8 372.3 487.6 370.6 490.3 369.0 492.8 372.0 492.7 0.8739
892.5 451.1 7.1 8.8 490.2 448.6 492.7 448.7 491.3 450.1 490.3 451.4 492.4 451.4 0.8730
97.3 459.4 6.2 7.2 894.1 454.4 897.3 454.3 895.5 456.3 894.6 458.1 897.1 458.0 0.8710
846.0 466.9 8.2 9.8 98.9 462.2 101.8 462.1 100.3 463.7 99.4 465.2 101.6 465.1 0.8706
222.4 511.0 10.0 11.3 849.3 470.6 852.5 470.3 851.6 472.6 850.1 474.7 852.4 474.5 0.8706
54.5 452.3 6.1 8.0 225.5 515.5 229.9 515.7 227.8 518.0 225.7 520.1 229.2 520.2 0.8683
788.9 451.8 7.0 8.7 56.3 455.4 58.9 455.5 57.6 457.1 56.4 458.7 58.5 458.7 0.8567
764.5 447.5 6.5 8.3 791.0 455.6 794.1 455.5 792.7 457.3 791.5 458.9 793.9 458.8 0.8512
33.6 622.3 19.8 25.0 766.3 450.8 769.2 450.9 767.7 452.5 766.5 453.9 768.8 453.9 0.8473
777.7 490.0 9.9 12.3 41.2 632.7 49.7 633.0 46.5 637.5 42.5 641.9 48.7 642.2 0.8465
794.0 444.9 8.5 10.5 781.9 496.2 786.0 495.6 784.9 498.4 783.2 500.6 786.1 500.2 0.8428
397.7 491.1 8.3 10.5 796.7 449.4 800.6 449.0 799.0 451.4 797.7 453.4 800.5 453.1 0.8257
819.9 449.5 9.2 11.6 399.1 495.2 402.7 495.0 400.6 497.2 399.8 499.4 402.7 499.2 0.8255
147.9 473.2 8.5 9.5 822.6 453.8 825.4 452.9 824.6 455.5 824.2 458.4 826.2 457.7 0.8252
881.5 448.8 8.3 10.0 150.2 476.3 153.9 476.7 151.6 478.5 150.0 480.4 152.9 480.7 0.8182
124.9 635.3 17.0 20.7 304.7 574.2 311.6 574.6 308.1 578.5 304.7 582.2 310.2 582.6 0.8145
329.5 481.6 8.8 11.2 884.5 452.7 888.1 452.5 886.8 454.8 885.1 457.0 887.9 456.9 0.8124
325.6 540.3 11.1 14.6 129.4 642.8 138.0 642.7 133.9 647.2 130.3 651.7 137.3 651.7 0.8117
347.5 462.4 7.1 9.1 331.9 486.2 335.8 485.7 334.2 488.3 332.9 490.4 335.9 490.0 0.8088
667.7 485.7 7.5 9.7 329.4 546.1 334.1 545.7 332.5 548.8 330.6 551.8 334.0 551.6 0.8040
615.0 494.6 10.2 12.7 349.5 465.9 352.9 466.0 351.2 467.8 349.6 469.5 352.4 469.6 0.7812
494.8 477.1 9.5 11.8 669.7 489.5 673.1 489.5 671.4 491.5 670.0 493.4 672.6 493.4 0.7696
567.6 508.8 9.3 12.3 214.2 569.3 219.0 569.3 215.3 573.1 214.8 576.8 218.4 576.7 0.7307
946.1 464.0 8.2 9.6 277.7 517.6 282.8 517.1 280.9 520.5 278.4 522.8 282.5 522.5 0.7259
432.7 478.2 8.3 9.8 617.4 498.8 621.2 498.9 618.8 501.6 618.0 504.4 620.7 504.4 0.7213
295.8 608.2 14.0 17.8 497.3 481.8 501.4 481.7 499.4 484.3 498.0 486.6 501.1 486.5 0.7067
632.9 457.5 6.4 8.4 570.9 514.1 574.9 513.5 573.7 516.0 572.3 518.7 575.2 518.3 0.6960
705.9 436.0 6.3 7.7 948.3 467.4 952.0 467.4 950.2 469.5 948.9 471.6 951.7 471.6 0.6863
386.0 557.0 13.3 18.3 58.4 634.8 64.2 634.7 61.2 638.6 59.2 642.7 63.7 642.6 0.6809
688.8 436.3 6.2 7.8 435.5 482.3 438.8 482.1 437.5 484.2 436.1 486.0 438.6 485.8 0.6783
522.4 480.6 7.0 9.0 301.2 615.3 306.5 615.1 304.6 618.5 302.1 621.8 306.2 621.7 0.6751
340.2 466.8 7.1 9.4 634.8 460.8 637.7 460.8 636.3 462.6 635.1 464.2 637.3 464.2 0.6743
56.9 495.1 8.6 11.0 401.0 557.5 406.5 557.5 403.4 561.0 401.7 564.1 405.9 564.1 0.6614
322.0 457.4 8.2 10.3 707.5 439.0 710.4 438.9 709.0 440.5 707.9 442.0 710.2 442.0 0.6569
386.1 496.0 8.4 10.3 389.4 564.0 395.0 564.5 391.4 568.0 389.3 571.1 393.8 571.5 0.6465
566.3 488.4 9.2 12.5 691.3 439.4 693.7 439.5 692.8 441.1 691.4 442.4 693.2 442.5 0.6426
271.2 464.9 7.6 9.2 524.2 484.1 527.1 484.3 525.4 486.0 524.2 487.5 526.5 487.7 0.6314
223.8 522.5 10.5 15.0 713.1 464.3 716.1 464.1 715.4 466.3 713.5 468.5 715.9 468.5 0.6283
534.9 495.9 9.6 12.8 342.6 470.6 345.7 470.5 344.3 472.5 343.0 474.2 345.5 474.2 0.6197
242.8 460.4 6.4 8.4 59.5 499.8 63.5 499.8 61.5 501.9 59.9 503.8 62.9 503.8 0.6172
515.9 473.4 11.4 14.9 324.2 461.7 327.8 461.4 326.1 463.7 325.0 465.6 327.7 465.4 0.6159
18.4 458.1 6.7 8.2 388.3 500.2 392.1 500.1 390.2 502.2 388.9 504.2 391.9 504.1 0.5981
294.7 524.8 9.4 12.7 569.3 492.4 573.7 492.3 572.0 495.1 569.9 498.0 573.4 497.9 0.5897
973.6 462.9 7.5 9.2 110.7 617.2 115.4 616.6 115.3 620.1 112.8 625.3 116.6 624.8 0.5895
536.5 504.6 9.7 12.8 272.7 469.2 275.9 468.8 274.4 470.8 273.7 472.6 276.2 472.3 0.5801
178.3 531.8 10.2 13.5 227.6 528.1 232.6 527.9 230.9 531.2 228.5 534.3 232.3 534.2 0.5768
743.6 448.0 7.9 9.9 853.4 468.8 856.6 469.1 855.5 471.1 853.4 472.9 855.8 473.2 0.5731
45.8 457.7 6.9 8.2 539.3 501.0 543.0 500.9 542.1 503.7 539.9 506.1 542.6 506.0 0.5690
799.1 463.0 7.9 8.6 244.4 463.6 247.4 463.6 245.9 465.2 244.7 466.8 247.1 466.8 0.5494
757.7 439.2 7.2 8.7 519.8 479.4 524.7 479.3 522.6 482.4 520.5 485.1 524.2 485.1 0.5482
264.3 508.6 9.4 11.9 20.5 461.4 23.4 461.3 22.1 463.1 20.9 464.8 23.2 464.7 0.5411
312.0 454.6 6.0 7.6 296.5 530.0 300.9 530.2 298.2 532.9 296.8 535.2 300.0 535.3 0.5317
905.4 478.3 11.4 13.5 976.3 466.8 979.7 466.9 978.2 468.9 976.5 470.5 979.2 470.6 0.5313
822.5 463.6 8.8 11.0 539.2 509.3 543.6 509.4 541.4 512.1 539.6 514.6 543.0 514.7 0.5309
459.3 489.4 8.8 10.3 182.8 537.3 186.0 536.6 185.8 539.5 184.2 542.4 186.7 541.9 0.5210
698.2 440.2 6.9 8.6 747.0 452.1 750.1 452.1 749.0 454.3 747.3 456.1 749.6 456.2 0.5160
207.1 455.2 6.4 7.7 331.4 515.4 336.1 515.3 333.9 518.3 332.1 521.4 335.7 521.4 0.5076
