21--Festival/21_Festival_Festival_21_627.jpg
16
369.6 580.7 37.9 44.9 375.2 602.1 389.8 601.6 380.6 612.0 381.5 617.3 391.6 616.7 0.9997
135.1 28.6 50.0 68.9 147.4 59.2 170.4 52.3 162.0 69.1 154.3 80.3 175.5 74.8 0.9997
666.4 32.1 42.3 53.8 675.8 54.2 695.6 54.7 684.7 63.9 677.9 73.2 693.5 73.5 0.9996
928.8 39.7 40.8 53.6 940.7 62.1 960.2 61.1 951.7 73.0 943.0 80.9 959.1 80.1 0.9995
539.5 55.8 35.7 55.0 544.8 77.7 560.1 77.4 549.4 88.3 547.0 96.0 561.4 95.5 0.9995
789.1 47.0 42.6 53.7 808.1 68.1 826.2 71.1 819.2 80.3 805.0 85.7 820.7 88.4 0.9995
231.7 574.9 36.3 46.5 242.4 593.6 260.1 594.1 251.7 604.5 243.2 610.2 258.0 610.6 0.9995
487.6 35.9 38.1 51.1 502.5 53.6 519.4 57.1 511.5 64.8 500.3 71.7 515.1 74.6 0.9993
633.0 583.6 47.3 50.1 645.4 601.6 667.4 601.4 656.5 614.1 648.2 621.3 665.6 621.1 0.9992
83.8 575.3 36.8 47.1 93.0 594.9 110.7 594.7 101.8 605.3 95.0 611.6 109.5 611.4 0.9992
397.4 33.7 45.4 55.5 410.3 53.6 433.3 54.0 422.5 63.9 410.8 72.8 431.9 73.1 0.9988
754.2 32.2 33.2 42.0 767.7 47.5 782.0 47.4 777.5 54.6 769.9 63.6 780.8 63.5 0.9987
882.9 566.2 35.7 49.5 892.2 585.6 909.4 586.4 900.5 595.8 893.7 604.2 906.5 604.8 0.9981
881.6 58.4 14.9 19.6 885.6 64.5 892.3 65.2 888.7 68.5 885.7 72.4 891.1 73.0 0.9976
58.1 71.2 18.8 32.3 61.4 82.7 61.7 82.0 58.5 89.1 63.5 95.7 64.0 94.9 0.9911
456.7 67.7 30.2 43.5 463.5 85.2 476.3 84.7 469.5 93.8 466.2 101.8 475.4 101.4 0.9706
