21--Festival/21_Festival_Festival_21_41.jpg
25
534.9 212.3 19.6 26.1 547.5 223.7 552.6 223.7 552.1 229.4 545.8 232.9 549.4 233.2 0.9993
522.9 435.3 27.7 35.6 540.0 449.2 546.6 448.6 548.7 454.7 542.4 461.8 546.7 461.8 0.9984
673.3 311.6 17.8 21.6 686.0 321.6 688.3 321.6 688.3 327.0 682.0 329.3 683.3 329.5 0.9983
481.1 183.8 8.0 10.2 483.8 187.6 487.3 187.6 485.7 189.4 484.1 191.3 487.0 191.3 0.9970
104.4 167.4 9.5 12.3 107.6 172.1 111.8 172.1 110.0 174.3 108.1 176.6 111.4 176.6 0.9964
499.8 181.2 8.7 11.3 501.9 185.6 505.9 185.3 504.0 187.6 502.6 189.7 505.9 189.5 0.9952
607.4 182.3 9.3 11.6 610.1 187.0 614.3 186.8 612.4 189.0 610.8 191.2 614.2 191.0 0.9943
419.3 169.9 9.3 11.3 422.2 174.9 426.3 174.6 424.6 176.9 423.0 178.9 426.3 178.7 0.9942
391.8 179.0 8.1 10.2 394.2 183.1 397.8 183.1 396.2 185.2 394.6 187.1 397.4 187.1 0.9925
957.0 178.7 7.8 9.8 958.6 182.5 962.0 182.5 960.0 184.3 958.9 186.1 961.6 186.1 0.9912
270.8 198.7 17.9 14.9 281.3 205.9 284.1 207.9 281.6 211.3 276.2 211.0 277.5 212.7 0.9910
568.8 174.0 8.5 10.8 571.3 178.5 575.3 178.4 573.5 180.6 571.9 182.6 575.1 182.5 0.9910
638.4 379.3 23.1 25.4 648.4 390.0 656.1 387.8 656.5 391.5 653.4 398.3 658.9 396.8 0.9888
512.7 184.8 8.0 10.1 514.3 188.9 517.9 188.7 515.9 190.8 515.0 192.7 517.8 192.6 0.9880
420.9 184.7 8.0 9.6 423.0 188.2 426.9 188.1 425.2 190.2 423.5 192.1 426.7 192.1 0.9873
448.6 185.2 6.4 7.8 450.6 188.2 453.5 188.2 452.1 189.7 450.8 191.2 453.2 191.2 0.9866
400.0 317.1 18.1 14.4 411.1 325.2 413.6 326.4 411.8 329.5 406.5 329.1 407.2 330.3 0.9798
359.2 175.0 9.5 11.9 362.1 180.2 366.2 179.6 364.7 181.8 363.2 184.2 366.4 183.7 0.9794
531.9 173.9 8.7 11.1 534.4 178.4 538.5 178.5 536.5 180.7 534.7 182.7 538.0 182.8 0.9781
203.5 162.8 10.6 12.6 206.5 166.5 211.5 166.6 209.0 168.8 206.7 171.5 210.9 171.6 0.9762
227.1 177.4 7.8 10.1 228.5 181.3 232.0 181.1 230.0 183.3 229.2 185.2 231.9 185.1 0.9637
310.6 170.5 10.1 12.2 314.6 174.6 319.0 174.3 317.8 177.0 315.7 179.9 318.9 179.6 0.9593
983.9 191.2 7.9 10.2 985.3 194.8 988.3 195.1 986.0 196.9 985.4 198.8 987.8 198.9 0.9584
208.6 188.2 8.6 9.8 173.9 177.1 178.1 177.0 176.0 179.3 174.5 181.5 177.8 181.4 0.9519
519.2 176.4 6.7 8.1 210.9 191.9 215.2 191.7 213.3 194.0 211.6 196.0 215.0 195.9 0.5210
