21--Festival/21_Festival_Festival_21_981.jpg
28
741.0 237.5 12.0 15.4 744.2 244.9 749.2 244.8 746.7 247.9 745.1 250.0 749.0 249.9 0.9991
468.1 195.1 10.5 11.9 469.6 198.9 473.9 198.6 470.9 201.1 470.0 203.7 473.5 203.5 0.9984
450.0 566.1 11.1 16.4 457.4 571.7 459.4 571.7 460.2 575.1 457.5 578.5 458.8 578.6 0.9980
475.2 401.1 9.7 16.7 482.2 407.6 483.3 407.2 484.4 410.8 481.5 414.0 482.4 413.9 0.9979
1001.6 173.1 9.7 13.0 1003.8 178.4 1007.9 178.1 1005.6 180.5 1004.3 183.0 1007.6 182.9 0.9972
785.2 40.4 8.8 10.3 787.5 44.6 791.6 44.5 789.5 46.8 788.0 48.8 791.3 48.7 0.9965
580.4 131.5 9.5 11.5 582.2 135.1 586.2 135.5 583.5 137.7 582.3 140.0 585.3 140.2 0.9965
417.1 66.2 9.7 11.5 418.5 70.3 422.4 70.4 419.7 72.9 419.2 75.2 422.0 75.2 0.9934
942.5 128.6 9.3 12.2 947.7 132.7 950.4 132.6 950.3 135.0 947.9 137.6 950.0 137.6 0.9930
317.7 337.8 10.4 13.2 324.3 343.0 326.7 343.1 326.3 346.1 323.4 348.1 325.0 348.4 0.9926
997.9 63.3 9.6 12.4 1003.1 68.8 1006.3 68.4 1006.0 71.1 1003.6 73.3 1005.9 73.2 0.9911
626.7 66.4 8.4 10.1 629.1 69.9 632.7 69.7 631.2 71.6 629.7 73.7 632.7 73.6 0.9896
458.5 207.4 8.4 13.1 464.7 212.6 465.4 212.7 466.3 215.2 464.4 217.4 464.6 217.7 0.9847
918.9 123.3 7.6 12.5 924.6 128.1 925.3 128.0 926.5 130.5 924.6 132.9 924.9 133.0 0.9831
806.6 181.1 9.8 12.3 813.2 187.0 815.4 187.2 815.2 189.9 812.0 191.4 813.3 191.7 0.9808
990.0 387.1 13.5 18.0 997.8 393.6 1001.6 394.0 1001.0 397.7 997.4 400.9 1000.1 401.4 0.9773
785.7 184.1 9.9 10.3 787.9 188.2 791.7 188.5 789.1 190.9 788.1 192.7 790.8 192.9 0.9767
411.0 245.8 10.8 12.3 413.3 252.1 417.0 251.4 415.3 254.6 415.6 256.4 418.2 255.8 0.9764
598.7 78.9 7.1 10.0 602.7 82.8 604.6 82.9 604.4 84.9 602.6 86.6 604.0 86.8 0.9719
331.0 80.7 8.1 9.6 332.4 83.9 334.8 83.9 332.8 86.0 333.0 88.1 334.6 88.0 0.9572
604.7 375.3 11.7 14.5 606.2 380.5 610.2 380.5 607.3 383.9 607.4 386.6 610.4 386.5 0.9562
315.3 74.9 7.1 11.4 316.4 79.2 317.3 79.6 315.2 81.6 316.3 83.9 316.8 84.0 0.9534
815.8 42.7 9.8 11.7 817.7 47.7 820.8 47.3 818.8 50.0 819.1 52.3 821.2 51.9 0.9310
519.8 390.1 9.5 16.0 526.9 395.4 527.0 395.0 528.8 398.4 527.4 402.1 527.5 402.0 0.8985
762.5 96.7 6.9 10.0 763.8 100.2 764.9 100.4 763.3 102.1 764.0 104.1 764.7 104.1 0.8620
491.5 565.2 9.7 12.1 496.5 569.4 499.4 569.0 499.1 571.8 497.3 574.5 499.4 574.3 0.8316
192.5 254.1 9.2 12.4 193.9 258.4 196.9 258.9 194.0 261.1 193.7 263.7 196.0 263.9 0.7703
917.8 84.3 8.8 10.1 920.6 88.4 924.6 88.5 922.8 90.7 921.0 92.5 924.0 92.6 0.5124
