21--Festival/21_Festival_Festival_21_856.jpg
34
188.3 115.5 49.4 58.1 204.9 133.9 227.8 134.9 217.3 148.9 203.0 155.1 224.5 156.1 0.9996
306.3 96.9 53.2 69.5 326.2 127.0 349.1 126.1 340.9 139.6 328.6 150.6 346.6 150.1 0.9995
126.9 142.3 27.3 37.1 136.9 155.3 149.1 155.7 144.4 162.0 138.1 169.5 148.1 169.8 0.9995
829.6 82.9 48.6 63.6 860.0 106.4 872.7 107.1 873.9 121.1 853.9 128.4 865.2 130.1 0.9994
561.5 11.0 20.8 27.0 568.3 22.4 577.6 23.1 573.2 27.2 568.7 31.6 576.1 32.2 0.9992
992.9 50.8 15.1 16.8 997.2 58.5 1004.0 58.5 1000.6 62.5 998.0 64.5 1003.1 64.5 0.9989
434.6 126.4 19.9 24.9 439.7 135.5 449.3 135.8 444.3 140.0 440.5 144.8 448.3 145.0 0.9982
904.4 128.7 23.3 30.1 911.0 140.6 920.6 142.1 914.6 146.5 910.7 151.4 917.7 152.5 0.9981
661.9 135.3 28.4 33.8 669.9 147.6 681.6 148.5 674.8 154.9 670.5 160.5 678.9 161.2 0.9978
131.2 113.7 18.5 23.1 136.6 122.9 145.1 122.8 141.1 127.0 137.8 131.5 144.2 131.4 0.9977
353.0 51.6 24.5 31.6 356.7 66.3 367.3 64.9 360.5 71.0 359.1 77.3 366.6 76.1 0.9968
58.4 127.3 16.2 21.3 62.4 135.1 69.6 135.4 65.4 139.3 62.7 143.4 68.5 143.6 0.9960
520.8 90.7 24.9 31.9 529.9 105.0 540.3 102.7 538.0 108.6 534.2 116.1 541.7 114.5 0.9960
581.4 94.0 26.6 36.3 593.9 109.1 603.9 107.6 603.9 114.3 598.1 122.0 605.4 121.0 0.9958
450.0 153.6 19.9 25.9 460.8 163.8 467.7 163.3 467.1 167.9 461.9 173.2 467.2 173.0 0.9916
683.6 86.2 22.0 29.3 689.5 96.3 699.3 95.7 694.7 102.0 691.1 107.7 698.8 107.3 0.9863
537.1 134.6 28.8 37.2 546.1 148.3 558.0 148.7 551.8 155.4 546.3 162.0 556.2 162.4 0.9858
585.2 332.8 27.6 26.1 594.8 343.4 606.8 343.2 601.6 350.9 596.5 354.2 604.5 354.1 0.9811
881.6 191.4 17.3 22.8 886.2 202.8 893.7 202.7 890.1 207.8 887.9 210.9 893.3 210.7 0.9800
12.2 108.7 15.8 21.1 15.3 115.0 22.2 114.8 18.0 118.6 15.9 123.8 21.7 123.6 0.9761
234.0 145.9 25.6 32.4 238.8 159.7 244.4 162.2 237.8 167.5 239.1 170.5 243.0 172.2 0.9640
640.3 64.1 18.0 24.3 644.2 75.4 652.5 74.0 649.0 80.0 646.8 84.5 653.0 83.4 0.9536
753.5 115.3 25.1 34.5 763.5 128.6 774.0 128.6 770.3 135.2 765.1 141.7 772.7 141.9 0.9532
386.2 154.1 22.5 31.6 391.6 168.5 400.2 168.7 395.5 175.1 394.1 180.0 399.9 180.0 0.9454
415.6 164.0 21.8 25.3 422.8 176.0 430.3 174.9 427.2 181.0 425.0 185.0 430.3 184.2 0.9391
716.0 144.5 28.4 35.4 725.7 157.6 737.6 158.6 731.6 164.8 726.0 170.9 734.8 171.7 0.9374
290.6 141.7 26.0 36.6 302.7 156.2 311.7 155.2 310.4 162.1 305.4 169.6 312.1 169.0 0.9371
640.6 168.4 27.3 34.1 651.3 180.3 661.1 180.1 657.9 186.9 653.5 193.9 660.6 193.8 0.9167
728.6 28.0 10.9 12.3 732.1 31.8 737.2 32.1 734.7 34.5 732.1 37.0 736.2 37.3 0.8924
936.8 50.7 13.0 11.9 941.5 57.4 945.5 57.3 943.6 60.5 942.4 61.2 944.6 61.1 0.8645
982.2 145.1 25.5 28.6 990.0 154.9 1001.3 156.3 995.3 161.0 989.7 165.4 999.1 166.5 0.7533
433.2 177.7 16.1 20.3 438.2 186.6 445.0 186.6 441.7 190.6 438.8 194.2 444.1 194.2 0.7351
271.8 130.9 18.4 24.1 278.3 141.3 284.7 139.4 283.7 143.6 282.1 149.3 287.0 147.9 0.6978
498.2 158.3 23.2 25.5 504.2 171.0 513.1 169.9 509.2 176.4 507.6 180.1 513.5 179.2 0.5928
