21--Festival/21_Festival_Festival_21_680.jpg
8
249.2 287.4 60.4 86.6 260.4 313.8 288.1 313.9 267.8 321.6 259.8 345.5 282.8 345.7 0.9998
706.8 349.1 60.5 70.0 735.5 384.6 759.4 378.5 755.6 398.6 734.9 404.5 754.6 400.5 0.9998
411.9 311.1 52.9 81.2 426.5 331.5 451.6 333.0 437.8 344.5 427.4 364.8 446.3 366.1 0.9997
551.5 294.8 68.6 101.6 566.3 334.9 598.1 330.4 582.5 349.9 569.9 366.8 602.1 363.1 0.9996
368.8 322.3 27.1 39.5 374.4 334.4 386.7 334.0 379.2 340.6 375.6 349.1 386.1 348.7 0.9991
508.8 343.0 32.7 44.5 516.2 360.5 531.7 359.7 523.8 370.1 518.4 376.1 531.7 375.4 0.9980
324.8 325.7 35.9 52.4 332.5 344.8 347.9 345.0 338.4 354.4 333.6 362.6 347.3 362.7 0.9979
459.9 315.5 25.3 33.2 466.8 326.5 478.2 327.2 472.1 332.9 467.4 339.8 476.0 340.3 0.9949
