21--Festival/21_Festival_Festival_21_238.jpg
33
204.7 494.7 27.0 41.2 224.1 507.8 226.0 507.0 232.4 514.2 226.5 524.7 227.4 524.4 0.9995
4.2 464.8 23.7 28.7 18.9 473.3 24.8 472.7 26.9 478.9 20.8 485.6 25.0 485.6 0.9995
69.9 512.4 20.2 35.4 86.0 526.3 85.7 525.8 90.6 532.5 85.7 539.4 85.8 539.4 0.9990
256.9 318.9 11.3 16.7 265.1 325.5 267.1 325.2 268.4 328.6 265.3 331.8 266.7 331.8 0.9985
532.1 465.1 16.9 26.5 543.9 473.0 545.5 472.8 548.6 477.7 545.3 483.9 546.7 484.0 0.9983
697.1 493.1 16.5 28.1 709.5 504.4 710.5 503.9 712.9 509.6 708.7 514.7 709.7 514.7 0.9973
85.8 473.0 18.8 22.7 98.7 481.3 101.9 480.8 103.9 485.5 99.3 490.1 101.2 490.0 0.9968
237.1 320.8 11.5 13.1 239.4 325.5 244.3 326.1 240.7 328.4 239.2 330.8 242.6 331.3 0.9921
278.6 492.0 15.5 23.3 289.8 499.1 290.5 498.9 293.6 503.5 290.4 508.9 291.0 509.1 0.9918
144.3 474.3 14.4 18.1 153.2 479.6 155.2 479.2 157.6 482.5 155.6 487.1 156.9 487.1 0.9898
618.2 364.6 7.1 10.0 622.1 368.6 624.3 368.4 624.1 370.4 622.4 372.2 624.0 372.2 0.9876
378.5 306.7 8.9 11.5 384.0 310.8 386.0 310.2 386.8 312.7 384.9 315.4 386.3 315.0 0.9876
639.6 476.6 13.6 22.2 649.9 482.9 650.7 482.9 653.3 487.1 649.8 492.0 650.8 492.3 0.9823
643.9 363.7 7.5 8.9 646.6 367.2 649.9 367.2 648.5 369.0 646.9 370.6 649.4 370.7 0.9767
527.6 325.7 7.9 10.3 531.8 329.3 534.3 329.1 533.9 331.3 532.1 333.4 534.0 333.3 0.9763
250.2 303.2 10.1 13.2 256.6 308.8 259.0 308.0 259.5 311.1 257.4 313.7 259.1 313.3 0.9761
735.9 478.2 12.5 21.9 745.4 486.4 745.7 486.2 748.2 490.5 745.9 495.2 746.1 495.3 0.9757
860.3 349.9 6.4 7.6 862.3 352.4 865.3 352.5 864.0 354.0 862.6 355.6 864.9 355.6 0.9522
500.8 478.2 15.3 24.0 512.9 486.7 513.9 486.3 516.4 491.5 512.6 496.5 513.2 496.4 0.9479
753.4 481.4 11.6 18.8 761.4 488.1 762.6 487.7 764.4 491.4 762.3 495.5 763.2 495.4 0.9413
99.2 474.7 10.8 17.0 104.4 480.7 107.2 479.9 107.9 484.1 105.6 488.3 107.5 487.9 0.9277
871.0 462.6 10.6 12.7 877.4 467.5 880.2 467.9 879.5 470.9 876.1 472.7 877.9 473.2 0.9242
1011.7 460.1 10.4 12.1 1016.6 464.7 1020.7 464.0 1020.3 466.6 1018.3 469.6 1021.0 469.1 0.9229
241.1 470.9 17.7 22.8 251.9 478.8 256.4 478.5 256.5 483.4 251.9 487.9 255.2 487.9 0.9159
760.5 471.6 11.3 14.8 109.3 468.1 113.3 467.4 112.6 470.8 110.8 474.0 113.5 473.6 0.8841
415.1 341.9 10.4 11.4 815.5 493.1 817.3 493.2 817.8 496.2 815.3 499.2 816.5 499.4 0.8826
450.6 478.7 11.6 14.3 766.9 477.0 768.9 476.3 770.0 480.0 768.9 483.2 770.0 482.8 0.8610
427.7 486.5 13.8 19.9 419.7 346.3 423.4 345.6 422.7 348.6 420.9 350.9 423.5 350.4 0.8605
44.4 444.0 7.0 8.0 345.3 493.4 345.1 493.1 348.2 496.2 347.7 500.6 347.5 500.6 0.8343
875.5 459.5 11.7 14.4 457.9 483.7 460.0 483.0 461.6 486.2 459.7 489.5 461.1 489.2 0.8261
486.5 344.1 8.2 10.0 436.9 492.9 439.4 492.6 440.3 497.3 436.4 501.5 438.1 501.5 0.7200
62.5 447.4 6.5 7.8 46.5 447.0 49.6 447.1 47.9 448.8 46.6 450.2 49.0 450.4 0.6172
153.1 300.3 8.5 12.0 882.5 464.7 885.6 464.6 885.6 467.9 882.6 470.7 884.7 470.9 0.5557
