21--Festival/21_Festival_Festival_21_51.jpg
17
508.0 340.6 48.5 63.3 529.0 365.1 550.1 366.1 543.5 377.5 530.4 388.6 547.0 389.2 0.9993
892.2 337.2 47.0 61.5 914.1 358.7 933.2 358.6 929.0 369.1 917.4 382.1 932.3 382.3 0.9991
441.1 302.0 21.6 27.8 447.8 311.5 458.0 312.5 452.9 316.8 447.7 321.9 456.3 322.7 0.9990
350.8 299.7 17.2 21.1 355.6 307.3 363.3 307.8 359.1 311.6 355.8 315.5 361.9 315.8 0.9983
681.6 304.1 22.5 28.1 688.8 314.8 699.3 314.4 695.0 319.2 690.3 324.9 698.8 324.6 0.9979
223.7 320.2 26.5 32.7 233.7 332.2 245.2 331.6 241.3 337.7 235.8 344.7 244.9 344.3 0.9947
756.6 308.5 15.0 19.1 760.8 316.0 767.5 316.1 763.9 319.4 761.4 323.4 766.4 323.5 0.9936
921.7 303.7 28.4 33.0 932.4 315.1 944.5 315.5 940.1 321.2 934.0 327.9 943.3 328.3 0.9890
655.8 296.7 9.6 12.1 658.8 301.0 663.2 300.9 661.4 303.1 659.5 305.7 662.9 305.6 0.9757
842.0 297.7 10.7 14.0 844.3 302.9 848.8 303.0 846.1 305.8 844.7 308.5 848.0 308.6 0.9524
209.6 305.4 11.1 14.3 212.3 310.3 217.3 310.9 214.2 313.4 212.3 316.1 216.0 316.5 0.9167
422.0 300.9 9.8 11.7 425.0 304.6 429.1 305.5 426.5 306.9 424.5 309.2 427.8 309.9 0.9016
375.1 306.6 8.6 11.2 377.2 311.1 381.2 311.1 379.2 313.2 377.7 315.4 380.8 315.3 0.8901
603.2 305.9 9.9 12.4 605.4 310.8 609.9 310.7 607.4 313.3 606.0 315.8 609.6 315.7 0.7589
334.6 302.5 8.3 10.7 853.9 444.9 856.9 444.1 859.3 450.3 854.6 456.1 856.8 455.9 0.6440
488.8 300.7 10.9 14.0 337.4 306.8 341.1 306.6 339.7 308.9 338.1 311.0 341.0 310.9 0.6363
886.2 297.5 9.3 11.4 492.2 306.5 497.2 306.9 494.6 309.7 492.3 312.1 496.0 312.4 0.5818
