21--Festival/21_Festival_Festival_21_301.jpg
29
682.1 591.5 27.2 38.5 690.1 602.0 692.9 605.0 683.0 609.8 685.0 618.3 686.7 620.3 0.9989
480.7 504.8 16.6 23.1 482.8 513.5 485.7 513.6 481.7 518.4 485.0 522.8 486.9 522.6 0.9989
383.5 561.6 23.9 35.6 389.7 573.7 391.8 575.0 384.5 579.5 387.3 587.4 388.4 588.0 0.9986
223.0 483.5 20.1 28.6 228.9 492.5 231.4 494.2 224.9 497.5 225.7 503.4 227.5 504.5 0.9984
461.9 648.1 35.6 34.5 473.6 662.9 475.4 663.8 463.9 670.1 465.6 682.9 467.2 683.1 0.9972
48.2 586.0 37.8 49.4 61.9 599.5 65.2 604.2 52.9 607.3 52.6 618.3 54.9 621.3 0.9960
511.9 458.9 13.9 19.4 513.6 466.2 516.9 466.4 513.0 470.3 514.2 474.1 516.4 474.0 0.9940
356.6 489.6 15.6 21.7 360.0 496.4 363.3 497.7 358.5 501.1 359.2 505.4 361.4 506.0 0.9936
820.8 569.4 26.4 34.7 828.8 582.3 838.6 583.9 832.2 589.4 828.2 595.0 835.4 596.3 0.9932
998.0 560.5 24.8 31.9 1001.4 570.9 1010.8 571.5 1002.3 576.2 1001.0 583.7 1007.9 584.0 0.9906
165.3 439.6 13.2 17.5 167.7 445.6 170.5 446.5 166.3 449.2 166.9 452.8 168.7 453.2 0.9888
763.2 514.8 14.7 20.5 765.6 521.6 770.2 522.2 765.9 526.1 765.7 530.1 769.2 530.3 0.9881
905.5 525.2 19.8 24.4 910.3 534.6 918.0 534.7 913.3 539.1 911.0 543.8 917.2 543.8 0.9875
562.4 522.5 21.2 29.5 565.8 533.9 570.9 535.0 564.8 539.5 565.4 544.7 568.9 545.3 0.9783
913.9 648.9 38.7 33.7 923.0 665.1 936.7 667.3 926.2 671.6 921.5 680.3 931.8 681.9 0.9749
471.3 456.7 12.5 17.7 473.0 463.8 477.1 463.8 473.7 467.3 473.9 470.8 476.9 470.6 0.9707
264.4 490.0 18.1 26.8 268.5 498.1 271.1 499.1 265.4 502.7 266.1 509.1 268.2 509.5 0.9681
61.9 501.0 17.9 28.7 65.2 510.4 67.0 511.6 62.3 516.2 64.5 522.0 65.8 522.6 0.9576
309.5 523.7 21.6 29.6 312.5 533.3 316.9 534.4 310.8 540.0 312.5 545.8 315.4 546.2 0.9516
812.3 496.8 16.3 19.9 817.5 504.9 825.2 503.8 822.7 508.7 819.7 512.9 825.4 512.1 0.9398
730.2 480.4 14.0 18.0 731.7 487.5 736.2 487.6 732.5 491.5 732.9 494.9 736.0 494.8 0.9238
905.5 583.1 22.8 28.9 908.6 595.0 916.5 595.7 909.3 600.9 908.9 606.1 914.2 606.3 0.8961
5.5 415.5 13.6 16.3 9.2 420.9 15.0 421.4 11.6 424.7 9.3 427.8 13.6 428.1 0.8906
615.7 507.0 13.8 18.0 617.7 512.6 620.4 512.8 616.5 516.3 618.1 520.5 620.0 520.4 0.8379
47.4 431.5 11.8 14.3 49.3 435.9 53.4 436.8 49.6 439.1 48.9 442.3 51.7 442.9 0.7127
607.3 463.1 13.3 18.0 609.7 470.1 614.3 470.4 610.7 473.9 610.2 477.4 613.6 477.4 0.6902
291.9 445.2 14.3 19.0 294.6 450.9 298.5 451.7 294.3 455.2 294.4 459.2 297.4 459.6 0.6362
26.5 481.1 16.7 19.2 34.0 486.1 40.9 487.2 38.1 490.8 33.6 494.8 38.9 495.7 0.5964
708.5 462.5 12.9 17.3 710.7 468.4 714.3 468.6 710.8 472.0 711.0 475.5 713.7 475.5 0.5048
