21--Festival/21_Festival_Festival_21_345.jpg
87
114.5 534.9 17.3 23.4 119.4 541.7 121.7 543.5 115.6 546.0 116.5 550.9 117.9 552.2 0.9996
573.7 441.8 13.9 19.3 575.3 448.3 579.3 449.1 574.8 452.3 575.1 456.0 578.1 456.4 0.9995
960.7 417.0 13.6 16.9 962.5 424.5 968.0 424.7 963.9 427.7 963.1 430.3 967.2 430.3 0.9995
383.8 413.3 11.1 15.7 385.0 419.6 387.9 419.4 384.9 422.5 385.9 425.7 388.0 425.4 0.9995
721.8 482.1 16.1 22.1 724.2 489.9 728.5 491.1 723.3 494.6 724.0 498.5 727.1 499.1 0.9995
74.8 521.4 14.2 21.6 78.1 529.4 80.4 530.7 75.5 533.7 77.0 537.7 78.3 538.3 0.9993
156.6 440.7 15.0 21.8 159.7 448.0 162.5 449.1 157.4 452.2 158.5 456.6 160.5 457.1 0.9993
422.3 514.4 17.4 28.3 425.9 523.7 428.8 525.2 422.9 529.4 424.9 534.7 427.1 535.6 0.9993
361.2 432.4 13.1 20.5 362.5 440.3 365.5 440.6 361.5 444.5 363.1 448.5 365.1 448.4 0.9992
667.3 451.9 16.7 24.1 670.3 459.0 674.0 460.5 668.0 464.2 668.6 468.8 671.6 469.8 0.9992
476.5 419.4 12.3 16.4 479.3 424.9 483.2 426.1 478.7 427.9 478.1 431.1 480.9 431.8 0.9992
818.0 453.6 15.8 20.0 819.6 461.0 825.5 460.7 820.6 464.8 820.5 468.8 825.2 468.4 0.9992
543.4 436.2 12.4 13.5 545.6 442.8 550.7 442.5 547.8 446.2 547.6 448.0 550.8 447.7 0.9991
438.9 414.3 12.4 15.4 441.6 419.8 447.0 420.5 443.1 423.3 441.4 426.0 445.6 426.4 0.9991
828.0 488.8 19.4 24.4 831.6 497.0 839.5 499.3 832.9 503.2 830.6 506.8 836.5 508.4 0.9991
971.0 432.3 15.3 18.6 973.5 440.6 980.1 440.1 976.2 443.6 974.7 446.5 980.3 446.0 0.9990
484.6 456.8 14.3 18.7 486.8 463.4 489.8 464.2 485.2 467.6 486.6 471.0 488.5 471.4 0.9989
901.2 387.9 9.3 12.0 903.1 392.9 907.4 392.7 905.2 395.1 903.9 397.3 907.2 397.2 0.9989
741.0 383.0 7.9 10.3 742.2 387.2 745.1 387.0 743.1 389.1 742.9 391.0 745.2 390.8 0.9988
840.0 392.9 8.5 10.8 842.3 397.1 846.2 397.4 843.9 399.3 842.2 401.1 845.4 401.4 0.9987
867.4 380.9 9.0 11.4 869.1 385.4 873.4 385.2 871.2 387.6 869.9 389.8 873.4 389.6 0.9987
181.2 456.2 14.9 21.3 185.2 463.6 187.4 464.8 182.3 467.5 183.0 471.6 184.2 472.3 0.9987
788.1 407.1 11.4 14.0 790.1 411.7 794.4 412.7 790.0 414.0 789.3 417.1 792.1 417.8 0.9987
882.0 415.8 12.1 14.8 883.6 421.4 888.9 421.9 884.8 424.2 883.7 427.0 887.5 427.3 0.9987
582.3 407.8 11.6 14.1 584.8 413.0 588.3 414.1 584.5 415.9 583.9 418.2 586.3 418.9 0.9984
509.3 408.5 9.2 13.1 510.4 413.6 513.0 413.7 510.4 416.3 510.9 418.8 512.8 418.7 0.9984
638.2 414.9 9.9 13.9 639.6 420.2 642.1 420.5 639.2 423.0 639.9 425.7 641.6 425.7 0.9983
228.4 445.3 12.6 18.8 230.3 452.5 232.6 452.8 229.0 456.3 230.7 459.8 232.3 459.8 0.9981
744.1 437.3 15.7 23.7 746.1 446.1 751.0 446.3 746.1 450.7 746.1 455.1 750.3 455.0 0.9979
724.3 431.2 11.5 15.1 727.3 437.7 732.8 437.9 729.9 440.8 727.5 443.3 732.1 443.4 0.9978
910.0 492.0 19.1 27.7 914.0 501.7 920.3 503.5 914.0 507.5 912.8 512.4 917.4 513.6 0.9974
688.0 378.1 8.8 10.2 689.4 381.3 692.7 381.8 689.9 383.5 689.3 385.5 691.9 385.8 0.9973
833.3 220.7 41.0 57.1 840.5 243.6 860.0 242.9 848.4 253.9 843.1 263.9 859.4 263.3 0.9971
391.5 443.6 13.7 21.1 394.3 452.3 395.3 452.8 391.5 456.3 393.9 460.1 394.6 460.2 0.9971
714.5 368.8 6.8 8.8 716.2 372.5 719.4 372.7 717.5 374.4 716.2 375.8 718.8 375.9 0.9967
623.8 400.6 10.0 13.6 625.3 405.6 629.3 405.9 626.3 408.4 625.5 411.1 628.6 411.1 0.9967
784.1 435.5 11.6 12.7 787.4 440.5 792.9 440.4 790.3 443.8 788.3 446.0 792.0 445.9 0.9966
892.9 374.9 8.0 10.1 894.5 379.1 897.7 379.0 895.9 380.9 895.1 382.8 897.6 382.6 0.9966
494.7 435.7 13.3 14.1 498.3 443.9 502.8 442.9 501.0 446.8 501.1 448.4 503.7 447.6 0.9966
670.9 406.6 10.8 14.2 674.1 413.3 678.7 413.4 676.4 416.4 674.5 418.0 678.2 418.1 0.9965
939.6 390.0 10.8 12.6 941.9 394.7 946.8 395.3 943.7 397.3 942.1 399.6 945.7 399.9 0.9961
919.7 366.5 7.1 9.3 920.9 370.4 923.8 370.4 921.9 372.2 921.3 373.9 923.6 373.8 0.9961
728.2 377.0 7.7 9.4 730.2 380.3 734.0 380.6 731.9 382.4 730.2 384.2 733.3 384.4 0.9959
780.8 373.7 7.7 9.2 782.2 377.4 785.5 377.1 783.7 379.2 783.1 381.1 785.7 380.8 0.9957
714.9 383.7 7.6 9.6 716.3 387.7 718.9 387.5 717.3 389.4 717.0 391.2 718.9 391.1 0.9955
932.2 369.3 8.4 10.0 934.1 372.7 937.9 372.7 935.7 374.7 934.4 376.7 937.5 376.7 0.9950
632.8 377.6 8.0 9.5 634.4 381.0 638.0 380.9 636.0 382.8 634.9 384.7 637.8 384.6 0.9945
741.5 371.0 7.0 9.0 743.9 374.6 747.0 374.8 745.4 376.4 743.8 377.9 746.3 378.2 0.9935
412.7 409.2 9.3 13.3 414.6 414.6 418.1 414.8 415.6 417.2 414.7 419.6 417.5 419.7 0.9928
450.1 449.1 11.8 15.0 452.5 453.7 456.0 455.0 452.5 456.8 451.8 459.6 454.4 460.5 0.9923
627.2 432.9 12.2 17.8 895.7 457.3 899.4 457.6 896.3 460.6 895.9 463.8 898.8 463.9 0.9920
704.2 371.2 7.0 8.8 629.1 439.4 633.0 439.8 629.3 443.1 629.3 446.5 632.0 446.6 0.9899
666.0 367.9 7.0 8.5 705.4 374.4 708.1 374.6 706.1 376.3 705.6 378.1 707.6 378.2 0.9899
807.4 384.8 8.2 10.9 667.9 371.1 671.2 371.2 669.4 372.8 668.0 374.5 670.7 374.6 0.9864
812.7 373.7 8.7 11.1 808.7 388.7 811.6 389.0 809.1 391.0 808.8 393.1 811.1 393.2 0.9862
125.9 446.8 10.9 15.5 814.3 378.6 818.1 379.1 815.5 381.1 814.5 382.8 817.0 383.1 0.9853
608.6 375.5 8.1 10.1 127.6 453.7 130.2 453.9 127.7 457.1 128.9 459.6 130.7 459.5 0.9850
900.2 366.2 7.0 8.5 610.2 379.3 613.8 379.3 611.7 381.3 610.7 383.2 613.6 383.1 0.9841
773.1 389.0 9.2 10.3 902.0 369.5 905.2 369.5 903.5 371.2 902.3 372.7 904.9 372.7 0.9816
61.2 403.5 9.7 12.9 775.0 393.2 779.3 393.5 776.7 395.7 775.2 397.1 778.5 397.4 0.9799
469.1 400.8 11.4 14.9 62.8 408.4 65.1 408.7 62.2 411.0 62.8 413.5 64.3 413.6 0.9793
737.9 415.3 10.7 11.7 470.4 406.6 474.4 407.0 470.9 409.6 470.5 412.4 473.4 412.5 0.9792
542.6 394.3 9.3 12.6 740.4 422.2 744.7 421.8 742.5 424.7 742.1 426.0 744.9 425.7 0.9787
838.4 372.0 8.0 9.8 543.9 398.7 547.5 398.9 544.8 401.3 544.0 403.9 546.8 404.0 0.9779
697.3 365.0 6.5 8.1 839.8 376.0 843.0 376.1 840.8 378.0 840.2 379.7 842.6 379.7 0.9767
241.0 411.1 10.8 15.3 699.3 368.1 702.3 368.2 700.8 369.8 699.4 371.3 701.8 371.4 0.9709
755.5 376.2 7.1 9.3 243.1 416.7 246.5 417.7 242.8 419.8 242.2 422.5 244.6 423.1 0.9645
507.7 395.8 8.9 11.8 757.3 379.9 760.7 379.7 759.1 381.6 757.9 383.4 760.6 383.3 0.9472
325.9 424.6 10.5 12.2 508.8 400.2 512.0 400.7 509.2 402.8 508.8 405.0 511.0 405.2 0.9353
190.3 406.1 10.3 13.2 327.7 427.9 330.4 428.7 327.1 430.7 327.2 433.3 329.2 433.7 0.9307
884.0 447.6 19.2 23.7 192.7 410.2 195.2 411.0 191.9 412.9 191.3 415.4 193.1 415.9 0.8826
753.7 361.1 6.2 8.1 673.7 405.8 678.3 406.0 675.9 408.0 673.8 410.3 677.7 410.4 0.8743
291.4 417.9 9.4 13.9 888.2 456.4 893.0 457.0 887.5 460.6 887.7 465.1 891.1 465.2 0.8608
51.5 424.7 9.5 12.7 755.1 364.2 757.7 364.2 756.1 365.8 755.4 367.4 757.5 367.4 0.8189
67.2 384.1 7.8 9.8 593.1 404.2 597.0 404.4 594.5 406.7 593.5 408.5 596.3 408.6 0.7616
893.7 354.1 6.3 7.3 92.9 502.6 97.2 502.8 94.2 505.9 93.5 508.7 96.6 508.7 0.7266
634.5 366.2 6.6 8.5 293.6 422.9 295.4 423.5 292.4 425.6 292.7 428.4 293.9 428.6 0.7078
289.7 450.5 11.3 16.1 723.6 365.1 726.5 365.0 725.1 366.6 724.0 368.1 726.3 368.1 0.7025
86.0 383.6 7.5 9.4 47.7 544.3 55.7 544.2 51.4 549.9 48.9 555.6 54.8 555.6 0.6631
856.7 350.8 5.3 6.4 53.3 429.8 56.8 430.2 54.0 432.6 53.3 434.9 55.9 435.1 0.6576
203.8 388.9 7.8 10.0 68.7 388.1 71.8 388.3 69.7 390.2 68.9 392.0 71.2 392.1 0.6253
914.0 360.2 6.0 7.5 15.6 375.5 18.3 375.6 16.6 377.3 15.8 378.8 18.0 378.8 0.6169
777.0 364.9 6.7 8.1 40.5 382.2 43.1 382.6 40.9 384.3 40.3 386.1 42.3 386.3 0.6100
904.4 448.3 14.8 18.1 895.1 356.8 898.1 356.7 896.6 358.3 895.6 359.7 897.9 359.7 0.5801
0.0 467.7 8.3 18.0 699.0 379.0 701.8 379.1 700.4 380.8 699.2 382.3 701.4 382.4 0.5426
677.6 365.7 5.9 7.0 636.1 369.8 638.9 369.7 637.4 371.4 636.5 373.0 638.7 372.9 0.5309
823.2 355.2 6.6 7.7 292.5 455.5 294.8 456.4 291.2 458.4 290.7 461.9 292.5 462.5 0.5069
