21--Festival/21_Festival_Festival_21_407.jpg
11
420.1 168.2 22.1 34.2 423.3 180.6 426.9 180.2 420.7 186.7 424.1 194.2 426.7 193.4 0.9988
62.5 592.5 24.5 30.5 70.6 601.3 81.6 604.1 75.2 606.5 69.0 612.8 78.3 615.0 0.9973
441.0 329.6 22.4 29.1 453.9 340.7 460.0 338.5 462.4 344.7 457.6 352.0 461.6 350.7 0.9966
747.4 571.7 23.5 28.8 753.0 582.1 763.2 581.0 758.2 586.1 755.3 593.0 763.1 592.1 0.9959
66.4 568.4 18.6 22.3 306.2 740.4 321.1 739.2 319.9 747.4 312.3 761.0 323.2 760.3 0.9887
750.8 528.1 12.7 16.6 74.4 575.8 82.4 575.2 80.9 578.9 76.9 584.8 83.0 584.4 0.9724
88.6 553.2 12.0 15.6 753.4 533.8 758.7 532.7 756.2 535.9 755.0 540.2 759.6 539.2 0.9231
294.9 573.7 11.5 14.8 93.1 560.3 98.0 559.3 96.8 562.8 94.8 565.9 98.5 565.2 0.8915
308.7 592.2 15.0 20.1 298.5 578.5 303.9 578.8 301.3 581.2 298.8 584.6 303.2 584.8 0.8233
84.0 571.3 12.7 17.9 313.3 599.5 320.5 598.6 318.1 603.1 315.5 607.9 320.8 607.2 0.7524
618.7 611.6 28.0 42.2 88.3 579.0 94.4 579.0 91.7 582.8 88.9 586.2 93.5 586.3 0.7459
