21--Festival/21_Festival_Festival_21_84.jpg
23
560.0 411.2 12.6 14.3 562.8 415.8 568.4 415.9 565.0 418.6 563.2 421.6 567.5 421.7 0.9989
71.7 426.7 12.3 14.6 73.1 433.1 75.4 432.5 72.9 436.1 75.2 438.9 76.3 438.1 0.9986
428.9 422.1 12.7 14.8 432.7 426.9 438.5 426.9 435.8 429.9 433.4 433.0 438.1 433.0 0.9985
418.9 375.5 12.6 17.0 420.8 382.1 426.2 383.2 422.2 386.2 420.8 388.6 424.9 389.3 0.9967
519.3 747.5 26.0 19.8 525.7 760.2 535.9 759.6 530.9 765.4 528.6 765.6 536.4 765.1 0.9965
469.5 491.0 12.6 18.9 478.1 499.1 480.2 498.6 481.2 502.5 478.4 506.0 479.8 505.9 0.9955
516.8 515.0 12.5 15.9 525.7 521.1 527.4 520.6 528.2 524.5 524.5 527.3 525.4 527.2 0.9944
235.7 522.7 15.9 19.8 242.3 530.6 249.1 529.2 247.6 534.2 244.5 538.4 249.5 537.3 0.9942
307.7 631.1 20.4 26.2 321.5 641.5 325.5 640.1 327.7 645.6 323.8 651.5 326.6 650.7 0.9923
452.0 378.1 9.9 12.3 455.5 382.6 459.4 382.9 457.4 385.2 455.4 387.3 458.5 387.6 0.9787
466.7 424.5 9.3 13.8 468.4 430.1 470.8 429.9 468.7 432.6 469.2 435.3 471.1 435.0 0.9755
462.8 344.8 9.5 11.8 465.7 349.3 470.4 348.7 468.7 351.6 467.0 354.0 470.5 353.5 0.9651
131.6 400.5 10.3 13.5 138.5 405.6 140.9 405.2 141.0 408.5 138.1 411.1 139.6 411.0 0.9649
422.4 356.8 9.0 11.2 424.9 360.7 429.3 360.6 427.2 363.0 425.5 365.3 429.0 365.2 0.9640
533.0 369.5 9.5 12.7 534.5 374.8 538.7 374.9 536.0 377.4 535.1 379.6 538.2 379.6 0.9525
490.9 485.1 13.0 13.7 497.0 490.7 501.8 490.3 500.7 493.7 497.9 496.2 501.2 496.0 0.9456
413.4 449.4 16.1 19.1 415.0 458.2 419.0 458.9 414.7 462.4 416.4 465.0 419.1 465.3 0.9390
400.7 331.1 6.5 8.3 401.6 334.5 403.2 334.7 401.4 336.4 401.9 337.8 402.9 337.8 0.9108
976.0 284.9 6.7 8.4 977.4 288.0 980.3 288.2 978.5 289.7 977.4 291.4 979.7 291.5 0.8816
1006.5 341.3 9.4 11.1 1010.2 345.5 1014.5 345.6 1012.9 348.2 1010.6 350.5 1013.8 350.6 0.8745
500.1 455.0 8.8 13.5 501.4 459.4 503.3 459.7 500.9 462.3 501.6 465.0 503.0 465.1 0.7009
962.1 284.0 7.4 10.0 966.1 287.8 968.3 287.9 968.0 290.1 966.1 292.0 967.5 292.2 0.6716
500.1 302.3 6.7 8.1 501.7 305.2 504.9 305.1 503.3 306.9 502.2 308.6 504.7 308.6 0.5172
