21--Festival/21_Festival_Festival_21_127.jpg
20
989.7 409.4 31.1 46.8 994.8 426.5 996.3 427.1 989.2 436.1 998.4 444.5 999.6 444.4 0.9994
715.0 460.9 13.5 16.8 724.3 467.1 727.2 467.5 727.6 471.0 723.7 473.9 725.4 474.5 0.9992
52.3 352.4 15.9 18.9 54.5 358.2 58.8 358.4 54.2 362.2 55.1 366.2 58.2 366.2 0.9992
138.4 496.7 21.2 24.2 149.1 506.3 156.8 505.8 154.8 511.8 148.6 515.9 153.8 515.7 0.9985
662.2 510.9 12.0 18.3 663.9 518.8 664.8 518.6 662.1 522.4 665.2 525.9 665.3 525.4 0.9982
411.3 363.7 9.8 13.4 416.9 369.1 419.9 369.0 419.6 371.7 417.2 374.2 419.3 374.3 0.9967
571.8 453.4 11.1 15.9 575.9 460.2 581.0 460.0 579.1 463.5 576.3 466.2 580.2 466.2 0.9864
584.6 367.0 6.3 8.4 587.8 370.5 589.9 370.6 589.4 372.2 587.8 373.6 589.4 373.8 0.9790
738.8 425.5 9.8 13.0 742.1 430.9 746.3 430.6 744.7 433.3 742.9 435.9 746.1 435.7 0.9715
113.8 435.2 10.9 16.1 116.8 440.2 117.5 440.7 114.6 443.4 116.2 447.0 116.7 447.1 0.9685
929.1 364.3 12.4 15.5 935.0 372.1 939.4 371.0 938.9 374.8 936.6 377.7 939.6 377.0 0.9460
543.6 462.7 13.9 12.1 547.8 467.9 551.9 469.5 548.9 471.7 548.1 472.5 550.5 473.6 0.8970
756.3 408.1 8.1 13.2 758.2 412.8 758.9 413.0 757.2 415.5 758.7 418.2 759.1 418.2 0.8967
315.0 364.1 9.4 13.1 317.8 369.5 320.7 369.6 319.0 372.4 318.0 375.0 320.2 375.1 0.8056
705.4 408.2 10.1 11.5 708.9 412.2 713.1 411.9 711.6 414.6 709.9 417.1 713.0 416.9 0.7684
422.8 359.4 6.3 9.2 424.1 362.5 425.8 362.8 424.1 364.5 424.0 366.5 425.3 366.6 0.7624
758.8 460.7 10.4 17.9 760.2 467.2 761.5 467.1 759.2 471.3 760.9 475.1 761.7 474.8 0.7125
391.2 362.3 6.3 7.7 393.7 365.2 396.1 365.3 395.1 366.9 393.8 368.3 395.6 368.4 0.6476
129.6 399.5 7.7 9.8 132.1 403.4 135.3 403.3 133.8 405.3 132.6 407.1 135.0 407.0 0.6253
184.9 450.6 17.9 28.7 190.2 458.7 191.5 459.6 187.8 464.0 189.1 470.2 190.3 470.6 0.5546
