46--Jockey/46_Jockey_Jockey_46_58.jpg
8
645.9 348.0 45.7 42.9 659.2 371.7 678.9 371.3 669.4 382.7 663.4 385.1 676.3 384.8 0.9994
728.1 239.7 35.2 49.1 736.9 259.5 752.3 260.1 743.5 269.3 737.9 276.7 750.0 277.1 0.9994
585.4 226.0 32.0 40.3 596.1 238.2 610.2 239.7 603.5 247.3 595.6 253.1 608.1 254.3 0.9994
138.7 215.8 34.9 47.3 158.9 233.8 169.7 234.3 168.8 244.3 158.4 252.5 165.7 253.1 0.9993
188.4 298.1 22.2 28.1 195.3 308.3 205.7 308.3 201.0 314.6 196.2 319.1 204.5 319.1 0.9990
443.7 179.4 33.7 48.2 456.3 194.2 471.3 194.6 466.2 204.3 458.1 214.4 469.5 214.7 0.9987
63.0 322.4 21.8 32.3 72.4 335.0 80.0 334.8 78.3 340.8 73.7 346.7 79.9 346.8 0.9915
662.4 271.4 24.7 39.2 681.4 288.1 683.1 287.5 683.3 296.6 677.6 303.1 678.4 302.6 0.9666
