46--Jockey/46_Jockey_Jockey_46_178.jpg
16
522.8 166.4 73.8 90.0 530.6 197.1 550.2 196.4 525.2 214.2 535.1 233.5 549.6 232.1 0.9998
224.2 328.5 27.8 38.0 244.8 340.1 248.5 340.6 252.3 348.1 243.6 356.0 246.1 356.7 0.9984
880.0 343.6 25.5 37.8 894.8 359.6 903.0 358.7 902.8 366.6 895.3 373.7 900.9 373.3 0.9973
780.5 432.9 39.1 55.7 792.7 457.1 810.9 455.6 803.0 467.4 796.3 477.2 809.8 476.0 0.9962
509.1 384.8 22.1 34.7 524.9 397.0 527.3 395.9 530.5 403.5 525.4 411.0 526.7 410.4 0.9960
345.2 371.2 28.1 43.5 367.8 388.6 368.8 387.2 373.6 396.5 366.8 405.4 367.1 404.9 0.9890
698.0 512.5 48.6 58.8 706.7 529.7 722.2 531.9 707.8 542.6 705.1 554.6 715.4 555.9 0.9881
70.2 414.2 30.3 35.1 89.3 429.2 93.6 430.2 91.4 439.3 81.0 442.9 83.1 444.0 0.9840
415.7 326.9 22.8 32.2 428.4 337.9 433.8 336.2 436.3 342.6 431.9 350.6 436.0 349.6 0.9806
847.5 362.2 27.5 33.7 865.9 374.4 871.7 373.2 873.9 381.1 868.1 388.6 871.5 388.1 0.9589
606.3 393.6 29.2 48.9 625.2 409.8 630.1 408.9 632.3 417.8 626.9 428.9 630.8 428.3 0.8831
426.1 546.9 39.1 60.0 431.9 565.4 434.0 567.9 426.8 579.1 434.1 590.5 435.6 592.0 0.8314
915.2 355.8 23.0 37.1 918.6 369.2 922.6 370.7 916.3 377.1 918.9 383.7 921.5 384.5 0.8209
466.0 358.3 19.3 23.9 469.2 368.8 472.9 368.9 470.4 374.7 473.6 377.9 475.8 377.8 0.7536
263.8 347.5 11.4 20.3 271.8 354.3 272.3 353.9 274.2 358.3 272.1 362.9 272.4 362.8 0.6889
446.9 141.1 48.9 54.3 456.0 159.1 480.0 158.6 466.2 171.3 459.5 182.3 477.1 182.0 0.5093
