46--Jockey/46_Jockey_Jockey_46_18.jpg
12
173.3 481.2 42.6 54.9 184.4 503.4 205.0 502.5 195.3 513.9 186.9 522.5 204.2 521.8 0.9997
517.2 512.7 43.1 54.7 526.5 532.3 547.7 531.0 536.8 543.9 529.3 553.1 547.1 552.1 0.9997
768.8 440.7 47.8 63.0 779.5 469.3 800.6 465.7 790.4 480.8 785.8 489.7 803.8 486.6 0.9997
477.3 379.7 40.1 56.6 487.0 401.5 506.0 401.1 496.1 412.3 488.4 420.8 505.0 420.5 0.9997
599.0 387.5 41.1 50.5 607.9 404.3 626.1 404.4 615.2 413.4 608.4 423.0 624.7 422.9 0.9995
647.4 485.5 43.8 56.3 656.0 507.8 676.4 504.7 666.2 518.0 660.5 528.3 677.9 525.7 0.9995
733.4 395.5 41.7 50.2 743.8 412.3 763.1 410.9 754.2 422.2 748.0 433.5 762.4 432.4 0.9995
390.6 485.8 42.4 53.9 398.9 507.9 418.6 508.5 406.5 517.6 400.3 525.8 416.9 526.3 0.9995
278.2 466.5 42.8 57.2 289.7 487.9 307.7 488.1 298.2 499.8 290.5 508.6 306.5 508.7 0.9995
358.3 384.0 38.5 54.1 366.2 405.2 383.7 405.4 373.4 414.3 367.0 423.8 382.3 423.9 0.9994
846.6 382.9 39.5 54.6 854.5 406.2 872.8 405.0 862.6 416.3 857.5 425.4 872.2 424.4 0.9993
259.7 370.1 38.9 52.5 272.0 389.5 289.7 391.2 281.0 399.7 272.0 408.1 286.9 409.5 0.9992
