46--Jockey/46_Jockey_Jockey_46_877.jpg
91
566.7 450.2 19.2 19.9 576.8 460.6 581.4 462.2 578.5 466.1 572.7 466.7 575.3 468.1 0.9993
613.1 525.4 25.4 35.1 616.3 539.0 621.8 540.2 613.9 545.8 615.8 552.5 619.6 553.0 0.9993
653.2 440.4 21.1 26.7 661.3 450.2 670.5 448.4 668.6 453.4 664.4 460.2 671.8 458.8 0.9991
974.6 485.0 19.7 22.8 980.9 494.0 989.7 494.6 985.4 499.4 981.3 502.5 987.8 502.9 0.9989
551.7 638.9 37.0 45.2 577.7 661.4 583.7 661.2 587.5 672.0 574.7 680.1 578.7 680.7 0.9987
503.4 421.4 15.0 20.2 512.4 429.2 515.9 428.8 516.9 432.9 513.4 437.0 515.5 437.0 0.9985
892.7 466.7 17.1 22.8 896.2 474.1 898.5 474.8 893.6 478.8 895.9 483.7 897.1 483.9 0.9985
425.6 391.4 12.7 16.7 427.1 397.6 432.2 397.5 428.4 401.1 427.9 404.6 431.4 404.5 0.9979
291.4 552.0 22.6 35.4 305.1 566.4 309.7 565.0 312.3 572.3 306.9 579.4 309.9 578.6 0.9978
252.7 403.9 16.5 23.7 262.6 413.1 264.3 411.7 268.4 416.1 266.7 421.9 267.9 421.1 0.9977
74.6 405.6 14.3 18.8 80.7 413.1 86.3 412.4 85.0 416.1 82.0 419.9 86.5 419.6 0.9977
362.9 396.5 16.7 22.9 365.0 404.8 369.0 406.1 363.8 409.9 364.8 414.1 367.3 414.8 0.9970
859.0 487.2 19.8 24.4 866.7 497.7 875.2 498.2 871.7 502.8 867.6 506.5 873.2 507.0 0.9967
394.1 536.1 22.8 30.4 403.3 549.8 412.5 547.1 411.0 554.2 407.4 560.8 413.8 558.9 0.9966
553.6 483.1 17.9 23.6 557.2 492.2 565.4 494.1 559.4 497.6 556.3 500.7 562.6 502.2 0.9964
265.8 636.2 23.7 34.8 283.6 651.2 286.0 650.6 288.4 657.2 282.2 663.5 283.2 663.3 0.9961
276.6 408.8 13.0 18.3 284.0 416.7 287.4 415.9 288.2 419.6 285.5 423.3 287.7 422.8 0.9956
739.4 376.6 12.2 16.7 745.4 383.7 749.7 383.2 749.2 386.7 746.4 390.0 749.7 389.8 0.9956
327.9 468.1 19.5 21.6 331.3 478.3 337.6 476.6 334.6 482.7 335.9 486.4 340.0 485.0 0.9943
147.0 373.4 12.6 14.7 148.3 378.0 152.6 378.2 148.7 381.5 148.9 384.7 152.0 384.7 0.9941
897.0 429.2 15.3 20.1 902.7 437.3 909.6 437.8 906.5 441.7 902.9 445.1 908.0 445.5 0.9935
328.5 361.5 11.4 17.1 335.8 368.1 338.0 367.7 339.1 371.2 336.6 374.8 338.0 374.7 0.9932
36.0 407.4 15.6 16.6 39.1 415.7 41.6 415.5 39.9 419.9 43.5 421.8 44.6 421.4 0.9931
661.8 515.3 26.3 27.0 669.9 524.2 676.3 527.6 668.4 529.5 665.8 533.7 670.0 536.2 0.9928
970.6 379.7 12.7 18.1 978.4 387.2 981.6 386.7 982.2 390.5 979.0 394.1 981.1 394.0 0.9928
596.8 368.7 11.9 16.6 602.5 375.1 606.8 374.8 606.2 378.2 603.6 381.6 606.7 381.5 0.9925
949.7 401.8 11.8 16.6 951.7 407.5 953.8 408.2 950.6 411.3 951.7 414.7 952.9 415.0 0.9925
714.8 365.3 12.2 14.7 718.1 370.5 723.8 371.1 720.7 374.0 718.2 376.6 722.6 377.0 0.9924
246.8 343.9 9.6 11.5 249.4 348.2 254.0 348.1 251.8 350.6 250.0 353.1 253.6 353.0 0.9914
171.8 376.2 15.3 20.7 178.0 384.4 183.9 384.4 182.0 389.2 178.8 392.8 182.8 392.9 0.9912
147.0 348.8 11.3 13.8 148.9 354.7 152.1 354.2 149.9 357.9 151.0 360.5 153.1 359.9 0.9907
123.5 366.1 11.8 15.3 126.0 371.3 131.3 371.6 128.1 374.5 126.3 377.5 130.6 377.7 0.9902
329.5 402.3 13.9 20.1 337.1 410.4 340.9 410.0 340.9 414.4 337.5 418.2 340.2 418.1 0.9894
216.3 390.1 14.5 20.1 218.4 397.2 221.7 397.5 218.5 401.1 219.0 405.2 221.7 405.2 0.9877
856.8 374.5 11.0 15.2 858.0 381.2 861.2 381.5 858.3 384.6 858.9 387.1 861.0 387.1 0.9875
995.0 395.2 10.6 15.3 1002.4 400.6 1004.1 400.2 1005.0 403.5 1002.7 406.9 1004.0 406.8 0.9873
548.0 368.4 9.9 12.6 550.4 373.5 555.0 373.7 552.5 376.2 550.9 378.6 554.1 378.7 0.9863
169.3 461.5 16.3 20.0 174.0 469.6 181.4 469.5 177.7 473.7 174.9 477.4 180.7 477.4 0.9819
742.0 435.1 13.6 17.5 745.8 441.7 751.8 442.4 748.3 445.5 745.4 448.5 750.3 449.0 0.9819
427.2 341.6 9.6 14.4 433.2 347.1 435.5 346.9 435.8 350.0 433.7 352.9 435.3 352.9 0.9803
176.7 334.4 11.2 15.3 178.6 339.3 181.4 340.0 177.9 342.6 177.9 345.9 179.9 346.2 0.9770
472.7 412.3 13.4 19.1 474.8 419.9 478.0 419.9 474.8 423.9 475.9 427.5 478.0 427.2 0.9696
128.8 337.7 10.3 12.5 131.8 342.4 136.4 342.2 134.3 344.8 132.5 347.4 136.2 347.3 0.9681
955.6 665.1 30.8 19.5 971.1 681.2 982.7 681.0 979.9 688.9 971.0 693.9 978.8 694.0 0.9656
704.2 340.3 9.5 12.6 707.4 345.2 711.7 344.7 710.3 347.7 708.6 350.4 711.6 350.1 0.9650
208.4 350.7 12.0 14.8 211.9 355.9 217.2 355.9 214.5 359.3 212.6 362.2 216.6 362.2 0.9640
517.8 355.2 9.1 12.2 519.9 360.0 524.1 359.9 521.9 362.3 520.5 364.8 523.6 364.7 0.9622
147.3 403.4 14.0 19.9 149.5 410.6 151.9 410.7 148.4 414.6 149.9 418.6 151.4 418.4 0.9618
370.4 371.8 12.7 15.2 372.5 378.0 375.9 378.2 373.2 381.8 374.6 384.2 376.6 384.2 0.9612
490.1 613.2 20.2 31.3 493.3 623.4 496.2 624.6 491.0 630.6 494.7 636.7 496.9 637.1 0.9612
999.7 431.0 15.5 20.2 1002.1 438.6 1007.4 438.8 1002.8 442.6 1002.4 446.7 1006.2 446.8 0.9606
525.9 332.8 8.9 11.9 529.0 337.3 533.0 337.2 531.4 339.8 529.4 342.2 532.5 342.2 0.9593
212.4 313.4 7.6 9.4 214.2 317.0 217.6 316.9 215.7 318.9 214.7 320.8 217.4 320.7 0.9532
636.6 353.8 11.4 14.3 639.4 359.2 644.3 358.8 641.7 362.4 640.5 365.3 643.9 365.0 0.9495
591.0 407.3 11.5 15.6 597.9 413.2 601.0 413.2 600.7 416.3 598.0 419.3 600.2 419.5 0.9491
397.7 353.8 12.1 14.6 403.2 359.5 408.1 358.9 407.2 362.2 404.7 365.4 408.0 365.1 0.9378
485.6 508.2 16.3 28.1 488.9 517.2 491.3 518.1 487.1 522.8 488.4 528.7 490.3 529.2 0.9376
623.8 342.0 8.7 11.0 627.0 345.9 630.6 345.9 629.3 348.1 627.3 350.3 630.1 350.4 0.9360
383.2 639.0 29.6 35.5 391.3 650.9 404.5 649.8 398.8 656.7 393.6 664.6 404.8 663.8 0.9350
296.0 414.1 11.5 16.9 298.2 420.1 300.3 421.1 297.1 424.0 297.9 427.1 299.4 427.7 0.9302
499.8 373.4 11.1 11.8 502.6 377.2 507.5 377.5 504.6 380.0 502.7 382.5 506.6 382.7 0.9244
103.2 500.0 16.9 28.1 115.3 508.4 116.6 508.0 119.9 513.1 116.6 519.6 117.8 519.6 0.9228
241.2 318.1 10.7 13.0 243.8 322.6 249.0 322.4 246.4 325.5 244.6 328.3 248.5 328.1 0.9167
457.8 367.8 11.2 12.5 460.4 372.0 466.2 371.5 463.4 374.6 461.5 377.6 465.8 377.3 0.9129
593.4 347.7 9.5 12.7 595.9 352.1 600.6 352.3 598.2 355.1 596.2 357.5 599.9 357.7 0.9092
193.5 331.0 9.5 12.9 197.8 335.3 201.5 335.3 200.8 338.1 198.5 340.9 201.3 340.9 0.9089
971.8 438.7 15.1 18.1 974.9 444.4 980.8 444.6 977.3 448.2 975.5 451.8 980.1 451.9 0.9076
678.8 356.1 9.7 12.3 683.1 360.9 687.1 360.5 686.0 363.2 684.0 365.9 687.0 365.7 0.8985
108.2 324.0 10.3 12.7 111.1 329.3 115.4 329.1 113.3 331.6 111.7 334.1 115.2 333.9 0.8881
570.6 335.6 9.8 12.9 572.8 340.1 577.5 340.3 574.8 342.8 573.1 345.4 576.8 345.6 0.8863
726.1 344.2 10.4 12.9 728.8 348.0 733.8 348.2 731.1 351.2 729.1 353.8 732.9 354.0 0.8624
916.2 384.2 10.2 12.8 918.6 388.9 922.7 389.2 920.0 391.8 918.7 394.4 921.9 394.6 0.8622
851.2 412.9 12.0 19.0 855.2 418.0 855.7 418.7 852.4 421.7 852.6 426.5 852.8 426.8 0.8598
295.5 343.2 12.9 14.9 301.4 349.6 306.4 349.5 304.8 353.1 301.9 355.7 305.2 355.7 0.8550
638.2 395.7 16.6 20.5 641.4 404.5 648.4 404.1 644.4 408.7 643.0 412.4 648.1 412.0 0.8402
982.4 367.7 9.6 11.9 985.9 372.4 989.8 372.4 988.2 374.9 986.3 377.2 989.3 377.3 0.8388
73.9 321.1 11.9 13.9 78.4 326.0 84.0 326.2 81.7 329.7 78.9 332.2 82.9 332.5 0.8283
485.8 348.2 11.1 14.9 490.5 353.5 494.8 353.9 493.5 356.8 491.0 359.7 494.2 360.1 0.8041
397.6 410.9 11.6 15.4 403.0 417.6 407.1 416.8 406.6 420.4 404.3 423.7 407.4 423.2 0.7920
589.2 384.8 11.2 15.2 595.0 390.0 598.2 390.0 597.8 393.2 595.3 396.3 597.7 396.3 0.7875
469.8 337.8 10.0 12.1 471.6 342.3 475.3 342.6 472.5 345.0 471.8 347.4 474.6 347.5 0.7419
266.5 331.7 10.1 12.3 269.9 336.5 274.4 336.8 272.1 339.2 270.0 341.4 273.5 341.6 0.7343
794.9 444.0 10.8 17.3 797.3 449.5 798.8 449.6 796.4 452.9 797.3 456.8 798.6 456.7 0.7336
787.6 339.4 8.3 10.3 789.3 343.3 792.8 343.5 790.4 345.5 789.4 347.6 792.1 347.7 0.7331
900.6 368.1 10.6 14.0 902.4 372.7 905.8 372.9 902.8 375.8 902.9 378.8 905.4 378.7 0.7244
820.9 348.4 9.3 11.4 823.5 352.8 827.8 352.8 825.7 355.1 824.0 357.2 827.4 357.2 0.7223
796.6 356.6 9.3 12.4 799.5 361.7 802.9 361.4 801.2 364.0 800.4 366.5 802.9 366.3 0.7094
339.4 334.4 10.1 13.9 346.5 339.4 348.0 339.3 348.7 342.4 346.5 345.2 347.4 345.3 0.6733
5.9 356.4 10.5 12.3 9.4 360.5 13.6 360.5 11.7 363.1 9.9 365.8 13.2 365.7 0.6488
456.1 354.1 12.6 14.6 459.3 360.5 464.5 360.7 461.3 363.8 459.6 366.1 463.4 366.2 0.6083
57.8 368.4 13.2 15.1 62.3 373.4 68.1 373.3 65.7 377.0 63.2 380.3 67.5 380.3 0.6056
