46--Jockey/46_Jockey_Jockey_46_545.jpg
24
265.0 135.3 34.1 41.7 276.4 150.6 292.2 149.7 286.0 160.5 277.4 165.8 291.3 165.1 0.9997
366.4 112.8 35.3 44.0 376.6 127.6 393.1 127.7 385.3 138.1 378.1 144.9 391.7 144.9 0.9997
412.7 204.3 40.0 46.9 426.8 221.7 445.3 221.7 437.3 233.7 426.3 238.2 443.1 238.4 0.9997
561.9 132.5 35.6 42.4 571.6 147.4 587.4 146.8 579.7 156.0 573.4 163.0 586.9 162.4 0.9997
522.4 217.3 41.6 51.7 533.5 238.2 553.1 236.8 544.2 251.3 535.4 255.4 552.9 254.2 0.9996
668.2 114.3 34.5 43.0 676.7 130.8 692.6 129.9 684.6 141.2 679.3 147.1 691.9 146.4 0.9996
814.7 201.9 42.7 50.5 826.3 219.7 846.5 219.8 836.4 232.5 826.5 236.8 845.6 236.8 0.9996
895.6 130.5 38.5 49.7 904.7 149.1 922.2 148.2 913.3 160.4 906.4 165.4 922.9 164.8 0.9996
673.2 207.2 40.5 53.7 682.5 227.9 702.1 226.3 693.1 242.2 687.1 249.3 701.6 248.0 0.9996
506.3 71.0 23.0 27.2 512.8 82.4 523.7 81.0 519.1 88.4 515.2 92.7 523.6 91.6 0.9996
785.7 106.7 36.9 48.2 795.8 125.1 812.5 125.4 803.9 135.7 796.3 141.2 811.4 141.5 0.9996
285.0 215.2 39.2 46.9 296.3 230.6 314.5 228.0 307.8 241.7 301.3 251.4 315.3 249.2 0.9995
462.0 127.1 35.9 44.3 471.4 143.4 488.6 141.7 481.1 153.6 474.3 159.4 489.5 157.9 0.9995
446.2 47.1 25.2 27.9 452.9 56.3 464.5 55.8 459.0 62.4 454.2 67.4 464.1 67.0 0.9995
170.3 129.1 36.9 46.9 179.9 145.9 197.1 143.6 190.0 156.3 181.7 161.4 198.9 159.6 0.9994
177.0 80.0 23.0 27.2 184.8 89.8 195.3 89.4 191.1 94.8 185.9 100.0 194.6 99.7 0.9994
573.8 47.7 24.2 28.7 580.4 58.8 591.3 57.8 586.3 65.0 582.6 69.9 591.0 69.1 0.9993
364.3 73.0 23.1 24.4 369.8 81.8 380.5 80.3 375.3 84.5 372.2 91.2 380.2 90.0 0.9992
101.1 159.0 24.5 30.0 107.4 173.6 118.4 170.6 114.4 178.3 111.7 183.6 120.1 181.2 0.9992
299.6 80.8 23.7 26.8 306.6 89.7 317.2 89.8 312.4 94.2 308.1 100.2 316.0 100.4 0.9991
127.2 157.0 23.6 28.1 134.2 169.1 144.7 169.2 139.6 174.3 134.9 178.5 143.7 178.5 0.9990
36.6 64.4 22.0 26.5 43.2 74.3 53.1 72.3 49.9 78.2 46.4 84.4 54.2 82.8 0.9989
752.1 105.5 24.2 31.2 756.1 118.5 766.4 117.4 760.1 122.2 757.7 128.9 766.1 128.0 0.9988
830.0 51.2 23.6 25.9 836.9 60.9 847.5 60.5 842.5 67.0 838.6 71.4 846.1 71.1 0.9986
