28--Sports_Fan/28_Sports_Fan_Sports_Fan_28_786.jpg
37
128.4 619.5 146.2 128.4 214.4 683.3 238.3 695.2 219.6 722.6 174.1 718.5 186.0 730.0 1.0000
771.2 725.7 146.9 202.1 807.6 783.7 816.4 792.5 770.4 819.9 795.3 868.5 799.9 872.4 0.9998
132.7 309.3 20.8 26.1 136.9 319.1 145.4 318.9 140.2 323.8 138.0 328.7 145.0 328.5 0.9997
523.1 539.4 80.4 100.0 534.8 573.7 564.3 576.6 534.8 588.0 528.9 610.3 552.5 612.9 0.9997
219.5 343.0 24.3 30.2 222.9 352.0 234.0 352.0 226.8 358.2 224.2 365.0 233.2 364.8 0.9995
690.7 170.6 75.2 85.7 696.5 202.1 718.5 198.4 701.1 222.2 712.1 236.9 728.8 233.1 0.9995
376.3 492.0 45.9 53.8 385.8 512.1 406.4 509.2 396.3 522.8 391.7 533.9 407.2 531.5 0.9993
907.0 130.7 47.0 62.3 931.7 153.7 948.5 154.6 946.8 164.8 933.6 177.3 946.2 178.3 0.9993
0.0 524.5 38.7 62.2 -3.0 549.5 21.2 542.9 11.7 560.2 6.5 573.2 26.0 567.9 0.9993
505.3 273.9 24.0 30.2 510.3 288.9 518.6 287.2 514.6 295.4 515.7 299.8 520.9 298.4 0.9991
172.7 334.5 20.6 32.0 185.3 346.1 189.1 345.6 191.4 351.5 186.3 358.1 189.3 358.2 0.9989
517.5 498.6 48.9 63.8 527.2 521.1 548.5 520.9 535.0 531.2 528.7 543.8 545.7 543.8 0.9989
105.7 322.9 20.3 22.5 111.9 329.6 121.7 329.7 117.7 333.3 113.7 339.2 121.0 339.2 0.9989
352.1 270.1 21.5 27.5 360.1 281.5 369.0 280.2 366.4 285.9 362.4 291.5 369.3 290.5 0.9988
281.0 288.2 18.2 23.5 285.0 300.6 292.4 298.1 289.9 304.4 289.4 308.5 294.6 306.5 0.9984
452.2 279.2 28.1 35.7 466.9 297.2 477.8 295.1 475.8 304.0 467.6 309.2 475.6 307.8 0.9984
297.5 279.2 20.0 26.7 303.4 291.0 312.2 289.1 309.2 295.1 306.4 300.6 313.2 299.1 0.9984
532.3 183.5 23.5 38.1 535.6 199.2 537.1 199.2 534.4 208.2 541.1 213.9 542.4 213.6 0.9983
95.2 289.8 18.6 20.6 98.6 296.7 107.1 296.6 101.9 300.4 99.4 305.1 105.7 305.0 0.9980
662.4 228.9 20.5 28.7 667.0 239.6 676.2 239.2 671.4 245.7 668.5 251.0 675.8 250.7 0.9976
815.1 176.3 25.3 31.2 820.6 185.2 825.8 185.3 817.9 191.0 819.3 198.6 822.9 198.4 0.9974
970.3 109.2 25.6 33.8 974.7 118.3 980.9 119.2 972.1 125.1 972.6 133.0 977.4 133.4 0.9969
192.5 300.8 25.0 26.1 198.0 315.1 202.3 312.9 201.0 320.7 207.0 323.5 209.0 321.5 0.9962
683.1 204.0 19.0 26.0 688.1 213.0 696.1 212.4 692.3 217.6 689.6 223.2 696.5 222.6 0.9962
411.0 265.3 16.4 19.6 415.8 273.1 423.3 273.4 419.4 277.3 416.0 280.8 421.9 281.1 0.9956
171.4 312.3 18.5 23.0 175.9 321.5 184.0 322.4 179.1 326.4 176.0 330.2 182.0 330.8 0.9923
887.9 94.4 10.4 12.8 890.4 99.6 895.1 99.1 893.0 101.9 891.5 104.5 895.3 104.1 0.9898
0.0 366.4 14.3 25.6 -2.9 374.7 8.2 374.5 2.6 378.9 -1.7 385.2 7.4 385.0 0.9844
63.4 337.4 18.8 28.3 66.7 347.1 68.5 348.0 64.0 353.5 66.6 359.0 67.6 359.4 0.9706
870.4 169.5 14.8 19.8 872.8 175.4 876.5 175.7 872.0 179.7 873.0 184.3 875.6 184.3 0.9668
338.7 269.6 13.8 20.2 342.1 276.9 347.6 276.8 344.4 280.7 342.8 284.6 347.3 284.5 0.9485
466.1 253.9 15.8 24.9 476.5 263.7 478.9 263.1 480.6 268.3 477.3 273.1 479.0 272.9 0.9235
96.9 530.4 68.5 74.1 108.7 554.7 133.1 551.9 113.6 560.9 107.7 579.1 127.9 576.7 0.8950
13.4 288.1 17.1 21.8 18.8 295.9 27.1 295.4 23.7 300.6 20.2 305.5 26.6 305.2 0.8274
935.4 76.4 11.5 14.2 938.5 82.0 943.9 81.6 941.5 84.6 939.6 87.7 943.9 87.3 0.7272
931.5 102.3 27.1 30.6 940.4 114.5 953.1 114.3 947.9 121.3 942.1 128.1 952.0 128.1 0.6352
478.0 275.5 15.2 22.6 488.0 285.4 490.6 285.8 490.4 290.4 486.7 293.5 488.4 294.0 0.6276
