28--Sports_Fan/28_Sports_Fan_Sports_Fan_28_890.jpg
32
618.0 67.3 111.5 159.2 664.9 119.0 712.8 126.4 698.1 147.2 661.5 173.7 706.1 179.9 0.9998
398.2 92.0 100.9 130.2 448.1 142.9 477.0 131.3 489.4 151.1 473.4 188.6 496.3 179.4 0.9998
66.2 109.6 104.7 150.5 123.9 159.9 158.8 162.2 163.9 184.3 134.1 218.4 160.5 220.7 0.9998
899.3 222.4 95.2 128.5 946.8 265.1 983.2 277.7 970.9 296.2 939.5 316.4 965.6 326.8 0.9996
919.9 609.7 46.8 62.4 936.8 633.8 958.1 636.9 948.1 646.9 936.9 657.0 952.7 659.5 0.9995
985.9 601.0 37.1 46.5 994.6 619.5 1011.8 618.5 1002.8 626.3 997.2 636.6 1010.4 635.9 0.9986
956.8 517.6 33.0 43.8 968.7 534.8 983.4 534.4 977.8 543.7 970.7 551.5 982.0 551.4 0.9954
883.2 519.2 33.4 42.7 894.3 534.6 910.3 534.2 903.8 543.8 895.7 552.1 907.9 552.0 0.9937
216.3 612.9 37.7 46.7 237.1 632.6 248.4 630.6 248.4 640.2 240.8 649.7 248.2 648.4 0.9909
858.5 592.8 36.9 49.6 870.9 612.4 886.5 612.6 879.7 622.6 872.7 630.8 884.7 631.1 0.9873
180.0 541.2 29.9 40.3 191.0 555.0 203.7 556.1 198.5 564.0 192.0 571.7 201.0 572.6 0.9769
251.9 83.0 22.7 29.2 257.6 94.9 268.2 95.2 262.5 101.3 258.5 106.7 266.7 106.8 0.9629
178.4 180.5 23.9 28.6 184.6 190.9 195.8 191.0 190.4 197.0 186.2 202.9 194.3 202.9 0.9205
330.6 216.2 24.2 30.7 336.6 227.4 347.5 226.1 342.1 233.2 338.9 240.2 347.2 239.2 0.9070
281.3 109.0 22.2 30.1 287.4 120.5 298.2 120.7 292.8 127.4 288.8 133.0 296.7 133.1 0.8925
197.1 492.1 35.7 44.6 203.8 504.8 218.7 506.1 208.8 515.7 204.7 525.1 215.8 525.9 0.8881
506.3 132.1 23.1 30.0 512.5 142.9 524.1 142.9 518.5 148.5 513.7 155.0 522.7 155.1 0.8168
309.8 350.8 25.9 34.1 316.6 363.5 329.1 364.6 322.3 371.2 317.0 377.6 326.1 378.4 0.8160
148.8 14.9 22.3 29.0 154.8 26.8 164.6 25.6 160.5 32.4 157.6 38.3 164.8 37.3 0.8041
168.5 89.0 21.0 24.6 176.2 99.1 184.8 98.2 182.0 104.1 178.4 109.5 184.8 109.0 0.7362
312.2 78.6 23.2 29.0 318.6 90.3 329.1 90.0 324.2 96.3 320.3 101.6 328.3 101.4 0.6770
233.9 52.7 21.6 28.5 239.6 62.8 249.8 62.8 245.0 69.0 241.0 75.1 248.5 75.1 0.6661
931.1 167.3 23.7 28.6 937.8 178.6 949.0 178.5 943.7 184.3 939.0 189.8 947.8 189.8 0.6544
892.1 147.0 23.1 26.5 897.7 157.5 908.5 157.4 903.0 163.2 899.3 168.7 907.6 168.5 0.6450
889.2 84.2 21.6 27.9 895.1 94.5 905.7 94.2 901.0 99.9 896.9 105.8 905.0 105.6 0.6400
550.6 85.1 20.9 25.1 556.9 95.6 566.5 95.8 561.8 100.8 557.5 105.4 565.1 105.6 0.6320
196.4 22.9 20.5 28.8 202.7 33.2 211.4 33.3 207.3 39.3 203.9 45.2 210.4 45.3 0.6142
269.1 178.7 23.4 30.3 273.6 190.1 284.9 189.8 278.7 196.2 275.2 202.5 284.2 202.2 0.5993
70.7 12.0 21.4 28.0 76.3 23.4 86.2 23.1 81.5 28.8 78.0 34.6 85.5 34.4 0.5956
264.9 41.1 19.3 23.8 270.7 48.8 279.5 48.1 275.7 53.2 272.3 58.7 279.2 58.3 0.5549
113.0 71.5 22.4 27.2 118.0 82.4 127.0 83.1 121.3 88.4 118.4 93.5 125.2 93.9 0.5246
821.1 36.3 19.7 23.8 825.7 45.5 835.2 45.3 830.4 50.5 827.1 55.4 834.6 55.2 0.5227
