28--Sports_Fan/28_Sports_Fan_Sports_Fan_28_275.jpg
32
179.8 241.9 42.8 59.0 205.1 261.5 218.9 262.8 219.6 271.4 204.7 282.7 216.8 284.2 0.9996
887.3 436.3 32.4 45.3 892.6 454.0 898.7 454.7 889.8 462.7 893.9 471.0 898.5 470.8 0.9993
779.4 333.0 23.8 30.6 782.6 342.7 790.7 343.9 783.0 349.9 782.6 356.0 788.6 356.7 0.9993
637.4 443.0 29.4 38.7 643.3 457.8 656.9 457.6 649.2 465.4 645.3 472.8 655.3 472.6 0.9992
701.8 325.9 22.9 31.8 704.7 337.1 710.7 338.4 703.4 343.5 704.3 349.4 708.7 350.1 0.9990
821.1 304.3 27.3 32.6 826.0 313.3 831.6 314.4 823.4 320.1 825.3 327.4 829.2 327.7 0.9982
787.3 444.3 30.4 37.7 790.5 458.8 801.9 459.0 792.8 465.8 792.3 472.5 801.7 472.4 0.9979
1003.2 444.8 20.0 44.0 1006.9 459.1 1019.5 458.0 1007.9 465.9 1008.5 477.3 1018.4 476.1 0.9965
678.4 464.1 28.9 35.1 681.4 480.4 688.0 480.4 681.0 487.5 685.1 493.2 688.8 492.9 0.9964
950.3 433.0 29.8 44.1 955.2 448.0 963.2 449.9 953.6 457.8 954.8 465.8 961.0 466.8 0.9932
998.1 353.4 24.4 34.2 1000.9 367.5 1006.9 367.0 1001.2 375.1 1004.7 381.1 1008.4 380.3 0.9923
744.4 348.1 19.4 26.3 747.8 356.2 751.7 356.8 746.2 361.4 747.2 367.1 749.9 367.4 0.9917
367.6 452.4 23.1 29.2 375.6 460.3 378.6 463.2 370.7 466.1 370.1 472.1 372.0 474.1 0.9917
619.8 356.4 22.0 27.6 622.4 365.4 627.7 366.3 621.1 370.9 622.2 376.8 626.0 377.2 0.9892
269.1 467.1 18.6 27.1 272.7 475.1 276.4 475.6 270.7 480.1 271.4 486.7 274.2 486.8 0.9848
676.1 373.0 18.4 28.4 678.7 381.2 682.4 382.0 677.3 387.8 679.7 393.9 682.6 394.1 0.9839
469.0 367.6 17.2 24.2 472.6 376.5 477.0 377.5 472.0 381.3 471.8 385.7 475.0 386.3 0.9838
557.8 452.9 22.5 28.3 560.6 461.2 566.2 461.7 559.6 467.2 560.9 473.6 564.9 473.6 0.9798
285.6 368.5 19.1 23.9 288.9 376.6 294.8 377.9 288.6 381.6 288.0 386.1 292.4 386.8 0.9788
316.5 467.3 20.2 27.8 322.8 476.5 328.2 479.1 322.1 482.4 319.8 487.6 323.6 489.4 0.9756
90.4 470.4 18.1 22.9 93.7 478.0 99.9 479.5 93.6 482.7 92.1 487.3 96.6 488.3 0.9731
992.1 165.0 19.5 26.8 996.5 173.6 1004.2 175.4 997.9 179.4 995.0 184.4 1000.9 185.7 0.9682
967.5 189.1 20.1 29.7 971.2 198.5 976.7 199.4 970.4 205.1 971.0 211.5 974.9 211.8 0.9426
300.7 473.3 19.6 26.4 306.3 484.0 313.0 483.8 308.9 488.8 307.3 493.5 312.2 493.3 0.9193
865.1 236.4 20.2 28.3 867.5 247.5 873.7 247.6 868.1 253.5 869.1 259.2 873.3 258.9 0.8855
584.4 318.9 17.3 23.5 587.8 327.3 592.1 328.2 587.0 331.9 587.0 336.6 589.9 337.0 0.8713
478.7 457.4 18.6 21.3 482.7 464.9 491.3 465.1 486.3 470.0 483.6 474.6 490.2 474.6 0.8524
251.0 467.1 15.7 20.5 254.8 475.3 261.9 475.5 258.2 480.2 256.1 483.9 261.5 484.0 0.7522
408.1 467.3 16.2 22.2 411.4 474.8 414.3 476.1 409.7 479.6 410.3 483.8 412.1 484.5 0.7172
909.2 321.8 21.8 29.1 912.2 330.8 917.1 329.6 912.4 336.3 915.2 343.1 919.1 341.9 0.7144
123.4 438.3 18.2 23.3 128.3 447.0 137.3 447.6 132.6 452.6 128.9 457.0 135.6 457.4 0.5726
67.8 475.8 15.9 21.1 72.1 483.2 79.2 483.3 75.5 487.7 72.8 492.0 78.3 492.1 0.5222
