28--Sports_Fan/28_Sports_Fan_Sports_Fan_28_179.jpg
20
238.9 106.7 19.7 23.5 250.2 115.6 256.5 115.6 255.8 120.9 250.4 125.1 254.9 125.4 0.9995
485.3 58.0 16.9 23.4 494.6 67.0 500.2 66.0 500.7 71.2 496.3 76.3 500.1 75.8 0.9995
332.7 86.3 19.6 23.2 339.5 95.2 348.3 94.8 344.8 100.5 340.8 104.4 347.4 104.2 0.9994
239.8 0.0 15.9 16.9 247.4 5.8 253.6 5.8 251.7 9.7 247.8 12.7 252.2 12.9 0.9993
566.0 88.1 17.2 22.2 568.8 97.0 576.3 97.0 571.7 102.5 570.9 105.7 576.5 105.6 0.9990
542.1 1.2 16.3 19.6 551.8 9.1 556.8 8.9 556.2 13.4 551.8 16.9 554.8 17.0 0.9989
409.4 64.8 18.3 23.0 415.2 75.0 423.4 74.3 419.9 79.2 416.8 83.4 422.7 82.9 0.9988
815.5 257.7 17.4 26.6 819.5 267.3 820.6 268.2 815.5 272.1 818.8 277.4 819.5 277.7 0.9987
414.4 235.0 18.4 19.2 419.2 241.9 427.9 242.9 423.0 247.6 419.7 250.4 425.5 251.1 0.9986
877.7 61.3 13.6 15.9 883.1 67.8 889.2 67.6 887.0 71.8 884.0 74.6 888.0 74.5 0.9985
172.9 319.2 20.4 22.2 186.0 329.5 190.5 328.2 190.8 334.3 185.3 337.7 187.7 337.0 0.9984
491.8 28.9 15.8 18.2 495.9 34.7 503.0 35.5 498.9 39.6 495.9 42.4 501.4 43.0 0.9981
716.8 62.1 19.2 19.1 721.6 69.7 730.5 69.8 725.7 74.9 722.7 77.6 729.1 77.6 0.9980
557.5 38.4 11.2 14.8 564.9 44.7 567.0 44.3 567.8 47.8 564.9 50.6 565.9 50.5 0.9978
5.0 48.8 18.1 22.0 13.5 57.6 20.6 56.8 18.9 61.8 14.4 65.6 20.0 65.1 0.9943
885.0 12.2 12.0 10.6 888.8 17.5 893.9 16.5 892.3 19.8 890.8 21.4 894.2 20.7 0.9917
811.0 16.1 10.1 17.1 814.0 20.5 814.4 20.7 811.8 23.5 812.9 28.0 813.3 27.9 0.9885
829.3 284.8 14.8 25.6 831.8 292.6 832.9 292.4 829.6 297.2 831.8 303.2 833.0 302.8 0.9833
592.1 0.0 12.6 12.4 596.1 1.8 602.0 2.8 598.8 6.3 595.8 8.7 600.2 9.5 0.9807
751.5 239.8 13.6 23.5 754.8 246.6 755.3 246.6 752.6 250.6 754.2 256.1 755.0 255.9 0.9803
