28--Sports_Fan/28_Sports_Fan_Sports_Fan_28_421.jpg
16
789.6 252.2 38.2 65.9 795.3 271.1 795.7 271.8 791.8 284.6 798.7 299.5 799.4 299.9 0.9989
582.3 109.9 28.0 42.6 586.2 126.3 592.3 126.7 584.7 135.0 587.6 142.8 591.9 142.7 0.9947
886.2 118.7 48.1 69.8 896.2 141.9 904.2 144.1 890.0 151.4 890.7 168.3 896.6 169.7 0.9940
747.3 119.8 36.2 60.6 750.8 142.0 752.2 142.2 750.1 155.5 759.0 166.5 760.1 166.5 0.9898
353.4 220.7 35.2 41.3 359.2 232.3 365.6 232.8 355.7 241.0 359.8 250.5 364.3 250.3 0.9855
515.8 134.2 25.9 33.0 518.8 147.5 527.1 147.7 519.9 154.7 521.2 160.7 526.6 160.5 0.9725
277.0 207.5 22.2 25.3 280.2 215.9 287.3 216.1 281.8 222.1 282.5 226.8 287.4 226.7 0.9662
208.0 261.0 34.0 43.3 228.6 278.0 237.3 275.7 240.5 285.1 233.4 295.0 238.8 293.6 0.9654
682.9 105.1 22.2 25.2 687.7 113.6 696.6 113.1 691.4 119.2 689.9 124.7 696.3 124.2 0.9388
487.7 185.6 24.6 36.4 491.7 195.3 495.5 196.2 488.5 203.4 492.2 211.5 495.7 211.7 0.9302
586.5 57.5 15.1 19.0 589.1 63.5 595.3 63.6 591.3 67.7 589.9 71.5 594.8 71.5 0.7887
656.0 390.4 33.2 61.4 662.3 409.7 661.3 411.1 654.5 422.1 662.2 435.4 661.8 435.8 0.7860
653.3 173.9 27.3 41.8 658.4 188.3 661.8 188.4 656.4 197.0 661.0 205.2 663.7 204.9 0.7609
813.5 27.6 26.9 33.7 825.3 40.5 835.2 40.9 831.5 47.6 825.4 53.6 832.6 54.1 0.7318
863.9 124.2 48.0 67.1 876.8 145.9 883.0 145.5 876.9 160.4 880.8 174.0 885.6 173.4 0.5853
689.8 146.5 49.3 64.7 718.2 162.1 734.1 161.0 733.7 174.9 722.0 191.4 734.0 190.7 0.5385
