28--Sports_Fan/28_Sports_Fan_Sports_Fan_28_236.jpg
11
354.2 588.5 98.6 126.4 389.8 633.2 433.3 628.5 423.3 651.7 403.3 684.8 435.8 680.3 0.9999
21.2 381.0 98.8 143.7 88.1 427.8 112.7 438.0 113.7 463.3 72.2 482.2 93.8 491.2 0.9998
132.6 546.1 98.6 128.8 166.4 594.3 211.8 596.3 194.9 615.4 173.0 644.8 206.6 645.9 0.9997
187.9 144.2 94.9 114.3 225.9 182.5 265.5 196.2 244.3 207.8 215.1 220.3 251.2 231.7 0.9997
893.4 508.6 87.2 113.6 919.2 551.0 960.4 556.1 937.4 574.3 917.6 592.1 950.9 596.6 0.9996
657.0 610.6 88.6 117.0 693.9 651.6 731.1 647.2 726.1 673.2 706.3 700.9 733.5 697.0 0.9996
435.4 490.0 85.9 104.5 460.4 521.2 501.1 522.9 480.7 545.1 462.6 565.0 495.0 566.6 0.9996
586.5 464.1 91.6 113.0 614.8 500.6 657.0 506.3 635.9 518.7 613.1 540.5 651.2 545.1 0.9995
234.0 416.7 94.7 120.8 270.7 451.1 312.4 465.1 291.0 476.7 262.0 497.7 295.3 509.5 0.9995
0.8 136.2 83.6 94.4 31.1 170.3 68.3 175.9 49.6 191.2 30.2 206.8 56.0 211.7 0.9995
209.3 707.0 100.9 81.5 226.0 759.7 269.4 769.3 233.1 793.1 222.1 808.3 256.5 816.2 0.9978
