28--Sports_Fan/28_Sports_Fan_Sports_Fan_28_55.jpg
39
710.6 843.0 77.1 96.5 723.9 887.6 754.3 877.4 738.7 897.5 736.9 919.8 760.1 911.3 0.9997
165.9 213.3 70.7 86.4 186.4 245.0 217.6 246.1 201.9 262.0 187.7 275.9 213.9 277.0 0.9997
549.2 966.9 71.3 82.0 578.7 995.3 608.6 994.4 599.4 1016.6 582.0 1030.4 603.5 1029.8 0.9997
663.6 1115.1 62.4 91.5 671.2 1149.5 688.4 1147.9 668.2 1163.6 673.2 1183.4 686.3 1181.8 0.9997
460.3 1087.2 75.4 91.9 493.3 1113.1 523.5 1124.3 509.4 1133.4 487.0 1148.0 511.0 1157.4 0.9997
222.3 750.5 67.8 84.9 245.2 781.9 275.2 780.0 263.6 799.3 252.2 816.7 273.3 815.0 0.9996
90.1 1004.4 71.2 95.8 110.4 1036.7 142.9 1037.5 126.8 1057.4 113.9 1075.5 137.6 1076.2 0.9996
810.7 365.4 67.5 79.1 831.7 389.6 862.5 389.9 848.5 407.2 834.9 422.1 859.4 422.4 0.9996
91.3 904.9 67.8 83.9 103.8 938.6 135.4 942.4 114.4 960.9 105.3 971.0 127.4 974.1 0.9996
572.5 302.8 63.1 77.1 590.6 327.7 619.6 326.1 607.2 341.4 596.0 358.6 618.6 357.4 0.9996
916.8 1163.7 67.8 82.1 936.0 1192.5 968.2 1193.2 952.4 1210.7 938.4 1224.3 964.1 1225.1 0.9996
43.7 789.4 65.4 71.6 78.7 812.6 99.6 815.8 101.2 823.5 86.5 839.2 102.4 841.7 0.9996
307.4 1046.2 65.0 87.5 322.7 1078.9 353.5 1081.5 334.5 1095.3 322.4 1110.0 347.7 1112.0 0.9996
136.4 1162.6 65.9 92.6 155.6 1196.7 185.9 1197.1 171.0 1211.9 158.3 1230.2 182.0 1230.4 0.9996
344.9 972.3 67.5 83.6 371.8 1006.0 400.4 1003.3 393.3 1015.1 381.3 1036.2 402.3 1033.6 0.9995
463.9 732.9 72.0 85.6 486.0 759.9 517.8 759.3 503.2 776.6 491.4 796.0 514.4 795.4 0.9995
281.8 593.2 63.6 75.2 302.3 618.0 331.4 619.1 317.8 628.0 303.7 645.5 326.6 646.7 0.9995
402.8 245.8 65.8 85.7 423.0 276.3 452.2 274.1 440.6 287.1 430.0 308.0 452.0 305.9 0.9995
821.9 41.1 58.5 63.2 843.7 60.2 868.9 62.7 859.5 69.6 846.3 84.6 866.4 86.5 0.9995
623.1 54.9 56.7 75.1 628.6 84.5 648.9 81.6 632.0 97.3 634.1 112.1 650.2 109.2 0.9995
593.4 217.4 69.6 85.2 616.2 250.7 646.8 251.6 632.2 267.0 619.5 282.7 641.2 283.4 0.9995
480.1 958.6 67.7 79.3 498.2 1004.4 523.4 984.7 521.9 1013.1 524.3 1030.9 540.2 1015.6 0.9995
904.1 653.8 63.2 77.3 926.5 681.6 953.9 683.4 942.0 695.5 929.3 711.2 949.3 712.7 0.9994
116.5 158.6 63.9 83.4 132.1 189.8 160.0 188.1 145.7 204.0 137.3 220.6 158.7 219.1 0.9994
812.2 258.5 62.6 72.3 824.1 286.0 850.9 281.6 836.8 295.1 831.3 312.7 852.0 309.1 0.9994
435.5 52.5 59.6 74.7 448.9 81.5 475.0 84.7 457.2 94.4 447.3 106.0 469.0 108.5 0.9994
825.6 1015.8 67.7 85.3 849.0 1049.3 880.3 1050.5 867.0 1065.2 852.5 1081.8 875.4 1082.8 0.9994
937.3 895.8 62.3 74.8 970.5 919.0 990.5 916.8 995.3 930.7 980.0 950.5 995.3 949.2 0.9993
687.3 447.5 70.5 80.1 705.5 476.8 736.5 476.2 720.5 488.3 709.5 506.3 733.7 505.6 0.9993
903.9 163.5 62.0 81.8 922.5 196.1 951.3 195.2 938.8 209.6 926.5 225.8 949.7 224.8 0.9992
389.0 314.6 57.8 86.2 431.1 345.6 437.1 345.3 444.3 364.6 423.6 377.0 428.0 378.1 0.9992
103.5 372.3 66.0 86.4 125.4 402.1 153.4 401.6 141.8 415.8 129.4 433.0 151.8 432.7 0.9992
375.0 161.2 62.8 87.6 394.3 195.5 423.3 195.0 410.2 212.5 399.0 229.2 419.7 228.6 0.9991
77.7 53.1 59.5 75.7 91.9 83.7 118.9 81.4 105.5 93.4 97.1 110.7 118.4 108.7 0.9990
227.2 471.2 56.1 94.6 272.3 498.5 273.3 498.4 281.6 520.0 263.7 537.9 264.7 539.1 0.9990
448.6 640.5 66.0 68.9 470.8 663.9 498.5 664.7 486.4 676.2 474.9 690.7 495.6 691.5 0.9973
382.6 72.7 36.0 64.2 409.4 92.9 411.4 92.1 418.8 103.9 411.7 119.5 413.3 119.0 0.9903
996.9 25.7 26.5 79.2 1011.0 56.8 1037.8 54.9 1023.7 67.2 1015.5 84.9 1037.4 83.1 0.9810
671.0 641.1 54.1 63.8 680.5 664.5 705.2 665.1 690.1 679.6 683.6 690.4 701.5 690.8 0.9477
