28--Sports_Fan/28_Sports_Fan_Sports_Fan_28_113.jpg
64
144.8 512.5 80.9 70.4 168.2 549.9 173.2 550.6 171.8 569.1 196.5 569.4 198.6 568.5 0.9999
270.4 529.7 95.2 86.1 286.1 566.2 309.7 569.2 290.3 594.5 311.4 600.6 324.5 600.9 0.9998
559.1 605.1 148.4 182.9 586.9 682.5 651.6 670.2 617.0 723.2 600.2 735.6 669.7 725.2 0.9997
945.3 294.1 62.8 80.8 955.0 322.9 978.1 325.6 954.7 334.6 951.4 353.3 968.5 354.9 0.9996
810.2 302.1 68.4 78.7 821.9 339.1 849.3 331.3 837.2 355.0 838.5 367.5 858.9 360.8 0.9995
377.8 582.0 107.1 145.1 398.2 649.1 450.1 643.9 423.4 686.0 411.9 696.3 455.9 691.2 0.9994
71.1 353.3 52.7 77.9 79.7 383.4 90.2 384.5 72.8 397.0 80.1 411.7 88.1 411.6 0.9994
337.0 363.3 42.5 48.6 349.5 373.5 354.8 374.7 340.8 380.8 341.8 395.4 345.4 395.7 0.9991
472.0 370.8 47.1 56.7 486.7 388.4 497.3 394.3 481.5 397.4 478.0 408.7 485.6 413.0 0.9986
769.5 343.1 22.1 29.1 775.1 356.6 785.1 356.6 779.9 362.6 776.6 367.0 783.9 366.9 0.9978
664.2 344.4 28.4 33.8 675.0 357.7 686.6 359.2 680.8 366.4 674.3 370.7 682.3 371.9 0.9978
169.4 280.5 21.1 25.9 172.7 288.9 179.1 290.2 171.4 293.6 171.0 299.2 175.6 300.0 0.9969
80.0 250.6 14.0 18.9 81.7 257.5 85.0 257.7 81.0 261.5 82.4 265.3 84.7 265.2 0.9967
591.8 325.4 20.1 32.9 596.3 337.9 597.3 338.1 593.0 344.5 597.1 350.9 598.0 350.7 0.9955
126.6 312.2 32.5 43.9 135.4 328.9 150.8 329.5 142.9 339.4 136.8 347.0 148.2 347.5 0.9955
46.5 315.4 24.1 26.5 50.4 328.8 57.0 326.8 53.5 334.4 57.1 338.2 61.8 336.4 0.9952
635.8 402.3 53.0 70.4 647.7 424.6 666.2 433.6 647.5 438.6 640.1 450.4 653.9 456.9 0.9941
695.7 369.6 21.4 29.5 699.7 380.0 708.9 381.6 701.6 386.4 698.7 391.8 705.5 392.9 0.9923
399.3 324.6 22.3 31.9 402.6 336.8 407.2 336.9 400.9 342.7 403.3 349.0 406.8 348.7 0.9900
71.7 215.8 14.5 17.8 74.4 222.6 79.7 223.3 75.2 226.1 74.1 229.3 77.9 229.7 0.9891
6.9 299.7 22.6 28.9 13.1 313.1 21.7 310.7 19.0 318.1 17.7 323.8 23.4 322.0 0.9871
192.3 246.1 15.1 18.7 194.2 253.7 199.1 253.1 195.0 257.0 195.5 260.8 198.7 260.2 0.9855
39.6 212.5 14.6 17.8 43.1 218.8 48.5 220.2 44.0 222.7 42.1 225.7 45.8 226.7 0.9609
335.6 298.3 22.7 26.4 339.3 307.6 345.9 308.5 338.4 311.8 338.2 317.6 342.4 318.1 0.9569
108.4 185.0 16.8 19.4 110.9 191.6 116.0 191.7 111.0 195.6 111.0 199.7 114.6 199.6 0.9537
100.8 279.7 18.5 21.6 104.4 288.4 111.1 288.9 105.7 292.7 104.4 296.5 108.9 296.8 0.9410
882.1 331.5 26.6 34.8 887.5 344.6 899.7 345.7 892.0 351.8 887.5 357.3 897.6 358.0 0.9334
420.5 333.1 22.9 31.9 423.6 347.3 427.8 347.9 422.5 354.7 426.1 359.8 428.3 359.7 0.9257
420.2 226.6 13.4 16.2 422.4 231.3 426.8 231.2 422.7 234.5 422.6 238.3 425.7 238.2 0.9220
625.5 320.3 17.6 25.8 629.2 330.1 631.9 330.6 627.8 334.9 629.9 339.8 631.7 339.9 0.9182
729.5 256.8 13.3 17.0 731.5 264.2 736.7 263.9 733.4 267.7 732.9 270.8 736.5 270.5 0.9181
32.1 288.4 16.6 24.2 37.2 297.1 42.7 298.0 38.5 302.2 36.3 306.7 40.4 307.3 0.9168
185.8 334.9 27.8 38.9 190.1 348.3 195.4 348.0 188.8 356.1 191.9 364.4 195.9 363.8 0.9093
739.3 191.7 11.3 13.3 742.3 196.9 747.2 197.0 744.6 199.6 742.8 202.0 746.6 202.1 0.9004
529.7 305.5 18.5 23.1 535.3 311.8 538.6 313.3 533.0 315.8 532.7 321.1 535.0 322.1 0.8910
57.5 248.1 15.3 20.2 61.9 254.8 68.1 255.0 64.7 259.2 62.1 263.3 67.0 263.4 0.8908
125.9 93.2 12.8 15.7 128.3 98.6 132.4 99.3 128.6 101.8 127.9 104.6 130.9 105.0 0.8901
309.6 338.6 24.7 27.1 314.5 351.0 324.2 349.6 319.2 357.1 318.5 361.9 324.8 360.7 0.8846
303.1 252.6 13.5 16.4 125.7 234.1 129.0 234.0 123.9 239.6 124.8 245.8 127.5 245.5 0.8789
559.7 342.1 17.0 23.7 306.5 257.5 310.9 258.6 306.4 260.4 304.9 263.8 308.4 264.5 0.8690
353.3 262.5 15.1 18.4 563.3 352.1 565.6 352.4 562.2 357.0 564.6 361.0 565.9 361.0 0.8637
76.9 64.8 10.9 13.2 358.4 269.3 364.4 268.8 362.2 273.2 359.6 277.0 363.7 276.8 0.8542
155.6 117.8 12.6 16.3 78.6 70.3 83.0 70.1 80.1 73.0 79.6 75.7 82.9 75.5 0.8488
645.9 298.4 15.5 20.1 157.6 124.9 162.3 124.4 159.2 127.9 159.2 131.0 162.6 130.5 0.8456
218.1 166.0 13.0 16.0 649.3 305.0 653.2 305.2 649.4 309.0 649.8 313.3 652.6 313.3 0.8153
100.0 116.8 11.7 14.1 219.9 172.3 224.7 172.5 220.8 175.2 220.3 178.3 223.8 178.2 0.8143
696.9 250.2 15.4 20.9 103.3 121.5 107.9 121.8 105.1 124.4 103.4 127.2 107.1 127.4 0.7627
677.2 190.3 11.2 14.2 545.7 318.1 554.6 321.3 546.8 323.6 542.8 328.2 549.5 330.5 0.7575
52.5 114.6 10.8 13.0 705.4 257.8 710.0 258.1 709.1 262.2 705.2 266.2 708.6 266.7 0.7544
152.9 291.3 20.0 26.7 679.9 195.3 684.9 195.6 682.0 198.4 680.0 201.1 684.0 201.3 0.7438
460.5 259.3 18.3 23.9 54.8 119.5 58.9 119.5 56.2 121.9 55.3 124.4 58.5 124.4 0.7160
469.5 235.7 13.4 17.7 713.5 342.8 721.4 343.7 715.7 348.1 713.6 352.3 719.4 352.8 0.7090
387.6 257.4 16.6 18.4 157.9 301.3 163.7 300.1 160.7 306.6 161.4 312.0 165.7 311.0 0.7068
173.8 195.5 13.0 16.5 471.7 267.5 476.9 267.2 477.3 271.9 472.9 277.1 477.0 277.0 0.6954
770.6 261.4 13.9 15.8 473.6 242.1 479.7 242.5 476.5 246.0 473.6 249.5 478.0 249.8 0.6617
280.3 128.3 10.1 11.8 392.2 265.6 399.1 264.8 396.2 269.1 394.3 272.6 399.5 272.0 0.6543
419.6 260.5 12.7 15.0 176.8 201.2 181.5 201.5 178.2 204.6 177.0 208.2 180.7 208.3 0.6515
79.7 21.2 11.8 14.1 775.4 266.7 781.6 266.5 779.3 270.0 776.4 273.8 781.3 273.6 0.6386
144.4 169.5 14.3 17.3 282.7 132.8 286.6 132.8 284.2 135.2 283.3 137.4 286.3 137.3 0.6242
468.9 327.4 18.0 23.0 424.5 265.7 429.7 265.2 428.3 268.5 425.7 272.0 429.7 271.7 0.6131
979.4 195.3 9.3 11.3 -10.5 349.5 1.9 350.4 -7.0 357.0 -9.9 363.8 -1.0 364.2 0.6080
714.9 283.1 17.2 18.5 81.8 26.1 86.1 26.4 82.7 29.1 82.0 31.9 85.3 32.0 0.6079
116.7 141.2 13.2 16.6 146.5 175.7 152.3 175.4 148.1 179.6 147.4 183.2 151.4 182.9 0.5491
610.9 263.6 13.9 18.2 472.0 337.2 478.0 337.5 473.4 342.1 473.2 345.6 477.5 345.7 0.5367
