23--Shoppers/23_Shoppers_Shoppers_23_5.jpg
31
98.6 233.0 18.1 21.7 101.6 243.4 104.5 243.3 102.3 249.0 107.4 251.4 108.8 250.9 0.9998
453.9 227.8 16.7 20.2 465.5 236.2 467.6 236.4 467.5 241.3 461.8 243.6 462.8 244.1 0.9995
961.5 346.8 23.4 30.8 979.7 360.1 980.0 360.2 980.7 367.8 973.6 371.5 973.1 371.9 0.9993
322.0 190.6 16.5 27.4 324.0 201.5 325.6 201.7 321.2 207.1 324.9 212.5 325.5 212.3 0.9990
179.4 349.0 25.4 38.2 185.5 360.8 188.0 362.1 179.5 367.7 183.2 376.0 184.9 376.7 0.9990
865.1 335.4 21.9 34.1 877.5 347.7 880.4 346.4 884.8 352.6 882.5 360.7 884.8 359.9 0.9990
262.8 325.7 24.2 33.3 269.0 334.7 270.5 335.2 263.9 341.7 268.6 349.5 269.6 349.4 0.9989
522.4 221.8 11.9 20.0 530.2 228.5 532.1 228.1 534.3 232.2 531.1 236.7 532.5 236.7 0.9989
280.1 269.8 14.6 22.1 282.5 278.0 284.4 278.3 280.7 282.8 283.7 287.0 284.9 287.0 0.9987
994.8 460.5 24.1 24.2 1006.1 470.2 1014.3 474.0 1008.9 477.7 1002.5 478.9 1007.2 482.1 0.9982
30.6 233.7 16.6 28.0 33.9 244.6 35.7 245.1 31.0 249.7 33.9 255.1 35.0 255.2 0.9982
482.8 217.4 17.3 22.1 484.4 225.8 488.7 225.8 483.9 230.5 486.2 234.8 489.1 234.6 0.9981
578.1 352.7 18.9 31.1 592.2 364.7 594.2 364.6 596.7 370.3 591.9 375.7 593.0 376.0 0.9977
578.9 232.4 15.2 22.0 582.5 241.5 589.0 241.3 585.5 245.7 583.4 249.4 588.7 249.1 0.9975
661.0 210.7 14.3 24.2 664.2 219.0 665.7 219.4 661.4 223.7 663.4 229.0 664.5 228.9 0.9971
150.3 249.1 14.1 21.7 152.9 256.1 154.6 256.3 151.0 261.0 153.7 265.5 155.0 265.4 0.9967
402.3 176.4 16.1 22.2 404.6 183.1 410.4 183.9 404.6 188.1 404.2 192.7 408.6 193.1 0.9965
694.8 221.3 13.5 19.1 705.0 227.6 706.4 227.1 707.8 231.8 704.0 235.7 704.7 235.6 0.9962
540.9 183.8 17.7 20.2 548.1 192.3 555.5 192.5 552.6 197.2 548.3 200.0 553.9 200.3 0.9936
688.9 302.7 20.4 27.9 704.1 313.7 706.4 313.2 708.7 319.4 703.4 324.5 704.6 324.6 0.9902
803.2 336.6 23.6 34.7 820.9 349.1 824.0 348.6 827.0 355.4 820.8 362.8 822.9 362.7 0.9873
387.9 187.1 12.3 16.1 390.0 194.0 395.0 193.5 392.0 197.4 391.5 200.5 395.1 200.0 0.9842
454.9 340.4 22.2 24.6 468.6 350.2 473.4 350.4 471.8 357.1 465.5 360.2 468.1 360.6 0.9834
599.7 159.2 15.5 18.7 601.3 165.3 606.3 165.3 601.9 169.8 602.3 173.5 605.6 173.3 0.9833
567.7 178.5 15.4 18.1 572.0 186.4 579.3 186.8 575.6 190.3 572.9 193.5 577.9 193.7 0.9821
217.7 203.9 17.1 19.7 223.7 212.5 230.9 210.9 229.2 214.2 226.4 219.0 231.6 217.8 0.9799
697.1 333.1 18.1 28.6 710.4 344.0 712.9 343.4 714.3 349.8 709.1 355.1 710.9 354.9 0.9755
845.8 263.3 15.0 13.0 854.5 269.9 857.0 270.3 855.8 273.5 851.7 274.2 852.6 274.7 0.9624
323.2 150.7 15.0 20.2 326.1 158.0 332.3 157.7 328.5 161.6 327.0 165.8 331.9 165.6 0.9495
337.8 153.6 13.7 20.1 341.9 161.1 347.1 161.5 344.4 165.5 342.7 169.2 346.4 169.5 0.9473
792.2 249.8 7.2 9.7 794.1 253.8 796.7 253.9 795.0 255.8 794.3 257.6 796.4 257.7 0.5577
