23--Shoppers/23_Shoppers_Shoppers_23_409.jpg
13
279.6 308.5 15.0 18.3 281.9 316.9 284.2 316.9 282.0 321.5 285.9 323.7 287.3 323.5 0.9989
209.2 463.9 18.8 21.1 213.7 471.0 222.7 470.8 218.1 476.0 215.0 480.1 221.5 480.0 0.9985
671.8 253.1 13.5 19.1 675.5 260.9 681.4 261.1 678.3 264.7 675.8 267.7 680.7 267.8 0.9980
446.6 266.1 14.8 17.2 449.9 272.5 456.3 272.3 452.8 276.7 451.1 279.7 455.7 279.5 0.9972
321.2 396.6 21.5 27.2 325.3 409.3 334.9 408.0 330.1 414.9 328.8 419.3 335.5 418.2 0.9970
447.6 237.1 11.8 13.6 451.2 242.3 456.6 241.8 454.3 245.4 452.4 248.0 456.4 247.6 0.9933
760.1 277.4 10.7 13.2 765.8 282.3 769.5 282.1 769.1 285.0 766.6 287.8 769.1 287.7 0.9917
759.5 243.7 12.0 16.3 764.9 250.4 769.5 250.9 767.6 254.2 764.5 257.0 767.9 257.4 0.9877
746.8 240.0 12.7 16.7 755.2 248.1 757.6 248.0 758.1 251.6 754.5 254.1 755.9 254.3 0.9866
382.5 222.2 9.1 11.1 383.9 225.9 386.1 226.1 384.1 228.7 384.7 230.8 386.1 230.9 0.7751
292.0 246.5 11.3 15.4 294.6 253.3 299.2 253.1 296.9 256.3 295.9 258.9 299.4 258.6 0.7004
559.1 170.1 5.7 7.2 560.3 172.7 562.0 172.7 560.6 174.3 560.7 175.7 561.9 175.7 0.5766
622.4 304.7 9.5 14.4 628.9 310.4 630.4 310.2 630.9 313.5 628.7 316.2 629.8 316.2 0.5348
