23--Shoppers/23_Shoppers_Shoppers_23_373.jpg
13
57.8 360.5 92.9 93.3 75.3 401.2 116.0 398.7 94.4 425.2 90.2 437.0 117.6 434.2 0.9997
401.7 312.8 29.0 37.4 405.2 327.0 413.0 327.4 404.7 334.6 407.2 341.7 412.3 341.5 0.9996
308.0 263.9 53.8 68.5 316.0 292.8 337.9 291.7 323.4 305.6 321.0 317.9 337.3 316.8 0.9995
940.0 359.0 45.3 51.9 960.9 381.1 978.9 383.1 972.0 393.8 959.2 399.6 972.0 401.4 0.9994
638.1 407.2 24.3 33.2 649.5 420.4 658.4 420.9 655.8 426.9 649.4 432.5 656.6 433.1 0.9991
545.1 328.8 29.9 37.0 559.4 342.8 570.9 340.3 570.4 347.7 564.2 357.4 572.4 355.7 0.9990
565.5 318.9 22.1 30.3 573.0 330.7 582.4 331.0 578.1 336.6 573.5 341.6 581.3 341.9 0.9984
758.0 430.5 35.3 43.7 776.9 446.4 790.2 447.9 786.5 456.7 774.8 463.2 785.1 464.7 0.9982
281.0 332.3 25.4 37.6 285.4 347.2 288.9 348.1 282.6 355.3 287.6 361.9 289.5 362.0 0.9969
720.0 329.9 15.1 19.7 722.8 338.1 728.8 338.5 724.7 342.2 723.2 345.3 727.8 345.5 0.9961
855.4 347.3 17.6 21.6 859.2 355.1 867.2 355.4 862.4 359.6 859.8 363.8 866.0 364.0 0.9767
627.7 342.4 11.3 14.8 630.2 348.0 634.0 348.1 631.2 351.0 630.6 354.0 633.5 354.0 0.9157
610.8 347.2 10.2 13.6 614.6 353.3 618.7 353.1 617.2 356.1 615.2 358.7 618.3 358.6 0.8156
