23--Shoppers/23_Shoppers_Shoppers_23_266.jpg
13
843.9 399.5 86.5 111.9 857.2 435.6 891.5 442.0 862.2 463.9 855.7 480.1 882.3 485.4 0.9997
785.6 285.8 53.9 73.1 800.2 304.3 808.2 309.0 787.3 317.9 794.0 335.0 800.3 337.6 0.9996
804.5 216.1 20.9 24.0 808.7 223.4 817.7 224.4 811.4 228.6 808.4 233.2 815.6 234.0 0.9992
711.9 238.5 55.2 84.7 717.9 271.2 733.4 270.5 715.9 287.1 722.6 302.9 734.8 301.7 0.9989
181.9 139.1 27.0 44.9 198.8 153.8 199.8 153.3 207.2 159.3 204.6 170.0 205.5 170.0 0.9984
300.4 155.3 19.4 27.7 315.4 168.0 316.5 168.0 317.3 175.0 310.7 178.1 311.0 178.5 0.9967
627.6 217.7 23.9 43.0 1015.8 212.8 1020.4 212.7 1018.9 215.6 1016.3 218.4 1019.8 218.4 0.9918
545.6 195.6 27.0 41.7 631.4 233.6 631.6 233.8 629.0 243.5 636.2 251.1 636.0 251.0 0.9808
834.4 226.0 17.5 25.8 550.7 209.5 552.4 211.3 546.0 218.6 551.2 226.6 552.1 227.7 0.9700
826.4 200.2 7.8 9.1 836.9 235.9 839.0 236.4 835.4 241.9 839.3 246.5 840.4 246.6 0.9555
612.4 198.9 7.2 9.6 827.6 203.2 829.9 203.3 827.8 205.2 828.1 207.2 829.6 207.1 0.9213
664.5 195.9 10.9 13.0 613.6 202.7 616.5 202.9 614.4 204.6 613.7 206.4 616.0 206.5 0.7747
839.9 199.8 17.3 22.6 667.6 200.3 672.4 200.8 670.0 202.8 668.0 205.4 671.7 205.7 0.5766
