23--Shoppers/23_Shoppers_Shoppers_23_190.jpg
8
344.5 116.4 39.7 57.8 370.4 142.6 379.8 142.3 379.6 154.8 364.6 160.8 372.5 161.1 0.9997
440.3 147.2 38.8 43.7 457.2 164.3 471.9 166.6 465.2 177.5 452.4 179.9 463.9 182.4 0.9997
679.9 178.8 32.6 42.8 683.9 195.1 697.6 195.1 687.0 202.4 684.3 210.3 695.8 210.1 0.9997
579.9 167.7 36.8 47.8 592.7 185.7 608.5 188.3 600.5 196.2 591.0 202.2 604.0 204.6 0.9997
564.7 163.9 35.3 47.2 575.9 182.6 591.3 184.0 583.0 190.5 576.2 198.0 588.0 199.3 0.9980
793.6 184.2 30.3 41.3 816.7 201.4 817.4 202.0 816.4 212.2 808.1 217.4 807.7 217.7 0.9957
498.8 208.0 25.4 34.4 506.6 219.8 519.0 221.3 512.9 228.7 507.0 234.1 516.0 235.4 0.9946
920.1 236.9 22.8 29.8 925.6 250.8 933.5 247.6 931.0 254.9 931.3 260.8 937.1 258.2 0.8243
