23--Shoppers/23_Shoppers_Shoppers_23_63.jpg
17
722.3 437.1 120.7 148.8 750.6 484.2 800.7 505.4 755.8 524.2 737.0 540.5 775.5 558.1 0.9998
338.5 147.4 26.4 32.4 343.9 164.6 347.8 163.8 345.4 171.2 351.5 173.8 354.4 172.9 0.9996
139.5 129.3 40.3 50.4 150.1 147.6 168.8 147.6 159.3 155.5 152.2 166.5 166.6 166.5 0.9996
457.0 166.9 24.5 29.5 461.8 177.4 471.4 178.8 464.1 183.1 461.0 188.2 468.8 189.1 0.9993
194.6 164.1 23.5 30.0 203.7 176.7 213.9 175.9 210.9 182.0 205.8 187.4 214.0 186.9 0.9993
933.0 211.4 31.4 43.5 941.8 225.0 944.7 226.7 933.9 232.4 938.0 242.7 939.3 243.4 0.9991
823.7 192.4 42.2 69.1 831.7 214.1 833.3 215.6 823.2 225.8 831.6 241.4 834.2 241.6 0.9991
739.5 184.5 26.3 37.2 744.0 197.9 748.4 199.9 739.6 204.9 742.2 211.9 745.3 212.9 0.9991
575.9 125.9 19.3 24.9 578.9 135.4 587.0 136.5 580.6 140.1 578.6 144.7 584.4 145.4 0.9989
675.0 198.5 23.3 30.3 679.4 209.5 687.3 210.4 680.2 214.9 678.9 220.6 684.7 221.3 0.9984
203.3 142.3 17.3 22.0 207.2 151.3 214.6 150.7 210.7 155.1 208.8 159.4 214.3 158.9 0.9977
768.4 222.8 32.5 46.1 777.2 236.8 781.6 238.9 771.6 245.8 774.1 255.6 777.9 256.4 0.9973
117.5 129.3 13.4 15.8 121.1 134.9 127.2 135.0 124.1 137.3 121.9 140.9 126.5 141.0 0.9970
957.1 346.8 66.6 123.8 1003.2 373.6 1003.9 389.6 973.3 388.0 970.9 420.7 969.6 431.7 0.9968
832.7 352.7 47.0 70.3 847.1 377.1 851.0 381.5 835.2 387.3 837.9 402.4 840.5 405.1 0.9956
270.5 175.2 21.9 37.4 273.9 191.1 274.1 191.4 271.1 199.4 278.0 205.8 277.9 205.6 0.9921
766.5 236.0 19.5 32.9 771.3 246.6 775.8 247.2 770.4 252.6 770.9 260.1 774.1 260.4 0.9359
