23--Shoppers/23_Shoppers_Shoppers_23_692.jpg
23
314.9 433.3 23.9 20.0 327.2 443.3 333.9 445.7 329.8 449.8 322.8 449.0 327.1 451.1 0.9994
90.1 425.7 31.4 32.9 98.7 436.5 113.0 436.6 106.0 445.0 100.1 449.7 111.7 449.8 0.9993
246.0 390.9 22.9 26.8 261.2 400.8 266.7 400.5 268.4 405.6 261.9 411.4 265.7 411.4 0.9991
119.1 457.5 27.9 38.2 122.6 471.9 127.3 471.2 121.4 480.2 128.4 486.3 132.2 485.2 0.9991
502.8 426.6 22.0 21.8 506.7 437.5 514.0 435.7 510.6 442.3 512.5 445.6 516.9 443.9 0.9972
732.2 330.9 13.6 16.7 121.7 726.3 123.7 723.8 127.9 730.4 123.2 736.6 124.1 735.1 0.9933
150.8 350.6 11.7 14.7 741.2 337.3 744.3 338.0 743.7 341.8 739.1 344.0 741.0 344.7 0.9930
614.4 353.5 14.2 16.6 154.1 356.7 159.6 357.1 156.6 360.2 154.3 362.4 158.3 362.8 0.9891
181.0 371.9 9.9 16.7 616.4 358.4 621.8 358.3 618.1 362.2 617.6 365.8 621.8 365.6 0.9851
633.8 341.5 13.5 19.6 183.2 377.7 183.6 377.9 181.5 381.1 183.9 384.5 184.3 384.4 0.9850
344.2 361.6 15.4 24.2 635.9 347.5 637.5 347.8 634.8 352.3 637.7 356.3 638.8 356.3 0.9663
137.6 343.3 8.7 12.1 355.7 370.9 357.1 370.4 359.8 375.0 356.8 380.3 357.6 380.2 0.9368
536.1 547.6 33.5 21.1 69.2 365.8 75.3 365.4 74.0 370.0 70.2 373.7 74.3 373.5 0.9075
851.7 346.7 12.3 17.6 601.0 390.1 609.1 389.7 605.5 394.5 602.8 396.7 608.0 396.4 0.9046
487.9 332.6 10.1 12.9 142.6 347.7 145.0 347.8 144.8 350.3 142.5 352.4 144.2 352.7 0.8947
868.3 311.1 11.8 11.1 547.7 564.7 551.4 559.0 553.7 565.8 559.2 566.2 560.6 561.7 0.8497
535.8 355.4 12.8 18.6 853.2 354.3 854.6 354.5 852.1 358.4 854.6 361.3 855.4 361.1 0.8452
56.1 357.9 12.6 17.3 492.5 337.4 495.9 336.4 495.7 339.4 494.2 342.5 496.8 341.9 0.8300
76.3 387.2 13.3 20.8 871.0 316.8 875.5 315.4 874.1 318.8 873.7 320.8 876.7 319.7 0.7950
670.9 306.8 9.9 12.9 543.8 362.0 546.4 361.3 546.6 365.9 543.4 369.6 545.4 369.2 0.7769
194.9 340.0 10.8 13.8 58.1 364.9 60.2 364.9 57.6 368.8 59.7 372.1 60.8 371.8 0.7285
343.3 326.9 9.7 11.5 86.0 394.7 87.3 393.9 89.0 398.6 85.7 403.1 86.7 402.8 0.6566
312.3 313.5 8.4 9.3 672.9 311.5 677.6 312.1 674.7 314.5 673.0 316.9 676.6 317.2 0.6472
