23--Shoppers/23_Shoppers_Shoppers_23_215.jpg
52
570.9 312.7 45.4 55.8 577.7 332.3 593.7 334.5 577.8 341.2 575.5 351.7 589.0 353.2 0.9997
220.4 342.1 61.1 75.5 248.2 368.9 272.8 366.8 267.1 384.5 253.9 400.0 272.0 398.1 0.9997
419.9 384.0 70.4 91.5 438.2 420.9 471.1 420.0 454.8 436.8 443.2 455.0 467.9 454.0 0.9997
0.0 310.6 69.8 109.5 15.2 353.9 51.4 349.2 42.9 368.6 26.8 394.4 54.5 390.4 0.9996
822.6 217.8 57.2 66.6 845.2 239.0 870.3 238.0 862.9 251.8 850.8 267.4 869.5 266.5 0.9996
689.0 267.3 54.2 74.3 710.3 291.5 734.3 289.2 728.3 305.7 716.0 322.3 734.2 320.2 0.9996
455.9 245.9 29.2 41.4 459.8 262.7 471.6 262.9 462.7 270.2 461.5 277.1 471.3 277.0 0.9995
920.3 160.3 12.5 17.5 921.7 166.8 925.5 167.2 921.6 170.4 922.0 173.8 924.8 173.9 0.9995
855.0 356.4 77.6 106.2 886.3 398.0 918.7 395.3 913.2 414.5 897.8 437.6 920.9 435.4 0.9995
568.1 213.7 21.3 32.1 582.4 226.0 585.4 225.1 589.2 230.8 584.2 237.6 586.3 237.4 0.9995
959.5 167.9 18.7 25.4 970.0 177.5 975.8 178.4 974.5 183.0 969.2 187.3 973.5 188.2 0.9995
636.2 236.4 24.8 29.4 641.7 245.7 653.7 244.9 647.8 252.6 644.0 258.8 653.3 258.2 0.9994
590.5 201.2 21.6 28.4 603.3 211.7 610.2 210.9 610.4 217.0 604.5 223.1 609.7 222.9 0.9994
129.8 237.4 23.8 30.6 135.9 248.7 146.8 248.5 141.2 254.1 137.4 260.6 145.9 260.3 0.9994
315.0 334.3 45.4 59.9 329.4 358.2 349.7 356.9 341.8 366.0 333.9 379.4 349.5 378.1 0.9994
877.3 162.3 18.2 26.1 880.5 172.1 884.1 172.9 879.0 176.8 880.2 181.3 882.9 181.6 0.9994
321.0 233.0 22.4 28.1 326.1 245.3 336.1 244.2 331.1 250.9 328.7 255.6 336.2 254.7 0.9994
188.8 243.4 24.9 28.6 194.3 254.2 205.7 253.7 199.7 258.3 195.4 263.9 205.3 263.6 0.9994
452.9 189.4 20.9 24.3 458.5 199.1 467.9 197.9 463.8 202.6 460.6 208.0 468.0 207.0 0.9993
487.8 283.4 36.8 43.7 490.9 299.2 504.9 295.8 493.1 303.5 494.0 316.6 504.2 313.8 0.9993
490.9 212.9 27.1 37.3 498.7 228.8 510.5 228.0 505.2 236.0 500.6 241.9 510.5 241.3 0.9993
671.1 207.9 22.0 25.7 674.6 216.4 683.8 216.4 677.8 221.3 675.5 226.7 683.1 226.6 0.9993
955.4 418.0 68.2 124.7 1006.3 466.0 1031.7 464.4 1036.7 482.4 1015.7 510.1 1032.7 509.7 0.9992
149.1 192.0 17.8 23.4 152.0 202.0 158.4 201.5 154.2 206.6 153.9 210.6 158.8 210.0 0.9992
62.3 318.1 48.1 67.1 72.9 344.2 95.3 342.8 83.9 357.0 77.4 369.5 94.8 368.2 0.9992
611.4 248.2 27.2 30.2 621.7 256.3 634.4 256.5 630.0 262.6 623.2 269.3 633.9 269.4 0.9992
261.7 245.5 28.8 33.8 271.0 259.2 283.6 259.2 277.8 266.6 272.4 272.4 281.8 272.4 0.9991
368.3 266.8 30.2 33.6 377.1 277.8 391.5 277.8 384.9 284.0 378.9 291.4 390.5 291.4 0.9991
729.6 288.1 41.3 58.6 740.4 309.6 759.3 311.0 748.9 321.3 740.6 330.7 755.8 332.0 0.9991
154.7 279.7 33.4 39.1 163.3 293.3 179.0 293.5 171.2 299.2 165.1 308.3 177.4 308.4 0.9990
616.2 182.7 18.8 24.3 628.7 191.9 633.5 190.9 634.9 196.2 630.4 201.5 633.6 201.1 0.9989
20.2 237.5 24.8 33.5 30.5 251.1 41.2 251.8 37.4 257.0 31.4 263.1 39.4 263.8 0.9989
723.9 167.1 13.2 17.8 729.4 174.3 734.7 174.1 732.9 177.5 729.9 180.8 734.2 180.8 0.9987
277.4 273.5 33.6 43.2 289.4 290.7 303.5 289.5 298.6 297.6 292.5 306.1 303.8 305.3 0.9987
241.1 296.9 45.2 50.7 249.9 314.0 270.2 313.7 257.7 322.4 252.0 333.5 267.1 333.2 0.9985
161.8 254.9 25.3 28.4 168.9 266.9 180.4 265.5 175.8 269.9 171.9 276.8 180.5 275.8 0.9980
798.1 157.8 15.8 20.4 801.2 166.9 808.1 167.6 803.7 171.3 801.8 174.3 806.7 174.7 0.9979
284.7 241.8 24.6 30.0 290.5 254.5 301.7 254.9 295.6 261.0 291.7 265.4 300.1 265.7 0.9979
559.8 191.6 17.5 22.4 562.8 200.9 570.5 200.3 565.8 204.6 564.1 209.4 569.8 208.9 0.9968
762.1 166.3 18.3 23.6 771.9 176.2 777.1 175.2 777.4 180.0 773.5 184.8 777.6 184.2 0.9966
356.9 170.1 15.8 20.2 361.5 178.0 368.8 178.1 365.3 182.3 362.1 185.7 368.0 185.7 0.9958
868.1 158.0 12.8 17.1 871.3 165.3 877.4 165.3 874.3 169.1 872.1 172.0 876.7 172.0 0.9954
382.8 194.8 15.1 18.9 388.6 202.3 395.1 201.0 393.8 205.1 391.2 209.7 395.8 208.8 0.9944
503.4 191.7 16.6 19.4 509.3 199.6 516.2 199.9 513.2 203.9 510.2 207.0 515.1 207.2 0.9944
307.6 190.8 15.5 16.5 311.0 196.8 318.6 196.7 314.7 200.9 312.5 204.0 317.7 203.9 0.9930
513.7 217.7 19.7 27.7 518.4 228.8 526.1 228.7 522.0 233.1 519.4 238.8 525.1 238.6 0.9922
187.9 191.6 13.7 19.1 193.7 199.7 199.4 199.4 197.7 203.6 195.0 207.3 198.9 207.2 0.9629
705.0 164.8 12.5 15.7 708.8 171.9 714.1 172.2 711.2 175.2 709.0 177.8 713.1 178.0 0.8777
12.6 164.9 21.3 32.0 17.9 174.9 21.7 177.0 15.0 182.5 16.2 188.7 18.4 190.0 0.8657
821.6 151.0 10.6 12.8 825.2 155.8 829.6 155.4 828.1 158.5 826.3 161.4 829.5 161.1 0.8294
64.4 194.6 18.5 23.1 68.1 202.9 73.8 202.6 70.1 207.4 69.8 212.2 74.2 211.8 0.7004
654.3 170.4 13.1 19.5 657.0 177.4 660.7 177.9 657.1 181.2 656.8 184.9 659.6 185.2 0.6876
