23--Shoppers/23_Shoppers_Shoppers_23_424.jpg
11
728.3 224.2 32.6 42.6 734.6 238.4 749.5 235.8 742.0 242.9 737.9 253.3 751.0 251.3 0.9997
288.1 270.3 28.6 36.3 290.9 282.9 301.8 279.9 293.8 286.7 293.7 296.1 303.3 293.6 0.9997
652.2 317.1 21.8 26.8 656.0 326.8 665.8 325.2 660.2 329.6 657.4 336.5 666.0 335.2 0.9993
151.3 298.5 20.3 27.1 153.7 307.3 160.8 306.9 153.0 310.9 153.1 317.9 158.8 317.5 0.9992
873.8 248.1 23.6 29.0 880.5 259.4 890.2 255.8 888.3 259.3 885.6 269.2 893.7 266.3 0.9991
396.2 326.7 18.0 25.2 399.0 334.7 402.7 334.4 397.0 338.8 398.6 345.0 401.5 344.5 0.9990
530.4 232.6 32.6 38.9 533.8 247.5 544.5 243.6 536.5 251.3 537.1 261.2 545.8 258.2 0.9989
98.1 309.4 16.8 22.6 101.6 316.3 108.5 317.2 102.7 319.4 100.3 324.8 105.9 325.4 0.9986
54.6 327.6 9.7 13.3 58.3 332.3 62.8 332.3 60.9 335.2 58.6 337.7 62.1 337.7 0.9928
16.8 294.3 13.7 20.5 19.0 301.1 24.9 302.0 20.5 305.5 18.7 309.3 23.4 309.9 0.9892
987.5 312.5 6.8 10.4 990.4 317.2 992.9 316.8 992.4 318.9 991.1 321.0 993.0 320.8 0.5215
