23--Shoppers/23_Shoppers_Shoppers_23_218.jpg
8
756.4 479.6 21.0 28.8 770.8 490.7 775.0 490.1 776.5 496.5 769.6 501.2 772.9 501.2 0.9991
206.7 524.7 15.4 22.9 210.1 533.4 211.2 533.6 207.0 537.5 209.4 542.3 210.0 542.2 0.9987
311.0 523.4 15.5 23.2 313.2 532.2 315.4 532.5 311.5 537.0 314.2 541.4 315.6 541.4 0.9982
554.6 526.6 13.1 20.2 556.6 535.0 559.2 534.7 556.2 538.8 557.8 542.6 559.5 542.1 0.9980
598.3 531.6 14.5 18.7 608.3 538.6 611.0 538.1 612.1 542.7 607.6 546.2 609.3 546.2 0.9972
457.3 524.1 14.9 17.8 459.5 530.6 465.8 530.6 461.4 534.3 460.4 537.9 465.0 537.8 0.9969
743.0 509.5 19.7 25.5 757.0 518.2 760.1 517.7 762.0 523.9 756.4 529.0 758.4 529.0 0.9957
46.0 526.4 9.6 16.2 47.7 531.5 48.2 531.8 46.3 535.1 48.3 538.8 48.8 538.8 0.5371
