23--Shoppers/23_Shoppers_Shoppers_23_48.jpg
18
195.8 311.9 93.6 136.2 259.3 373.4 278.6 375.2 277.8 407.0 240.9 420.4 254.9 423.0 0.9999
758.6 345.4 83.2 87.7 784.3 373.0 814.1 391.3 787.4 395.2 770.2 400.7 794.9 416.0 0.9997
638.4 237.5 58.0 69.6 650.8 257.0 673.3 262.1 652.9 270.7 644.6 284.6 663.0 288.8 0.9997
891.1 266.9 55.4 57.2 915.9 287.3 937.1 291.8 927.9 302.4 914.0 310.2 928.5 314.0 0.9996
64.0 289.5 50.0 57.8 74.5 317.0 97.2 316.5 84.7 329.5 78.2 334.7 97.2 334.1 0.9996
575.7 193.8 27.3 33.4 591.2 207.3 599.7 206.0 599.9 212.5 593.2 219.2 599.4 218.5 0.9992
593.5 239.1 40.6 50.2 605.2 262.5 622.3 257.1 616.6 271.0 612.8 279.7 626.1 275.2 0.9992
760.9 225.0 31.4 39.5 779.0 237.5 789.7 237.1 788.7 246.0 778.8 253.8 787.1 253.9 0.9984
427.3 204.2 30.4 31.2 431.8 218.8 440.7 216.4 436.2 226.3 440.1 230.3 446.5 228.0 0.9984
363.9 215.1 15.6 21.5 367.3 224.1 374.3 224.2 370.4 228.5 368.3 232.2 373.5 232.2 0.9972
894.7 202.5 18.4 22.6 906.2 210.4 909.9 209.9 912.3 214.2 908.3 219.3 910.8 219.2 0.9883
301.5 190.5 13.8 22.9 303.6 201.3 305.5 200.8 302.8 205.4 305.5 209.4 306.5 208.8 0.9822
398.5 141.6 22.6 30.0 401.5 153.3 409.9 153.1 403.9 159.4 403.5 165.0 409.8 164.6 0.9699
706.9 216.7 24.5 32.7 720.2 230.2 727.1 228.9 726.8 236.2 720.2 241.7 725.3 240.9 0.9486
925.9 227.8 26.7 30.7 933.0 240.1 942.3 239.0 937.7 245.7 935.9 251.9 942.8 251.0 0.9365
483.8 207.6 16.9 21.4 1006.7 273.1 1010.2 273.8 1006.7 279.9 1006.7 288.2 1009.4 288.5 0.8083
272.3 183.8 11.6 16.5 639.1 246.0 651.2 246.0 645.7 253.9 639.8 260.8 649.7 260.8 0.7730
232.5 176.8 10.2 16.1 486.3 215.6 491.7 215.7 487.4 220.5 487.9 224.3 491.9 224.2 0.5060
