23--Shoppers/23_Shoppers_Shoppers_23_117.jpg
29
614.0 235.2 67.5 87.9 648.2 270.6 673.3 272.4 666.3 293.3 639.7 298.6 662.6 301.1 0.9997
573.3 189.5 38.6 45.3 597.4 206.7 605.9 209.1 604.1 218.8 591.2 223.4 597.0 225.9 0.9996
860.4 285.0 69.2 90.1 875.0 317.4 889.3 328.3 863.0 334.8 868.7 347.1 881.1 354.2 0.9996
259.5 214.0 46.1 59.5 267.5 239.0 287.4 239.7 273.8 252.2 270.6 259.4 286.9 259.6 0.9996
229.3 185.1 39.7 49.2 241.7 199.8 258.9 204.1 247.3 209.5 238.0 218.7 251.7 222.1 0.9995
230.3 111.3 29.8 41.6 241.9 126.3 255.0 126.7 250.6 133.6 243.3 141.7 254.0 142.1 0.9993
739.8 183.2 24.9 29.4 751.7 195.8 760.6 198.2 756.2 203.3 749.0 206.3 754.8 208.3 0.9991
439.7 214.4 39.2 53.4 453.7 227.8 471.2 229.8 463.2 238.7 452.6 248.4 468.0 250.2 0.9991
0.0 437.6 92.4 93.1 6.9 478.2 39.1 479.0 15.1 504.6 28.8 511.3 51.9 510.2 0.9990
359.7 167.6 36.6 46.6 373.0 183.1 389.2 188.0 379.9 194.4 369.5 199.8 383.3 203.8 0.9987
719.4 242.3 37.9 38.6 730.8 261.3 745.4 265.4 735.1 273.4 727.6 274.9 736.4 278.1 0.9986
332.2 146.4 32.7 39.2 340.1 160.7 355.5 160.9 347.4 170.3 342.4 176.9 353.7 177.1 0.9985
492.3 192.3 28.6 45.8 508.5 209.6 516.3 208.1 518.3 217.7 509.6 226.3 516.2 225.6 0.9983
830.7 254.4 29.5 49.7 850.3 268.8 855.0 268.3 858.9 277.8 849.1 289.0 853.3 289.1 0.9970
308.8 131.4 18.6 20.4 311.7 139.6 319.4 138.8 314.7 143.9 313.8 148.2 319.1 147.5 0.9962
299.2 149.5 25.9 31.6 309.1 162.5 320.6 163.5 315.9 168.7 310.3 174.7 317.8 175.5 0.9960
334.6 372.1 60.3 44.3 350.5 397.1 365.4 394.0 358.4 408.3 364.4 411.3 373.3 408.3 0.9938
212.1 160.1 26.8 36.7 222.0 175.3 232.1 175.7 227.1 182.6 222.3 188.9 229.5 189.2 0.9840
406.2 175.9 29.8 40.4 420.1 192.0 430.8 191.2 428.1 199.5 421.8 207.6 429.5 207.3 0.9819
454.2 129.4 13.0 15.7 460.2 135.6 465.0 135.7 463.6 138.7 460.9 141.8 464.2 141.9 0.9756
682.0 274.1 32.8 47.4 702.6 291.0 711.0 291.1 711.2 302.1 700.1 310.8 705.5 311.2 0.9745
337.3 460.3 59.9 86.0 351.1 486.0 354.3 490.8 341.1 500.5 344.6 519.8 347.1 522.8 0.9649
484.8 135.0 11.8 15.1 488.4 140.9 493.9 141.4 491.2 144.0 488.8 146.9 492.8 147.3 0.9581
252.4 161.5 28.6 36.1 260.9 177.1 274.0 174.9 269.1 182.2 264.6 190.3 274.1 188.7 0.9236
438.0 143.7 12.4 17.6 441.9 151.1 447.6 150.6 445.2 154.8 443.0 158.0 447.3 157.8 0.8901
539.8 139.6 16.3 26.9 551.3 149.7 553.4 149.3 554.3 155.2 550.7 160.5 552.2 160.4 0.8885
701.8 184.3 27.1 34.5 721.8 196.7 725.3 196.5 726.4 204.7 718.7 210.5 721.0 210.7 0.8648
478.6 168.5 24.9 33.7 491.4 181.4 499.7 181.8 497.5 188.4 491.4 194.3 497.8 194.8 0.7102
917.3 240.5 17.3 23.0 926.8 249.1 932.0 247.9 932.0 253.4 928.5 258.8 932.2 258.0 0.6013
