61--Street_Battle/61_Street_Battle_streetfight_61_256.jpg
16
285.0 1129.2 25.5 27.7 292.2 1136.9 303.7 1139.8 295.9 1144.4 290.5 1148.5 299.4 1150.8 0.9993
164.4 1099.1 23.4 27.8 171.4 1108.3 181.4 1110.6 175.2 1114.8 170.1 1119.2 178.1 1120.9 0.9990
604.6 1141.6 25.1 29.0 612.9 1152.3 624.3 1152.2 619.5 1159.6 614.0 1163.7 623.1 1163.7 0.9986
473.2 1017.6 10.4 14.7 474.4 1023.1 476.6 1023.4 473.6 1026.1 474.7 1029.0 476.2 1029.1 0.9976
401.2 1183.7 28.4 25.9 407.6 1196.3 418.1 1191.4 415.3 1199.8 415.2 1205.3 422.9 1201.4 0.9909
39.0 1106.4 20.7 20.7 43.0 1117.1 48.7 1116.5 45.4 1122.2 48.1 1124.5 51.3 1123.8 0.9885
375.4 1047.0 11.1 15.4 377.4 1052.5 379.8 1052.5 377.1 1055.6 378.1 1058.8 379.7 1058.6 0.9861
579.0 1040.3 10.7 16.1 586.2 1046.9 588.0 1046.4 589.2 1049.7 586.9 1052.8 588.0 1052.6 0.9851
663.1 1066.5 11.7 15.6 665.2 1072.0 668.8 1072.6 665.3 1075.7 665.1 1078.8 667.6 1079.2 0.9780
329.5 1027.8 12.1 17.0 331.3 1033.3 333.8 1033.9 330.3 1036.8 330.9 1040.3 332.9 1040.5 0.9492
886.2 1038.6 13.7 16.8 894.7 1043.3 898.6 1044.1 897.8 1047.7 894.0 1050.9 896.7 1051.8 0.9203
116.6 1036.6 14.7 17.2 120.5 1042.6 126.6 1042.8 123.1 1046.2 121.0 1049.5 125.8 1049.6 0.8616
903.8 1031.4 14.5 18.1 907.6 1037.0 913.1 1036.7 910.1 1040.7 908.7 1044.6 913.2 1044.3 0.8375
28.3 1010.1 10.6 13.0 33.1 1015.1 36.8 1015.2 35.7 1017.8 33.1 1020.1 36.0 1020.3 0.7460
237.3 1028.4 13.7 15.8 241.6 1034.9 247.7 1034.4 245.4 1038.0 242.9 1041.3 247.8 1040.9 0.7306
738.9 1059.8 14.9 18.1 743.4 1066.7 749.7 1067.2 746.4 1070.7 743.4 1074.1 748.3 1074.5 0.6540
