61--Street_Battle/61_Street_Battle_streetfight_61_384.jpg
8
540.7 188.9 18.9 26.4 543.2 199.8 547.7 199.9 543.0 205.4 545.5 209.6 548.8 209.3 0.9960
463.9 170.2 12.9 19.0 471.3 176.9 472.8 176.0 475.6 179.3 473.9 184.1 475.2 183.6 0.9875
666.6 74.3 6.6 8.7 668.3 77.6 671.4 77.6 669.8 79.3 668.5 80.9 671.0 81.0 0.9734
866.5 55.1 6.2 7.2 868.4 57.6 871.4 57.8 869.9 59.3 868.4 60.8 870.8 61.0 0.8828
636.9 73.6 5.5 6.8 638.8 76.3 641.3 76.3 640.1 77.8 639.0 79.1 640.9 79.2 0.8536
617.7 77.3 6.4 7.7 619.1 80.0 622.4 80.0 620.6 81.6 619.4 83.2 622.1 83.1 0.7332
887.8 57.1 7.0 8.9 889.9 60.2 893.2 60.3 891.5 62.2 890.0 64.1 892.6 64.2 0.6744
598.3 79.7 5.9 7.2 599.7 82.4 602.5 82.3 601.0 83.9 600.1 85.3 602.3 85.3 0.6165
