61--Street_Battle/61_Street_Battle_streetfight_61_460.jpg
18
434.5 66.5 43.2 71.2 440.7 92.9 443.9 93.9 435.9 106.1 443.3 119.9 445.9 120.5 0.9993
397.3 82.3 50.9 61.5 423.0 104.6 431.1 99.8 440.7 105.7 437.4 124.5 444.2 121.5 0.9962
209.2 520.5 19.2 24.0 213.3 528.8 222.7 529.8 217.2 534.9 213.7 538.9 220.7 539.6 0.9783
216.4 354.9 20.7 28.1 222.3 366.2 232.6 366.3 227.6 372.5 223.1 377.2 231.0 377.4 0.9723
153.6 366.8 20.2 24.5 159.3 375.2 169.1 374.5 164.8 380.1 160.9 385.5 168.8 385.0 0.9696
299.7 292.9 17.0 22.0 303.8 301.7 311.9 301.6 307.7 306.7 305.0 310.5 311.1 310.4 0.9667
282.5 512.2 19.3 24.9 289.3 523.1 297.4 522.7 294.0 528.4 290.7 532.6 296.6 532.3 0.9660
100.7 439.2 16.8 21.9 105.2 447.3 113.1 447.2 109.3 451.8 106.3 456.0 112.4 455.9 0.9423
127.1 520.0 19.1 20.2 130.4 528.7 138.4 526.6 134.7 531.7 133.7 536.6 139.3 534.9 0.9336
177.5 438.1 18.3 22.1 182.3 445.6 190.7 446.7 185.8 451.4 182.0 454.8 188.2 455.7 0.9312
190.6 578.4 22.1 27.7 195.6 589.4 205.5 588.4 200.5 594.9 197.9 600.5 205.5 599.6 0.9252
88.2 584.2 28.1 33.2 97.8 598.0 110.9 596.2 106.8 603.5 102.0 610.7 111.2 609.3 0.9100
583.1 439.9 16.4 22.6 590.5 449.3 597.5 449.0 595.2 454.0 591.5 458.1 596.7 457.9 0.8809
249.8 498.5 13.0 17.4 254.7 505.7 261.0 505.5 258.6 509.8 255.6 512.8 260.0 512.7 0.8016
106.4 296.1 19.2 22.0 110.0 302.9 118.8 303.5 112.7 307.7 109.9 312.6 116.5 313.0 0.7051
224.3 498.1 14.1 20.0 229.3 507.2 235.8 507.3 233.0 511.6 229.9 514.6 234.3 514.7 0.7036
234.7 305.6 19.9 22.3 239.9 311.1 249.9 311.7 244.6 315.7 240.1 321.0 248.2 321.5 0.6488
288.3 593.4 29.5 38.6 295.4 605.7 307.0 606.2 300.1 613.6 295.8 621.3 304.9 621.7 0.6269
