61--Street_Battle/61_Street_Battle_streetfight_61_111.jpg
17
716.5 77.1 40.0 52.1 720.4 99.0 734.3 98.4 723.6 108.8 723.9 118.1 733.9 117.6 0.9996
405.5 458.3 17.9 21.0 411.1 466.8 418.8 465.8 416.2 469.1 413.4 474.0 419.3 473.2 0.9994
207.2 378.3 19.0 22.2 212.1 388.7 220.3 387.5 216.7 391.8 214.2 396.1 220.6 395.2 0.9989
248.5 376.8 15.3 18.3 254.1 384.5 261.0 383.7 258.8 387.4 256.0 391.5 260.8 391.0 0.9964
430.9 434.8 14.2 17.3 434.8 441.7 441.5 441.6 438.3 445.3 435.7 448.7 441.0 448.5 0.9902
505.5 467.2 13.6 19.1 683.5 485.3 683.7 488.9 677.4 489.4 678.2 478.6 677.0 480.3 0.9880
446.2 416.9 13.2 15.9 509.7 474.9 516.0 475.1 513.1 478.7 510.3 482.3 515.1 482.4 0.9807
834.2 389.1 12.8 15.9 450.0 422.3 456.2 422.2 453.2 425.9 450.7 429.2 455.4 429.2 0.9681
994.5 436.6 11.3 14.0 838.0 395.2 843.7 395.6 840.5 398.4 837.9 401.2 842.6 401.5 0.9472
796.1 392.1 11.1 13.1 344.1 407.7 350.1 407.4 347.8 411.0 345.1 413.9 349.6 413.8 0.9455
238.8 375.2 12.4 15.3 997.5 442.3 1003.0 441.9 1000.5 445.2 998.6 448.0 1002.7 447.7 0.8944
876.7 398.9 8.3 11.2 798.9 397.9 803.7 397.3 801.5 400.0 800.3 402.7 803.8 402.1 0.8911
390.5 440.0 12.5 15.8 290.1 399.2 295.3 399.6 291.6 403.2 290.2 406.9 294.3 407.1 0.8272
897.1 420.6 10.9 12.1 241.5 381.0 246.9 381.0 243.7 383.9 242.0 387.1 246.1 387.1 0.8251
662.1 438.0 46.7 40.2 879.5 403.2 883.5 403.2 881.7 405.5 879.8 407.7 882.9 407.8 0.7296
961.7 399.6 7.7 9.7 394.1 446.8 399.9 447.0 396.8 450.3 394.4 453.1 398.9 453.2 0.6488
972.8 390.2 8.1 9.6 899.8 424.7 904.7 424.6 902.2 427.2 900.3 429.7 904.3 429.7 0.5988
