61--Street_Battle/61_Street_Battle_streetfight_61_708.jpg
12
804.0 113.9 98.3 114.4 824.9 176.2 853.2 169.3 839.8 203.2 851.5 213.3 868.3 207.0 0.9998
408.8 61.5 81.4 99.8 426.2 103.5 463.9 96.9 446.6 124.0 438.0 142.2 465.5 136.7 0.9998
325.6 63.0 72.4 97.4 341.7 107.4 371.7 96.3 359.7 119.3 355.9 141.3 379.1 131.8 0.9998
505.7 71.5 86.4 119.2 519.4 122.5 555.1 118.3 531.9 145.7 529.3 165.3 557.0 162.0 0.9997
194.9 125.2 74.0 102.4 217.5 165.9 251.5 168.4 235.2 189.9 220.8 206.4 244.2 208.3 0.9997
668.7 88.5 46.3 61.9 683.2 107.9 704.2 109.3 693.6 121.1 683.9 133.1 699.9 134.4 0.9995
125.0 112.3 60.6 83.6 139.7 142.7 168.1 144.2 151.5 157.5 141.6 174.7 162.4 175.9 0.9993
25.0 151.0 64.0 82.0 42.4 176.5 74.0 178.7 57.3 197.7 42.3 210.4 68.0 212.4 0.9925
752.8 130.8 56.1 81.8 767.9 165.2 791.6 160.9 782.6 177.8 776.8 194.7 793.6 190.9 0.9886
603.0 95.8 44.8 65.5 613.2 120.5 633.7 121.6 621.5 135.0 615.0 147.6 628.8 148.4 0.9863
990.0 126.6 33.4 99.1 1004.6 173.0 1035.7 166.9 1020.1 189.3 1017.1 206.2 1040.6 200.9 0.9146
776.9 123.6 70.6 91.1 804.0 161.8 831.7 164.5 816.4 182.9 803.4 194.7 822.6 196.6 0.6796
