3--Riot/3_Riot_Riot_3_860.jpg
8
631.2 142.4 102.2 141.7 680.1 180.1 723.0 189.8 709.9 213.5 672.4 236.8 707.7 245.1 0.9998
841.2 197.7 46.0 52.3 853.3 212.6 875.0 212.7 864.7 221.4 856.5 234.8 873.2 234.9 0.9998
942.1 236.4 37.0 41.2 951.8 246.8 968.7 248.6 959.1 255.0 951.6 264.0 965.2 265.4 0.9981
3.4 289.4 23.7 25.8 14.9 298.9 23.9 297.5 22.0 304.6 16.5 309.8 22.5 309.0 0.9964
537.3 251.9 18.1 27.3 540.3 262.8 542.2 263.0 537.9 268.9 542.4 274.2 543.2 273.9 0.9933
25.1 280.3 19.2 25.9 28.2 290.6 30.1 291.4 26.7 297.0 31.1 301.3 32.0 301.5 0.9924
759.0 242.9 18.6 24.8 763.5 250.2 772.2 250.8 766.8 255.3 763.4 260.8 770.4 261.3 0.9533
683.6 244.9 37.6 50.4 691.5 259.9 705.8 260.1 695.8 268.7 692.2 279.6 703.4 279.6 0.9299
