3--Riot/3_Riot_Riot_3_164.jpg
18
464.8 165.7 20.5 26.8 468.4 175.5 477.1 176.3 470.5 180.1 468.1 185.6 474.8 186.1 0.9993
116.5 429.5 33.0 41.7 120.9 444.5 128.8 444.5 121.2 453.5 126.1 461.1 131.9 460.5 0.9992
499.4 219.6 24.5 29.5 505.8 228.6 517.4 229.3 511.2 234.7 505.1 239.0 516.6 239.6 0.9989
540.0 193.5 17.5 26.4 551.6 202.7 553.8 202.3 556.2 207.4 552.5 213.1 554.2 213.1 0.9982
315.1 339.5 33.1 41.1 318.8 352.3 326.7 351.7 318.0 361.5 323.1 370.1 328.8 369.1 0.9981
155.9 272.1 22.5 31.6 170.1 282.5 174.9 282.6 176.2 288.6 170.6 295.1 174.5 295.5 0.9974
617.8 328.8 28.0 42.4 639.6 345.6 641.5 345.9 644.7 354.0 635.6 360.5 637.5 361.0 0.9971
117.4 260.6 15.3 16.7 122.3 266.5 129.0 266.9 125.5 270.3 122.4 273.4 127.7 273.8 0.9896
79.8 255.5 11.2 14.1 86.3 260.5 89.2 260.4 89.4 263.7 86.7 266.8 88.5 266.9 0.9802
311.1 274.7 11.0 13.7 319.2 280.4 320.8 280.8 321.2 283.4 318.1 285.4 319.0 286.0 0.9708
21.6 259.5 11.9 16.1 26.0 265.5 30.9 265.7 28.9 268.9 26.1 272.0 30.0 272.3 0.9603
96.1 251.4 14.6 18.3 98.5 258.0 103.8 257.8 100.1 261.3 99.3 265.3 103.5 265.0 0.8671
112.4 197.8 8.2 9.2 114.8 201.3 118.5 201.3 116.7 203.3 115.2 205.0 118.0 205.1 0.8504
57.9 281.6 11.1 18.7 60.2 289.1 61.3 289.1 58.9 292.9 61.0 296.5 61.4 296.2 0.8283
425.5 281.3 12.9 15.1 430.6 286.2 435.8 286.6 433.5 289.4 430.5 292.2 434.6 292.5 0.7072
3.9 246.4 13.7 15.7 8.6 252.3 13.8 252.3 11.5 255.5 9.3 258.8 13.2 258.8 0.6423
317.9 209.3 7.7 8.5 320.5 212.7 323.7 212.6 322.4 214.6 321.0 216.2 323.4 216.2 0.6324
257.7 256.7 8.5 10.4 259.9 260.7 263.5 260.7 261.6 262.9 260.4 264.9 263.1 264.9 0.5088
