3--Riot/3_Riot_Riot_3_416.jpg
28
83.9 225.9 13.7 17.1 88.4 232.8 94.4 232.7 91.8 236.1 89.0 239.2 93.8 239.2 0.9980
871.3 301.3 18.8 23.6 878.5 311.2 885.7 311.2 882.8 316.1 879.0 320.0 884.3 320.1 0.9965
139.9 244.2 13.0 17.6 145.1 250.9 150.5 251.0 148.4 254.7 145.4 257.9 149.6 258.1 0.9959
60.0 284.7 14.0 19.3 66.1 293.4 71.7 292.6 70.3 296.6 67.5 300.4 71.6 299.9 0.9950
3.7 229.2 14.7 19.9 7.7 236.4 13.9 235.4 11.5 239.7 9.4 244.2 14.7 243.4 0.9949
38.0 276.8 16.6 20.7 42.2 284.2 49.9 284.1 46.0 288.5 43.3 292.6 49.2 292.6 0.9949
311.0 278.8 17.0 24.5 319.2 288.5 325.6 287.9 324.3 292.9 320.3 297.8 325.4 297.4 0.9943
73.8 245.5 14.3 19.2 77.9 253.5 84.5 253.5 81.3 257.3 78.5 260.7 83.8 260.7 0.9923
672.8 280.2 18.0 24.1 679.5 288.7 687.2 288.8 684.1 293.5 680.3 298.3 686.1 298.4 0.9907
117.3 210.3 13.2 18.7 120.2 218.6 125.8 218.8 122.5 222.4 120.7 225.5 124.9 225.6 0.9906
403.6 274.8 15.7 20.5 409.8 282.8 415.6 282.6 413.6 286.9 410.5 291.0 415.0 290.9 0.9889
283.0 271.5 12.8 18.6 285.5 279.1 291.1 279.0 287.9 282.9 286.4 286.4 290.7 286.2 0.9888
760.6 281.4 16.2 20.0 766.2 288.9 773.6 289.1 770.5 293.4 766.9 297.0 772.6 297.1 0.9880
251.8 273.2 13.5 16.2 257.1 278.7 262.4 278.9 260.4 282.3 257.3 285.5 261.4 285.7 0.9851
749.0 310.1 14.3 19.9 758.2 317.0 761.8 316.8 761.9 321.4 757.4 325.4 760.0 325.5 0.9802
716.3 309.4 14.4 18.2 724.6 318.0 728.6 317.3 728.5 321.8 725.1 325.1 727.6 324.7 0.9791
201.7 270.0 14.7 19.8 206.8 277.5 213.2 276.4 211.0 281.1 208.5 285.6 213.7 284.8 0.9585
248.7 282.2 13.1 17.6 255.3 290.2 260.1 290.3 258.6 294.5 255.0 297.0 258.2 297.2 0.9458
527.2 243.2 17.1 23.3 535.0 252.9 541.4 251.3 541.1 257.0 537.7 262.2 542.3 261.1 0.9301
329.6 268.9 13.2 17.7 331.9 276.0 337.6 275.5 334.5 279.3 333.1 283.0 337.5 282.5 0.9139
148.7 245.3 12.3 15.5 150.5 250.8 155.8 251.5 151.9 254.5 150.4 257.6 154.4 258.0 0.9028
918.0 291.5 10.5 14.4 920.0 297.2 924.9 297.6 921.9 300.6 920.2 303.2 923.9 303.4 0.8726
197.5 253.5 13.0 16.8 201.7 260.6 207.2 260.0 205.0 263.8 203.2 267.1 207.3 266.7 0.8557
322.1 259.1 12.1 13.8 687.1 672.4 694.0 672.4 690.3 675.3 688.0 678.9 693.0 678.9 0.7572
565.2 259.9 12.1 13.9 326.5 263.3 331.7 263.1 329.7 266.1 327.4 269.3 331.5 269.1 0.6865
282.7 245.3 13.6 16.5 715.5 262.3 720.6 262.6 718.3 265.8 715.8 268.0 719.2 268.3 0.6578
824.8 282.5 13.1 17.6 568.8 264.7 574.5 264.9 571.8 268.0 569.2 271.0 573.5 271.2 0.5598
472.0 252.4 10.0 12.4 286.9 252.3 293.1 252.3 290.2 255.6 287.5 258.7 292.3 258.7 0.5290
