3--Riot/3_Riot_Riot_3_587.jpg
66
446.1 170.2 52.3 62.7 467.5 187.5 488.6 185.0 485.3 194.8 475.1 213.0 491.9 210.6 0.9998
706.6 196.9 52.8 60.7 727.3 223.5 747.5 215.9 745.5 230.3 738.4 245.5 753.2 239.5 0.9998
654.6 584.1 102.6 98.5 710.2 633.7 741.4 629.7 752.4 648.9 729.2 683.4 751.9 680.6 0.9998
960.7 289.3 62.8 83.9 991.1 316.9 1014.9 313.8 1015.5 326.4 1002.5 350.1 1019.6 347.5 0.9998
305.6 218.7 53.7 70.8 322.4 236.3 346.7 236.1 336.1 246.0 325.4 265.5 344.4 265.5 0.9998
62.8 275.3 56.5 60.1 69.6 298.7 83.6 298.9 70.3 315.2 83.2 324.2 91.6 323.1 0.9998
536.0 242.4 50.8 70.2 555.8 265.5 577.7 264.0 573.3 273.5 561.8 292.0 578.8 290.7 0.9998
846.8 255.3 53.2 67.4 865.1 280.7 887.9 276.4 882.8 286.1 874.2 304.2 892.9 300.4 0.9998
200.2 266.5 65.4 84.6 223.5 299.2 252.1 295.6 244.1 312.1 230.6 330.2 254.0 327.1 0.9997
450.7 380.1 59.2 86.6 471.0 405.6 496.8 402.6 490.6 412.5 480.3 439.4 498.6 436.8 0.9997
684.1 274.6 56.7 70.8 708.7 297.1 731.7 296.8 726.0 310.8 712.7 324.4 732.2 324.0 0.9997
18.9 206.3 46.1 54.9 34.1 230.5 54.8 227.3 48.2 239.8 39.4 249.2 56.1 246.7 0.9997
285.7 110.1 37.7 43.4 303.8 123.8 318.9 125.2 315.4 131.3 305.1 140.3 317.7 141.5 0.9997
444.6 251.3 59.2 77.8 468.8 281.6 494.5 277.4 490.1 292.4 476.6 310.4 496.3 307.4 0.9997
666.8 384.3 77.4 98.0 696.5 412.5 729.3 409.6 723.8 423.4 707.7 452.8 734.3 450.0 0.9997
372.3 307.8 62.7 73.3 401.4 331.6 425.8 328.9 423.7 345.2 411.3 363.8 428.4 361.3 0.9997
579.6 380.1 73.6 93.2 596.8 416.7 630.3 407.6 618.3 424.5 610.7 451.6 637.5 443.8 0.9996
963.5 363.3 60.0 80.3 982.6 387.0 1009.2 382.2 1005.2 392.0 997.0 419.2 1016.1 415.3 0.9996
182.9 128.0 38.0 44.4 196.2 144.4 212.1 143.8 205.7 152.6 198.7 161.5 210.9 160.9 0.9996
412.7 54.5 36.7 44.2 421.5 70.3 438.5 67.8 430.7 76.6 425.1 87.5 438.9 85.5 0.9996
695.2 38.2 40.7 47.1 708.7 54.0 726.0 51.0 721.5 59.0 715.7 72.2 729.2 69.6 0.9996
251.7 189.6 40.5 49.5 265.0 205.1 283.7 203.2 277.5 214.0 269.5 225.9 283.9 224.1 0.9996
358.7 429.9 77.6 111.0 391.7 476.0 423.3 471.6 419.5 492.9 400.9 515.2 426.8 511.3 0.9996
282.3 58.7 36.5 39.8 294.2 72.1 310.7 70.2 305.1 78.4 298.6 88.5 311.1 87.0 0.9995
721.6 143.9 42.7 46.1 733.1 161.5 751.3 158.5 744.2 168.1 739.9 178.9 753.1 176.2 0.9995
538.2 44.1 40.2 52.1 555.2 63.9 572.7 63.5 568.2 70.8 558.9 82.9 572.3 82.7 0.9995
961.6 543.8 61.6 110.4 994.2 579.1 1021.8 572.3 1024.3 588.9 1007.6 620.2 1032.1 614.8 0.9995
948.9 448.7 74.8 92.8 981.8 482.1 1012.2 481.9 1007.5 496.0 990.7 517.3 1013.5 517.0 0.9995
388.4 403.0 62.3 86.4 412.9 440.3 436.9 434.8 432.6 453.9 421.5 469.5 439.6 465.3 0.9994
582.3 13.4 28.5 31.5 590.4 23.7 603.2 23.6 597.1 30.5 592.3 37.2 601.8 37.0 0.9994
73.0 94.4 34.3 49.6 84.2 110.6 100.5 110.1 94.5 118.7 86.1 129.5 100.2 129.2 0.9994
529.0 145.4 33.1 51.5 555.0 164.0 557.6 164.4 563.0 173.9 551.8 183.2 553.9 184.0 0.9994
748.0 409.1 68.4 82.9 770.8 442.9 802.6 438.8 791.8 454.8 778.9 473.7 803.1 470.4 0.9993
882.2 44.8 41.6 54.1 896.9 61.6 912.7 57.6 910.1 70.1 903.8 83.6 916.1 80.4 0.9992
859.6 146.5 51.3 60.3 873.7 166.7 897.0 164.7 887.0 174.6 879.5 190.0 896.8 188.1 0.9991
0.0 495.1 55.2 94.8 4.3 525.4 36.0 522.1 23.1 533.8 11.3 560.9 38.5 557.8 0.9991
903.8 117.2 38.8 51.9 917.0 134.7 935.2 133.4 930.2 140.9 922.1 154.8 936.7 153.6 0.9991
495.1 0.0 31.4 29.9 508.8 3.5 521.8 4.3 517.8 10.8 509.4 17.4 520.5 18.1 0.9990
147.7 23.5 33.4 40.8 162.4 40.1 176.2 39.6 172.8 46.3 165.7 55.2 175.6 54.9 0.9989
408.9 612.8 70.1 69.5 447.9 653.5 471.8 650.5 472.9 670.6 454.1 689.9 471.3 687.9 0.9988
65.0 46.3 35.0 36.2 74.3 57.8 90.4 56.6 83.4 64.0 77.8 72.8 90.4 71.8 0.9988
216.9 62.8 29.8 37.0 226.2 75.4 240.1 76.0 233.5 83.7 227.4 90.8 237.6 91.2 0.9988
259.9 9.8 24.1 34.3 268.9 21.2 279.7 20.6 276.6 26.5 270.7 33.7 279.7 33.3 0.9988
65.1 569.6 76.4 89.9 95.2 599.9 127.8 603.5 115.4 621.1 96.5 635.3 119.9 638.4 0.9987
89.9 0.0 24.7 25.0 97.0 3.0 108.3 2.4 103.4 8.4 98.9 15.8 107.9 15.3 0.9987
825.5 617.0 81.1 65.6 860.3 656.8 893.4 655.6 888.1 668.6 869.1 696.9 894.9 695.8 0.9987
361.0 80.6 28.1 37.5 372.1 96.1 383.5 92.8 382.5 100.8 377.2 109.7 385.9 107.3 0.9986
0.0 602.0 51.6 80.4 4.8 636.7 36.9 633.4 35.9 651.9 17.3 679.0 42.0 676.3 0.9986
591.3 531.6 67.5 93.7 615.2 568.5 643.7 565.9 633.6 584.8 619.9 603.3 639.3 600.9 0.9978
295.8 309.9 52.6 66.1 323.5 334.5 340.4 333.5 337.3 344.9 326.1 358.4 339.3 357.7 0.9978
394.9 139.6 38.5 48.9 405.4 156.9 423.8 155.0 416.4 167.5 409.5 177.2 423.9 175.5 0.9978
127.7 70.9 36.4 42.5 139.7 82.5 155.6 80.2 150.5 86.2 143.8 99.0 156.5 97.2 0.9975
599.7 46.4 28.0 36.9 609.1 61.3 620.6 59.0 617.2 67.1 613.4 75.2 621.5 73.4 0.9967
355.0 0.0 28.7 25.6 362.7 6.7 375.8 6.0 369.4 12.6 365.0 18.8 374.4 18.3 0.9958
25.7 3.0 23.7 29.1 34.1 15.1 44.3 14.1 40.8 19.6 36.8 25.8 44.1 25.1 0.9957
545.7 344.3 58.3 68.7 572.5 364.1 593.1 364.1 587.7 377.5 575.0 391.8 590.0 392.1 0.9952
88.3 189.4 36.0 52.3 104.6 208.9 117.5 207.1 115.2 215.3 108.2 227.3 117.7 226.0 0.9943
721.0 176.4 39.1 54.2 737.6 201.4 751.2 195.7 751.6 207.8 746.4 219.5 757.2 215.2 0.9941
655.7 34.3 26.5 38.6 668.3 49.3 677.2 48.6 675.4 57.3 669.2 64.5 675.9 64.3 0.9928
336.1 149.5 37.2 46.3 351.6 166.9 366.0 166.5 361.7 174.8 354.0 183.5 365.2 183.4 0.9883
739.8 68.4 32.7 37.3 756.9 80.9 769.1 80.0 767.9 88.0 760.0 96.6 768.7 96.1 0.9854
582.0 149.1 38.4 50.7 591.6 170.4 607.7 166.1 602.2 179.0 599.8 189.4 611.5 186.0 0.9835
49.1 140.6 38.8 49.1 69.5 156.4 79.1 155.6 80.8 163.9 74.4 174.8 81.9 174.5 0.9792
129.8 38.1 23.4 31.5 137.5 52.3 145.9 51.2 143.1 58.0 141.2 63.7 146.9 63.0 0.9654
45.9 0.0 22.2 15.8 51.2 -1.8 61.7 -1.9 56.1 2.5 52.1 8.6 60.7 8.5 0.9066
40.2 64.3 23.6 33.1 46.8 77.6 56.9 74.9 53.0 82.1 50.0 89.4 58.3 87.4 0.8602
