3--Riot/3_Riot_Riot_3_722.jpg
17
662.1 490.2 26.4 26.9 677.0 503.2 683.2 503.0 681.1 510.4 673.7 512.7 677.0 512.8 0.9997
134.9 301.4 23.5 30.0 138.7 313.1 148.7 314.1 141.7 320.1 139.7 324.0 147.6 324.7 0.9995
436.2 346.2 23.7 33.1 451.8 361.7 458.2 360.9 458.4 368.1 450.6 373.1 454.8 372.9 0.9995
227.1 473.3 25.9 35.1 230.6 486.4 241.9 487.6 233.2 494.0 231.1 499.4 240.0 500.2 0.9993
70.5 507.8 23.4 27.9 76.2 518.8 87.0 519.1 81.2 525.5 77.3 529.8 85.2 530.0 0.9992
70.2 434.4 23.4 30.6 72.8 447.6 79.2 448.5 73.0 454.6 75.6 459.2 79.7 459.5 0.9990
284.6 343.2 22.2 28.7 290.2 356.1 300.4 355.9 295.3 361.9 291.7 366.4 299.9 366.2 0.9980
92.0 531.8 26.1 31.8 94.9 544.5 104.5 546.2 96.2 552.3 96.6 557.3 102.7 558.4 0.9977
965.6 116.6 16.9 28.1 978.7 128.4 979.3 127.6 983.1 133.3 979.0 138.7 979.4 138.5 0.9976
57.3 602.0 24.5 30.2 62.8 614.7 73.6 615.1 67.4 621.5 64.1 625.9 71.9 626.2 0.9953
859.2 67.3 21.6 27.1 862.6 75.5 870.0 76.9 862.7 82.1 862.5 87.8 867.6 88.5 0.9949
503.4 177.6 22.1 25.0 508.4 186.7 519.1 186.8 513.5 192.8 509.9 197.5 517.3 197.5 0.9942
670.4 305.4 21.2 26.8 679.5 318.9 687.7 319.4 683.8 325.7 678.3 328.3 683.5 329.0 0.9822
441.2 106.3 20.3 24.1 444.3 113.5 451.4 115.2 444.9 120.0 444.5 124.5 449.3 125.4 0.9704
598.2 259.3 21.8 27.0 602.8 267.6 607.7 269.8 600.7 273.9 600.6 278.7 604.1 280.1 0.9134
909.0 76.6 18.1 22.7 912.1 84.1 917.0 84.8 912.5 89.7 913.0 94.1 916.3 94.3 0.7927
552.2 160.7 20.5 26.9 564.1 170.4 569.5 170.7 568.6 176.7 563.1 181.3 566.7 181.7 0.7882
