3--Riot/3_Riot_Riot_3_168.jpg
15
529.4 114.0 36.0 39.0 540.3 129.3 557.3 129.4 549.5 139.1 542.1 143.8 555.5 143.8 0.9997
944.8 264.2 40.0 48.8 953.4 276.1 957.8 281.8 944.5 285.9 949.8 295.9 952.7 299.2 0.9996
113.3 158.6 35.7 49.6 135.5 175.4 137.6 173.2 146.4 181.7 140.1 194.0 141.6 192.6 0.9995
739.7 103.4 39.7 46.7 747.2 119.8 764.4 119.8 753.9 129.6 748.6 137.7 762.5 137.8 0.9995
419.8 170.1 36.0 48.1 439.6 190.0 447.0 187.1 451.2 196.2 445.0 207.2 450.0 205.4 0.9992
540.2 60.9 30.7 38.7 550.9 78.6 564.6 77.2 559.3 86.5 553.3 92.2 563.6 91.1 0.9991
493.3 269.9 37.8 41.7 517.7 291.0 525.5 287.8 527.2 299.2 516.2 305.0 520.8 303.1 0.9989
291.0 201.7 40.4 41.6 312.7 223.8 326.1 218.6 325.8 231.2 315.8 237.9 324.3 234.4 0.9987
874.6 108.1 28.6 34.5 878.1 118.8 884.1 120.6 875.4 127.4 879.9 134.2 883.4 135.1 0.9970
170.6 77.6 26.5 32.1 187.2 87.9 192.3 86.3 194.8 92.9 190.7 100.9 194.0 99.8 0.9948
0.0 222.9 23.2 48.8 5.6 239.4 14.0 235.2 21.2 244.7 12.0 258.1 18.9 255.5 0.9944
973.1 184.4 50.4 58.5 986.4 199.7 993.6 203.5 978.2 210.4 977.7 223.4 982.4 225.8 0.9937
0.0 139.6 17.0 46.5 2.0 158.5 11.1 155.4 14.5 165.6 6.0 176.4 12.0 174.6 0.9928
32.4 0.8 19.5 25.7 44.5 8.3 46.4 6.8 50.6 12.3 48.4 19.1 49.5 18.1 0.8438
0.0 51.9 12.1 42.1 -0.3 66.6 4.9 63.6 11.0 73.8 3.3 84.3 6.6 82.7 0.7118
