3--Riot/3_Riot_Riot_3_551.jpg
27
200.1 43.8 43.0 47.1 211.3 67.7 225.0 64.2 219.7 76.3 221.9 82.7 231.7 79.4 0.9997
644.7 70.7 20.1 22.9 650.3 77.0 659.7 77.6 654.7 82.1 650.7 87.0 658.3 87.4 0.9995
806.2 71.4 24.8 32.8 813.5 85.3 824.4 84.7 819.4 91.1 814.5 96.0 824.2 95.6 0.9994
543.1 178.6 86.3 108.3 567.0 226.5 607.0 228.6 587.5 252.8 572.8 266.8 600.1 268.2 0.9994
738.3 139.0 51.3 64.1 757.5 164.8 780.6 163.6 772.2 176.5 761.4 187.7 779.4 186.7 0.9994
705.7 110.7 30.1 32.9 716.6 121.9 730.1 124.1 723.4 130.5 715.7 134.9 726.0 136.7 0.9993
695.6 47.6 17.8 23.5 702.3 56.5 710.3 56.6 707.0 61.1 702.6 65.3 709.1 65.4 0.9992
456.3 45.3 14.5 16.8 459.8 51.2 466.5 50.7 463.3 55.1 461.3 58.5 466.2 58.1 0.9986
633.8 67.3 12.9 19.1 637.3 75.2 643.5 74.8 640.7 78.2 638.1 81.9 643.3 81.6 0.9983
566.7 87.4 29.4 40.9 585.3 102.0 592.4 100.8 594.1 110.1 584.5 117.4 590.4 117.1 0.9974
830.6 52.2 12.6 17.0 835.1 59.4 840.7 60.2 837.9 63.2 834.8 65.8 839.0 66.5 0.9944
559.3 55.9 12.0 15.6 562.3 63.5 567.6 62.9 565.2 66.3 563.6 69.0 567.6 68.5 0.9939
682.1 65.7 11.9 15.5 684.7 72.6 690.0 72.1 687.4 75.6 686.0 78.4 689.9 78.0 0.9933
475.5 42.2 10.3 14.1 477.6 47.9 482.2 48.3 479.4 51.0 477.7 53.4 481.2 53.7 0.9929
757.7 53.8 11.8 15.9 610.9 72.5 616.0 72.4 614.0 75.7 611.6 78.9 615.5 78.8 0.9872
586.4 63.8 14.8 16.6 760.0 59.4 764.4 60.1 760.8 62.8 759.7 65.8 763.1 66.2 0.9868
477.9 167.4 53.1 61.4 590.0 69.2 596.6 68.9 593.4 72.7 591.3 76.2 596.5 75.9 0.9845
513.8 45.9 9.8 11.9 490.4 195.9 514.9 194.7 502.9 209.9 496.3 217.9 512.8 217.0 0.9464
500.9 47.1 9.1 11.8 517.4 50.3 521.6 50.1 520.0 52.6 518.1 54.9 521.4 54.8 0.9395
615.8 49.7 9.7 11.1 503.6 52.1 507.3 52.0 505.7 54.5 504.1 56.7 507.0 56.6 0.9365
526.9 59.2 8.9 10.3 618.9 54.1 623.5 53.9 621.6 56.4 619.5 58.6 623.1 58.6 0.8825
747.2 50.3 11.4 15.0 529.6 62.5 533.8 62.7 531.8 65.1 529.9 67.1 533.0 67.2 0.8362
578.3 50.1 8.0 11.0 751.8 57.0 756.6 56.7 755.0 59.8 752.8 62.6 756.4 62.4 0.8005
159.7 127.8 65.1 69.4 531.4 46.8 535.1 46.8 533.5 49.3 531.7 51.7 534.7 51.8 0.6785
928.3 136.0 55.2 54.8 580.7 54.9 583.6 54.7 582.2 57.1 581.4 59.3 583.5 59.1 0.5902
543.5 39.6 7.5 9.1 178.7 163.3 201.8 151.6 199.6 170.2 199.4 185.4 215.0 176.6 0.5034
644.5 47.5 11.2 13.1 115.5 60.4 118.2 57.9 122.3 58.9 123.5 66.6 125.3 65.0 0.5029
