3--Riot/3_Riot_Riot_3_254.jpg
14
517.1 414.3 13.2 20.6 517.7 422.2 518.5 422.5 514.5 426.3 518.4 430.2 518.5 430.0 0.9998
413.9 508.1 38.2 49.7 419.0 525.4 431.5 530.5 416.5 536.8 417.2 543.9 426.3 547.4 0.9995
572.7 556.3 35.9 55.9 580.4 577.8 582.4 579.2 573.4 587.4 578.9 598.3 580.4 598.6 0.9954
875.7 453.3 15.4 22.7 885.7 460.1 888.9 459.6 889.2 465.3 884.8 470.0 887.4 469.8 0.9857
774.5 409.3 9.1 13.7 780.7 414.3 781.3 414.0 782.7 416.6 780.9 419.6 781.3 419.6 0.9480
933.4 554.0 14.4 21.8 942.8 560.3 944.3 559.7 946.7 564.4 943.8 569.7 945.0 569.4 0.9381
967.2 463.6 14.5 24.1 970.5 472.0 971.9 472.7 968.0 476.4 969.2 481.5 970.2 481.9 0.9268
224.5 340.1 6.9 7.9 226.1 343.2 229.3 343.3 227.6 344.8 226.3 346.3 228.9 346.4 0.9117
516.5 496.9 20.8 31.6 529.7 508.6 533.8 507.6 535.7 513.9 530.9 520.5 533.9 520.1 0.9095
628.6 336.4 7.2 10.8 632.4 340.7 634.3 340.5 634.3 342.6 632.9 344.7 634.3 344.6 0.8792
537.6 365.2 9.3 15.2 543.5 371.4 545.1 371.4 545.8 374.3 543.3 377.1 544.6 377.3 0.8547
482.6 369.5 11.1 12.9 486.2 374.7 491.5 374.9 489.1 377.5 486.4 379.9 490.6 380.1 0.8045
247.3 366.1 9.7 12.3 248.9 370.1 252.0 370.7 249.0 373.3 248.8 375.8 250.9 376.1 0.6048
725.9 526.0 18.6 28.5 739.8 536.8 740.8 536.5 744.0 541.5 740.6 547.6 741.3 547.7 0.5193
