3--Riot/3_Riot_Riot_3_448.jpg
10
467.2 331.2 26.6 30.3 478.3 341.2 489.2 342.1 484.7 348.8 477.7 353.4 486.1 354.2 0.9995
761.5 314.2 39.2 46.2 783.3 330.0 795.4 333.1 791.6 342.0 778.7 348.0 787.1 350.8 0.9991
596.4 318.3 31.3 36.2 608.6 329.5 622.2 330.5 617.0 336.9 609.1 343.8 620.1 344.7 0.9991
348.6 326.1 24.7 26.0 356.7 333.3 367.9 334.1 362.7 339.2 357.0 344.1 366.0 344.7 0.9987
403.7 324.9 25.8 28.1 414.8 333.5 424.2 335.8 419.0 341.5 412.1 345.1 419.3 347.1 0.9981
998.2 325.9 24.8 47.8 1019.8 343.2 1029.1 343.3 1027.9 354.2 1018.0 362.7 1024.5 363.5 0.9911
289.9 329.9 21.3 25.0 299.8 339.1 308.1 339.7 304.9 345.0 299.2 348.9 305.0 349.5 0.9910
186.3 323.5 18.6 21.5 191.6 330.9 200.2 330.7 196.2 336.0 192.9 339.9 199.4 339.8 0.9687
66.4 330.9 12.7 15.8 72.0 336.7 76.0 336.8 74.1 340.2 71.8 343.2 74.9 343.3 0.8167
44.7 336.2 13.4 16.0 48.9 341.6 54.3 341.7 51.7 345.0 49.3 348.2 53.4 348.3 0.7869
