3--Riot/3_Riot_Riot_3_462.jpg
10
53.0 105.2 42.9 49.2 68.9 119.7 87.3 118.8 80.7 129.6 72.5 140.7 86.5 139.9 0.9997
134.4 80.7 50.7 58.0 150.6 101.0 173.4 99.4 164.6 113.3 155.5 125.1 172.6 123.7 0.9994
824.5 115.1 23.2 30.0 832.1 127.8 842.5 126.1 839.2 132.3 835.5 138.9 843.2 137.5 0.9991
743.7 105.7 20.5 32.3 758.6 118.6 760.6 118.1 763.9 124.0 758.8 130.1 760.3 130.0 0.9979
550.4 140.1 23.0 34.9 553.7 153.8 558.8 154.5 552.6 160.2 554.1 166.9 557.7 167.3 0.9884
625.5 108.8 51.8 77.5 663.7 132.6 670.0 129.7 676.1 144.9 665.5 164.7 670.2 162.8 0.9762
321.3 44.3 42.7 64.9 353.5 64.2 358.4 63.2 363.0 76.0 352.9 90.9 357.1 90.4 0.9573
448.2 153.4 18.9 24.3 456.3 161.6 463.8 161.7 461.2 166.9 456.8 172.4 462.5 172.6 0.8296
431.9 129.8 13.0 14.5 997.2 93.7 1001.2 94.7 996.0 99.2 997.2 104.2 1000.0 104.6 0.7862
808.3 116.2 15.0 21.4 416.0 162.6 420.9 164.0 417.0 167.8 414.7 169.7 417.5 170.8 0.5644
