3--Riot/3_Riot_Riot_3_3.jpg
32
47.3 192.1 11.1 16.4 54.6 198.6 57.1 198.0 58.2 201.4 55.5 204.8 57.2 204.5 0.9997
0.0 177.5 10.5 13.7 4.7 182.7 8.9 182.1 8.5 184.9 6.2 188.1 9.2 187.7 0.9996
596.9 190.9 9.9 12.4 598.4 195.0 602.9 194.9 600.1 197.5 599.0 200.1 602.7 199.9 0.9995
923.0 183.8 22.6 26.2 932.0 191.3 942.2 191.9 937.9 198.3 932.2 203.3 939.8 203.9 0.9994
509.6 202.3 23.0 29.3 523.7 212.2 529.8 212.3 530.2 218.5 523.1 224.1 527.4 224.5 0.9993
123.3 186.0 10.7 12.4 127.0 191.3 131.7 191.4 129.7 193.8 127.7 195.9 131.0 195.9 0.9989
174.8 194.1 17.1 23.0 181.7 204.4 188.9 203.9 186.7 208.7 183.0 212.8 188.4 212.6 0.9989
269.5 189.4 12.0 17.0 273.6 196.1 278.9 196.0 276.7 199.2 274.0 202.3 278.4 202.3 0.9989
689.1 213.6 19.9 24.2 700.6 220.8 706.0 220.5 707.0 225.5 702.1 231.3 705.9 231.3 0.9988
217.9 195.1 27.6 31.4 234.4 206.4 241.1 204.6 243.3 211.1 238.2 219.1 242.6 217.9 0.9986
839.6 204.7 11.6 14.3 841.4 210.4 846.4 210.3 843.2 213.2 842.3 215.9 846.0 215.8 0.9983
94.7 185.3 13.3 18.8 97.1 192.3 99.4 192.6 95.8 196.2 97.5 199.9 99.0 199.9 0.9979
84.8 227.1 31.4 38.3 102.3 239.1 112.5 238.2 113.4 246.4 106.1 255.8 113.0 255.4 0.9978
287.5 196.7 9.5 12.4 291.7 201.8 295.5 201.5 294.5 204.1 292.3 206.4 295.3 206.3 0.9977
759.8 203.0 10.4 14.2 761.4 208.3 763.8 208.8 760.4 211.0 760.9 214.0 762.3 214.2 0.9977
854.0 180.3 9.8 11.8 858.4 184.5 862.2 184.4 861.1 186.8 859.0 189.2 861.9 189.2 0.9963
342.7 186.6 12.4 16.3 344.5 193.1 349.7 192.9 346.2 195.7 345.0 199.1 349.0 198.9 0.9960
985.2 193.7 15.9 19.9 995.1 200.0 997.3 199.2 999.8 203.5 997.0 208.5 998.3 208.1 0.9952
541.4 199.1 12.7 16.6 547.2 205.4 551.7 204.9 551.2 207.8 548.8 211.7 552.0 211.4 0.9948
882.0 196.8 19.0 26.2 895.4 204.9 898.1 204.1 900.6 209.8 895.9 216.0 897.8 215.6 0.9946
777.2 193.4 8.8 12.7 782.4 198.6 784.9 198.6 784.9 201.1 782.6 203.5 784.3 203.6 0.9940
415.3 188.9 8.6 10.6 417.5 192.8 421.9 192.9 419.8 195.1 417.8 197.1 421.4 197.1 0.9931
18.5 181.0 7.2 9.2 20.2 184.7 23.4 184.8 21.6 186.5 20.4 188.2 23.0 188.2 0.9902
183.3 180.4 10.8 15.1 189.4 187.5 192.7 187.0 192.5 190.3 190.0 192.9 192.3 192.7 0.9864
336.0 178.7 7.7 9.3 338.0 182.6 341.4 182.4 339.9 184.4 338.7 186.2 341.3 186.0 0.9838
71.4 191.6 11.7 13.9 76.0 197.9 80.7 197.9 78.8 201.0 76.6 203.2 79.9 203.2 0.9834
359.9 214.4 15.8 22.3 370.4 221.6 373.1 221.4 373.6 226.2 369.4 230.5 371.4 230.6 0.9802
239.6 190.9 20.9 24.9 244.4 198.6 253.8 199.2 248.3 204.9 245.3 209.6 252.1 210.0 0.9780
431.6 190.4 8.5 11.9 432.9 195.0 434.4 195.4 432.7 197.9 433.7 199.9 434.7 200.1 0.9767
391.3 225.3 20.3 27.5 402.6 235.2 408.8 234.2 408.7 240.8 403.1 246.3 408.0 246.0 0.9682
633.4 192.3 8.7 10.9 636.2 218.1 640.4 217.6 638.8 221.7 637.1 225.8 640.3 225.6 0.8965
318.2 190.8 9.1 11.3 635.5 196.0 639.6 196.3 637.3 198.4 635.6 200.5 638.8 200.7 0.8141
