3--Riot/3_Riot_Riot_3_351.jpg
23
731.9 548.2 19.1 22.8 737.8 556.0 746.3 557.2 741.7 561.8 737.7 565.2 744.1 566.1 0.9982
939.8 529.6 18.5 23.6 952.0 538.3 956.2 537.9 957.9 542.5 953.1 547.3 956.1 547.4 0.9975
553.8 219.8 17.1 22.2 560.9 228.5 568.1 229.2 565.3 232.5 560.8 236.3 566.8 236.9 0.9971
598.2 527.1 19.1 26.5 601.5 536.6 605.2 537.5 599.7 541.5 600.9 546.6 603.5 547.1 0.9969
672.7 598.4 28.0 37.7 676.2 612.5 685.6 614.3 675.3 619.3 675.3 626.7 681.9 627.8 0.9965
547.3 527.7 16.1 23.5 558.0 537.6 560.4 536.5 562.2 541.8 558.4 546.6 559.6 546.0 0.9960
354.2 551.3 17.6 22.5 363.2 559.8 369.7 559.5 368.5 564.7 364.0 569.0 368.4 568.9 0.9955
644.7 537.0 14.3 19.2 646.6 544.3 650.8 544.7 646.8 548.4 647.2 551.9 650.2 552.1 0.9930
670.3 226.1 15.1 20.7 676.2 234.1 682.9 234.6 680.1 238.2 676.3 241.7 681.7 242.2 0.9925
955.6 570.5 27.0 35.3 961.1 585.0 971.8 584.6 965.1 590.7 962.1 596.4 971.4 596.0 0.9890
845.9 259.3 15.9 21.6 854.9 268.2 860.1 269.2 858.8 272.8 853.8 275.8 857.9 276.8 0.9851
724.2 228.7 16.0 22.0 730.6 235.3 737.3 235.5 735.3 239.1 731.6 244.5 736.8 244.7 0.9837
956.0 523.1 14.2 19.0 964.4 530.5 968.5 530.7 967.8 534.5 964.2 537.7 967.1 538.2 0.9775
784.3 237.6 11.4 16.2 790.0 243.9 793.6 243.8 793.0 246.7 790.4 249.8 793.2 249.8 0.9728
619.5 233.7 16.0 20.3 625.5 240.2 632.3 240.1 629.5 244.0 626.2 248.2 631.9 248.2 0.9585
881.1 237.1 13.8 17.1 885.6 242.4 891.9 242.4 889.3 245.0 886.4 249.2 891.4 249.2 0.9482
43.6 514.0 15.4 19.9 53.7 522.0 56.3 521.1 58.3 525.4 54.9 529.5 56.4 529.1 0.9079
122.7 609.4 28.7 28.9 142.7 624.6 147.0 622.8 150.8 631.6 144.4 641.1 147.3 640.1 0.8385
759.6 564.1 22.9 25.6 766.3 572.4 777.2 573.1 771.6 578.5 766.6 583.9 775.1 584.4 0.7864
134.8 502.6 10.7 19.4 137.6 508.9 137.8 509.4 135.3 512.6 136.7 516.9 136.9 517.1 0.7830
286.9 528.8 14.6 19.7 289.1 535.1 292.0 536.0 288.1 540.1 289.7 544.0 291.5 544.4 0.7198
387.3 566.1 14.2 17.5 389.8 574.0 393.3 573.5 390.5 577.6 391.7 580.8 393.9 580.2 0.6426
769.3 506.3 13.7 18.0 771.7 512.5 774.3 513.2 771.1 516.6 772.4 519.8 774.2 520.1 0.5380
