3--Riot/3_Riot_Riot_3_240.jpg
10
907.8 90.3 39.6 48.8 912.8 105.8 928.2 107.6 914.6 114.9 910.8 125.8 922.2 127.2 0.9996
462.1 63.4 38.2 43.0 466.0 77.1 478.4 77.7 465.9 86.0 467.3 95.0 475.7 95.0 0.9996
70.5 65.3 29.4 33.6 74.1 74.8 84.5 75.0 74.3 80.9 73.6 89.2 81.4 89.3 0.9995
650.4 37.0 43.7 50.7 655.6 51.9 670.9 52.6 658.3 62.7 657.6 74.0 668.3 74.5 0.9995
836.0 51.5 38.8 44.6 841.9 65.6 857.8 66.1 845.8 74.0 841.9 83.9 854.3 84.4 0.9995
273.0 53.0 34.5 43.1 278.1 66.6 291.3 69.1 279.5 75.8 277.1 83.9 286.8 85.7 0.9986
153.7 52.9 21.2 28.5 156.9 62.9 163.5 63.7 156.7 68.6 157.2 74.1 161.8 74.4 0.9986
628.0 44.1 29.4 37.4 632.2 56.4 645.3 56.7 635.8 64.2 633.2 71.9 643.2 72.1 0.9971
53.7 76.0 19.1 26.1 58.0 84.1 63.6 85.1 58.2 90.0 58.1 95.7 62.1 96.2 0.9297
247.6 60.5 25.5 29.6 272.5 68.3 282.8 68.8 276.9 77.2 271.0 84.4 278.8 84.8 0.8891
