3--Riot/3_Riot_Riot_3_778.jpg
11
348.2 329.1 44.6 50.3 357.7 345.2 376.5 343.8 366.1 355.1 361.6 365.7 375.7 364.5 0.9996
568.5 329.1 40.3 45.5 577.7 345.3 595.8 344.2 586.7 355.8 581.5 364.1 595.1 363.3 0.9996
107.2 354.7 41.9 45.3 119.4 368.8 137.1 368.8 128.5 377.8 121.5 387.3 135.1 387.2 0.9996
704.5 348.0 28.0 35.8 709.1 363.3 721.7 362.5 714.0 369.7 711.5 376.4 720.7 375.7 0.9994
405.5 346.6 36.5 41.0 413.7 359.3 429.2 359.8 419.4 367.6 414.8 376.2 426.2 376.6 0.9994
814.8 365.2 37.4 45.7 822.8 379.6 837.9 379.9 828.5 389.5 824.2 398.3 835.9 398.4 0.9994
860.9 325.8 40.2 47.5 869.7 339.7 887.9 337.9 878.9 348.6 873.7 360.2 887.6 358.7 0.9993
186.0 357.4 37.8 41.8 195.5 370.1 212.7 370.3 203.6 380.0 197.7 388.3 210.5 388.5 0.9992
11.8 361.5 34.2 37.9 20.0 374.0 33.4 373.9 25.4 382.6 21.9 389.7 31.7 389.6 0.9986
496.3 39.1 18.7 19.9 499.3 46.6 506.8 45.5 502.6 50.8 502.1 55.0 507.5 54.0 0.9975
53.7 293.3 14.0 16.9 55.8 299.1 61.4 299.2 57.2 302.1 56.1 306.1 60.2 306.0 0.9924
