3--Riot/3_Riot_Riot_3_139.jpg
32
746.6 200.4 40.4 48.5 752.6 215.3 767.8 218.5 753.1 226.6 750.8 234.8 762.7 237.1 0.9998
399.8 282.1 36.9 35.9 407.8 296.6 423.5 300.2 412.1 307.6 407.2 310.0 418.1 312.7 0.9998
731.1 297.3 51.9 55.4 744.9 310.7 758.4 315.4 739.3 319.9 735.3 333.5 745.3 337.0 0.9998
779.3 366.7 62.7 70.0 794.9 385.9 820.6 390.1 800.1 394.9 789.7 412.8 810.6 415.9 0.9997
665.3 217.8 34.0 43.4 672.0 227.7 686.0 230.6 673.3 235.3 668.6 245.5 680.3 247.6 0.9997
639.9 311.3 46.1 48.8 667.8 328.4 678.0 342.3 670.1 340.5 656.2 342.5 662.5 353.4 0.9996
724.4 7.4 30.7 38.0 729.2 21.3 742.8 22.2 733.2 29.4 729.9 36.3 740.1 37.0 0.9996
641.4 7.5 30.5 38.6 646.5 20.6 659.9 22.0 650.8 30.7 647.8 36.5 657.7 37.6 0.9996
891.2 258.2 44.8 56.2 897.3 273.4 912.5 277.4 894.7 284.8 894.4 296.2 906.2 299.4 0.9996
663.1 556.3 80.5 61.8 682.3 585.3 712.7 599.3 683.6 605.8 671.2 618.5 693.8 629.8 0.9996
571.1 19.6 30.1 43.7 577.2 38.3 591.5 38.3 583.6 47.6 579.1 53.5 590.2 53.5 0.9996
684.5 166.5 28.4 34.1 695.6 181.8 706.7 177.9 706.2 184.7 702.2 194.1 709.7 191.2 0.9995
615.7 242.3 39.9 46.5 624.7 257.5 640.3 263.5 626.1 268.3 620.1 274.6 632.1 279.2 0.9995
477.2 255.3 37.8 44.8 485.0 266.3 495.6 270.6 480.7 276.8 480.4 285.9 487.8 288.7 0.9994
388.4 53.2 38.7 41.9 399.3 69.1 415.7 69.4 407.0 77.6 400.6 84.6 413.2 84.9 0.9993
843.6 33.0 31.8 41.1 848.0 48.9 859.8 51.2 848.4 56.8 846.8 63.9 855.4 65.5 0.9992
778.2 2.3 29.0 28.2 786.6 12.7 799.6 14.2 792.1 20.4 786.3 23.5 795.9 24.7 0.9992
618.6 166.2 26.9 32.8 624.1 179.3 636.1 182.2 627.4 187.2 623.3 191.6 631.8 193.7 0.9992
368.2 3.7 31.1 33.6 375.1 15.2 388.6 13.0 382.4 22.8 379.6 29.4 390.2 27.4 0.9991
869.1 181.1 39.2 41.3 878.9 192.5 894.1 197.3 879.5 200.6 873.7 209.1 884.5 212.8 0.9991
219.6 57.7 46.0 57.6 246.2 79.4 260.8 77.8 260.3 91.8 248.3 102.9 258.0 101.7 0.9991
603.5 204.4 32.4 36.5 609.5 215.7 624.0 218.1 613.4 224.2 608.7 230.9 619.2 232.8 0.9989
954.1 549.4 69.5 69.0 978.0 584.3 1000.6 597.4 965.2 602.1 958.7 618.7 977.0 628.5 0.9989
597.7 293.2 38.3 44.3 604.4 310.7 620.7 313.4 608.5 318.8 604.2 326.5 615.7 328.4 0.9989
911.2 102.2 29.4 32.7 921.0 111.8 932.5 118.4 922.0 120.3 914.9 123.6 923.5 128.8 0.9983
466.0 10.3 33.5 38.5 475.6 21.2 490.7 20.7 483.7 28.7 476.9 36.4 490.7 35.9 0.9978
825.4 266.3 43.7 44.8 834.6 281.1 853.0 286.6 838.9 294.4 832.6 298.0 846.5 302.2 0.9978
583.6 465.1 50.3 66.9 593.7 483.6 598.8 486.9 585.4 494.9 589.5 510.7 592.7 512.7 0.9977
869.7 157.1 29.1 33.4 874.3 168.8 885.9 171.3 875.8 176.9 873.0 181.8 881.5 183.7 0.9970
508.0 30.9 32.7 40.3 520.8 46.6 534.6 49.3 528.0 55.0 520.4 60.9 530.4 63.2 0.9928
305.5 32.1 28.3 30.8 317.4 40.8 329.5 40.8 326.8 46.1 320.1 53.7 329.7 53.7 0.9411
305.7 120.0 45.6 57.3 340.9 142.4 344.3 141.8 345.8 156.8 329.7 164.3 331.9 164.7 0.9361
