3--Riot/3_Riot_Riot_3_35.jpg
12
497.0 208.1 32.5 43.9 504.5 224.8 519.6 226.9 510.1 234.3 504.4 241.2 516.0 242.8 0.9998
76.1 55.6 54.8 76.1 86.2 87.8 108.3 91.9 89.7 101.6 83.1 112.4 101.1 115.8 0.9994
398.0 211.0 32.7 39.0 405.2 227.5 419.8 224.7 412.9 233.1 408.9 241.2 420.7 239.0 0.9993
592.1 190.6 35.7 46.0 598.6 209.1 615.9 207.2 606.9 217.9 602.5 226.9 615.5 225.4 0.9993
924.0 62.5 38.0 48.5 929.3 82.5 942.7 82.3 932.2 91.9 932.4 100.3 942.0 99.9 0.9983
327.4 136.6 42.5 50.0 338.1 152.1 357.0 153.5 346.0 162.6 338.6 172.4 352.8 173.7 0.9959
383.8 137.2 21.4 30.6 395.8 148.5 401.6 147.2 402.7 154.2 398.1 161.1 402.1 160.5 0.9657
456.9 15.6 21.9 29.6 468.1 25.5 476.7 26.4 474.5 31.5 468.4 37.6 474.9 38.4 0.9626
184.4 125.1 37.0 69.0 212.1 144.9 214.6 145.4 220.3 159.9 211.6 173.6 214.7 174.7 0.9028
454.9 110.6 23.5 29.7 462.1 120.1 473.5 119.8 468.3 126.0 463.5 132.5 472.6 132.3 0.8578
243.6 136.4 22.7 28.0 248.0 149.7 257.5 149.1 252.6 154.9 250.2 159.7 257.1 159.2 0.8236
694.2 124.5 36.6 49.7 703.6 141.8 721.2 142.4 711.0 152.1 704.6 162.1 718.0 162.6 0.6342
