2--Demonstration/2_Demonstration_Demonstration_Or_Protest_2_763.jpg
15
127.5 46.3 69.1 88.4 148.2 78.9 180.1 75.7 168.3 87.7 155.9 110.6 181.6 107.7 0.9995
40.1 74.0 59.2 68.7 55.6 101.5 82.4 96.6 72.4 112.5 64.8 127.6 85.8 123.3 0.9995
744.7 218.5 61.6 73.9 761.2 245.8 789.2 244.4 776.0 261.3 765.4 273.3 788.7 271.9 0.9994
373.1 62.9 69.1 87.6 394.8 82.9 426.7 84.0 411.4 96.6 397.7 121.1 421.1 122.1 0.9994
433.9 62.1 46.9 61.5 449.5 80.4 471.4 82.7 461.4 92.8 449.9 105.2 467.1 107.1 0.9987
805.8 66.4 42.6 47.4 812.6 80.6 833.6 80.6 820.4 87.7 813.9 99.7 830.8 99.7 0.9986
0.0 104.3 40.1 88.2 -0.8 136.3 29.7 138.5 17.7 160.1 -1.2 172.6 21.6 174.7 0.9985
231.0 60.8 70.4 83.7 253.1 86.1 283.0 83.7 271.1 103.4 259.3 120.9 282.5 118.9 0.9967
832.5 228.6 63.4 95.7 844.8 264.3 878.2 265.8 858.6 290.1 846.4 300.2 875.1 301.4 0.9957
870.4 80.0 60.6 70.8 887.0 106.1 913.4 105.5 900.5 119.8 891.4 133.6 910.6 133.3 0.9924
974.4 0.0 49.2 98.4 986.8 24.5 1019.1 26.3 985.6 44.7 983.8 69.3 1006.6 70.2 0.9879
778.4 69.0 28.0 32.0 785.8 80.0 799.3 79.3 792.9 84.5 787.7 92.6 798.1 92.0 0.9861
82.6 53.0 42.9 60.2 99.4 76.7 116.1 76.0 110.7 87.0 103.1 98.7 115.4 98.3 0.9643
496.7 96.9 57.4 69.5 508.0 123.3 532.0 120.7 519.7 135.4 515.1 150.7 532.1 148.6 0.9274
94.0 63.7 45.3 65.9 107.1 87.0 125.2 85.9 117.5 97.9 111.1 111.3 125.4 110.4 0.7316
