2--Demonstration/2_Demonstration_Political_Rally_2_507.jpg
14
174.4 411.8 60.0 95.9 217.6 440.9 219.4 440.5 233.8 458.1 220.6 479.5 222.7 480.1 0.9995
516.9 456.4 66.2 73.6 543.9 481.8 570.1 478.9 565.6 491.1 554.2 509.8 573.5 507.3 0.9994
782.0 339.7 57.9 88.6 819.8 371.0 827.0 371.3 836.7 384.9 822.8 403.9 828.3 405.1 0.9994
427.1 461.7 37.3 49.5 449.0 480.1 459.9 479.4 460.7 488.4 451.3 498.0 459.6 498.0 0.9993
409.1 655.5 58.2 74.5 444.5 693.3 459.3 690.8 458.9 708.4 440.5 718.4 449.1 717.3 0.9993
922.1 442.2 43.4 56.8 950.3 464.8 959.1 463.1 964.8 473.2 953.1 484.3 960.1 483.6 0.9992
42.4 402.1 47.6 56.7 68.0 423.1 84.5 421.9 85.8 431.0 73.7 444.7 85.6 444.2 0.9991
561.4 406.0 52.6 67.0 585.0 431.1 606.9 430.5 603.2 440.0 591.1 456.2 607.9 455.9 0.9988
964.9 431.5 36.8 55.8 988.2 449.8 994.2 448.6 1001.2 457.5 993.1 471.5 997.3 471.1 0.9988
313.4 423.0 45.0 69.7 342.2 445.4 345.5 442.4 355.9 455.1 350.3 473.6 351.8 471.7 0.9964
125.8 350.8 63.0 74.2 160.1 377.0 181.7 375.0 180.3 388.6 165.0 403.4 183.2 402.2 0.9937
798.8 367.0 55.8 88.1 835.1 397.4 842.0 399.0 850.5 412.9 836.8 429.9 842.1 431.5 0.9876
421.0 426.3 23.4 29.9 434.3 436.2 441.1 435.5 441.2 442.4 434.8 448.6 439.9 448.4 0.9867
705.3 401.7 30.8 44.5 852.4 466.1 859.4 466.1 860.4 471.4 854.7 478.5 859.6 478.8 0.7018
