2--Demonstration/2_Demonstration_Political_Rally_2_559.jpg
15
167.2 485.3 93.4 133.6 228.1 544.4 244.2 535.4 262.1 560.5 238.9 589.5 250.7 582.9 0.9999
340.1 359.3 55.9 65.0 373.5 389.0 386.8 389.4 384.4 404.9 364.8 411.6 372.7 412.9 0.9998
211.9 323.2 75.0 91.8 255.6 356.2 266.8 351.5 284.1 365.8 270.9 390.3 279.4 387.6 0.9997
529.1 283.3 80.1 112.9 579.1 326.7 601.7 324.4 606.6 348.1 579.9 369.7 595.3 368.3 0.9996
431.9 316.6 45.9 51.6 435.3 333.8 453.8 335.3 438.4 346.3 437.6 356.4 450.8 357.3 0.9994
278.3 315.1 35.2 46.8 300.3 333.9 309.0 332.4 312.2 340.9 302.8 350.7 308.9 350.0 0.9988
35.1 310.4 50.7 67.0 65.6 334.2 80.7 331.9 83.1 348.4 65.5 361.2 76.9 360.0 0.9970
671.7 302.0 33.2 35.8 675.2 313.1 680.9 312.9 673.0 321.7 680.7 329.2 684.5 328.6 0.9948
747.4 287.8 30.9 37.0 757.4 299.9 769.2 304.9 760.1 307.4 753.3 312.7 762.5 316.6 0.9943
103.9 321.4 40.3 55.5 122.1 341.8 136.0 339.9 133.6 349.3 126.5 361.5 136.9 360.1 0.9943
389.0 545.2 92.8 164.1 451.9 602.8 457.9 594.1 479.1 624.9 459.7 663.1 467.5 657.3 0.9914
510.6 407.7 53.6 97.7 557.6 442.2 556.3 439.8 564.4 458.6 554.9 480.5 553.9 478.8 0.9906
836.3 326.2 60.5 87.9 844.5 358.7 852.5 360.2 842.1 377.4 851.8 392.8 857.5 393.6 0.9684
588.4 310.2 41.1 59.6 598.5 326.5 617.9 330.3 606.2 343.1 596.3 354.9 611.0 357.8 0.9435
0.0 583.1 57.4 134.1 23.0 625.0 36.8 620.3 52.5 641.6 34.5 677.5 44.5 675.0 0.9181
