2--Demonstration/2_Demonstration_Demonstrators_2_411.jpg
34
945.6 582.1 18.4 22.9 949.5 590.5 958.4 590.4 953.6 595.7 950.6 599.8 957.5 599.7 0.9966
544.3 518.7 15.3 19.5 546.4 525.4 552.6 525.7 547.9 529.7 547.0 533.5 551.3 533.7 0.9963
372.5 1237.2 27.9 40.8 377.5 1251.0 383.2 1252.0 375.0 1259.9 377.9 1268.3 381.5 1268.6 0.9955
429.5 526.4 13.6 19.0 437.9 534.4 440.6 533.8 441.5 537.6 438.3 541.3 440.2 541.0 0.9954
613.4 499.3 15.1 18.4 617.1 507.1 623.5 506.0 620.6 510.3 619.0 514.0 623.8 513.1 0.9947
964.6 1255.9 31.3 38.9 968.8 1268.3 981.4 1268.0 972.1 1276.3 969.9 1284.4 980.0 1283.9 0.9854
34.7 1252.7 30.0 31.6 41.4 1263.6 54.4 1262.3 47.8 1269.5 44.3 1276.3 54.0 1275.3 0.9823
492.9 517.9 15.6 21.6 498.0 526.1 505.2 525.4 502.5 530.1 499.5 534.7 505.3 534.2 0.9743
880.5 569.3 13.3 18.8 883.5 577.3 889.4 576.7 886.4 581.1 885.3 584.8 889.5 584.3 0.9679
126.3 463.4 12.8 16.8 129.5 470.0 135.3 469.5 132.6 473.1 130.6 476.6 135.0 476.2 0.9619
902.7 577.2 18.8 25.0 912.6 588.3 918.8 587.6 918.0 593.0 913.8 597.5 918.1 597.1 0.9559
114.0 468.9 11.6 14.6 118.5 474.4 123.5 474.0 122.2 477.2 119.6 480.4 123.6 480.1 0.9502
657.5 380.8 11.2 14.2 660.4 385.8 665.9 385.7 663.3 388.8 661.0 391.9 665.6 391.8 0.9462
704.8 394.0 15.0 19.0 709.6 400.5 715.9 400.3 713.1 404.3 710.3 408.2 715.6 408.1 0.9460
205.5 441.7 14.2 16.9 207.7 448.4 214.1 448.3 210.2 452.1 208.9 455.4 213.5 455.2 0.9455
646.6 351.2 10.2 12.3 649.8 355.7 654.5 355.7 652.4 358.4 650.3 360.9 654.0 360.9 0.9125
373.8 468.8 12.9 16.4 376.4 474.9 382.3 474.2 379.4 478.0 377.8 481.6 382.3 481.0 0.8903
797.6 341.8 10.9 12.7 801.6 346.0 806.3 346.0 804.4 348.7 802.1 351.4 805.8 351.5 0.8749
17.4 491.6 11.0 12.7 20.2 495.7 25.7 495.5 23.1 498.4 21.0 501.3 25.4 501.2 0.8480
627.9 325.5 10.2 12.7 631.0 330.0 635.8 329.8 633.6 332.5 631.8 335.3 635.5 335.1 0.8467
831.1 369.3 11.4 14.4 835.1 375.4 840.0 375.0 838.3 378.0 836.3 381.0 840.1 380.7 0.8437
594.7 403.6 9.3 12.6 595.0 364.7 597.1 364.1 597.5 366.8 596.0 369.5 597.5 369.1 0.8236
551.2 331.7 10.7 13.2 599.2 408.9 602.2 408.5 601.7 411.2 599.9 413.7 602.0 413.5 0.8091
502.7 331.1 11.6 14.0 553.9 336.2 559.3 336.3 556.5 339.1 554.4 342.0 558.7 342.0 0.7823
714.2 533.7 15.8 20.4 506.6 337.1 511.8 336.6 509.9 339.7 507.7 342.4 511.7 342.1 0.7435
901.3 436.2 13.0 17.0 721.7 540.8 727.6 540.4 726.4 544.6 722.6 549.0 727.2 548.9 0.7385
865.7 382.9 11.0 13.5 905.4 442.9 911.7 442.4 909.3 446.3 906.7 449.7 911.6 449.5 0.7181
506.5 377.8 11.6 14.4 868.1 387.8 872.0 387.4 869.7 390.5 869.4 393.4 872.2 393.0 0.7146
926.6 418.9 13.9 17.4 509.2 382.9 514.4 382.7 511.7 385.7 510.1 388.7 514.2 388.5 0.6807
20.6 459.1 12.5 15.5 930.9 424.3 936.8 424.2 934.1 427.6 931.5 431.2 936.5 431.2 0.6123
715.7 326.4 9.1 11.0 749.3 557.1 757.2 555.1 756.3 561.5 752.9 567.7 758.4 566.3 0.6094
925.7 386.6 12.3 16.8 26.3 464.8 30.8 464.7 29.5 468.0 26.7 471.1 30.0 471.2 0.5361
692.3 325.5 11.4 12.5 718.3 330.2 722.5 330.1 720.5 332.4 718.8 334.7 722.1 334.7 0.5185
69.7 455.5 11.6 12.8 927.6 392.6 931.7 392.2 928.7 396.1 928.8 399.6 932.0 399.1 0.5048
