2--Demonstration/2_Demonstration_Demonstration_Or_Protest_2_221.jpg
16
478.1 220.8 31.6 34.8 485.6 232.2 500.4 232.4 492.3 238.8 487.0 246.2 498.6 246.4 0.9997
650.4 223.7 33.5 46.6 656.5 241.5 671.4 239.8 663.0 249.0 658.8 257.3 672.4 255.8 0.9996
929.7 206.5 35.0 43.0 933.2 222.2 942.7 221.7 931.8 229.4 934.9 239.0 941.6 238.3 0.9995
273.8 259.5 30.2 37.1 280.3 274.6 293.6 273.6 286.1 280.0 282.4 288.1 292.5 287.2 0.9994
368.2 242.1 31.6 39.9 376.8 258.5 391.8 257.0 385.2 265.2 379.4 272.8 391.7 271.7 0.9994
749.1 207.3 33.4 41.0 757.9 222.8 773.7 222.2 766.0 229.8 760.0 238.7 772.2 238.2 0.9994
168.4 241.6 26.8 37.6 179.2 255.3 191.1 256.6 187.1 262.1 179.6 269.1 189.3 270.2 0.9993
560.2 229.3 31.6 40.7 566.5 245.9 580.9 241.9 574.7 250.1 571.5 259.9 583.5 256.7 0.9992
903.7 216.9 27.3 36.6 908.8 231.3 920.6 230.1 913.9 238.5 911.3 245.5 920.6 244.5 0.9992
56.4 192.9 31.1 41.1 74.1 208.0 83.8 207.3 85.5 213.7 78.0 223.7 84.6 223.5 0.9991
82.5 233.9 31.3 37.8 93.5 247.1 107.4 249.0 100.4 256.3 93.4 262.5 103.3 264.1 0.9986
533.6 231.0 24.4 34.0 540.3 242.9 551.6 244.1 545.2 249.9 540.4 255.8 549.5 256.8 0.9980
850.4 215.7 32.0 39.1 857.6 229.9 872.6 229.1 864.5 234.8 859.3 243.7 871.7 243.1 0.9973
976.7 230.7 27.6 34.6 984.1 243.5 997.2 244.6 989.9 251.5 984.8 257.6 993.9 258.4 0.9791
510.1 360.8 86.7 126.6 544.2 417.4 576.5 415.7 564.5 437.8 548.2 460.4 573.1 459.5 0.9172
235.1 245.5 21.2 26.2 241.7 254.3 251.2 254.3 247.1 259.8 242.8 264.9 250.2 264.8 0.9071
