2--Demonstration/2_Demonstration_Protesters_2_315.jpg
12
742.2 209.7 27.2 37.8 749.4 224.7 761.9 225.0 755.4 231.2 750.2 237.6 760.6 237.8 0.9997
603.0 222.9 35.2 45.0 612.0 241.4 628.5 240.0 620.7 247.4 614.2 256.2 628.3 255.0 0.9997
113.5 235.5 46.7 53.5 137.1 257.7 155.3 257.4 151.1 269.4 137.3 277.2 151.3 277.2 0.9996
853.8 232.2 27.9 40.3 870.5 248.6 878.1 246.7 879.7 254.8 871.8 263.6 877.4 262.6 0.9994
367.1 255.9 36.1 43.7 378.2 273.5 394.6 271.4 388.9 279.9 382.6 289.8 395.1 288.3 0.9994
493.4 222.4 35.7 43.7 502.6 239.3 519.5 237.0 512.4 246.7 505.7 254.8 520.4 253.1 0.9994
696.3 223.4 35.2 43.6 706.7 242.4 723.2 240.9 716.3 249.6 709.7 257.2 722.9 256.1 0.9992
198.7 259.9 25.5 30.2 203.1 271.3 212.9 268.3 207.7 275.8 207.3 283.2 214.5 280.8 0.9991
450.0 256.8 23.9 31.2 461.1 270.2 470.1 268.5 469.2 274.5 464.6 281.5 471.1 280.3 0.9982
1008.7 205.7 15.0 26.1 1021.4 213.9 1022.9 213.3 1026.0 218.4 1022.7 224.4 1023.9 224.4 0.9849
425.9 380.9 11.8 15.8 428.3 386.3 433.3 386.7 430.1 389.7 428.4 392.7 432.5 392.9 0.7434
38.2 313.3 11.2 17.4 45.4 320.6 47.3 320.9 47.6 324.4 44.9 327.4 46.1 327.7 0.6891
