2--Demonstration/2_Demonstration_Protesters_2_138.jpg
89
286.2 568.1 20.2 24.2 290.0 577.2 299.1 576.2 294.1 581.7 292.0 586.6 299.1 585.8 0.9993
147.3 385.2 12.4 15.3 150.4 391.5 156.1 391.0 153.4 394.3 151.5 397.2 156.0 396.9 0.9981
5.4 532.5 19.3 23.7 10.8 542.7 18.7 541.1 15.7 545.5 13.4 550.6 19.6 549.3 0.9981
877.6 377.3 12.4 15.6 881.9 383.0 887.5 383.5 884.8 386.6 881.9 389.2 886.5 389.6 0.9980
317.8 579.0 18.9 25.3 321.3 590.6 328.9 590.2 324.2 594.9 322.8 598.9 328.6 598.7 0.9980
750.1 529.1 22.2 30.0 753.7 540.5 762.8 542.2 756.0 547.3 753.4 552.0 760.3 553.1 0.9971
236.2 427.9 14.4 17.0 241.9 435.1 248.0 434.0 246.2 438.2 243.6 441.6 248.0 440.9 0.9966
979.9 322.1 10.8 13.1 982.3 326.4 987.2 327.2 983.9 329.1 982.0 331.6 985.6 332.2 0.9964
297.3 366.7 11.9 15.9 299.7 372.9 304.6 372.4 301.9 376.0 300.9 379.2 304.6 378.7 0.9962
114.2 470.3 15.8 19.8 116.5 478.4 122.8 477.8 118.9 481.8 117.8 485.7 122.8 485.2 0.9958
716.0 630.1 27.2 34.9 722.0 640.8 732.7 644.7 722.9 648.7 719.0 654.7 726.6 657.6 0.9954
223.5 652.5 23.1 30.4 235.9 669.1 242.7 665.1 244.2 673.1 240.4 678.9 244.9 676.1 0.9954
292.0 404.7 12.1 16.0 294.3 411.7 299.1 410.6 296.8 414.5 296.3 417.6 299.9 416.6 0.9954
195.5 480.1 15.4 18.4 198.5 486.1 205.1 485.9 201.1 490.0 199.5 494.1 204.5 493.9 0.9946
975.8 585.5 26.9 34.0 979.0 597.1 986.7 597.8 979.0 604.6 980.9 610.9 986.6 611.0 0.9942
901.2 420.4 13.9 16.3 906.5 425.7 912.4 425.9 909.9 429.3 906.8 432.3 911.6 432.5 0.9935
275.2 397.2 11.2 15.8 277.0 403.5 280.9 403.0 278.3 406.6 278.3 409.6 281.4 409.1 0.9935
276.3 502.6 18.0 22.2 281.9 512.2 289.8 510.9 286.9 516.6 284.4 520.9 290.0 519.9 0.9930
768.9 479.5 16.5 20.9 774.9 486.9 781.9 487.7 778.6 491.5 774.7 494.8 780.3 495.5 0.9924
84.2 435.1 14.0 16.7 87.0 441.8 93.2 440.1 90.5 444.7 89.2 448.2 94.4 446.9 0.9923
514.5 396.6 12.0 15.3 517.9 402.6 523.0 402.5 520.4 405.9 518.6 408.6 522.5 408.5 0.9917
256.2 451.6 13.2 16.2 259.3 459.6 265.2 459.0 262.3 463.2 260.8 465.6 265.1 465.2 0.9914
136.9 626.0 26.4 24.7 143.2 637.4 151.3 635.1 148.2 642.1 149.2 645.9 155.1 643.9 0.9907
886.6 512.1 16.0 21.0 889.4 519.2 894.4 519.8 889.8 523.7 889.6 527.9 893.3 528.1 0.9899
727.1 359.5 12.6 14.8 731.1 364.2 737.0 364.4 734.2 367.8 731.6 370.7 736.0 371.0 0.9891
915.5 369.3 13.5 15.9 918.4 374.9 924.7 374.7 921.4 378.0 919.4 381.5 924.5 381.3 0.9879
202.6 390.5 11.0 14.9 204.9 397.1 209.2 396.9 206.7 400.1 205.8 402.5 209.2 402.2 0.9875
44.3 374.3 10.3 12.6 46.6 379.9 51.3 379.1 49.2 382.2 48.1 384.8 51.6 384.2 0.9870
516.0 447.4 14.1 15.9 647.2 593.1 665.9 594.5 656.8 605.2 648.6 613.6 662.4 614.7 0.9867
128.9 407.3 15.3 19.5 519.5 452.4 525.8 452.5 522.4 456.2 520.2 459.4 524.8 459.5 0.9865
950.1 307.8 9.4 13.0 133.4 414.5 140.1 413.9 137.3 417.8 134.9 422.1 140.4 421.6 0.9861
829.1 368.4 12.0 14.0 951.5 312.2 953.5 312.7 950.8 314.8 951.5 317.4 952.8 317.6 0.9851
192.4 411.4 13.3 15.3 831.4 372.8 837.4 372.7 834.0 376.0 832.2 379.3 837.0 379.2 0.9846
306.9 345.4 9.3 11.9 196.1 416.6 202.3 416.1 199.6 420.1 197.5 423.3 202.1 422.9 0.9842
846.3 559.7 16.1 19.9 309.2 350.1 313.4 349.6 311.5 351.7 310.1 354.4 313.6 354.0 0.9828
6.2 652.0 19.4 25.4 848.4 565.4 852.5 566.6 847.2 570.5 848.5 574.7 851.1 575.3 0.9755
328.4 381.1 11.6 15.5 13.6 661.8 19.9 659.6 20.0 664.4 17.7 671.2 22.4 669.6 0.9753
26.9 516.8 19.9 25.7 332.6 387.7 337.6 387.6 335.5 390.8 333.2 393.6 337.1 393.6 0.9727
90.4 396.4 13.0 15.3 31.7 528.7 40.4 527.2 36.8 532.7 34.2 537.6 40.9 536.5 0.9715
391.5 372.2 11.7 14.5 95.2 402.2 100.7 402.0 98.6 405.3 95.9 408.5 100.2 408.4 0.9690
1005.0 326.2 12.2 14.1 393.0 378.5 397.3 377.7 394.6 381.3 394.9 384.0 398.2 383.3 0.9665
559.8 382.9 13.4 16.3 1008.9 330.4 1014.4 331.6 1011.0 333.6 1008.2 336.2 1012.4 337.1 0.9612
759.6 408.8 13.1 15.0 563.4 388.0 570.0 388.5 566.4 391.6 563.6 395.0 568.8 395.3 0.9607
595.1 434.5 13.5 14.7 762.0 413.8 767.8 413.9 764.3 417.2 762.6 420.2 766.9 420.2 0.9602
787.1 606.4 20.2 30.5 600.1 439.2 606.0 439.2 603.6 442.5 600.6 445.5 605.1 445.6 0.9599
835.0 342.8 10.2 12.5 791.0 617.5 793.4 618.2 787.8 623.2 790.5 629.4 792.2 629.4 0.9569
174.6 453.6 14.2 17.3 840.2 347.0 843.7 346.8 843.1 349.6 840.8 352.3 843.3 352.2 0.9507
217.8 538.0 17.0 18.8 176.7 461.8 182.0 460.4 178.9 464.8 179.5 468.2 182.9 467.0 0.9467
571.1 325.2 11.4 14.0 222.5 545.1 230.5 544.3 227.2 549.5 224.7 553.4 230.5 552.8 0.9452
873.8 351.7 11.3 13.7 574.8 330.4 579.6 330.2 577.5 333.1 575.5 335.9 579.3 335.7 0.9382
350.1 382.9 14.9 17.2 882.0 356.7 884.0 356.6 884.6 359.9 881.5 362.3 882.7 362.4 0.9367
996.6 308.1 10.4 12.6 354.1 388.6 360.6 390.2 356.3 393.0 353.1 395.8 357.9 397.0 0.9350
521.2 466.9 15.4 19.4 646.5 639.8 663.6 640.6 657.4 650.5 647.7 661.6 661.3 662.3 0.9346
760.0 375.1 12.8 15.6 999.2 312.4 1003.8 312.8 1001.1 315.3 999.3 317.8 1002.9 318.0 0.9286
691.2 451.3 14.9 18.9 525.1 472.9 531.7 472.6 528.4 476.5 526.0 480.8 531.6 480.5 0.9276
115.5 381.3 9.6 11.7 762.4 379.8 767.8 380.2 764.0 383.4 762.6 386.9 766.8 387.1 0.9272
376.6 322.4 8.9 11.2 696.1 457.8 703.1 457.2 700.6 461.1 697.6 465.4 703.1 464.9 0.9257
840.9 447.1 14.7 18.6 117.3 385.3 122.0 384.8 119.6 387.4 118.3 390.2 121.8 389.8 0.9047
718.0 328.9 9.8 14.0 379.4 327.1 383.4 327.0 381.6 329.3 380.1 331.4 382.9 331.3 0.8993
857.5 428.7 14.7 17.9 846.0 454.4 852.2 453.9 850.0 457.6 847.2 461.4 852.3 461.0 0.8952
213.6 363.2 9.6 12.4 723.7 335.0 726.2 334.8 725.9 338.0 723.6 340.5 725.3 340.4 0.8781
939.1 295.6 10.1 11.5 860.1 434.5 864.8 435.3 860.2 438.4 859.9 442.0 863.1 442.4 0.8663
937.6 258.4 7.6 9.6 38.2 363.0 41.8 362.6 40.8 365.2 39.1 367.5 41.9 367.3 0.8635
683.5 401.9 13.1 15.8 215.5 368.3 219.9 368.2 217.4 370.9 216.3 373.5 219.7 373.4 0.8522
811.4 325.3 9.4 11.2 942.9 299.8 947.3 299.5 945.6 302.1 943.6 304.3 947.0 304.2 0.8373
918.0 490.8 16.1 21.6 939.6 262.7 943.0 262.7 941.3 264.6 940.0 266.3 942.7 266.3 0.8170
401.2 348.2 10.1 13.7 686.7 408.2 692.8 407.5 690.1 411.1 688.3 414.7 692.7 414.1 0.8150
185.9 319.6 9.4 12.0 813.8 328.4 818.2 329.2 815.4 331.0 813.4 333.3 816.8 333.9 0.8095
31.1 495.9 19.3 22.5 922.0 498.5 929.6 498.5 925.4 503.0 922.9 507.5 928.5 507.5 0.8052
592.5 458.8 15.7 19.1 402.7 353.6 406.8 353.5 404.4 356.6 403.8 359.2 406.8 359.0 0.8028
18.3 453.1 12.8 15.4 187.9 324.6 192.0 323.7 190.3 326.5 189.4 329.3 192.5 328.5 0.8022
815.6 359.6 11.2 14.3 39.4 503.8 46.4 504.2 43.4 509.3 39.2 513.1 44.2 513.7 0.7986
94.5 467.4 14.0 17.0 596.6 464.1 603.8 464.7 599.4 468.1 596.5 472.4 601.9 472.8 0.7266
165.1 380.9 11.5 14.1 22.8 457.8 27.8 457.7 25.7 461.2 23.3 464.4 27.1 464.3 0.7266
57.0 615.3 18.7 24.7 820.0 364.9 824.7 364.8 822.8 368.0 820.5 370.8 824.1 370.8 0.7214
256.9 355.5 10.5 12.7 96.2 474.2 101.4 474.4 97.5 478.4 97.7 481.3 101.3 481.2 0.7203
144.6 314.2 8.8 11.0 168.9 386.2 173.8 385.7 172.1 388.4 170.1 391.5 174.0 391.0 0.7088
102.4 569.6 12.2 20.1 63.4 624.9 70.8 623.6 69.1 629.1 66.2 634.4 71.7 633.5 0.6804
520.5 505.0 15.3 20.0 259.2 360.7 263.6 359.9 261.6 362.9 260.6 365.8 263.8 365.2 0.6478
570.4 287.4 9.3 12.3 146.5 318.5 150.7 318.5 148.4 320.7 147.0 323.0 150.3 322.9 0.6393
460.1 338.2 10.6 14.0 274.8 359.4 278.2 359.2 276.7 361.4 275.4 363.6 278.1 363.5 0.6005
835.1 304.8 10.1 13.9 265.5 393.0 270.5 392.9 267.7 395.8 266.2 398.7 270.0 398.6 0.5854
848.7 252.7 7.9 9.8 111.1 577.8 111.1 576.8 114.8 580.5 113.6 585.1 113.4 584.6 0.5824
427.0 341.0 10.2 13.8 694.4 171.1 695.0 174.7 699.5 194.8 675.9 206.1 676.3 209.8 0.5465
1015.8 390.2 7.7 17.7 539.9 409.9 545.3 409.8 542.9 413.0 540.7 416.2 545.0 416.1 0.5301
896.0 252.5 7.2 8.7 205.1 473.9 212.5 473.9 209.6 478.8 206.0 482.3 211.1 482.4 0.5207
607.1 297.4 9.8 12.1 523.3 513.2 529.5 512.9 526.0 517.9 525.4 521.6 529.8 521.2 0.5197
359.7 340.5 8.9 11.3 778.5 616.1 784.1 616.8 777.0 622.3 777.3 630.4 782.0 630.6 0.5163
965.7 387.7 14.7 16.2 573.3 292.2 577.5 292.0 575.6 294.8 573.9 297.4 577.1 297.2 0.5009
