2--Demonstration/2_Demonstration_Demonstrators_2_679.jpg
29
844.5 194.3 103.8 128.4 868.4 236.2 910.8 243.5 874.7 252.9 859.2 283.5 892.9 289.8 0.9999
470.2 410.1 148.7 189.9 499.3 482.2 555.3 506.8 497.6 533.8 483.8 548.8 525.8 568.4 0.9998
335.7 180.0 70.8 96.9 352.0 209.4 384.0 204.2 369.5 221.1 361.4 247.7 386.4 243.2 0.9997
67.9 258.8 65.5 78.4 81.6 286.2 109.8 279.9 97.4 296.3 91.4 316.1 114.3 310.6 0.9996
714.6 146.5 56.8 72.0 732.2 167.3 757.4 170.6 742.9 174.8 730.2 194.0 750.9 196.7 0.9996
516.8 199.6 66.1 84.9 528.9 226.8 557.8 226.2 539.3 245.3 533.1 259.7 558.2 258.9 0.9996
596.6 184.0 48.7 67.6 605.5 206.1 625.4 202.0 614.2 215.7 611.5 231.8 628.4 228.3 0.9996
190.3 269.5 86.2 106.4 198.2 308.3 225.5 301.3 200.5 328.0 212.6 348.2 237.4 340.5 0.9995
759.5 136.4 45.3 57.0 773.4 152.3 794.9 153.6 784.6 161.5 773.4 174.5 792.4 175.6 0.9995
410.3 142.8 27.9 34.2 418.4 154.1 431.1 152.4 426.3 160.6 421.8 168.2 431.9 166.8 0.9988
477.3 167.0 33.6 45.1 486.8 182.6 503.0 182.1 496.0 190.3 489.3 200.1 501.8 199.8 0.9988
128.4 228.1 53.1 62.1 135.6 246.6 150.6 247.8 137.4 259.4 139.7 271.4 151.2 271.9 0.9986
792.0 113.4 35.2 43.2 801.6 130.3 817.4 127.3 811.5 136.1 806.4 146.2 819.0 143.8 0.9984
490.1 129.6 25.5 34.0 495.9 142.3 507.2 140.9 501.9 147.2 498.5 155.1 507.6 153.9 0.9983
562.1 103.1 13.4 15.9 566.2 109.3 572.0 108.6 569.8 111.7 567.5 115.2 572.2 114.6 0.9969
0.0 299.2 66.4 134.2 -11.3 361.5 34.5 347.1 20.5 384.0 6.2 406.3 46.1 394.1 0.9964
640.3 126.2 22.1 27.1 646.3 134.9 655.8 135.4 650.7 138.5 646.9 144.9 654.5 145.3 0.9960
98.5 220.0 38.8 46.3 108.5 239.8 124.1 233.7 120.0 247.1 118.7 257.3 129.7 252.6 0.9888
827.3 132.2 27.0 36.7 833.7 147.6 845.5 147.4 838.9 153.6 835.2 160.9 844.0 160.8 0.9859
985.1 155.5 38.2 109.8 833.2 293.2 852.0 290.6 847.8 301.3 839.5 315.8 854.3 313.9 0.9759
554.7 161.8 28.4 32.8 1011.7 189.8 1047.4 198.5 1024.4 212.6 1003.7 230.5 1033.8 237.7 0.9713
182.0 186.3 23.9 28.6 563.7 175.1 575.6 173.3 571.1 180.2 566.7 187.5 575.4 186.1 0.9688
420.2 188.4 32.3 40.3 190.9 198.0 200.9 197.6 197.1 203.0 192.7 208.3 200.6 208.0 0.9063
314.8 145.0 18.9 24.7 427.7 200.9 441.8 198.6 435.1 205.1 430.5 215.9 442.4 214.1 0.8627
630.6 147.2 21.1 26.9 319.9 152.0 328.6 151.7 324.5 156.7 321.2 162.5 328.6 162.2 0.8372
268.3 160.1 18.9 23.0 636.2 155.1 646.0 155.2 641.3 159.9 637.6 166.2 645.2 166.2 0.8360
170.3 161.2 11.6 13.8 117.5 243.1 130.3 238.0 122.2 252.8 129.3 266.5 138.6 262.1 0.6960
527.1 119.2 9.6 11.9 273.8 168.5 281.8 167.0 278.8 173.3 276.8 178.2 282.4 177.0 0.6690
902.9 145.9 47.1 48.6 459.4 148.2 470.9 147.6 466.4 155.6 461.5 164.5 470.7 164.1 0.5363
