2--Demonstration/2_Demonstration_Demonstrators_2_139.jpg
20
455.7 1217.3 53.8 68.8 476.0 1248.0 499.2 1240.0 496.5 1256.0 485.1 1270.5 504.9 1264.3 0.9994
511.5 1314.9 55.7 67.5 548.7 1348.1 553.7 1341.4 567.6 1355.0 555.4 1373.9 559.1 1370.4 0.9987
852.8 197.7 39.8 46.2 870.7 216.0 886.5 218.7 880.2 228.1 869.9 233.9 881.1 236.2 0.9986
434.9 136.7 31.3 52.5 459.5 159.1 459.5 158.5 464.3 169.9 455.3 178.6 455.4 178.8 0.9986
741.7 232.3 47.4 49.2 766.7 255.4 777.8 258.8 770.7 268.9 758.0 271.6 764.3 274.5 0.9984
84.9 105.6 41.1 63.9 114.8 133.3 120.5 131.5 125.9 144.8 113.6 156.3 117.0 155.7 0.9983
527.8 135.3 40.7 51.2 534.3 157.3 550.3 155.7 540.2 166.6 539.1 175.4 551.4 174.0 0.9967
109.6 409.7 40.4 43.1 138.1 430.0 141.1 431.3 138.3 441.7 126.8 444.9 127.6 445.9 0.9963
772.0 1265.8 44.9 66.4 789.3 1291.0 809.5 1287.5 805.0 1303.7 794.9 1318.4 809.2 1315.8 0.9953
499.8 178.5 38.0 45.6 522.6 200.3 529.7 200.7 527.7 211.5 517.4 216.1 520.7 216.8 0.9948
529.5 234.8 42.3 43.2 552.6 258.2 562.8 260.9 556.4 269.9 544.8 271.3 550.0 273.7 0.9942
652.5 225.2 45.2 36.2 680.7 243.6 687.0 247.1 682.6 255.2 670.0 254.1 671.5 257.4 0.9874
705.0 194.3 32.7 37.6 722.7 208.0 733.8 207.0 732.0 216.0 723.4 223.6 731.5 223.2 0.9853
921.5 433.5 36.8 47.0 367.6 228.4 378.8 228.9 366.2 241.1 368.4 253.5 375.6 253.4 0.9097
40.8 194.3 47.2 42.5 933.4 449.8 950.8 451.7 942.0 461.5 933.2 469.3 946.7 470.8 0.8978
596.3 184.9 31.1 32.0 62.6 214.7 72.9 213.5 69.1 224.6 63.0 229.4 69.4 228.7 0.8229
852.5 430.6 38.2 47.8 612.9 200.0 622.2 199.1 619.1 207.7 610.8 212.1 616.2 211.6 0.7115
286.0 255.0 46.2 54.9 103.4 1343.4 109.8 1343.2 103.0 1352.7 108.6 1360.1 112.9 1359.6 0.6161
59.1 191.4 39.2 32.3 868.8 448.4 882.4 455.8 872.6 460.4 862.8 464.5 872.9 470.3 0.5518
775.5 173.7 31.0 37.6 306.5 274.0 323.5 276.3 315.5 288.4 304.3 296.9 316.2 299.1 0.5476
