2--Demonstration/2_Demonstration_Political_Rally_2_803.jpg
12
0.0 5.2 89.4 164.3 10.9 75.6 63.4 67.9 54.4 95.9 30.3 135.8 68.6 129.1 0.9996
320.9 32.4 94.8 129.6 345.1 78.3 390.3 77.2 366.9 102.8 351.0 130.4 384.4 129.6 0.9996
591.7 99.5 95.3 135.8 618.0 149.0 664.2 148.7 642.6 169.0 622.9 199.4 660.3 199.0 0.9995
742.0 126.6 50.6 55.9 764.4 144.6 785.7 146.0 780.0 155.3 766.9 166.8 784.0 167.8 0.9995
850.6 156.1 62.9 76.9 873.4 188.3 901.5 188.5 890.6 201.7 876.8 216.2 897.6 216.5 0.9995
423.6 106.5 37.6 45.9 429.1 120.5 445.9 121.4 434.6 130.8 429.9 140.4 442.7 141.2 0.9991
785.6 131.5 41.9 56.3 793.5 150.4 811.1 152.9 796.8 159.8 791.3 170.9 805.9 173.1 0.9990
706.5 105.1 38.1 50.7 714.5 124.0 731.3 124.4 720.7 132.4 714.8 142.2 728.6 142.5 0.9989
564.7 109.2 37.7 47.4 573.4 128.0 590.3 127.1 581.9 136.6 576.9 145.4 589.1 144.6 0.9951
534.4 139.9 18.9 21.6 537.6 147.6 546.2 146.5 541.3 150.7 539.4 156.2 545.9 155.3 0.9918
878.1 144.6 44.2 57.9 887.9 169.9 907.3 168.9 897.8 181.3 892.6 190.6 906.7 189.7 0.8833
804.0 103.5 9.6 11.3 806.1 107.2 810.6 108.0 807.7 110.0 805.8 111.9 809.2 112.4 0.7253
