2--Demonstration/2_Demonstration_Protesters_2_89.jpg
16
477.6 344.8 50.3 61.7 492.5 360.4 515.3 363.7 501.8 369.5 491.0 385.1 508.2 388.0 0.9998
277.2 338.9 44.7 73.0 284.7 369.7 287.0 369.2 281.2 388.0 295.3 398.0 296.4 397.1 0.9997
221.1 294.9 55.4 64.8 232.8 312.0 256.8 312.6 241.4 323.5 233.2 338.5 252.6 339.2 0.9997
789.5 345.3 51.1 74.4 796.4 372.2 819.4 365.7 805.4 378.1 803.2 399.5 822.0 394.0 0.9997
506.4 318.3 34.8 39.9 513.1 331.1 528.0 331.9 517.5 337.3 512.9 346.9 524.1 347.5 0.9993
152.1 299.2 42.4 72.1 181.1 326.1 182.6 324.8 194.1 336.0 187.4 352.7 188.9 352.3 0.9992
635.2 286.6 45.2 56.5 655.6 299.8 673.5 301.2 670.0 304.2 660.0 321.6 673.7 322.7 0.9991
456.6 195.6 35.4 47.3 468.3 210.1 484.2 211.1 477.2 218.2 469.6 229.1 481.7 229.8 0.9991
440.1 352.1 39.5 52.8 446.9 369.0 466.8 367.9 456.1 377.4 450.6 390.9 465.8 390.0 0.9988
44.6 310.6 41.9 56.2 54.7 329.9 71.3 331.7 60.3 339.3 54.3 349.6 67.8 351.0 0.9976
0.0 307.7 23.9 47.8 -9.4 323.7 10.0 323.5 -1.0 330.8 -7.7 341.8 6.9 341.7 0.9972
442.1 303.8 36.0 43.8 459.9 317.1 472.5 316.6 471.3 325.0 462.6 335.6 472.3 335.6 0.9965
712.3 358.5 35.7 55.3 724.3 373.2 739.1 374.8 731.4 379.5 723.8 395.2 734.9 396.5 0.9960
0.0 356.9 33.6 53.3 1.3 373.1 7.3 374.3 -4.8 383.6 2.1 395.9 5.9 396.2 0.9914
566.1 371.2 37.0 59.8 573.6 390.8 582.0 393.8 569.2 405.3 573.3 415.6 579.3 417.5 0.9504
622.4 367.0 39.6 64.6 652.8 390.4 654.6 388.6 661.5 401.0 652.9 414.5 655.1 414.0 0.9303
