2--Demonstration/2_Demonstration_Demonstrators_2_826.jpg
8
762.7 38.2 46.4 54.8 766.9 56.1 782.0 55.0 766.2 64.5 767.7 77.8 779.7 76.8 0.9999
906.4 42.0 50.4 58.4 916.0 63.7 938.9 61.9 926.2 75.4 920.3 87.2 937.7 85.7 0.9997
384.6 50.1 41.9 50.0 392.0 67.2 411.0 65.9 400.0 77.8 395.1 87.2 410.6 86.1 0.9996
459.8 58.5 43.3 57.0 470.4 80.3 490.8 81.9 479.2 92.4 471.3 101.9 487.2 103.1 0.9995
303.4 93.4 37.9 43.0 309.9 107.9 327.6 106.5 317.2 115.0 312.0 123.7 327.5 122.6 0.9993
587.2 42.4 46.6 62.9 599.6 66.4 621.7 67.4 610.2 75.3 600.8 88.5 618.1 89.4 0.9993
67.6 109.5 19.7 23.1 71.2 116.5 75.7 117.5 69.2 121.0 69.7 125.9 72.6 126.5 0.9992
155.8 125.9 21.8 28.7 159.5 133.7 163.2 134.2 157.1 139.5 159.3 146.2 161.8 146.3 0.9989
