2--Demonstration/2_Demonstration_Demonstrators_2_16.jpg
22
747.5 391.5 33.0 38.6 975.3 464.5 979.8 461.9 976.9 492.4 1014.1 497.0 1014.0 493.3 0.9997
661.4 373.9 34.0 44.1 759.6 405.9 774.2 407.4 767.5 415.5 758.0 418.9 771.1 420.2 0.9996
186.0 433.0 46.4 47.5 673.0 391.1 689.2 392.6 681.5 400.9 671.6 405.7 686.5 407.1 0.9996
444.1 357.1 29.4 31.8 210.4 458.6 226.3 451.9 227.7 464.4 219.3 474.0 228.9 469.5 0.9995
871.9 352.9 41.4 47.7 452.4 367.4 465.6 370.0 457.6 375.5 451.6 380.3 461.4 382.4 0.9995
296.3 371.4 24.2 27.4 882.4 373.2 902.2 372.4 892.7 383.4 884.4 388.5 901.9 388.0 0.9995
337.8 389.1 40.4 54.6 300.0 381.3 310.3 381.0 303.8 387.7 301.6 392.1 310.0 391.6 0.9995
5.4 402.2 37.7 46.0 355.1 415.3 371.9 411.5 368.5 423.8 357.5 431.0 372.5 428.3 0.9993
153.8 283.0 13.7 16.9 16.9 423.2 34.7 419.2 28.9 430.4 21.9 438.3 37.0 435.3 0.9990
642.0 369.3 22.7 30.4 158.0 290.0 164.8 289.9 161.9 293.3 159.2 296.6 164.0 296.5 0.9979
193.4 388.8 30.2 36.1 650.3 380.9 660.3 381.3 656.3 387.1 651.1 392.2 659.0 392.6 0.9978
223.1 372.0 22.6 28.9 203.9 403.5 217.3 402.2 213.2 409.4 207.5 417.0 217.5 415.9 0.9972
38.8 393.8 27.3 33.0 226.3 385.1 235.2 384.6 229.2 390.5 228.6 394.9 235.0 394.5 0.9897
941.2 220.8 21.0 25.8 50.1 406.0 61.4 404.5 58.6 411.3 53.2 418.5 61.5 417.5 0.9883
376.9 368.4 28.1 32.3 946.8 234.1 953.4 231.3 951.4 237.3 951.4 241.7 956.3 239.6 0.9819
307.2 281.6 11.3 11.3 385.7 379.1 397.6 378.3 392.4 385.2 387.6 392.6 396.8 392.0 0.9732
693.0 235.1 14.8 18.3 310.1 286.7 314.3 286.4 312.3 289.4 311.6 291.0 314.5 290.8 0.9170
834.6 319.4 23.2 30.6 694.9 242.2 699.4 242.1 695.8 246.2 696.3 249.4 699.7 249.1 0.8979
28.0 314.4 6.9 8.3 509.2 384.2 523.1 385.0 514.6 393.4 510.4 399.8 520.5 400.3 0.6902
225.6 276.2 13.2 16.5 843.8 333.7 853.2 332.9 850.2 339.6 845.7 345.1 852.8 344.6 0.6302
512.4 431.0 8.1 9.3 435.7 292.3 440.9 292.5 438.3 294.9 435.9 297.5 440.5 297.6 0.6185
770.6 282.8 6.4 7.7 753.8 371.9 764.0 371.3 760.6 376.5 755.8 382.3 763.2 382.0 0.5508
