2--Demonstration/2_Demonstration_Political_Rally_2_231.jpg
13
775.4 325.6 38.2 43.4 794.5 338.3 809.7 342.2 805.0 347.0 793.5 355.1 805.7 358.2 0.9992
877.3 352.8 31.2 39.0 884.2 364.6 898.8 365.1 890.3 373.1 885.1 381.3 896.5 381.7 0.9986
524.8 508.9 40.8 56.0 556.9 531.5 558.1 529.7 559.9 545.1 547.6 554.3 547.3 553.1 0.9984
499.7 302.7 28.7 37.1 504.0 314.2 514.6 315.2 505.1 322.0 504.4 329.7 512.3 330.4 0.9984
408.0 404.8 48.9 76.5 440.7 431.9 441.1 429.8 453.6 443.1 445.2 459.2 445.7 458.6 0.9984
610.6 485.8 49.6 50.9 616.6 507.8 628.7 513.7 614.4 522.0 621.3 526.9 627.4 530.8 0.9982
569.5 390.3 17.5 25.1 582.9 401.9 584.2 401.9 585.3 407.6 579.7 410.7 580.3 411.1 0.9931
381.1 403.5 55.3 80.4 417.4 434.3 420.6 431.0 433.0 442.0 428.5 462.8 430.9 461.1 0.9918
465.5 385.9 11.5 14.5 468.7 391.9 474.0 392.0 471.2 394.6 469.0 397.1 473.3 397.2 0.9825
91.4 583.3 51.2 81.2 103.2 605.6 105.9 607.8 97.7 620.9 101.8 640.2 103.8 641.4 0.9697
696.7 395.0 10.2 12.8 702.8 399.8 705.3 399.8 705.2 402.5 702.8 404.9 704.5 405.1 0.8730
34.2 466.2 31.3 59.1 56.9 484.6 56.9 483.1 65.6 494.4 59.5 508.6 60.0 508.1 0.7715
641.3 392.0 11.3 13.8 647.0 396.5 651.0 396.3 650.1 399.6 647.5 402.6 650.4 402.7 0.6716
