2--Demonstration/2_Demonstration_Demonstration_Or_Protest_2_815.jpg
18
380.0 224.4 24.6 26.5 387.2 232.0 398.1 232.5 392.5 237.7 387.4 243.2 396.4 243.6 0.9997
268.0 239.2 21.1 24.5 276.1 247.2 284.8 246.9 282.0 252.2 277.3 257.4 284.2 257.4 0.9997
811.4 251.6 27.1 31.7 816.1 267.9 822.7 267.2 818.5 275.1 822.6 278.2 826.9 277.4 0.9996
203.9 235.6 20.7 22.3 207.2 243.5 216.7 243.1 210.9 247.8 208.4 252.1 216.0 251.7 0.9995
612.9 243.2 23.3 27.1 616.5 251.5 626.2 250.8 619.8 257.0 618.1 263.2 625.6 262.6 0.9995
110.6 235.9 24.8 26.8 115.1 245.0 126.2 243.8 120.2 251.3 117.8 256.4 126.3 255.4 0.9992
582.7 240.3 16.6 19.9 588.4 247.1 596.3 246.9 593.1 251.3 589.4 255.6 595.7 255.5 0.9990
675.2 245.8 19.9 22.6 678.1 253.5 686.3 252.6 680.5 257.1 679.5 262.6 685.5 261.8 0.9989
427.7 261.3 20.4 23.7 431.2 269.7 440.2 269.6 434.8 275.4 433.2 279.7 439.6 279.5 0.9989
160.1 237.5 12.6 14.1 163.4 242.3 169.5 242.0 166.7 245.3 164.6 248.5 169.0 248.3 0.9989
303.7 241.3 18.6 21.2 309.7 248.3 318.3 248.3 314.6 253.2 310.9 257.4 317.3 257.4 0.9989
730.2 247.3 14.7 16.4 732.8 252.2 739.4 252.7 735.0 256.1 733.2 259.3 738.1 259.7 0.9984
477.6 243.1 18.0 23.9 480.5 251.2 484.5 252.3 479.3 257.1 481.5 261.6 483.9 262.1 0.9971
874.5 258.2 10.6 12.8 876.7 263.4 881.1 263.2 878.6 265.9 877.5 268.5 881.0 268.3 0.9492
534.5 231.8 18.7 26.2 548.1 240.6 550.9 240.1 552.1 246.4 547.4 251.6 549.2 251.4 0.9245
782.4 249.9 10.7 15.6 784.9 254.6 786.3 254.7 783.8 258.0 784.9 261.4 785.8 261.4 0.9182
283.6 239.6 13.8 20.1 285.9 245.8 292.0 245.9 288.3 250.6 286.9 255.1 291.5 255.1 0.8072
943.7 259.0 7.3 8.8 946.3 262.3 949.4 262.3 948.1 264.2 946.5 266.0 949.0 266.1 0.7610
