2--Demonstration/2_Demonstration_Protesters_2_100.jpg
37
536.4 254.0 21.7 28.7 549.1 264.4 555.9 264.7 555.8 269.7 549.0 274.9 554.4 275.3 0.9997
465.3 231.2 23.1 30.2 479.0 240.0 486.0 241.7 485.4 246.5 477.3 251.5 483.4 253.1 0.9997
878.9 279.8 81.8 104.6 924.3 314.7 951.2 326.5 944.2 340.2 911.7 350.0 936.1 360.6 0.9997
678.0 253.2 74.0 110.7 705.8 290.4 739.8 293.2 728.1 309.6 704.2 329.0 736.8 331.4 0.9997
220.6 209.0 27.9 33.5 230.7 223.3 243.6 223.4 238.5 229.9 232.3 235.5 241.7 235.7 0.9996
363.6 226.4 18.7 23.7 367.5 235.1 375.8 235.6 370.7 239.9 368.1 244.4 374.2 244.7 0.9996
627.4 254.5 14.1 17.4 631.2 260.6 637.6 261.0 634.1 263.3 631.5 267.0 636.5 267.3 0.9995
775.3 261.9 47.2 54.2 789.5 278.3 810.0 281.2 797.8 290.3 787.8 299.6 804.2 301.9 0.9995
493.6 248.8 14.5 19.5 501.8 256.3 506.6 256.1 506.5 259.9 502.7 263.8 506.2 263.8 0.9993
428.6 234.4 18.8 23.4 439.9 241.2 446.1 242.3 445.4 246.3 439.6 251.0 444.4 252.0 0.9993
600.3 254.5 20.7 26.6 605.7 262.7 614.8 262.1 610.5 267.7 606.7 273.5 615.0 273.0 0.9992
80.4 207.8 15.0 19.6 81.9 214.5 86.0 214.8 81.4 218.4 82.5 222.4 85.5 222.3 0.9992
314.5 229.7 22.5 29.9 321.0 240.5 331.8 240.2 327.0 246.3 322.5 252.5 330.8 252.3 0.9991
510.7 240.5 14.8 18.7 513.2 247.1 518.9 247.8 514.4 250.5 513.0 254.3 517.3 254.7 0.9990
213.1 245.4 31.2 37.2 221.9 256.1 236.0 256.6 228.6 262.1 222.3 271.0 234.2 271.4 0.9987
116.9 216.2 16.1 19.6 118.6 223.9 123.2 223.7 119.4 228.5 121.3 232.0 124.5 231.6 0.9984
388.6 239.1 14.2 18.0 391.2 245.9 397.4 246.1 393.3 249.7 391.9 253.3 396.2 253.4 0.9978
563.6 238.0 9.0 11.8 566.2 242.1 570.4 242.3 568.3 244.5 566.5 246.8 569.8 247.0 0.9974
576.1 250.9 13.0 17.6 579.6 259.5 585.2 259.5 582.3 263.0 580.4 265.6 584.5 265.6 0.9972
58.8 206.4 9.6 11.6 63.1 210.7 66.9 210.9 65.6 213.1 63.5 215.3 66.0 215.5 0.9972
250.3 220.9 13.4 18.0 252.4 228.3 258.8 228.1 255.1 232.5 253.8 235.8 258.3 235.5 0.9962
183.0 215.5 13.3 14.5 186.5 221.4 192.4 220.1 190.1 223.6 188.5 227.1 193.0 226.1 0.9961
1007.8 262.9 13.2 16.3 1013.0 269.6 1018.7 269.9 1016.5 272.5 1013.5 275.5 1017.8 275.8 0.9954
537.3 240.3 12.8 14.0 540.9 245.4 546.5 246.2 543.2 248.4 541.0 250.9 545.0 251.4 0.9933
0.0 225.4 19.1 45.8 -1.1 239.1 1.3 241.0 -8.9 245.7 -8.2 257.3 -6.2 257.9 0.9909
550.2 241.3 9.8 13.7 552.1 247.8 556.7 248.0 553.9 250.7 552.5 252.8 555.8 252.9 0.9879
8.8 196.8 11.9 15.1 12.8 202.5 17.9 202.6 15.7 205.5 13.3 208.3 17.3 208.4 0.9863
937.1 263.7 55.8 73.8 959.3 297.1 980.6 301.5 968.4 316.3 954.6 322.9 968.9 326.3 0.9853
159.5 227.3 13.4 21.1 166.3 233.3 167.2 233.2 168.6 236.3 167.2 241.6 168.1 241.8 0.9607
29.2 200.6 10.4 11.6 31.6 204.2 36.1 204.3 33.4 206.7 32.1 209.2 35.4 209.3 0.9592
614.0 240.9 10.7 13.4 616.6 247.0 621.4 246.9 618.9 250.0 617.5 252.1 620.9 252.0 0.9551
306.1 218.5 17.6 24.6 308.7 229.6 315.6 229.1 310.8 234.0 310.4 238.5 315.4 237.9 0.9157
647.2 239.5 9.2 13.8 650.1 244.7 653.9 244.8 651.8 247.6 650.3 250.2 653.3 250.2 0.9108
54.0 233.5 13.7 17.7 58.1 241.2 63.9 239.9 61.9 243.9 60.2 248.1 64.7 247.1 0.8610
500.2 237.8 10.8 13.8 503.4 242.7 507.8 242.8 505.5 245.5 503.8 248.2 507.2 248.3 0.8472
402.4 233.0 9.8 12.9 405.1 237.8 409.0 237.7 406.9 240.4 405.7 243.3 408.7 243.2 0.6916
588.4 260.1 14.7 22.1 596.8 268.9 601.3 268.8 600.1 273.3 597.1 277.4 600.3 277.5 0.5620
