2--Demonstration/2_Demonstration_Demonstration_Or_Protest_2_2.jpg
44
903.8 259.9 42.6 54.9 919.0 278.5 937.8 277.8 931.7 287.6 922.4 299.5 938.2 298.9 0.9996
106.2 223.3 47.0 65.6 122.8 245.5 144.6 245.8 137.0 255.8 123.9 269.1 143.7 269.4 0.9996
906.7 180.6 25.2 31.4 911.7 193.1 923.2 191.2 917.6 196.4 914.3 203.8 924.3 202.2 0.9996
814.2 269.5 36.9 47.1 825.8 282.8 843.6 285.3 834.3 290.7 824.5 300.4 840.2 302.4 0.9996
234.2 214.7 47.5 57.6 244.7 234.8 266.9 230.6 256.8 240.0 250.6 256.3 268.6 252.9 0.9995
825.6 182.1 24.4 32.6 831.4 193.6 842.5 193.5 836.3 198.6 831.9 205.8 841.3 205.7 0.9994
682.9 194.5 30.8 40.5 687.7 207.8 701.4 209.0 691.0 214.9 687.3 223.3 698.6 224.1 0.9994
679.2 139.9 23.9 28.0 684.9 148.5 696.1 148.1 690.3 153.4 686.2 160.3 695.1 160.0 0.9993
611.7 261.5 43.3 55.5 623.5 278.6 643.1 277.8 634.1 287.9 626.3 301.0 643.0 300.3 0.9993
369.2 193.0 29.4 39.8 378.0 206.6 391.6 206.9 385.0 213.7 378.8 222.0 390.0 222.3 0.9993
686.6 242.2 38.6 48.8 698.2 261.1 716.6 260.1 709.1 268.0 701.4 279.3 715.5 278.5 0.9992
765.0 199.6 27.9 31.1 773.0 207.8 786.3 207.8 780.2 212.4 774.6 220.6 785.4 220.6 0.9992
759.8 279.3 41.1 49.2 767.1 296.2 786.1 295.7 774.2 304.1 769.1 315.9 783.8 315.3 0.9992
835.0 133.7 20.2 25.2 838.4 143.5 847.4 143.3 841.4 146.9 839.0 152.6 846.1 152.5 0.9991
745.2 169.0 25.1 32.8 752.1 181.1 764.0 181.6 757.7 187.6 752.1 193.5 762.3 194.0 0.9991
453.8 217.2 35.8 46.1 463.6 232.9 479.5 232.4 471.7 240.6 465.1 250.5 478.7 250.0 0.9991
942.7 253.6 35.8 46.8 953.0 267.1 970.0 269.2 960.4 274.4 952.1 285.3 966.1 287.0 0.9991
570.4 201.8 36.0 44.6 578.6 215.5 596.3 214.6 587.0 221.4 580.5 232.9 595.1 232.3 0.9991
645.6 226.6 32.5 41.1 650.4 240.4 665.6 238.2 656.3 244.9 652.8 256.7 664.8 255.0 0.9988
599.7 167.0 26.7 36.0 606.1 182.5 618.6 182.4 612.2 190.0 607.4 195.2 617.7 195.1 0.9987
536.1 173.4 28.2 35.7 544.8 185.2 558.1 186.2 551.5 191.8 544.9 199.4 555.8 200.3 0.9985
314.3 267.7 35.0 47.0 323.8 285.8 340.3 286.5 332.3 293.1 325.9 302.8 337.9 303.4 0.9983
776.9 140.2 22.2 25.4 783.4 147.8 793.3 148.5 788.4 153.6 783.6 158.4 791.9 158.9 0.9983
430.4 274.6 39.9 52.3 442.4 292.2 460.2 295.2 449.9 303.6 441.3 312.5 455.5 314.9 0.9982
781.9 227.8 36.4 44.0 790.6 242.2 807.0 243.0 797.8 249.8 792.1 259.6 805.0 260.1 0.9980
642.4 174.7 25.1 31.3 649.7 185.8 661.0 186.0 655.6 190.8 651.0 197.6 660.0 197.8 0.9979
539.2 278.5 30.8 35.0 549.8 288.2 563.7 290.3 557.3 295.0 550.0 302.9 560.6 304.5 0.9972
846.6 232.4 24.1 32.9 852.8 244.4 864.6 243.3 859.1 249.4 854.1 256.3 864.8 255.5 0.9968
658.5 166.2 19.9 28.7 665.8 175.7 674.9 176.9 671.2 180.9 666.2 186.5 673.7 187.4 0.9962
582.5 136.1 19.8 23.0 588.7 143.4 597.7 144.6 592.9 147.6 588.6 152.3 595.7 153.2 0.9961
644.1 127.3 18.6 23.7 647.9 134.9 656.5 134.1 652.0 139.0 649.4 144.7 656.4 144.1 0.9961
490.4 199.9 28.8 36.7 498.3 212.8 511.1 213.3 504.2 218.9 498.9 226.6 509.2 227.1 0.9961
423.4 230.2 27.2 30.3 429.0 240.8 441.4 239.1 435.3 247.1 432.4 253.9 441.5 252.6 0.9954
291.4 241.6 27.8 37.9 309.2 256.0 315.8 254.8 318.6 262.2 312.1 270.8 316.4 270.2 0.9948
405.9 186.5 23.5 30.5 414.0 197.5 424.6 197.9 420.0 203.0 415.1 209.4 423.3 209.7 0.9947
490.7 140.5 19.6 22.8 496.5 148.2 505.6 149.7 500.3 153.8 496.0 157.5 503.1 158.6 0.9908
191.1 239.2 24.7 29.9 195.2 251.1 205.5 250.7 198.8 255.4 196.6 262.0 204.4 261.5 0.9908
520.5 157.2 17.9 26.5 532.6 168.7 535.7 168.6 536.0 173.8 531.8 177.9 533.9 178.1 0.9693
983.5 234.6 31.3 36.4 987.7 245.3 1000.4 246.4 989.1 252.5 987.5 260.7 997.5 261.4 0.9677
340.5 236.1 24.2 35.3 573.9 131.3 580.4 131.0 578.5 135.1 574.8 138.9 579.7 138.9 0.9123
723.7 153.1 14.1 18.5 464.4 168.3 474.8 169.2 469.5 173.9 464.3 178.9 472.8 179.7 0.8609
565.8 155.0 18.2 24.8 346.6 248.2 353.0 249.9 346.3 255.6 345.1 262.2 349.9 263.3 0.8458
758.0 143.2 12.8 15.6 727.9 160.8 734.6 160.7 731.5 164.8 728.8 168.3 733.8 168.2 0.6296
0.0 251.2 13.8 51.4 935.7 273.8 953.5 273.7 947.2 281.5 936.9 292.9 951.5 293.1 0.5990
