2--Demonstration/2_Demonstration_Demonstration_Or_Protest_2_694.jpg
9
456.0 182.4 37.6 34.4 482.4 199.9 484.7 201.0 482.2 210.5 470.1 210.4 470.6 211.6 0.9999
88.0 284.6 37.2 42.3 106.3 298.3 121.3 299.6 117.2 308.0 106.3 315.9 117.5 317.1 0.9996
977.8 162.9 29.7 34.1 980.7 173.9 991.5 174.1 981.8 180.9 981.7 187.7 990.3 187.7 0.9996
510.1 176.1 31.9 39.6 513.3 190.1 517.7 189.2 510.9 199.9 519.4 206.6 523.0 205.3 0.9996
46.5 301.2 32.6 41.5 68.2 314.6 73.6 313.8 78.8 322.5 70.6 332.1 74.1 332.1 0.9994
722.9 146.9 21.8 26.5 726.5 155.8 736.2 155.9 730.1 162.1 727.6 167.1 734.7 167.2 0.9941
849.8 181.9 24.0 27.1 861.5 190.5 870.0 190.5 867.9 196.5 861.8 202.2 868.3 202.5 0.9927
600.8 164.1 26.0 30.7 614.2 174.9 621.5 175.3 618.6 182.8 611.7 187.9 616.6 188.5 0.9792
872.7 140.2 23.0 26.4 878.9 147.5 886.5 149.6 880.0 154.3 876.5 159.0 882.0 160.6 0.6693
