2--Demonstration/2_Demonstration_Protesters_2_757.jpg
15
498.3 509.3 10.3 13.2 500.2 514.6 504.6 514.2 502.2 517.2 501.4 519.8 504.7 519.4 0.9992
533.4 497.1 11.0 14.4 535.4 502.8 540.1 502.6 537.2 505.5 536.0 508.1 539.9 507.9 0.9989
413.2 492.3 12.0 14.8 415.6 497.7 420.8 497.8 417.6 500.9 416.3 503.8 420.0 503.8 0.9981
387.0 487.7 12.0 15.2 391.9 493.4 396.9 493.3 395.3 496.3 392.6 499.3 396.4 499.2 0.9955
316.2 499.1 10.6 15.1 323.2 505.3 325.4 505.2 326.1 508.4 323.3 511.3 324.8 511.5 0.9928
651.7 467.5 12.4 16.6 654.8 473.7 660.1 474.2 656.8 477.0 654.9 480.2 658.8 480.5 0.9927
468.1 516.4 10.1 11.6 469.9 520.6 473.5 520.7 470.8 523.2 470.4 525.5 473.1 525.5 0.9867
682.7 468.1 11.1 14.2 685.2 473.6 689.8 473.0 687.5 476.2 686.4 479.1 690.0 478.7 0.9838
664.0 483.3 11.2 13.4 668.2 489.0 673.1 488.6 671.3 491.4 669.1 494.1 672.8 493.9 0.9685
360.3 503.6 9.7 14.1 361.7 508.8 364.6 509.2 361.7 511.9 362.0 514.7 364.0 514.8 0.9525
452.8 495.5 10.4 12.3 456.8 501.2 461.1 501.1 459.5 503.9 457.3 506.0 460.5 506.0 0.8995
443.8 508.3 10.1 12.2 570.0 494.9 571.4 495.2 569.5 497.4 570.1 499.9 571.0 500.0 0.7332
625.4 495.5 10.8 12.0 448.0 514.1 451.8 513.8 450.4 516.7 448.5 518.9 451.1 518.7 0.7272
526.9 481.4 9.1 12.7 627.3 500.7 631.8 500.6 629.1 503.6 628.5 505.7 631.5 505.5 0.6447
764.8 468.9 12.9 17.0 528.8 486.8 532.8 486.6 530.6 489.4 529.7 491.8 532.6 491.7 0.5167
