2--Demonstration/2_Demonstration_Demonstrators_2_40.jpg
323
790.1 564.1 13.4 17.6 793.1 571.6 799.3 571.2 796.3 574.6 794.2 577.8 799.4 577.4 0.9997
195.5 564.7 12.4 15.9 198.7 571.5 204.6 571.1 202.0 574.3 199.7 577.3 204.5 577.0 0.9996
785.7 535.7 12.0 17.0 792.6 542.6 796.0 542.3 796.0 545.5 793.0 548.6 795.8 548.5 0.9996
480.8 335.8 9.5 12.2 483.7 340.4 488.1 340.5 486.1 342.6 483.9 344.7 487.7 344.8 0.9996
85.6 494.0 11.8 15.9 87.5 500.1 92.4 500.5 88.6 502.9 87.6 506.1 91.2 506.3 0.9995
422.5 462.5 12.3 14.8 425.9 469.0 431.3 468.6 428.9 472.2 427.0 474.3 431.4 474.0 0.9993
709.7 441.4 11.5 13.4 711.4 446.9 716.2 445.8 713.6 449.2 713.2 452.3 716.7 451.3 0.9993
635.1 468.2 11.2 13.8 637.8 473.3 642.8 473.2 640.2 475.8 638.3 478.4 642.5 478.3 0.9993
180.9 378.2 11.2 15.6 184.0 384.9 189.2 384.7 186.5 387.9 184.5 390.5 188.6 390.5 0.9992
671.7 440.9 10.6 13.5 675.0 445.9 679.9 446.0 677.7 448.4 675.7 451.3 679.4 451.4 0.9992
458.9 502.4 13.4 17.2 462.6 509.8 468.6 509.6 465.7 512.8 463.3 515.7 468.4 515.6 0.9991
510.7 443.6 11.3 15.3 513.7 449.5 519.1 449.4 516.6 452.2 514.2 455.0 518.8 455.0 0.9991
721.6 578.9 13.9 16.0 725.3 584.0 731.9 583.9 728.6 587.5 725.6 590.1 731.7 590.1 0.9991
309.1 576.8 13.6 18.1 313.0 585.9 319.2 585.4 316.4 589.5 314.0 591.9 319.0 591.5 0.9991
395.3 504.8 11.7 14.2 398.0 510.1 403.6 509.4 401.0 512.0 399.2 515.5 403.5 515.0 0.9991
226.4 569.3 12.9 16.8 229.3 575.6 234.6 575.9 231.2 578.8 229.5 581.7 233.8 581.9 0.9991
324.1 609.8 12.6 18.8 330.5 618.4 334.8 617.4 334.8 621.4 332.0 624.8 335.0 624.3 0.9991
728.7 299.1 10.0 13.1 731.5 304.5 736.5 304.2 734.3 307.1 732.3 309.5 736.2 309.3 0.9990
286.9 562.1 12.7 14.5 289.6 566.3 295.5 566.4 292.2 569.5 290.1 572.8 294.7 572.8 0.9990
264.2 552.4 11.3 13.9 265.9 557.6 270.9 557.2 267.7 560.0 266.7 563.1 270.6 562.8 0.9990
683.0 488.9 11.6 13.9 685.1 494.6 690.1 493.7 687.4 497.2 686.7 500.1 690.4 499.4 0.9990
212.1 529.8 13.0 16.9 216.3 536.9 222.1 536.2 220.0 539.5 217.7 543.0 222.1 542.5 0.9990
163.1 553.3 12.7 18.4 167.2 561.0 173.0 560.9 170.5 564.2 167.9 567.4 172.8 567.3 0.9989
652.5 321.6 9.9 13.2 655.4 326.9 660.0 326.6 658.0 329.5 656.2 332.0 659.7 331.8 0.9989
373.4 431.8 10.8 13.0 376.5 437.1 381.3 436.8 379.2 439.3 377.3 441.7 381.3 441.5 0.9989
296.5 639.9 13.1 17.0 298.1 646.5 303.6 646.5 299.5 649.4 298.6 652.8 302.9 652.7 0.9989
833.5 460.6 13.9 17.3 836.9 468.5 843.0 468.4 839.8 472.3 838.1 475.0 842.3 474.9 0.9988
582.4 536.6 12.8 16.8 585.9 543.9 591.6 543.6 588.9 546.7 586.8 549.5 591.5 549.3 0.9988
682.6 583.9 13.4 18.0 685.4 591.4 691.3 591.0 688.0 594.7 686.2 597.7 691.2 597.4 0.9988
308.9 555.3 11.2 13.6 310.7 560.9 315.8 560.5 312.7 562.9 311.4 565.6 315.6 565.3 0.9987
689.9 531.0 13.3 15.3 692.5 536.1 698.4 536.0 695.0 539.0 693.2 542.2 698.1 542.0 0.9987
900.0 598.4 14.5 20.9 902.0 607.6 905.4 608.3 901.3 611.9 902.9 615.3 905.1 615.5 0.9987
322.8 563.3 12.9 16.0 325.6 570.4 331.4 570.2 328.3 573.8 326.8 576.5 331.0 576.3 0.9987
750.8 595.1 12.7 16.1 754.5 601.8 760.2 601.6 757.6 604.6 755.1 607.4 759.9 607.3 0.9986
357.0 504.6 11.3 14.3 358.8 509.7 363.8 509.6 360.6 512.3 359.3 515.3 363.2 515.2 0.9986
618.3 495.7 10.5 14.0 624.1 501.5 627.0 500.9 627.6 503.2 625.4 506.4 627.4 506.0 0.9986
742.0 460.0 11.7 16.1 743.5 465.8 746.4 466.4 742.9 469.3 743.8 472.3 745.9 472.5 0.9986
263.3 452.3 9.8 12.9 265.4 457.6 270.1 457.4 267.8 459.9 266.2 462.3 270.1 462.1 0.9986
937.3 321.7 9.3 12.2 940.2 326.1 944.5 326.2 942.5 328.5 940.6 331.0 943.9 331.1 0.9986
991.2 534.5 13.1 16.2 994.7 540.2 1000.5 540.5 997.2 542.7 994.7 546.1 999.4 546.4 0.9985
540.1 430.8 11.5 14.9 543.1 435.5 548.5 436.0 545.4 438.6 543.2 441.7 547.4 442.1 0.9985
650.6 420.9 10.0 13.2 654.4 426.2 658.7 426.1 657.1 428.7 654.8 431.1 658.3 431.1 0.9985
853.6 408.9 11.1 16.4 854.7 415.1 856.3 415.4 853.1 418.4 855.1 421.6 856.0 421.6 0.9985
978.8 402.9 12.0 15.7 982.3 408.8 987.9 408.8 985.2 412.2 982.7 414.9 987.3 415.0 0.9985
885.0 337.6 9.3 12.5 887.4 342.0 891.7 342.3 889.5 344.4 887.7 346.9 891.1 347.1 0.9985
37.2 531.7 14.9 17.8 41.0 538.9 47.5 539.1 44.1 542.9 41.7 545.5 46.9 545.6 0.9985
879.0 286.4 8.9 11.1 881.9 290.5 885.8 290.5 884.2 292.4 882.3 294.4 885.7 294.4 0.9985
641.3 598.1 14.0 18.4 645.1 605.1 651.4 605.2 648.1 608.8 645.4 611.9 650.8 612.0 0.9984
608.0 559.7 13.0 14.9 611.0 564.8 616.8 565.1 613.2 567.5 611.3 570.7 615.6 570.9 0.9984
905.1 483.8 12.7 16.1 908.2 490.5 914.0 489.4 911.6 493.2 909.6 496.3 914.6 495.5 0.9984
848.9 574.6 12.0 14.2 852.1 578.1 857.7 578.6 854.7 581.6 852.3 584.6 856.8 585.0 0.9984
670.4 410.9 10.1 13.0 671.8 416.8 675.8 416.4 673.3 419.3 673.0 421.7 676.0 421.3 0.9983
512.1 470.7 10.2 13.7 515.8 476.5 520.2 476.3 518.6 479.1 516.5 481.5 520.0 481.4 0.9983
93.0 522.4 11.4 15.6 94.5 528.6 97.7 528.6 94.7 531.8 95.5 534.7 97.7 534.6 0.9983
551.1 418.9 10.4 12.1 554.7 423.0 559.4 422.7 557.6 425.5 555.5 428.1 559.0 428.0 0.9983
840.6 408.5 11.0 14.7 845.5 414.1 850.0 414.0 848.6 416.7 845.9 419.7 849.6 419.6 0.9982
111.5 470.1 11.5 15.2 113.5 475.3 118.1 476.2 114.3 478.6 113.1 481.3 116.7 481.9 0.9982
324.5 500.9 10.0 13.3 325.9 505.9 329.5 506.2 326.6 508.9 326.5 511.4 329.0 511.4 0.9982
520.4 508.5 12.1 16.6 525.4 515.4 530.3 514.8 529.1 518.3 526.6 521.5 530.5 521.2 0.9982
406.4 517.0 11.6 16.1 410.0 523.3 415.1 522.9 413.1 526.2 411.2 529.4 415.2 529.2 0.9982
847.0 527.1 12.1 15.3 850.9 531.2 856.7 531.4 854.0 535.0 851.3 538.2 855.9 538.4 0.9982
650.5 348.5 9.8 12.6 652.5 354.6 656.8 354.3 654.6 356.9 653.4 359.0 656.8 358.7 0.9982
1005.0 366.4 10.1 12.9 1007.9 371.3 1012.8 370.8 1010.8 373.6 1008.9 376.4 1012.6 376.1 0.9981
806.9 497.3 12.1 16.8 811.3 503.6 816.7 503.7 814.6 506.4 811.7 509.6 816.3 509.7 0.9981
331.0 430.4 10.3 13.1 333.5 435.1 338.0 435.4 335.1 437.8 333.5 440.2 337.1 440.4 0.9980
466.5 457.0 11.0 14.1 469.5 462.5 474.7 462.4 472.2 465.1 470.1 467.9 474.4 467.8 0.9980
912.8 412.4 10.6 12.8 916.1 416.8 921.2 416.8 918.9 419.6 916.7 422.2 920.5 422.2 0.9980
506.8 361.2 10.5 12.5 509.3 365.6 514.3 365.6 511.7 368.3 509.8 370.8 513.9 370.8 0.9980
335.4 446.9 11.9 15.8 337.1 454.2 341.2 454.5 338.0 457.6 337.7 460.1 340.7 460.2 0.9979
672.9 301.2 9.7 12.8 675.3 306.2 680.0 306.0 677.7 308.3 675.8 311.1 679.7 310.9 0.9979
730.9 510.4 11.3 16.1 732.6 516.6 734.7 516.6 732.5 520.0 733.9 523.1 735.6 522.9 0.9979
287.3 627.9 12.0 16.3 290.2 634.7 295.8 634.5 292.9 637.8 291.0 640.9 295.2 640.7 0.9978
468.6 437.7 10.3 12.7 471.5 442.2 476.4 441.8 474.5 444.5 472.6 447.4 476.3 447.1 0.9978
606.2 586.0 15.3 17.3 609.8 591.1 617.1 590.9 613.3 595.3 610.8 598.8 616.3 598.7 0.9977
582.6 380.4 10.4 14.0 588.7 386.1 590.2 385.4 591.8 388.2 590.6 391.4 591.4 391.0 0.9977
797.7 282.7 7.9 10.4 799.4 286.7 802.6 286.8 800.5 288.7 799.7 290.7 802.3 290.7 0.9977
397.4 451.4 10.1 13.4 402.1 456.9 405.8 456.9 404.7 459.4 402.3 461.7 405.2 461.8 0.9977
361.0 374.3 10.5 14.6 362.6 379.7 365.6 379.9 362.7 382.6 362.9 385.5 365.2 385.5 0.9976
395.6 402.5 10.2 12.7 397.3 406.9 401.8 406.9 399.0 409.9 398.1 412.5 401.5 412.5 0.9976
344.5 406.4 9.3 11.0 347.6 410.8 352.0 410.9 349.9 413.3 347.9 415.2 351.1 415.3 0.9976
687.2 467.6 11.5 14.9 692.4 474.4 696.1 472.8 696.5 476.4 694.8 479.9 697.2 478.8 0.9976
434.4 342.6 9.3 13.4 437.0 347.6 441.2 347.8 439.2 350.3 437.4 352.8 440.7 352.9 0.9975
324.6 364.2 11.7 15.2 327.6 370.8 333.0 370.8 330.2 373.9 328.2 376.5 332.3 376.5 0.9975
253.2 397.0 9.8 12.4 257.4 401.9 261.1 401.6 260.1 404.1 258.1 406.6 261.0 406.4 0.9973
82.3 319.6 9.8 12.6 85.1 324.2 89.5 324.0 87.5 326.5 85.8 329.1 89.2 329.0 0.9973
106.5 556.6 12.8 16.2 109.6 562.9 115.4 564.2 111.5 566.7 109.2 568.9 113.6 569.8 0.9972
635.4 256.9 9.5 11.9 639.0 261.2 643.1 261.2 641.5 263.6 639.5 266.0 642.6 266.0 0.9972
366.0 444.3 9.8 15.0 370.1 450.1 373.9 449.4 373.3 452.5 371.2 455.7 374.2 455.3 0.9972
835.0 522.7 11.4 16.8 841.1 529.6 844.5 529.4 844.0 532.9 841.4 536.0 843.8 536.0 0.9972
625.5 366.0 9.3 13.6 626.9 371.7 629.5 371.7 627.2 374.4 627.7 377.0 629.5 376.8 0.9972
199.0 395.5 10.5 14.0 201.1 401.3 205.6 401.2 203.0 404.2 202.0 406.8 205.3 406.6 0.9971
593.2 583.5 11.2 15.8 596.1 589.9 601.8 589.9 599.2 593.0 596.8 595.8 601.4 595.8 0.9971
277.4 412.2 9.4 12.1 279.1 417.0 283.4 417.0 280.8 419.4 279.5 421.8 283.0 421.7 0.9971
913.5 336.1 9.5 10.6 916.1 339.5 920.7 339.5 918.5 341.7 916.7 344.0 920.1 344.0 0.9971
303.4 450.0 11.1 13.9 305.7 454.9 310.2 454.9 307.2 457.4 306.2 460.2 309.8 460.1 0.9971
556.7 385.4 8.1 12.9 562.2 390.4 563.5 389.9 564.6 392.4 562.8 395.1 563.7 394.8 0.9970
82.2 346.6 9.9 12.2 84.7 351.3 89.4 351.2 87.1 353.7 85.3 356.0 89.1 356.0 0.9970
855.9 314.0 9.6 13.1 859.8 319.3 863.3 319.0 862.3 321.6 860.5 323.9 863.4 323.8 0.9970
885.3 570.3 14.5 17.1 889.8 576.0 896.6 575.8 893.7 580.0 890.8 583.5 896.0 583.3 0.9969
119.2 392.3 11.6 16.4 122.0 400.1 127.6 400.0 124.8 403.5 122.8 405.9 127.0 405.9 0.9967
445.8 359.4 10.2 12.2 448.5 363.2 453.4 363.4 450.8 366.0 448.8 368.5 452.8 368.6 0.9967
556.2 309.6 9.1 11.9 559.1 314.2 563.1 314.4 561.2 316.6 559.5 318.8 562.4 319.0 0.9966
201.2 346.3 9.4 12.1 202.9 350.2 206.6 350.2 204.0 352.7 203.3 355.4 206.1 355.3 0.9966
720.6 269.5 8.7 11.5 722.9 274.4 726.9 274.4 724.9 276.6 723.3 278.6 726.7 278.6 0.9965
695.2 335.1 8.7 11.5 697.4 340.0 701.3 339.3 699.8 342.0 698.7 344.4 701.6 343.8 0.9963
232.9 552.6 12.3 14.8 235.9 558.0 241.6 558.1 238.6 560.9 236.4 563.8 241.0 563.8 0.9962
782.6 481.7 9.5 11.9 785.3 486.2 789.6 485.9 787.6 488.5 786.0 490.9 789.5 490.7 0.9962
428.4 423.6 10.3 14.5 433.3 429.4 436.6 428.8 436.4 431.7 434.3 434.8 436.9 434.4 0.9960
801.4 424.0 9.5 14.0 802.9 429.4 805.7 429.7 803.0 432.3 803.4 434.8 805.2 435.0 0.9960
165.6 522.1 12.6 15.6 167.5 528.3 173.3 528.7 169.4 532.2 168.1 534.9 172.1 535.1 0.9959
774.5 340.0 9.4 11.3 776.2 344.0 780.4 343.4 778.3 345.7 777.3 348.6 780.6 348.0 0.9959
785.0 456.7 9.6 13.1 786.4 461.6 788.7 462.2 785.8 464.3 786.2 466.6 787.8 466.9 0.9958
896.4 665.5 16.7 17.8 898.9 675.4 905.9 675.8 900.9 679.9 899.6 683.6 904.7 683.8 0.9956
116.8 347.6 9.6 11.9 119.6 352.5 124.1 352.4 122.1 355.1 120.3 357.2 123.6 357.1 0.9956
311.4 340.8 10.1 12.2 314.1 345.3 318.8 345.6 316.2 347.9 314.1 350.1 317.9 350.3 0.9956
686.2 247.7 9.2 12.5 688.1 252.9 692.0 252.7 689.8 255.1 688.7 257.3 691.9 257.2 0.9956
346.6 350.9 10.1 12.3 348.9 354.7 353.7 354.2 351.4 357.0 349.8 360.1 353.6 359.6 0.9955
745.4 261.5 8.3 10.4 747.3 265.7 751.0 265.6 749.1 267.5 747.8 269.5 750.8 269.4 0.9954
327.6 318.4 9.2 12.1 329.8 323.0 334.2 322.7 332.1 325.4 330.7 327.9 334.0 327.7 0.9953
660.4 249.1 8.8 11.4 663.8 253.7 667.5 253.9 666.1 256.0 663.9 257.9 666.9 258.1 0.9951
370.7 341.8 9.6 11.6 373.0 346.3 377.5 346.4 375.2 348.7 373.4 350.9 377.0 350.9 0.9951
158.6 348.7 8.3 10.6 160.1 352.5 163.5 352.7 161.2 354.9 160.3 357.1 163.0 357.1 0.9951
881.2 307.3 8.6 10.5 883.0 310.9 887.2 311.0 884.9 313.2 883.4 315.4 886.7 315.4 0.9949
172.9 359.1 8.7 11.5 174.7 363.6 178.7 363.5 176.6 365.7 175.2 368.0 178.5 367.9 0.9948
304.7 320.3 8.3 10.9 306.8 324.7 310.6 324.6 308.8 326.5 307.3 328.5 310.5 328.4 0.9946
570.8 308.6 9.2 12.2 572.9 314.3 577.3 313.5 575.4 316.5 574.3 319.0 577.3 318.4 0.9945
412.1 350.0 9.1 11.7 413.9 354.2 418.2 354.2 415.9 356.6 414.5 359.0 417.8 359.0 0.9944
971.6 303.9 7.9 9.7 973.5 307.3 977.4 307.3 975.3 309.2 973.9 311.2 977.0 311.2 0.9944
285.4 382.6 10.9 15.7 288.5 389.3 293.5 389.2 291.1 392.2 289.0 394.9 293.1 394.8 0.9943
862.2 358.4 8.7 11.5 863.5 362.4 865.5 362.7 863.1 364.9 863.7 367.3 864.9 367.4 0.9943
70.3 640.5 13.6 17.4 77.8 647.4 82.4 646.4 82.6 650.4 79.4 654.3 82.6 653.7 0.9941
689.5 380.7 10.6 13.2 692.2 385.4 697.6 384.9 695.2 388.5 693.5 391.3 697.4 390.9 0.9940
955.7 323.6 9.0 12.5 957.2 328.5 959.9 328.7 957.4 330.8 957.3 333.1 959.4 333.1 0.9940
271.7 338.0 9.4 12.0 274.6 342.4 278.6 341.7 277.2 344.3 275.8 347.0 278.9 346.5 0.9935
158.3 489.3 11.0 14.3 162.6 495.3 167.6 495.3 165.6 498.7 163.2 501.2 166.5 501.2 0.9935
482.5 306.2 9.8 12.3 485.1 310.7 490.0 310.7 487.6 313.4 485.5 315.8 489.4 315.9 0.9933
641.8 319.1 9.1 12.2 644.2 323.7 648.6 323.5 646.5 326.3 644.8 328.7 648.4 328.6 0.9932
39.3 333.1 10.4 13.9 44.0 339.1 48.0 338.5 47.1 341.3 44.9 344.0 48.0 343.7 0.9931
597.8 640.7 14.6 16.6 600.8 647.2 607.6 647.2 603.9 651.0 601.9 653.9 606.8 653.9 0.9930
765.7 268.5 8.3 10.5 767.6 272.6 771.1 272.7 769.0 274.5 767.9 276.5 770.6 276.5 0.9930
435.8 285.9 9.2 12.1 438.7 290.4 443.1 290.4 441.1 292.9 439.2 295.3 442.6 295.3 0.9924
257.9 360.1 9.6 12.6 259.4 365.1 263.3 365.3 260.6 367.8 260.0 370.2 262.9 370.2 0.9923
611.2 434.7 10.6 13.6 614.7 440.6 619.4 440.8 617.2 443.5 614.9 445.7 618.5 445.9 0.9920
1009.2 488.2 10.0 14.5 1015.7 493.7 1017.9 493.7 1018.3 496.6 1015.7 499.3 1017.1 499.4 0.9920
695.5 275.4 7.8 10.6 697.3 279.5 700.7 279.4 698.9 281.5 697.8 283.6 700.5 283.6 0.9916
520.0 332.3 10.1 12.8 522.7 336.7 527.3 336.9 524.8 339.3 522.8 341.8 526.5 341.9 0.9915
521.3 285.6 8.4 11.0 523.7 289.7 527.6 289.9 525.7 292.1 523.8 294.0 526.9 294.2 0.9914
587.0 351.8 9.1 11.7 590.7 355.8 594.6 355.8 593.3 358.2 591.2 360.7 594.1 360.8 0.9913
869.5 482.2 12.1 16.0 872.5 488.0 878.7 487.9 875.7 491.4 873.3 494.6 878.3 494.5 0.9911
444.2 382.8 10.3 13.5 447.2 388.8 451.8 387.9 450.1 391.0 448.7 394.0 451.9 393.4 0.9910
1010.9 323.0 9.9 12.6 1013.6 328.5 1018.3 328.5 1016.0 331.1 1014.2 333.3 1017.6 333.3 0.9909
594.4 294.6 9.3 11.6 596.6 299.0 601.3 298.9 598.9 301.6 597.3 303.8 600.8 303.7 0.9902
681.8 341.9 9.0 10.5 683.3 346.1 687.1 346.0 684.8 348.3 684.1 350.4 687.0 350.2 0.9901
395.8 356.3 10.0 13.4 397.3 362.0 400.5 362.3 397.9 365.2 398.3 367.3 400.3 367.4 0.9899
297.8 495.9 9.4 11.7 299.4 500.7 301.5 500.6 299.7 503.2 300.8 505.3 302.0 505.1 0.9895
892.6 268.3 8.4 11.1 894.7 272.6 898.4 272.5 896.4 274.5 895.3 276.7 898.0 276.7 0.9894
370.6 353.8 9.3 12.2 372.6 358.1 377.1 358.0 374.7 360.8 373.3 363.5 376.6 363.4 0.9894
373.2 313.2 9.4 11.6 374.7 318.3 379.1 318.4 376.4 321.0 375.3 323.0 378.3 323.0 0.9894
764.8 285.8 8.4 11.0 767.0 289.9 771.0 290.1 768.9 292.2 767.1 294.2 770.3 294.4 0.9893
463.3 410.7 9.7 12.2 465.0 415.0 469.4 415.2 466.6 417.6 465.3 420.1 468.7 420.2 0.9890
979.0 277.2 9.6 13.4 981.0 282.7 985.3 282.9 982.5 285.4 981.3 287.8 984.4 287.9 0.9889
661.9 288.4 9.0 11.3 664.1 292.5 667.9 292.7 665.6 294.8 664.2 296.9 667.3 297.1 0.9889
129.1 323.2 8.4 10.7 131.7 327.6 135.4 327.4 133.9 329.6 132.4 331.6 135.3 331.5 0.9889
399.4 261.1 8.7 12.0 401.8 265.9 405.9 265.8 404.0 268.0 402.5 270.4 405.5 270.4 0.9885
818.5 355.2 9.3 12.3 821.6 361.2 825.7 360.9 823.9 363.6 822.3 365.6 825.2 365.4 0.9885
591.0 267.7 8.3 10.9 592.0 271.7 594.5 271.9 592.0 274.0 592.3 276.2 594.1 276.2 0.9884
9.5 531.9 13.3 15.0 12.9 539.3 19.0 539.4 15.8 542.7 13.7 544.7 17.8 544.8 0.9879
902.9 376.5 9.4 11.8 904.6 380.3 908.0 380.6 905.2 383.0 904.7 385.5 907.3 385.7 0.9879
928.9 256.2 10.3 13.8 931.6 260.7 936.5 260.9 934.0 263.5 931.8 266.5 935.8 266.6 0.9878
225.4 343.4 10.4 13.7 227.8 349.8 232.1 349.4 229.9 352.6 229.2 355.0 232.2 354.6 0.9878
23.4 355.3 9.4 12.5 25.9 360.0 30.0 359.8 28.0 362.2 26.6 364.8 29.9 364.6 0.9878
146.6 303.3 10.7 14.0 148.4 308.9 153.3 308.9 150.4 312.0 149.2 314.6 152.7 314.5 0.9875
925.4 292.5 7.7 9.6 927.1 296.6 930.6 296.7 928.6 298.6 927.4 300.4 930.1 300.4 0.9875
26.2 502.2 8.7 11.2 29.5 506.9 33.1 506.5 32.0 508.9 30.3 511.2 33.2 510.9 0.9874
966.7 261.7 8.7 10.8 969.2 266.3 973.2 266.3 971.2 268.4 969.6 270.3 972.7 270.3 0.9869
236.9 363.3 9.4 11.5 240.2 368.1 244.2 367.9 242.8 370.2 240.9 372.4 244.0 372.3 0.9866
386.9 250.1 9.7 12.1 390.4 254.8 394.6 254.7 393.0 257.2 391.0 259.5 394.2 259.4 0.9866
200.2 379.1 9.6 12.3 202.3 384.1 207.1 383.6 204.8 386.4 203.4 389.1 207.0 388.7 0.9858
796.0 222.8 9.1 11.4 798.7 226.7 803.0 226.9 800.8 229.2 799.0 231.4 802.3 231.6 0.9857
618.1 385.1 11.0 12.4 619.7 388.7 624.6 388.7 621.6 391.8 620.8 394.5 624.4 394.4 0.9857
440.2 311.8 8.1 9.6 443.7 315.3 447.0 315.5 445.8 317.3 443.7 319.0 446.3 319.2 0.9844
741.8 499.5 9.9 12.6 744.4 504.7 749.2 504.2 747.2 506.9 745.5 509.6 749.1 509.2 0.9839
816.8 326.6 8.2 11.7 820.7 331.3 823.7 331.0 823.1 333.5 821.2 335.9 823.5 335.8 0.9836
640.5 280.1 7.6 9.8 643.2 284.0 646.3 283.8 645.2 285.9 643.8 287.9 646.2 287.7 0.9825
754.6 403.6 9.6 15.1 761.3 409.5 762.9 409.3 764.0 412.5 761.5 415.6 762.5 415.6 0.9824
415.1 266.9 7.3 10.2 416.5 270.8 418.8 271.1 416.7 272.9 416.6 274.7 418.3 274.8 0.9818
391.1 347.4 10.6 13.4 394.1 353.1 399.0 352.5 397.0 355.4 395.3 358.1 399.3 357.6 0.9813
621.4 354.4 9.8 11.2 624.3 358.3 629.1 358.0 627.2 360.9 625.3 363.4 628.7 363.2 0.9810
584.4 332.5 7.8 10.9 585.7 336.9 588.3 336.7 586.4 339.0 586.6 341.2 588.5 341.0 0.9805
307.5 484.5 9.8 13.2 309.2 489.5 312.5 489.9 309.7 492.3 309.4 494.8 311.8 494.9 0.9803
814.1 292.2 8.8 12.1 815.3 298.0 818.2 298.3 815.9 300.8 816.4 302.5 818.1 302.6 0.9798
136.9 353.7 8.6 9.5 139.1 356.8 143.2 356.7 141.2 358.9 139.6 361.0 142.9 360.9 0.9791
713.1 322.0 9.5 11.6 715.4 326.2 720.2 326.5 717.6 328.7 715.5 330.9 719.4 331.1 0.9782
352.9 294.1 8.5 10.8 357.2 298.2 360.0 297.9 359.7 300.3 357.8 302.6 359.9 302.5 0.9777
378.4 477.5 10.0 12.6 382.4 482.9 386.2 482.9 384.7 485.3 382.7 487.5 385.6 487.6 0.9773
596.6 370.4 10.0 13.7 601.8 375.6 605.3 375.4 604.8 378.3 602.2 381.0 604.8 380.9 0.9761
580.7 294.1 8.8 11.2 583.4 298.4 586.9 298.3 585.3 300.5 583.8 302.7 586.6 302.6 0.9760
427.4 318.9 8.3 10.3 429.8 322.8 433.7 322.8 431.9 325.0 430.2 327.1 433.3 327.1 0.9748
517.3 501.7 10.0 12.4 519.3 506.5 524.3 506.1 521.8 508.4 520.3 511.3 524.0 511.0 0.9747
875.9 234.5 8.2 10.4 878.3 238.7 882.1 238.6 880.3 240.6 878.7 242.5 881.8 242.5 0.9744
28.6 521.5 10.1 14.0 31.1 526.5 35.5 527.0 32.7 529.4 30.8 532.0 34.4 532.3 0.9739
288.2 506.9 10.5 14.5 290.1 512.9 294.6 512.9 291.6 515.8 290.6 518.6 294.2 518.5 0.9715
286.7 359.5 9.0 12.3 288.2 363.8 290.6 364.2 288.1 366.3 288.1 368.9 289.8 369.1 0.9712
591.5 522.1 11.1 16.7 593.3 528.0 596.0 528.3 593.3 531.5 593.9 534.8 595.9 534.8 0.9708
859.7 268.7 10.0 12.3 862.6 274.0 867.4 273.7 865.4 276.4 863.4 278.9 867.2 278.7 0.9670
461.2 491.5 11.0 14.0 464.1 497.6 469.6 497.7 466.8 500.3 464.6 502.8 468.7 502.9 0.9640
889.0 416.7 10.6 11.0 894.2 421.2 897.4 421.5 896.3 423.9 894.0 425.5 896.2 425.8 0.9601
528.0 271.8 7.8 9.8 530.0 275.2 533.5 275.5 531.4 277.2 530.0 279.0 532.8 279.2 0.9597
1.3 322.8 9.7 11.7 3.3 327.9 7.7 327.3 5.6 329.8 4.5 332.3 7.9 331.8 0.9590
282.6 330.5 9.1 11.4 284.3 334.7 288.6 334.6 286.2 337.3 285.0 339.6 288.2 339.5 0.9589
344.4 267.2 8.5 10.8 347.5 271.5 351.1 271.4 349.6 273.6 348.0 275.6 350.8 275.6 0.9587
732.4 457.2 9.7 11.7 734.7 461.4 739.6 461.0 737.4 463.8 735.7 466.4 739.5 466.0 0.9581
622.2 432.7 9.2 11.8 624.2 436.9 628.5 436.9 626.2 439.2 624.7 441.7 628.2 441.6 0.9572
996.6 245.3 8.4 10.4 999.3 249.1 1002.9 249.0 1001.4 251.0 999.9 253.2 1002.8 253.1 0.9540
825.3 343.5 8.4 11.1 826.5 347.8 829.3 348.0 826.9 350.3 826.9 352.6 829.0 352.6 0.9523
508.3 262.5 8.2 10.9 510.5 267.1 514.5 266.9 512.7 269.2 511.3 271.3 514.4 271.2 0.9483
492.7 384.6 8.7 11.5 498.0 388.9 499.6 388.5 500.2 391.0 498.4 393.6 499.4 393.4 0.9451
934.2 299.7 9.2 12.3 937.5 305.6 941.4 305.4 940.0 308.0 938.4 310.1 941.1 310.0 0.9444
264.8 263.4 7.7 10.0 266.5 267.8 269.9 267.7 268.3 269.7 267.2 271.5 269.8 271.4 0.9440
8.6 335.8 9.1 12.0 11.0 340.7 14.4 340.6 12.6 342.9 11.6 345.2 14.2 345.0 0.9436
448.9 327.7 8.0 9.9 451.6 331.6 455.3 331.4 453.8 333.7 452.2 335.7 455.2 335.6 0.9413
781.4 264.6 8.1 10.1 784.4 268.7 787.7 268.3 786.7 270.4 785.3 272.6 787.9 272.3 0.9412
731.3 327.2 7.0 10.7 732.7 331.4 733.7 331.6 732.0 333.5 732.9 335.5 733.5 335.5 0.9404
826.5 285.8 8.7 10.8 828.1 289.7 831.9 289.7 829.7 292.0 828.8 294.1 831.8 294.0 0.9383
475.8 282.0 8.5 11.5 477.8 286.9 481.7 286.8 479.9 289.3 478.5 291.5 481.6 291.3 0.9383
672.3 271.2 8.8 11.0 674.8 275.0 678.9 275.0 676.9 277.2 675.1 279.4 678.5 279.4 0.9383
615.6 333.2 9.4 11.5 618.4 337.8 622.7 337.8 620.6 340.0 618.8 342.2 622.0 342.2 0.9382
395.5 300.9 9.4 10.8 397.4 305.8 401.7 305.3 399.6 307.9 398.7 309.9 401.7 309.5 0.9374
623.5 568.1 11.0 15.7 625.9 573.7 629.0 574.7 625.2 576.9 624.8 579.9 626.9 580.6 0.9369
750.3 322.3 8.7 11.6 751.9 326.5 754.7 326.7 752.5 329.0 752.5 331.3 754.4 331.3 0.9346
371.0 328.5 8.9 10.9 373.0 333.1 377.0 333.3 374.8 335.4 373.3 337.5 376.4 337.6 0.9338
499.4 251.4 8.1 10.2 502.2 255.7 505.7 255.5 504.4 257.7 502.9 259.7 505.5 259.5 0.9336
217.5 329.3 8.2 11.1 219.1 334.1 222.5 334.1 220.5 336.3 219.6 338.5 222.3 338.4 0.9292
190.9 333.0 9.7 13.1 193.1 338.6 197.9 338.7 195.4 341.5 193.7 343.8 197.3 343.8 0.9282
805.5 398.7 11.5 14.1 809.3 404.5 814.2 404.2 812.3 407.1 810.1 410.0 814.0 409.8 0.9270
984.4 232.6 8.1 10.1 988.3 236.4 991.1 236.4 990.4 238.5 988.5 240.4 990.6 240.5 0.9262
537.3 471.8 9.8 14.9 539.3 476.7 541.3 477.4 538.8 480.3 539.6 483.0 541.0 483.4 0.9256
108.5 315.6 9.1 10.5 110.4 318.9 114.4 319.0 111.9 321.3 110.6 323.3 113.7 323.4 0.9250
110.6 329.2 8.4 10.3 112.7 333.0 116.8 333.1 114.7 335.4 113.1 337.5 116.3 337.5 0.9230
30.4 308.1 9.5 11.7 32.9 312.9 37.1 312.8 35.0 315.1 33.5 317.3 36.9 317.3 0.9229
569.9 418.5 10.0 13.9 572.2 423.5 575.6 423.9 572.8 426.6 572.2 429.2 574.6 429.5 0.9219
401.8 240.0 8.9 11.6 403.5 244.1 407.4 244.1 405.1 246.5 404.0 249.0 407.0 248.9 0.9217
408.6 335.7 9.2 11.3 410.4 340.2 414.7 340.1 412.4 342.6 411.3 344.9 414.3 344.8 0.9207
487.0 253.7 7.7 9.7 488.7 257.1 492.2 257.3 490.2 259.1 488.8 261.0 491.6 261.1 0.9206
797.0 396.2 10.3 14.2 799.4 402.9 804.0 402.8 801.3 405.9 799.9 408.3 803.4 408.2 0.9202
579.7 527.6 10.1 12.6 582.3 532.5 586.9 532.5 584.4 534.9 583.0 537.5 586.3 537.5 0.9180
846.6 381.0 7.9 11.9 847.8 385.2 849.7 385.5 847.4 387.6 847.9 390.0 849.3 390.1 0.9160
305.1 247.8 9.1 10.3 307.1 251.2 311.4 251.1 309.0 253.4 307.7 255.6 311.1 255.5 0.9157
950.6 219.9 8.8 11.0 952.8 224.4 957.2 224.5 954.9 226.6 953.3 228.6 956.5 228.7 0.9111
465.5 217.5 11.3 14.5 467.8 222.8 473.2 222.6 470.4 225.8 468.7 228.9 472.9 228.7 0.9104
810.2 307.9 9.3 11.3 815.6 312.5 817.8 312.0 817.8 314.6 815.9 316.9 817.3 316.7 0.9066
763.6 315.3 9.0 10.5 765.3 319.0 769.5 318.9 767.1 321.1 765.9 323.3 769.1 323.2 0.9065
569.5 508.0 11.3 12.9 572.5 511.1 577.8 511.6 574.6 514.0 572.5 516.9 576.6 517.3 0.9038
906.0 238.6 7.8 9.5 908.3 242.3 911.8 242.2 910.2 244.0 908.7 245.9 911.5 245.9 0.9029
554.5 277.5 7.5 9.3 558.0 281.3 560.5 281.0 560.0 283.0 558.5 284.9 560.3 284.7 0.9012
775.6 363.4 9.1 11.1 778.8 367.7 782.9 367.6 781.4 370.0 779.5 372.4 782.6 372.3 0.8977
931.5 242.7 9.0 10.9 934.6 247.4 938.6 247.0 937.1 249.5 935.6 251.7 938.6 251.4 0.8926
232.9 310.3 8.4 11.4 235.6 315.2 239.5 314.8 237.8 317.4 236.4 319.7 239.2 319.5 0.8910
360.3 334.7 9.2 12.3 362.7 339.8 366.8 339.4 364.9 342.4 363.9 344.9 366.8 344.6 0.8874
344.8 535.6 11.4 14.7 346.7 541.3 349.8 542.1 346.2 544.2 346.1 546.8 348.3 547.2 0.8866
246.0 191.3 8.7 10.9 248.2 195.3 251.8 195.3 249.7 197.6 248.6 199.8 251.4 199.8 0.8857
203.2 278.7 10.1 12.0 206.0 282.5 211.0 282.3 208.6 285.0 206.6 287.8 210.6 287.7 0.8847
99.0 370.6 9.2 11.8 101.1 375.6 105.4 375.7 103.1 378.2 101.4 380.3 104.7 380.3 0.8828
825.8 268.9 9.8 11.4 828.8 274.0 833.1 274.0 831.1 276.4 829.1 278.4 832.4 278.5 0.8780
327.7 307.8 8.9 10.9 330.3 312.0 334.4 312.1 332.4 314.2 330.6 316.3 333.9 316.3 0.8779
906.2 528.4 10.5 16.0 907.8 534.2 911.3 534.6 908.4 537.7 908.3 540.7 910.9 540.9 0.8772
305.0 542.0 10.8 11.9 307.8 546.6 313.2 546.7 310.6 549.6 308.4 551.8 312.3 551.9 0.8749
820.6 267.2 9.5 12.2 823.4 272.7 828.0 272.7 825.7 275.3 823.9 277.6 827.2 277.6 0.8708
256.7 323.6 9.8 13.3 260.4 329.0 264.5 328.9 263.0 331.8 261.0 334.5 264.1 334.5 0.8579
944.9 333.1 9.2 10.8 947.1 336.4 951.6 336.4 949.3 339.0 947.6 341.4 951.1 341.4 0.8576
815.9 436.3 9.9 14.0 817.6 440.8 819.3 441.5 816.9 444.2 818.0 446.9 818.9 447.2 0.8566
736.4 216.7 7.7 10.0 739.5 220.3 742.6 220.2 741.6 222.2 739.9 224.2 742.4 224.2 0.8558
491.2 358.4 9.2 10.8 493.1 362.8 497.5 362.7 495.3 365.0 493.8 367.2 497.3 367.0 0.8549
258.3 288.8 8.1 10.0 261.2 292.1 265.0 292.0 263.7 294.3 261.7 296.6 264.7 296.5 0.8533
751.4 222.4 7.5 9.8 753.5 226.4 757.1 226.4 755.3 228.2 753.8 230.1 756.8 230.1 0.8460
811.4 407.7 9.1 13.7 812.7 413.1 814.2 413.2 811.9 415.9 813.3 418.4 814.2 418.3 0.8440
248.3 420.3 11.4 12.3 251.9 425.0 256.8 424.5 255.0 427.5 253.3 430.1 257.1 429.7 0.8206
622.3 342.3 9.3 10.8 625.6 346.4 629.7 346.3 628.2 348.7 626.3 350.9 629.3 350.9 0.8182
680.7 237.3 8.2 9.9 682.9 240.7 686.4 241.0 684.4 242.9 683.0 244.8 685.7 245.0 0.8176
283.4 239.5 8.9 11.0 285.6 244.3 289.5 243.7 287.9 246.2 286.9 248.3 289.8 247.9 0.8152
276.2 485.7 11.1 12.9 280.3 491.4 284.8 490.6 283.2 494.1 281.2 496.5 284.5 496.0 0.8126
697.3 249.2 8.0 9.6 699.1 252.6 702.8 252.7 700.7 254.6 699.4 256.6 702.3 256.7 0.8043
426.3 277.1 7.9 10.7 427.8 281.7 430.5 282.0 428.3 283.9 428.0 285.7 430.0 285.8 0.8022
469.7 272.6 7.8 9.1 473.0 276.0 476.1 275.6 475.2 277.8 473.8 279.9 476.1 279.7 0.8010
318.1 259.0 8.1 8.9 320.0 262.3 324.0 262.1 322.1 264.4 320.7 266.4 323.8 266.3 0.7907
1007.9 302.8 7.2 9.6 1009.5 306.1 1012.2 306.5 1010.1 308.3 1009.3 310.1 1011.4 310.4 0.7898
837.7 309.5 8.0 11.8 839.9 313.8 840.7 314.2 838.8 315.9 839.5 318.3 840.0 318.5 0.7861
493.3 233.3 7.9 9.7 495.7 236.9 499.1 237.0 497.4 238.8 495.9 240.6 498.7 240.6 0.7850
673.1 209.7 8.1 10.1 675.7 213.3 679.0 213.5 677.2 215.4 675.8 217.4 678.4 217.5 0.7816
834.5 234.4 8.5 11.4 835.9 238.4 839.2 238.7 836.6 240.8 835.8 243.3 838.5 243.5 0.7798
286.7 257.7 8.6 11.2 289.9 261.9 293.8 261.7 292.4 264.1 290.5 266.5 293.5 266.4 0.7736
233.1 207.2 9.3 12.2 236.0 212.8 240.2 212.4 238.4 214.9 236.9 217.3 240.1 217.0 0.7619
243.4 316.2 7.8 8.6 245.3 319.4 248.7 319.3 246.9 321.1 245.9 322.9 248.6 322.8 0.7564
162.4 253.8 9.1 12.0 164.5 258.5 168.5 258.8 166.1 261.2 164.8 263.4 167.7 263.5 0.7532
1006.3 212.0 8.1 11.2 1007.8 216.0 1010.2 216.1 1008.2 218.4 1008.3 220.6 1010.0 220.6 0.7413
332.3 333.2 7.5 9.7 334.8 336.8 337.7 336.7 336.5 338.7 335.2 340.7 337.6 340.7 0.7406
232.0 340.1 9.3 12.5 233.3 345.9 236.7 345.7 234.4 348.4 234.1 350.7 236.4 350.5 0.7362
684.8 221.8 8.2 9.1 687.3 225.2 690.9 225.1 689.2 226.9 687.7 228.8 690.6 228.7 0.7348
277.4 222.6 7.8 9.2 279.7 225.9 283.3 225.8 281.7 227.8 280.3 229.7 283.0 229.6 0.7171
233.8 292.3 8.4 10.4 235.4 297.0 238.8 296.8 236.9 299.1 236.3 301.1 238.8 300.9 0.7150
567.3 441.0 10.4 12.9 570.4 446.3 575.2 446.5 572.7 449.2 570.7 451.5 574.4 451.7 0.7114
484.5 218.4 7.8 10.0 486.4 222.8 489.1 222.9 487.2 224.8 486.6 226.5 488.6 226.5 0.6814
348.5 247.7 7.5 9.3 350.5 251.3 353.0 251.4 351.3 253.3 350.8 254.9 352.6 254.9 0.6808
284.3 307.6 8.3 9.1 287.0 310.5 290.6 310.3 289.1 312.5 287.6 314.5 290.4 314.4 0.6447
623.6 300.5 7.0 8.7 625.0 303.7 627.7 303.8 625.9 305.6 625.3 307.2 627.3 307.3 0.6433
170.3 263.6 9.1 12.3 173.5 268.5 177.4 268.7 175.6 271.2 173.6 273.4 176.4 273.6 0.6326
984.6 76.0 7.0 8.7 986.8 79.8 989.9 79.9 988.4 81.6 987.0 83.2 989.4 83.3 0.6178
943.2 115.2 6.5 8.2 944.6 118.0 946.7 118.1 945.0 119.6 944.7 121.2 946.3 121.2 0.6057
334.9 288.4 8.0 9.4 337.3 291.8 341.0 291.6 339.5 293.7 338.1 295.9 341.0 295.7 0.6025
561.5 292.7 8.8 11.0 563.7 297.1 568.1 296.9 566.1 299.5 564.5 301.8 568.0 301.7 0.5845
152.1 274.1 9.2 11.3 155.4 278.2 159.4 278.2 157.8 280.6 155.8 282.9 158.9 283.0 0.5832
195.5 236.5 8.9 10.9 197.4 241.2 201.7 241.0 199.6 243.6 198.2 245.5 201.5 245.3 0.5817
225.0 274.2 8.3 9.8 227.0 277.6 231.2 277.5 229.1 279.7 227.7 282.0 230.9 281.8 0.5802
153.3 163.6 9.6 11.7 156.9 167.4 160.8 167.3 159.5 170.0 157.6 172.5 160.6 172.4 0.5799
980.4 271.8 8.7 11.4 982.2 276.7 986.7 276.8 984.3 279.2 982.7 281.3 986.0 281.4 0.5733
441.5 197.0 8.7 10.4 443.3 200.3 447.0 200.4 444.8 202.5 443.6 204.6 446.7 204.6 0.5674
606.1 419.2 9.6 13.3 607.8 425.0 611.8 425.3 609.1 428.2 608.0 430.4 610.8 430.6 0.5499
623.4 169.2 11.8 14.7 628.7 173.8 633.5 174.1 631.9 177.0 629.0 180.1 632.6 180.4 0.5374
562.7 195.1 8.5 9.2 565.4 198.4 569.2 198.5 567.4 200.4 565.6 202.2 568.6 202.4 0.5198
174.4 210.8 7.9 9.7 176.4 214.7 179.9 214.8 178.0 216.7 176.6 218.6 179.5 218.7 0.5180
258.2 240.2 7.6 9.7 260.0 243.9 263.6 243.8 261.7 246.0 260.6 248.0 263.3 247.9 0.5141
452.4 220.0 8.3 10.2 455.1 224.1 458.6 224.0 457.1 226.1 455.6 228.0 458.2 227.9 0.5091
539.0 354.2 11.2 12.6 544.3 360.1 548.4 359.5 547.6 362.3 545.5 364.7 548.4 364.3 0.5025
