2--Demonstration/2_Demonstration_Protesters_2_612.jpg
20
293.2 359.6 58.2 72.0 308.9 380.0 336.4 380.8 321.9 392.5 309.0 408.3 334.0 409.2 0.9998
505.6 388.5 59.3 69.6 523.4 410.9 551.3 410.0 539.6 424.2 527.0 438.9 550.3 438.0 0.9998
564.2 415.0 47.7 62.1 573.4 437.3 595.3 436.7 582.0 447.5 575.5 460.5 593.6 459.9 0.9997
832.5 344.5 57.0 70.3 848.7 363.9 874.6 367.6 860.1 373.7 847.5 390.6 868.9 393.7 0.9997
680.2 441.2 48.8 55.8 691.5 460.0 713.9 457.9 703.0 467.3 695.4 480.9 713.9 479.1 0.9997
972.6 370.5 51.0 63.5 983.6 390.9 1007.7 389.6 993.1 398.6 984.8 413.9 1006.5 412.8 0.9996
41.5 386.0 53.9 72.1 56.2 410.9 81.0 409.3 69.9 422.8 61.2 439.3 79.5 437.8 0.9996
97.6 405.1 41.5 53.9 107.7 424.8 128.0 424.2 117.7 435.5 110.7 446.4 126.2 445.7 0.9996
140.0 375.5 34.4 44.8 150.4 393.1 166.5 392.1 159.9 400.9 153.1 409.4 166.0 408.5 0.9994
427.3 351.5 45.0 64.4 436.7 371.5 456.6 372.8 443.2 382.8 436.6 396.9 451.9 398.1 0.9990
653.5 367.0 36.2 41.1 665.3 379.1 682.3 378.8 675.0 384.8 666.9 395.9 680.5 395.7 0.9990
768.2 359.7 26.6 32.4 774.2 370.3 785.9 369.8 779.4 376.9 775.6 383.6 784.8 383.2 0.9980
83.3 361.6 38.5 42.7 91.4 374.7 108.3 373.9 98.6 382.9 93.6 393.3 106.5 392.8 0.9974
939.9 351.1 29.2 37.7 948.1 365.6 961.0 366.0 954.7 372.9 949.5 380.1 959.6 380.3 0.9961
814.6 388.1 36.4 53.9 827.3 406.1 839.6 405.2 834.1 416.4 829.8 427.9 838.0 427.1 0.9944
248.1 392.2 40.5 46.7 258.3 407.0 275.5 408.1 265.4 415.9 258.5 424.5 272.2 425.4 0.9888
620.7 376.7 27.2 35.0 628.2 391.5 640.7 390.8 635.1 398.4 630.8 404.8 639.9 404.3 0.9864
585.1 371.9 21.6 28.1 595.2 384.9 602.3 383.7 601.5 389.7 597.5 395.1 602.8 394.4 0.9841
228.8 354.1 28.0 33.7 239.8 366.1 252.0 365.5 248.1 372.8 242.4 379.7 251.2 379.3 0.9760
521.9 352.7 29.2 35.5 383.6 296.9 393.3 294.8 392.8 304.7 386.6 314.5 394.4 313.3 0.8955
