2--Demonstration/2_Demonstration_Political_Rally_2_908.jpg
44
681.4 341.8 28.5 35.6 686.1 357.4 698.5 358.3 689.7 363.8 686.8 369.4 696.3 370.0 0.9995
321.1 329.8 24.4 28.3 327.2 341.4 338.0 341.0 332.5 347.4 328.5 351.1 337.8 350.7 0.9995
13.4 313.6 21.4 24.0 16.8 324.6 20.9 323.0 18.4 330.2 23.6 333.7 25.9 332.1 0.9995
990.6 218.9 12.8 16.0 992.2 224.8 995.9 224.9 992.3 227.9 992.8 231.1 995.6 231.0 0.9993
471.2 352.6 24.7 30.3 474.7 365.5 486.4 365.9 479.0 373.3 476.8 377.5 485.1 377.6 0.9993
194.2 337.8 24.4 29.0 197.9 350.4 208.6 350.3 201.9 357.1 200.0 361.4 207.6 361.2 0.9992
938.8 324.5 25.8 38.4 944.5 337.7 946.6 338.9 938.2 344.0 942.4 352.7 943.7 353.2 0.9991
80.5 320.3 24.4 30.2 85.7 331.7 96.8 331.9 90.4 337.4 86.4 342.9 95.9 342.9 0.9991
661.8 102.9 18.5 22.5 669.0 111.2 677.1 111.2 674.1 115.4 669.9 119.7 676.3 119.7 0.9991
339.6 267.2 21.6 24.8 343.3 277.0 352.3 276.4 346.9 281.5 344.9 286.4 351.8 285.9 0.9991
569.6 341.5 23.6 29.8 573.9 351.4 584.4 351.0 578.3 357.4 575.7 363.1 584.3 362.7 0.9990
937.6 249.0 14.9 19.7 940.4 256.4 944.2 257.0 939.5 260.1 939.8 264.0 942.3 264.3 0.9990
844.9 313.6 30.4 35.3 848.2 325.8 859.0 327.8 849.3 334.3 849.8 339.9 857.8 341.1 0.9990
305.7 269.5 16.6 21.0 309.6 278.3 317.0 277.6 313.4 282.6 311.1 286.0 317.1 285.4 0.9989
187.3 268.7 16.0 20.6 196.7 276.6 201.4 276.7 200.8 281.4 196.2 284.7 199.4 285.1 0.9988
552.4 108.7 16.3 20.4 559.4 118.6 566.3 117.5 564.6 122.6 561.3 126.0 566.0 125.3 0.9988
606.4 112.1 17.0 22.1 611.1 121.1 618.8 120.8 615.0 124.9 612.3 129.1 618.2 128.9 0.9988
1009.5 258.7 13.9 23.3 1012.8 267.6 1020.9 267.4 1016.0 272.7 1014.1 277.1 1020.3 276.8 0.9987
455.3 231.9 13.1 16.1 458.9 238.1 464.8 238.0 461.9 241.6 459.8 244.5 464.2 244.4 0.9985
204.7 256.0 15.5 18.1 209.5 263.1 216.5 263.4 213.2 267.6 210.1 270.3 215.3 270.5 0.9984
502.8 229.7 15.4 18.3 512.3 236.2 516.5 236.0 516.4 240.2 512.2 243.6 515.1 243.7 0.9982
787.6 242.0 13.7 18.5 796.9 248.0 799.1 247.7 800.6 251.9 797.1 256.0 798.4 256.0 0.9978
991.6 417.3 31.9 39.4 996.3 430.9 1011.3 432.6 1000.0 441.5 998.9 447.6 1009.5 448.7 0.9977
897.0 217.6 11.2 14.2 898.5 221.8 901.0 222.2 898.0 225.5 899.6 228.5 901.2 228.5 0.9976
303.0 249.2 15.0 19.1 306.2 258.3 312.9 258.3 309.1 262.0 307.3 265.1 312.0 265.1 0.9975
219.6 158.0 9.6 11.5 221.9 162.5 226.4 162.6 223.9 164.9 222.3 166.9 225.8 167.0 0.9971
336.3 245.6 17.1 23.4 338.7 256.3 343.3 256.8 338.7 261.3 340.1 264.6 342.9 264.8 0.9969
823.0 212.3 11.9 14.5 826.5 217.9 832.0 217.0 830.1 220.3 828.2 223.7 832.5 222.9 0.9921
918.3 186.1 10.1 12.6 920.6 190.8 925.6 190.6 923.2 193.6 921.6 196.2 925.3 196.0 0.9907
879.4 249.0 11.4 14.3 884.8 254.4 889.4 253.8 888.6 257.5 886.1 260.5 889.2 260.1 0.9872
81.9 254.5 17.2 20.8 85.8 262.1 93.8 261.1 90.0 266.1 87.5 270.4 94.1 269.7 0.9869
805.2 234.5 13.7 18.8 806.7 242.6 811.4 242.6 807.7 246.7 807.9 250.0 811.0 249.9 0.9866
186.6 153.3 8.5 10.9 188.1 157.7 191.7 157.8 189.4 160.0 188.6 161.9 191.4 161.9 0.9864
747.8 290.6 15.1 24.3 708.3 153.7 715.6 153.1 711.8 158.0 710.1 161.4 715.5 160.9 0.9834
551.3 242.9 19.3 23.6 758.0 298.7 759.9 298.5 761.8 303.4 758.2 308.7 759.8 308.7 0.9805
399.9 281.3 15.9 26.3 556.5 250.7 565.2 251.2 560.4 256.1 556.9 260.7 563.8 261.0 0.9734
879.7 234.1 13.0 16.5 412.3 290.3 413.2 290.1 415.4 295.6 411.1 300.9 411.8 301.1 0.9716
843.2 263.4 12.8 16.3 884.6 240.9 889.7 240.9 887.7 244.2 885.1 246.9 889.0 247.0 0.9051
220.6 231.3 14.6 18.8 845.8 270.2 851.5 270.0 848.3 273.9 846.8 276.9 850.8 276.7 0.8958
962.6 218.2 11.4 13.0 225.0 238.8 231.7 239.2 228.4 243.0 225.3 246.1 230.5 246.5 0.8509
529.2 225.4 12.4 15.6 965.6 222.9 971.3 223.1 968.3 226.2 966.0 228.9 970.3 229.1 0.7479
200.6 151.7 7.9 9.2 947.8 238.6 954.2 238.6 951.3 242.2 948.8 244.9 953.4 245.0 0.6564
659.0 249.0 20.6 23.3 899.2 312.8 901.9 313.2 897.5 318.9 898.8 325.4 900.7 325.7 0.5659
295.9 211.5 9.8 12.7 536.6 232.4 539.8 232.9 538.4 236.3 534.5 238.1 536.4 238.6 0.5319
