2--Demonstration/2_Demonstration_Protesters_2_442.jpg
32
79.2 302.4 73.5 93.6 122.9 342.6 144.1 339.9 146.6 360.6 124.8 376.8 141.1 374.9 0.9998
188.9 306.5 69.7 78.1 221.4 343.4 246.8 328.4 249.7 354.8 233.2 371.3 252.2 359.8 0.9998
722.8 274.1 69.7 78.1 738.0 306.5 770.4 307.5 752.2 327.4 742.1 334.6 767.2 335.1 0.9997
257.3 219.9 43.9 55.2 285.5 234.7 290.3 232.5 300.5 243.9 292.2 259.1 294.8 258.0 0.9997
448.3 253.5 76.8 112.7 477.9 293.7 511.2 296.5 498.3 316.6 478.1 333.6 506.2 335.8 0.9996
530.7 220.2 41.5 50.4 547.3 240.4 566.0 239.8 560.0 253.1 547.7 259.3 562.6 259.0 0.9996
155.8 213.1 41.7 44.1 165.0 229.9 182.9 227.1 174.4 240.9 171.4 248.6 184.3 246.2 0.9996
648.2 212.2 45.6 49.3 654.3 226.2 670.6 227.4 655.5 237.6 653.4 247.9 664.8 248.8 0.9995
577.7 237.6 61.5 75.5 591.2 265.6 620.3 271.3 600.7 286.6 589.2 293.4 612.2 297.9 0.9995
882.0 282.0 60.3 74.7 895.4 304.9 907.6 313.5 884.0 321.0 890.1 333.6 899.6 339.1 0.9995
326.2 187.7 62.4 87.3 343.5 217.5 372.9 214.5 361.1 236.1 350.6 253.2 372.4 250.7 0.9995
510.9 167.5 39.6 46.4 515.7 186.1 531.1 184.6 521.1 194.6 519.2 204.2 530.1 203.1 0.9993
785.3 209.8 39.5 45.2 791.0 223.3 806.7 227.3 793.6 235.3 791.0 242.9 801.7 245.5 0.9991
849.4 216.6 43.7 51.0 857.3 233.4 877.3 233.8 864.5 246.0 859.4 255.0 874.4 255.3 0.9989
599.4 157.9 25.0 25.8 604.1 167.3 615.0 166.8 608.9 173.6 607.0 178.1 614.8 177.5 0.9988
682.5 127.1 32.2 37.4 690.7 140.7 705.7 141.1 697.8 150.1 692.4 156.1 703.6 156.4 0.9983
402.2 206.9 34.1 42.4 416.6 219.0 430.6 219.8 425.6 229.1 417.4 237.8 428.0 238.5 0.9976
394.7 143.9 21.8 25.3 400.0 152.1 410.2 152.0 405.0 158.5 401.6 163.5 408.9 163.4 0.9971
316.1 135.9 23.6 28.4 322.8 147.1 333.4 146.6 328.6 153.0 324.9 158.1 332.5 157.7 0.9968
547.1 129.0 25.8 33.2 554.2 141.3 566.1 141.8 560.0 148.6 555.3 154.3 564.1 154.7 0.9958
714.8 216.0 56.0 64.8 729.3 243.3 752.8 243.5 741.3 257.2 733.7 266.7 751.1 266.6 0.9957
439.3 163.8 34.3 42.7 448.2 178.1 464.2 178.9 455.8 186.7 449.8 195.7 461.5 196.3 0.9946
461.2 126.7 23.4 29.8 467.2 136.3 478.0 136.3 472.6 142.5 468.5 148.7 477.1 148.7 0.9936
244.8 148.3 23.9 29.1 248.2 159.0 258.6 158.8 251.8 165.7 250.1 171.7 257.5 171.3 0.9902
1.7 275.7 49.5 59.5 17.3 298.4 37.8 294.8 30.5 308.6 25.3 321.3 39.6 318.6 0.9812
260.0 109.3 16.5 20.4 263.2 116.4 270.4 115.8 266.3 121.1 264.9 125.3 270.2 124.8 0.9753
366.3 137.5 22.7 25.2 371.7 146.5 381.7 145.4 376.9 152.2 374.8 157.4 382.1 156.5 0.9740
15.5 178.7 19.3 30.1 18.3 187.8 19.7 188.5 16.4 194.7 20.5 200.7 21.4 201.2 0.9288
981.2 111.8 25.0 29.8 987.1 121.6 998.2 122.4 991.5 128.5 987.4 134.1 995.9 134.6 0.7700
159.0 163.9 21.2 24.4 164.6 172.5 174.6 171.5 170.2 177.7 166.8 182.9 174.4 182.2 0.7515
876.1 129.8 16.5 30.0 879.3 140.6 881.6 141.1 877.6 146.3 879.5 152.3 880.9 152.5 0.7226
752.4 136.5 21.1 33.3 755.5 147.8 759.7 147.8 756.0 154.3 757.5 161.1 760.9 161.0 0.5238
