2--Demonstration/2_Demonstration_Demonstration_Or_Protest_2_849.jpg
13
145.0 276.4 15.2 17.6 150.8 283.8 157.2 284.2 154.3 287.8 151.0 290.1 155.8 290.5 0.9984
464.2 321.7 13.6 18.4 466.1 329.7 471.7 330.0 467.7 333.7 467.0 336.8 470.7 337.0 0.9978
738.0 193.9 7.4 9.0 739.8 197.7 742.8 197.4 741.4 199.3 740.6 201.0 742.9 200.7 0.9849
762.2 201.3 6.6 8.4 764.0 204.5 767.0 204.4 765.7 206.1 764.5 207.8 766.9 207.8 0.9716
606.9 190.6 6.9 8.9 608.8 193.8 612.0 193.7 610.4 195.7 609.2 197.6 611.8 197.5 0.9665
800.0 198.0 7.0 8.7 801.7 201.6 805.0 201.6 803.4 203.5 802.1 205.1 804.7 205.1 0.9634
112.7 288.9 12.0 15.9 118.7 295.1 122.7 295.0 121.8 298.3 119.1 301.3 122.0 301.3 0.9576
630.8 192.1 6.1 7.2 632.3 194.9 635.2 195.0 633.7 196.5 632.5 197.9 634.7 198.0 0.9501
991.2 547.7 30.4 49.5 995.6 563.8 996.6 564.2 992.3 575.4 999.1 585.2 999.7 585.3 0.9399
723.9 200.1 6.7 8.1 725.4 203.0 728.3 203.2 726.6 204.8 725.6 206.3 727.8 206.4 0.9358
777.0 204.4 7.1 8.0 778.8 207.7 781.6 207.5 780.1 209.4 779.4 210.9 781.5 210.7 0.8429
1016.0 200.4 7.6 13.3 1017.1 206.4 1020.4 206.4 1017.7 209.1 1017.7 211.5 1020.2 211.4 0.8265
780.3 194.6 6.6 7.7 781.7 197.4 784.5 197.5 782.7 199.1 781.9 200.6 784.1 200.7 0.7863
