2--Demonstration/2_Demonstration_Demonstration_Or_Protest_2_696.jpg
22
601.0 295.1 27.2 36.1 604.8 307.4 616.0 306.3 607.9 312.6 606.8 321.6 615.5 320.6 0.9998
470.2 240.3 19.8 24.7 477.3 248.8 486.3 249.3 482.4 252.7 477.8 258.1 485.0 258.5 0.9996
345.5 328.2 28.2 34.0 349.8 341.2 362.7 340.1 354.7 346.2 351.8 354.3 361.3 353.4 0.9996
758.4 341.4 24.3 27.0 767.1 350.4 777.7 350.1 773.8 355.0 769.0 361.2 777.0 361.0 0.9995
538.9 336.6 22.7 27.8 545.5 347.1 556.3 346.9 551.2 351.6 546.3 357.0 555.5 356.9 0.9994
334.6 244.2 20.1 25.0 340.7 252.1 349.7 253.3 344.6 256.3 340.4 262.0 347.4 262.9 0.9994
115.5 309.8 20.4 26.6 121.4 319.9 130.6 319.9 126.2 324.5 122.0 329.3 130.0 329.3 0.9994
474.4 318.7 27.6 36.6 480.4 332.7 493.3 332.1 486.2 337.7 482.2 346.0 492.2 345.5 0.9993
698.4 360.1 23.8 29.5 709.7 370.1 718.8 368.6 718.0 375.4 712.6 382.5 719.1 381.6 0.9993
421.1 313.0 25.7 31.4 428.3 323.8 439.7 324.9 433.5 328.7 428.7 335.7 437.2 336.5 0.9992
176.9 338.0 24.3 29.7 182.0 348.1 193.2 348.4 186.5 354.2 182.5 359.4 192.0 359.7 0.9992
983.8 323.2 17.5 23.1 994.0 332.4 999.4 332.1 999.4 336.9 994.6 341.1 998.5 341.1 0.9991
48.7 330.9 27.8 32.2 53.1 340.5 63.2 340.9 54.5 345.9 52.3 353.5 59.8 353.7 0.9989
810.2 348.8 21.3 26.4 816.5 356.5 826.9 357.2 821.6 361.8 816.5 367.5 825.1 368.0 0.9987
257.7 275.4 15.8 21.7 264.3 283.5 270.8 283.3 269.0 287.3 265.5 291.9 270.6 291.8 0.9985
263.5 318.5 24.4 34.2 269.0 331.9 280.0 331.3 274.1 337.5 270.4 344.7 279.1 344.2 0.9984
190.7 305.5 17.4 22.8 193.8 313.6 200.7 314.3 194.8 317.2 193.2 322.2 198.4 322.7 0.9975
330.5 311.2 17.8 27.1 332.6 321.0 340.4 320.9 335.1 326.7 334.0 332.0 340.1 331.7 0.9956
698.5 303.1 18.5 24.5 709.1 310.0 713.7 309.9 714.3 314.6 710.0 320.2 713.6 320.4 0.9889
260.3 301.3 20.8 24.2 264.8 309.3 274.5 309.4 269.0 312.6 265.3 318.5 273.0 318.6 0.9794
959.6 302.2 19.2 24.6 968.8 308.8 975.4 308.5 974.6 313.5 970.2 319.2 975.5 319.2 0.8101
0.0 314.4 7.2 22.5 -6.0 321.8 2.1 322.1 -2.4 326.4 -5.6 331.1 0.9 331.3 0.6822
