2--Demonstration/2_Demonstration_Political_Rally_2_55.jpg
15
506.9 625.0 13.0 18.5 514.9 633.1 518.1 632.5 518.7 636.4 515.7 639.9 517.8 639.7 0.9985
624.8 606.5 10.0 14.4 630.6 612.5 633.7 612.3 633.5 615.3 630.9 617.9 633.1 618.0 0.9983
897.3 630.1 14.1 16.9 900.6 637.0 906.9 637.5 903.2 641.0 901.1 643.6 905.7 643.9 0.9951
7.9 589.7 8.3 11.2 11.0 594.2 14.3 594.0 13.0 596.2 11.4 598.3 14.1 598.2 0.9932
318.3 615.0 13.5 23.6 328.1 623.7 328.9 623.8 330.9 628.1 328.0 632.8 328.8 633.1 0.9894
393.8 632.2 14.4 23.4 404.9 642.0 405.4 641.7 407.8 646.6 404.4 650.9 404.6 651.0 0.9801
287.9 610.6 18.4 32.4 301.5 622.6 302.1 622.7 305.2 628.8 300.9 635.0 301.5 635.5 0.9799
584.2 613.7 12.6 15.6 591.0 619.0 595.4 618.5 595.1 622.1 592.0 625.6 595.3 625.5 0.9445
530.3 615.1 12.7 18.1 525.9 624.6 530.4 624.3 527.6 627.9 527.0 630.9 530.3 630.6 0.9370
441.8 637.9 13.6 24.7 538.4 621.8 540.8 621.3 541.7 624.9 538.9 628.6 540.8 628.4 0.9213
62.0 589.8 33.7 49.7 451.9 645.9 452.9 646.2 454.6 651.1 451.3 656.2 452.4 656.6 0.9177
135.9 552.4 29.5 58.3 84.0 609.3 88.9 607.4 93.0 616.1 86.2 625.7 90.0 624.8 0.8741
411.8 606.9 8.6 11.7 187.3 683.8 189.5 683.1 192.2 696.4 184.4 707.1 186.0 706.9 0.8625
553.8 624.9 10.9 14.0 159.8 572.2 157.9 571.9 164.5 582.8 159.7 595.9 158.9 596.2 0.8530
765.1 636.2 7.7 10.0 415.2 611.5 418.5 611.2 417.6 613.5 415.9 615.9 418.6 615.7 0.8480
