2--Demonstration/2_Demonstration_Demonstrators_2_65.jpg
60
194.6 1055.0 176.8 244.6 285.9 1168.3 348.9 1156.8 349.8 1208.3 300.8 1253.7 345.8 1244.1 0.9999
880.5 1076.8 142.7 196.0 907.7 1147.4 963.0 1168.8 902.6 1197.4 896.1 1220.8 937.8 1237.7 0.9998
316.7 443.7 64.8 73.5 337.3 467.2 367.2 468.0 353.9 482.3 339.8 496.9 363.6 497.7 0.9996
359.3 1315.8 201.2 230.2 427.0 1440.9 518.5 1422.0 495.5 1489.6 452.7 1535.4 529.0 1518.9 0.9996
542.4 443.3 61.3 74.5 558.1 467.8 586.3 471.2 569.3 487.6 558.4 500.3 577.8 503.1 0.9996
424.2 363.8 52.6 71.9 445.0 393.0 468.3 390.8 462.9 405.5 451.5 420.7 467.8 419.1 0.9994
688.9 691.0 68.1 101.0 698.3 723.3 728.1 725.7 703.1 747.3 698.3 765.1 721.5 767.4 0.9994
664.8 410.8 80.8 93.2 693.6 441.4 729.0 445.7 713.3 455.8 694.1 474.7 723.7 478.3 0.9994
846.1 263.0 50.3 65.1 872.7 288.2 890.8 286.3 889.8 299.4 876.3 312.2 890.1 311.2 0.9993
547.2 701.0 42.2 71.5 559.5 722.7 560.3 723.6 547.8 734.6 553.3 752.6 553.3 752.7 0.9991
739.1 439.2 56.9 79.1 755.4 471.0 782.3 468.7 770.2 483.4 759.6 500.3 780.6 498.5 0.9990
635.7 381.9 62.3 76.0 656.3 407.8 683.3 408.3 670.8 422.6 659.6 437.7 679.0 438.0 0.9988
37.6 235.4 36.8 52.8 60.3 255.7 71.3 256.5 70.2 267.4 58.4 276.4 66.0 277.4 0.9988
610.5 1070.2 46.7 75.6 618.0 1099.3 620.9 1100.8 611.0 1115.8 622.1 1129.3 624.3 1129.5 0.9987
763.9 598.4 66.4 97.3 786.6 638.7 816.9 640.3 803.9 655.6 788.5 672.7 812.6 674.0 0.9986
295.6 268.7 39.8 49.2 304.9 289.5 323.3 287.9 314.3 297.9 308.9 307.6 322.2 306.4 0.9984
72.6 215.6 31.9 48.6 80.6 235.1 96.5 234.9 88.7 245.0 82.9 254.0 95.0 253.8 0.9983
15.9 1233.9 40.1 60.8 25.1 1255.2 28.5 1256.9 17.0 1264.6 20.9 1277.9 23.2 1278.9 0.9981
0.0 203.3 31.4 41.5 9.1 217.9 23.6 218.8 17.0 225.2 10.8 233.7 21.6 234.4 0.9981
206.2 752.0 123.5 162.4 260.5 827.2 309.1 827.0 294.6 858.1 264.4 882.0 296.5 882.1 0.9981
0.0 550.8 61.9 134.5 -8.8 608.7 35.1 608.7 13.5 631.2 -3.8 653.3 31.1 653.7 0.9977
503.1 347.3 42.6 49.4 511.1 363.6 531.0 364.3 519.0 375.1 513.2 385.1 527.6 385.5 0.9974
205.7 1440.3 38.4 45.3 215.1 1459.3 232.8 1455.6 225.8 1466.1 220.2 1475.3 235.0 1472.3 0.9973
474.2 1017.2 34.7 41.6 482.4 1034.9 496.7 1028.8 492.6 1039.9 489.7 1049.6 501.8 1044.8 0.9967
895.8 238.5 30.6 41.9 904.1 256.9 917.7 257.7 910.1 265.9 904.6 272.2 914.8 272.8 0.9966
181.6 368.3 26.2 43.9 186.5 384.4 187.7 384.6 181.8 392.9 187.8 401.8 188.8 401.3 0.9965
947.6 210.1 31.5 40.9 953.6 225.0 964.8 228.3 954.2 234.5 951.6 240.9 959.9 243.1 0.9964
255.6 291.1 35.4 42.9 264.1 304.8 279.2 304.2 271.5 314.4 267.0 323.9 278.2 323.4 0.9962
817.3 397.6 54.8 73.4 845.3 428.5 861.4 423.7 863.9 438.8 853.4 454.7 865.2 451.8 0.9958
45.8 110.4 27.1 35.1 55.8 123.9 67.5 124.2 62.6 131.2 56.8 137.5 65.4 137.8 0.9958
916.2 939.2 30.4 35.9 923.5 953.4 937.4 950.3 932.0 959.3 927.6 966.7 939.6 964.2 0.9948
181.6 175.0 28.3 35.2 192.2 190.7 204.4 189.8 200.0 196.8 194.2 203.1 203.3 202.6 0.9938
739.4 743.0 80.5 109.1 757.7 783.1 793.4 788.1 769.7 807.2 756.8 825.1 781.8 829.1 0.9930
304.4 373.1 55.5 70.9 311.1 403.8 325.5 403.7 310.9 415.4 314.4 427.6 324.6 427.0 0.9912
92.1 139.5 22.9 27.9 95.8 150.9 104.7 151.3 98.2 156.4 96.7 161.6 103.0 161.7 0.9905
456.4 607.0 31.8 39.8 464.6 622.3 479.8 622.2 472.2 630.1 466.4 637.5 478.1 637.4 0.9900
957.2 386.1 51.5 63.3 980.3 412.4 1000.9 413.2 993.2 424.3 981.7 435.0 997.3 435.9 0.9875
851.4 1384.2 36.0 41.0 860.8 1403.0 875.8 1396.0 872.3 1407.7 869.1 1416.7 881.6 1411.2 0.9850
991.3 164.4 22.1 29.4 999.8 176.8 1009.4 177.2 1005.6 182.4 1000.8 187.7 1007.7 188.0 0.9818
677.7 326.5 44.7 54.6 682.9 348.0 693.4 347.8 682.2 359.4 688.1 369.7 695.0 368.8 0.9812
970.0 244.8 35.0 46.9 978.3 261.9 989.3 261.2 982.5 270.8 981.4 280.2 989.7 279.5 0.9793
907.3 276.9 37.9 44.9 917.1 294.2 934.6 293.8 925.4 301.5 918.6 311.3 931.8 311.1 0.9768
131.7 140.2 23.8 31.6 138.5 154.7 149.5 152.6 145.2 159.6 141.5 166.2 149.8 164.7 0.9767
134.3 253.3 34.2 36.1 144.1 272.2 160.0 271.5 152.6 281.8 147.7 286.6 157.4 286.1 0.9754
997.2 196.9 26.2 36.2 1008.2 211.4 1018.8 211.1 1014.4 216.3 1009.4 223.1 1017.7 222.9 0.9724
217.7 177.6 25.8 30.0 223.5 190.3 235.6 190.0 229.0 195.9 225.1 201.8 233.8 201.6 0.9724
179.8 131.9 18.4 22.7 186.1 140.7 194.7 141.2 190.7 146.1 186.2 150.3 192.8 150.8 0.9718
147.4 115.4 17.9 20.5 150.8 123.3 159.1 123.2 154.4 127.8 152.0 132.2 158.5 132.0 0.9655
193.4 226.6 28.5 35.5 199.2 239.8 210.3 241.3 201.5 247.3 198.7 254.1 206.4 255.1 0.9640
98.9 93.0 18.5 22.7 108.4 101.2 113.8 99.6 114.8 103.8 111.7 109.6 115.6 108.6 0.9598
283.8 163.5 21.7 29.6 289.8 176.6 300.3 176.5 295.1 182.8 291.2 188.0 298.7 187.9 0.9582
1003.6 348.1 19.3 69.6 1015.6 376.2 1036.3 374.8 1024.3 388.3 1019.4 401.6 1034.7 400.3 0.9447
566.5 368.7 55.2 67.3 579.3 392.2 600.0 395.0 584.2 406.4 578.6 418.7 593.6 420.5 0.9305
1004.9 128.4 18.0 34.8 1017.7 146.1 1026.3 143.1 1025.7 151.8 1021.7 157.8 1027.2 155.9 0.8855
252.3 177.6 25.2 31.4 263.2 189.4 272.5 189.1 269.6 195.5 264.5 201.6 271.5 201.6 0.8291
78.6 175.3 26.5 31.1 83.7 187.3 96.5 186.3 89.8 192.9 85.9 199.9 95.5 199.1 0.8204
116.1 324.7 20.0 25.1 120.9 334.6 130.0 333.6 125.7 339.4 122.8 344.5 130.0 343.7 0.7684
442.7 499.5 68.4 71.6 455.3 531.0 474.8 526.2 463.3 543.2 466.7 555.5 480.8 551.1 0.7124
279.5 427.9 41.5 66.9 285.8 452.7 294.2 454.6 282.7 466.4 287.0 478.7 293.5 479.8 0.6426
0.0 828.3 35.3 114.1 7.7 885.0 21.5 879.5 22.3 907.0 -8.1 922.2 1.5 919.1 0.5767
