2--Demonstration/2_Demonstration_Political_Rally_2_620.jpg
13
590.9 243.8 123.7 169.7 634.1 301.8 688.9 306.5 667.1 330.2 640.8 368.2 680.3 371.8 0.9998
670.2 130.6 65.9 89.6 696.0 157.7 724.8 159.9 715.8 168.1 699.4 190.7 722.7 192.5 0.9998
847.3 180.0 46.0 57.3 853.7 200.9 869.9 201.7 853.7 209.1 851.2 222.1 863.3 222.9 0.9997
747.7 165.2 39.8 47.1 762.2 183.8 779.2 185.2 772.2 192.8 763.3 201.0 776.3 202.1 0.9996
368.6 197.1 179.4 230.1 446.2 277.0 521.4 275.4 505.2 316.9 454.7 367.6 515.9 366.0 0.9996
967.4 181.6 27.8 47.7 974.3 197.4 974.2 197.9 966.9 206.0 973.2 216.6 973.3 216.5 0.9992
417.1 132.4 35.1 43.1 426.1 150.3 442.9 149.6 434.6 157.6 428.7 166.3 441.0 165.8 0.9991
683.5 2.2 68.6 97.3 699.4 43.9 729.9 41.1 714.3 63.2 705.1 76.8 730.0 74.0 0.9978
315.9 167.3 54.3 60.4 335.8 188.8 357.6 188.6 348.7 200.8 338.7 211.5 354.8 211.4 0.9931
268.3 153.9 34.4 39.3 273.6 166.9 287.2 167.0 277.8 175.1 276.3 183.1 286.2 183.0 0.9890
0.0 124.2 25.0 81.8 7.1 154.9 16.1 153.6 21.8 168.8 4.8 183.7 12.5 183.7 0.9630
533.8 207.4 28.9 40.7 540.8 223.5 552.1 224.5 545.0 230.8 540.7 237.9 548.9 238.6 0.8216
590.6 149.5 40.3 49.2 605.1 166.9 620.0 164.9 615.7 175.0 610.6 186.3 621.9 185.0 0.7554
