2--Demonstration/2_Demonstration_Demonstrators_2_439.jpg
29
448.9 315.4 19.1 23.9 451.1 324.6 459.0 324.5 453.1 328.3 451.7 333.7 457.6 333.5 0.9997
790.3 255.2 42.7 48.3 796.5 271.9 813.0 269.5 802.5 280.1 801.2 291.2 813.3 289.2 0.9994
383.6 309.9 16.2 21.4 391.2 317.5 397.8 317.2 396.4 321.2 392.3 325.8 397.4 325.6 0.9993
483.3 325.1 19.2 24.4 487.6 334.2 496.2 334.0 491.3 337.8 488.2 343.0 495.3 342.9 0.9992
691.4 302.9 17.2 22.1 699.2 311.1 705.9 310.7 704.3 314.5 700.5 319.3 705.8 319.1 0.9991
198.5 305.8 18.7 23.1 202.6 313.9 211.2 314.3 206.4 319.1 203.5 323.4 210.1 323.6 0.9989
769.9 285.8 27.5 32.1 780.6 298.0 792.1 297.9 788.3 303.1 782.8 309.8 791.1 309.7 0.9988
101.8 315.2 61.2 72.2 121.2 340.2 147.3 339.1 135.8 353.7 125.8 368.2 144.8 367.1 0.9988
968.1 295.9 22.7 27.7 971.3 305.6 980.8 305.0 974.1 310.6 972.3 316.3 980.2 315.7 0.9983
718.7 307.6 17.1 21.8 722.5 316.3 729.3 316.6 725.0 320.4 723.4 324.4 728.4 324.6 0.9983
497.2 311.2 15.3 19.6 501.6 320.1 508.7 320.2 505.2 324.3 502.4 327.2 507.8 327.3 0.9983
963.0 276.2 20.8 26.7 968.4 287.6 977.4 286.9 973.1 291.9 970.1 297.0 977.0 296.4 0.9978
585.0 302.0 17.5 20.9 588.8 308.2 596.3 308.5 591.8 312.3 589.3 316.6 595.4 316.8 0.9975
611.8 93.1 20.4 28.3 617.0 103.6 627.5 103.9 622.2 109.1 618.0 114.4 626.4 114.5 0.9974
554.9 326.8 14.5 18.9 558.5 334.0 564.9 334.3 561.4 338.0 558.9 341.4 563.9 341.5 0.9972
706.3 325.0 22.1 24.3 711.1 332.7 721.2 332.1 715.6 336.9 712.4 342.3 720.6 341.8 0.9971
342.6 305.0 12.6 15.5 347.4 311.5 352.7 311.3 350.7 314.2 348.1 317.1 352.2 317.0 0.9968
502.4 328.8 14.0 20.3 504.7 336.8 508.5 337.3 504.5 341.1 505.0 344.9 507.4 345.1 0.9968
329.3 314.6 14.1 18.3 334.2 321.7 339.9 321.7 337.4 325.0 334.8 328.3 339.5 328.4 0.9965
668.0 303.9 14.7 22.6 678.4 312.6 681.0 312.3 682.6 317.1 678.7 321.7 680.4 321.7 0.9961
903.0 319.7 12.3 17.2 908.3 326.1 913.2 326.2 911.4 329.4 908.5 332.7 912.5 332.8 0.9956
613.4 297.3 13.5 18.3 616.2 304.0 622.3 304.0 618.7 307.6 616.6 311.3 621.4 311.3 0.9896
258.1 309.8 18.5 27.6 262.2 316.0 263.6 316.5 258.4 320.7 259.8 328.3 261.0 328.5 0.9815
225.8 301.8 14.4 15.6 230.3 306.4 236.5 306.4 233.7 309.6 231.2 313.1 235.8 313.1 0.9701
744.3 308.7 13.4 19.7 745.6 316.5 747.8 317.1 744.1 320.6 746.0 324.2 747.5 324.3 0.8928
642.8 300.6 16.6 25.8 654.8 309.2 655.8 308.5 658.2 314.0 655.2 320.1 656.3 319.7 0.8870
533.3 311.8 12.8 17.0 536.1 317.8 542.0 317.9 538.8 321.5 536.9 324.9 541.3 324.9 0.8627
419.2 303.4 12.8 17.1 306.7 439.6 325.5 438.0 319.9 452.5 311.0 462.4 323.2 461.2 0.6991
309.3 305.2 12.5 13.7 422.8 311.5 428.3 311.8 425.3 315.3 423.1 317.8 427.1 318.0 0.5561
