2--Demonstration/2_Demonstration_Protesters_2_88.jpg
35
270.2 280.8 44.9 56.9 281.1 300.2 300.8 304.5 286.8 312.6 279.0 322.7 292.7 326.3 0.9998
0.0 402.1 68.4 89.7 5.7 433.3 36.7 434.6 13.8 455.5 8.4 469.6 32.5 470.8 0.9997
440.5 296.0 47.8 61.5 453.5 315.7 474.0 320.0 460.1 328.1 450.9 339.7 465.6 343.3 0.9997
777.6 355.5 72.1 79.4 787.3 391.4 812.6 392.8 794.0 411.6 798.5 422.1 814.7 422.4 0.9997
750.9 265.1 55.2 70.2 756.2 293.1 775.7 293.5 758.4 307.2 759.2 320.2 772.3 320.6 0.9997
548.2 343.0 48.9 58.8 553.6 361.7 573.3 362.0 557.6 373.4 555.3 386.8 569.3 387.2 0.9997
194.4 312.8 56.4 61.5 210.0 332.2 233.4 339.7 215.5 351.0 204.9 357.6 221.2 363.6 0.9997
47.2 331.3 60.4 68.7 63.9 354.5 86.9 363.9 67.1 372.4 56.7 380.5 72.1 387.8 0.9996
483.3 388.0 54.3 70.8 488.9 414.5 510.8 413.3 493.9 428.1 492.6 443.2 508.2 442.5 0.9996
876.7 268.7 41.8 50.8 885.2 282.3 903.5 285.3 889.9 296.9 884.4 305.8 897.3 308.5 0.9996
337.3 314.9 52.2 69.5 344.6 341.8 365.7 342.6 348.5 352.4 344.3 367.1 359.7 368.1 0.9995
27.6 271.8 47.5 65.9 36.2 296.6 58.0 297.7 42.7 307.3 36.3 321.4 52.4 322.5 0.9994
398.0 345.3 42.5 53.5 403.2 365.1 418.7 367.3 405.8 375.0 404.3 385.4 415.1 387.2 0.9994
927.8 315.2 86.3 127.3 939.6 360.8 964.1 361.2 937.4 388.7 946.3 411.1 961.6 410.8 0.9994
363.9 253.4 28.9 37.0 371.3 266.0 384.7 268.0 376.4 273.2 370.8 280.2 381.2 281.8 0.9993
75.3 230.0 32.5 34.3 81.1 243.1 95.2 240.9 87.4 248.8 85.0 257.1 95.3 255.3 0.9992
606.0 274.8 46.4 68.8 615.6 299.7 637.8 301.8 623.6 312.4 616.0 326.1 632.2 327.9 0.9990
538.1 292.1 40.9 49.9 549.6 311.8 567.1 314.5 556.4 322.4 548.1 328.6 562.0 330.7 0.9990
325.2 280.7 37.8 52.5 334.7 299.0 352.4 299.0 342.6 308.6 335.5 319.5 349.6 319.6 0.9989
644.0 299.4 54.6 73.9 651.2 320.2 672.7 323.6 651.1 336.7 647.3 353.1 662.3 356.1 0.9989
159.1 299.0 37.0 52.1 166.8 319.5 184.9 322.1 173.5 332.0 167.1 340.3 180.2 342.1 0.9989
523.6 293.1 35.4 51.4 533.7 312.2 548.9 314.7 538.9 323.1 532.0 330.5 544.1 332.7 0.9986
494.8 288.1 32.4 49.5 500.9 307.2 515.4 305.8 507.7 315.7 504.3 326.6 516.0 325.3 0.9979
196.4 252.4 34.3 37.2 208.2 265.3 223.1 267.7 215.2 272.6 207.7 279.0 218.9 281.0 0.9975
412.2 238.4 15.5 22.4 414.8 246.7 417.3 247.3 412.8 251.1 414.9 255.8 416.3 255.9 0.9921
510.8 239.5 13.8 15.3 516.3 245.8 521.9 246.4 519.4 250.0 516.1 252.0 519.9 252.5 0.9920
113.8 320.5 33.3 45.6 122.6 336.1 137.0 336.1 129.7 344.8 124.7 354.2 134.9 354.1 0.9911
183.5 229.1 12.3 15.4 518.0 310.0 533.6 311.0 524.3 320.6 518.3 330.1 530.7 330.7 0.9741
149.9 243.4 15.7 17.8 189.5 234.9 193.3 234.0 193.3 237.6 191.0 241.0 193.8 240.5 0.9673
554.0 241.6 11.4 14.5 153.2 248.8 159.6 248.9 155.8 252.9 154.2 256.6 159.0 256.6 0.8987
547.5 266.2 18.6 20.6 556.3 246.7 561.1 246.4 558.3 249.7 557.2 252.7 560.9 252.5 0.8134
741.7 259.0 21.2 30.2 870.3 222.0 876.2 221.6 871.3 229.2 875.3 233.7 878.8 233.0 0.7731
887.9 502.3 67.3 91.2 31.5 282.8 45.9 284.2 37.9 292.0 30.1 298.3 41.8 299.5 0.7629
917.8 390.9 47.9 71.3 -15.7 268.4 -5.4 268.5 -14.3 276.4 -14.4 284.4 -6.5 284.1 0.7241
445.6 238.6 12.6 15.7 478.5 283.7 492.3 283.0 485.7 290.4 480.3 297.4 491.1 297.0 0.5966
