2--Demonstration/2_Demonstration_Political_Rally_2_330.jpg
123
346.3 636.1 18.3 22.6 350.9 644.6 359.1 644.3 355.1 649.2 352.0 653.2 358.9 653.0 0.9996
130.3 654.7 19.5 26.8 139.8 665.7 146.7 665.2 145.5 670.6 139.8 674.5 145.6 674.4 0.9996
713.0 592.5 16.8 16.8 717.1 600.8 725.0 601.2 720.8 605.5 718.2 607.0 723.5 607.3 0.9996
785.7 588.8 16.5 21.5 788.2 598.2 795.0 597.5 791.1 602.2 790.1 606.2 795.5 605.6 0.9995
913.8 562.4 14.7 20.1 915.8 569.9 921.6 570.0 917.5 574.4 916.8 577.9 921.3 577.9 0.9994
864.7 594.6 18.2 21.0 867.8 606.5 873.6 604.3 871.1 610.4 872.9 613.4 876.8 611.6 0.9993
812.7 571.6 15.4 19.4 815.6 579.8 822.0 579.7 818.1 583.5 816.5 586.9 821.6 586.7 0.9993
675.2 579.7 13.5 15.9 678.3 585.4 684.7 585.6 681.1 588.5 679.0 591.9 683.7 592.0 0.9993
492.1 647.0 17.3 23.7 494.6 656.8 498.3 657.5 493.3 661.4 495.3 665.5 497.6 665.8 0.9992
897.2 610.6 17.7 24.0 898.7 619.9 905.1 620.8 899.3 625.0 899.2 628.8 904.3 629.2 0.9991
957.2 729.6 34.8 37.7 966.9 743.5 973.3 747.3 960.0 751.2 960.0 759.8 964.0 762.4 0.9990
156.6 582.7 12.7 19.0 157.7 589.7 158.6 589.9 155.2 593.5 158.4 597.3 158.6 597.1 0.9990
706.3 556.8 13.7 19.6 707.9 564.5 712.6 564.9 708.4 568.5 708.2 572.1 711.8 572.2 0.9989
989.7 553.6 16.5 22.4 991.8 563.0 998.4 563.4 993.5 567.4 992.5 571.1 997.4 571.3 0.9989
341.6 580.0 16.0 20.1 347.3 588.1 354.4 588.1 351.4 591.9 347.9 595.5 353.7 595.5 0.9989
280.7 631.8 17.4 23.1 284.3 642.3 291.5 641.7 287.8 646.5 286.1 650.3 291.8 649.8 0.9988
331.9 605.4 17.1 23.6 335.6 615.4 343.5 615.4 339.2 619.9 336.4 623.8 342.8 623.7 0.9988
541.6 563.0 16.8 20.4 546.8 571.3 554.4 571.6 550.8 575.9 547.6 579.3 553.1 579.6 0.9977
387.4 671.2 17.4 23.6 394.8 680.3 401.3 680.9 398.4 685.3 394.5 689.1 399.5 689.6 0.9975
829.9 626.4 15.1 17.9 833.5 632.9 839.8 634.7 835.1 637.5 832.7 640.1 836.9 641.4 0.9974
241.2 548.9 10.3 14.0 245.2 555.0 249.8 555.0 247.9 557.8 245.5 560.0 249.1 560.0 0.9972
868.4 676.0 22.3 27.7 874.3 686.8 883.9 688.1 878.1 692.2 874.4 696.8 881.8 697.8 0.9972
751.4 482.0 8.7 10.2 753.5 485.2 757.5 485.5 755.1 487.4 753.6 489.4 756.8 489.6 0.9969
104.6 487.4 8.9 10.7 106.8 491.3 110.8 491.5 108.6 493.5 106.9 495.6 110.2 495.7 0.9969
210.5 580.4 14.1 18.0 215.0 586.8 221.8 586.6 219.0 590.3 215.9 593.9 221.5 593.8 0.9969
461.2 601.4 18.0 24.5 468.2 611.7 475.9 610.9 473.4 616.9 469.7 621.2 475.5 620.7 0.9967
928.3 509.4 9.9 12.9 933.4 515.4 936.8 515.0 936.4 518.0 933.9 520.1 936.2 519.9 0.9960
362.2 535.8 10.8 14.7 363.7 541.3 366.5 541.4 363.8 544.2 364.4 547.3 366.3 547.2 0.9958
1.7 615.2 15.5 18.8 4.5 622.4 11.8 622.3 7.5 626.5 5.6 630.1 11.0 629.9 0.9957
295.7 538.0 10.0 13.8 301.1 544.1 304.7 544.0 304.1 547.0 301.2 549.3 303.7 549.3 0.9953
303.1 667.5 17.4 22.7 309.3 675.5 317.1 675.4 314.0 680.0 309.8 684.0 316.5 683.9 0.9953
664.9 542.5 12.4 14.5 668.2 548.1 673.8 547.9 671.1 551.2 668.9 553.8 673.3 553.8 0.9952
872.1 563.6 15.3 16.8 876.1 569.7 882.4 571.7 877.8 574.5 874.7 576.1 879.4 577.7 0.9943
729.8 514.0 10.0 12.9 731.6 518.9 735.6 518.7 733.1 521.3 732.3 523.9 735.4 523.7 0.9929
745.6 554.7 16.7 19.8 750.5 561.4 758.7 561.5 754.9 565.8 751.1 570.0 757.8 570.2 0.9929
363.2 488.7 10.0 13.2 366.3 493.2 371.0 492.8 369.2 495.7 367.1 498.6 371.0 498.4 0.9919
694.8 486.9 9.0 11.3 697.0 491.6 701.0 491.6 698.9 493.6 697.4 495.6 700.7 495.6 0.9915
779.0 499.9 10.7 13.2 782.0 505.3 786.7 505.2 784.4 508.0 782.7 510.4 786.4 510.2 0.9913
153.2 485.3 9.5 12.2 155.6 490.2 159.9 490.1 157.9 492.5 156.2 494.9 159.7 494.8 0.9907
250.2 528.7 9.4 11.4 252.6 532.5 256.8 532.6 254.6 534.7 252.8 537.0 256.4 537.1 0.9899
546.9 530.0 9.7 10.4 549.7 533.6 554.0 533.7 551.8 535.9 550.0 538.0 553.4 538.1 0.9898
136.3 458.9 7.5 10.0 139.3 462.9 142.5 462.7 141.5 464.9 139.9 466.9 142.4 466.8 0.9889
338.4 535.9 9.7 12.4 339.6 540.7 342.8 540.5 340.3 543.2 340.5 545.8 343.0 545.5 0.9887
160.5 637.7 15.9 19.7 169.1 644.2 174.0 643.6 173.5 648.3 169.4 652.4 173.1 652.2 0.9887
414.0 585.4 17.0 16.0 420.4 592.1 427.5 593.0 424.0 596.6 420.5 598.2 425.0 598.9 0.9885
610.8 488.0 8.9 11.7 612.5 492.2 616.6 492.0 614.4 494.4 613.2 496.8 616.5 496.6 0.9881
921.8 703.9 24.0 31.4 925.9 719.0 934.9 718.4 929.2 725.2 929.6 729.6 935.8 729.0 0.9859
16.6 644.5 19.5 27.2 26.7 654.5 32.6 654.1 32.1 659.9 27.7 665.4 31.9 665.3 0.9837
131.3 507.7 10.6 13.0 133.3 512.7 138.3 512.6 135.4 515.1 133.9 517.7 138.0 517.6 0.9834
739.8 524.4 9.6 13.4 741.1 529.5 743.4 529.6 740.9 532.1 741.7 534.8 743.2 534.6 0.9826
660.0 518.7 9.6 11.5 661.4 522.2 664.3 522.7 661.2 525.0 661.5 527.4 663.5 527.6 0.9825
886.7 506.6 9.4 10.2 888.4 510.4 892.5 510.1 890.3 512.7 889.4 514.8 892.5 514.5 0.9814
882.4 469.6 8.3 9.9 884.5 472.9 888.1 473.2 885.9 475.2 884.6 477.2 887.4 477.4 0.9802
315.5 490.4 10.7 14.9 318.7 496.6 323.5 496.5 321.2 499.9 319.3 502.5 323.1 502.5 0.9801
226.6 507.1 10.6 12.9 229.5 511.8 234.5 511.7 232.1 514.3 230.1 516.8 234.2 516.7 0.9794
963.4 475.9 9.8 12.8 966.1 480.8 970.5 480.9 968.3 483.3 966.5 485.7 970.0 485.8 0.9765
192.1 486.7 8.8 11.2 195.4 490.9 199.3 490.9 197.9 493.4 195.6 495.6 198.6 495.7 0.9745
40.5 511.1 8.9 13.0 45.3 516.8 47.9 516.3 47.8 519.3 46.1 521.8 47.8 521.6 0.9732
83.7 591.6 12.1 15.2 85.8 596.5 88.8 597.0 85.3 599.5 85.6 602.9 87.7 603.1 0.9695
235.6 481.4 9.4 11.9 238.5 486.8 242.7 486.2 241.1 488.7 239.6 491.0 242.7 490.6 0.9679
260.5 511.3 8.3 10.4 261.8 514.9 264.8 515.1 262.4 517.2 262.1 519.3 264.3 519.3 0.9663
949.6 515.7 11.2 13.3 952.0 520.4 957.2 520.8 953.9 523.4 952.0 526.0 956.1 526.3 0.9648
520.2 466.9 10.1 12.5 522.8 471.2 526.6 471.4 524.1 474.2 523.1 476.7 525.9 476.8 0.9610
260.7 479.5 7.8 9.6 263.1 483.4 266.7 483.6 265.0 485.4 263.3 487.1 266.2 487.2 0.9605
168.3 440.4 7.7 8.9 170.1 443.6 173.7 443.4 171.9 445.3 170.7 447.3 173.6 447.1 0.9601
872.3 457.9 7.5 8.9 874.8 461.4 877.9 461.3 876.6 463.1 875.3 464.8 877.8 464.7 0.9571
502.4 430.9 8.6 11.4 505.6 435.2 509.1 435.0 507.8 437.3 506.2 439.6 508.9 439.5 0.9556
604.8 464.9 8.3 10.2 608.7 468.8 611.5 468.5 611.0 470.6 609.4 472.7 611.4 472.5 0.9551
844.0 505.9 10.7 13.7 846.9 510.7 851.4 510.6 849.1 513.4 847.4 516.2 851.2 516.1 0.9538
903.1 451.4 7.4 8.4 905.1 454.8 908.5 454.8 906.8 456.6 905.5 458.2 908.1 458.2 0.9534
280.0 454.1 7.7 8.7 281.7 457.1 285.1 457.0 283.2 458.9 282.3 460.8 285.0 460.6 0.9530
3.8 476.0 8.4 11.2 7.6 480.5 10.7 480.4 9.8 482.8 7.9 484.9 10.3 484.9 0.9527
775.2 621.7 15.3 20.1 778.7 630.4 783.9 631.3 780.2 635.3 779.0 638.1 782.6 638.7 0.9516
84.4 439.1 7.5 9.2 86.3 442.9 89.7 442.6 88.1 444.5 87.0 446.3 89.7 446.1 0.9494
921.4 648.0 18.5 22.8 924.4 656.7 932.4 657.7 927.0 662.6 925.0 666.3 930.6 666.8 0.9475
44.6 578.6 14.7 17.7 51.2 585.6 55.6 584.2 55.7 588.4 54.0 592.3 57.0 591.4 0.9437
78.8 513.5 10.7 12.3 81.7 517.8 86.9 518.1 84.0 520.6 81.8 523.0 85.9 523.3 0.9430
805.6 488.5 7.6 10.5 809.6 492.3 812.0 492.2 811.6 494.5 809.8 496.5 811.6 496.6 0.9267
200.4 448.2 7.8 9.6 202.7 451.9 206.2 451.6 204.7 453.6 203.3 455.7 206.1 455.6 0.9194
399.9 465.3 7.8 9.3 401.9 469.7 405.3 469.6 403.6 471.6 402.4 473.1 405.1 473.0 0.9177
1006.2 601.2 12.5 13.7 1007.8 606.9 1009.8 606.7 1007.8 610.4 1010.9 612.5 1011.9 612.1 0.9051
726.8 437.2 7.6 9.3 728.8 440.2 732.4 440.3 730.5 442.2 729.1 444.2 731.9 444.2 0.8981
291.7 557.4 8.9 13.0 296.2 561.9 299.1 561.7 298.8 564.5 296.7 567.4 299.0 567.4 0.8964
1000.0 631.9 19.3 25.8 1002.5 638.6 1008.6 639.8 1001.8 643.7 1001.3 649.7 1006.0 650.5 0.8928
51.5 599.7 14.4 18.5 53.1 606.0 55.4 606.3 52.8 610.7 55.6 613.9 57.2 614.0 0.8874
166.9 476.7 8.1 8.8 169.7 480.0 173.2 480.4 171.3 482.1 169.6 483.6 172.2 483.9 0.8853
533.5 431.9 8.0 9.6 535.1 435.8 538.5 435.5 536.7 437.6 535.9 439.6 538.6 439.3 0.8849
451.9 531.0 10.3 12.8 453.9 536.3 459.0 535.7 456.7 539.0 455.3 541.7 459.0 541.2 0.8820
482.1 464.0 10.4 12.0 485.3 468.5 489.8 468.8 487.4 471.5 485.5 473.9 488.8 474.1 0.8783
202.7 478.6 7.7 10.0 205.2 482.7 208.3 482.4 207.1 484.5 205.8 486.4 208.3 486.2 0.8760
627.3 468.6 6.4 8.2 628.3 471.2 630.6 471.5 628.7 473.2 628.4 474.9 630.1 475.0 0.8757
702.9 444.4 7.1 8.1 704.9 447.4 708.2 447.5 706.5 449.1 705.1 450.7 707.7 450.8 0.8554
709.1 476.3 7.6 9.0 711.1 480.3 714.6 480.4 712.7 482.3 711.4 483.9 714.1 483.9 0.8548
767.6 430.2 9.7 11.8 769.8 435.5 774.5 435.1 772.3 437.6 770.9 439.8 774.5 439.4 0.8531
955.0 495.1 9.4 10.6 957.4 498.5 962.0 498.5 959.8 500.8 957.9 503.1 961.6 503.1 0.8498
90.9 452.3 9.8 12.0 93.2 457.3 98.0 456.8 96.0 459.5 94.4 462.1 98.2 461.7 0.8465
254.4 446.0 7.9 9.6 256.2 449.0 260.2 449.1 258.2 451.2 256.6 453.4 259.8 453.4 0.8363
219.0 452.2 7.5 8.5 221.1 455.4 224.6 455.2 223.0 457.1 221.6 458.9 224.4 458.8 0.8352
275.9 417.6 7.5 8.5 277.9 420.6 281.4 420.9 279.4 422.7 277.9 424.2 280.5 424.5 0.8175
287.6 479.5 8.5 9.8 290.1 483.3 294.2 483.3 292.3 485.5 290.5 487.4 293.6 487.4 0.8170
721.8 542.1 8.5 12.3 723.5 546.4 725.6 546.9 723.2 549.0 723.4 551.4 724.9 551.7 0.8166
369.9 464.6 7.9 9.3 371.7 467.7 375.5 467.7 373.5 469.8 372.0 471.8 375.0 471.9 0.8104
446.5 395.2 7.3 8.6 448.3 398.4 451.8 398.3 450.0 400.2 448.7 402.0 451.5 401.9 0.7966
585.6 593.1 14.7 17.1 587.8 601.7 594.0 601.7 590.1 605.6 589.2 608.0 593.4 607.9 0.7884
341.0 431.0 7.7 9.1 343.0 434.3 346.7 434.4 344.8 436.3 343.3 438.1 346.1 438.2 0.7883
584.8 493.1 8.0 10.1 586.5 497.1 589.5 497.1 587.6 499.1 587.0 500.9 589.2 500.9 0.7812
324.8 435.5 7.5 9.0 327.6 438.7 330.9 438.6 329.6 440.6 328.0 442.6 330.6 442.5 0.7803
548.1 490.6 8.2 10.3 552.1 494.9 554.7 494.6 554.3 497.0 552.7 498.9 554.5 498.8 0.7791
493.1 403.9 7.3 9.5 494.2 408.1 497.2 408.0 495.3 410.0 494.9 411.8 497.1 411.6 0.7701
931.5 447.9 8.3 10.5 932.9 451.9 936.0 452.2 933.5 454.4 933.0 456.6 935.3 456.7 0.7666
157.8 559.8 11.9 15.3 163.2 565.0 167.8 565.2 166.4 568.0 163.4 571.0 167.0 571.3 0.7582
753.1 443.0 7.1 8.6 754.7 446.6 757.7 446.9 755.8 448.8 754.8 450.3 757.0 450.5 0.7362
768.2 419.8 6.9 8.5 770.1 423.0 773.4 423.1 771.8 424.8 770.4 426.4 772.9 426.5 0.7331
397.3 478.6 9.8 12.6 401.5 483.4 404.4 483.1 403.6 485.8 402.1 488.4 404.3 488.3 0.7043
490.9 489.5 7.5 10.2 492.2 493.3 494.6 493.4 492.6 495.3 492.5 497.3 494.3 497.2 0.6990
664.8 436.4 8.5 10.4 667.3 439.9 671.0 440.1 669.1 442.3 667.5 444.4 670.3 444.6 0.6987
248.3 402.9 7.4 8.7 250.3 405.9 253.8 406.0 251.9 407.9 250.5 409.6 253.2 409.7 0.6757
604.4 561.9 13.3 18.3 609.0 569.0 612.8 568.3 611.9 572.2 610.9 576.3 613.6 575.8 0.6660
15.5 393.8 11.6 16.9 19.3 402.0 24.7 401.9 22.3 405.7 20.2 408.4 24.0 408.4 0.6171
387.6 438.2 8.1 9.4 389.7 441.3 393.5 441.1 391.7 443.2 390.4 445.2 393.4 445.1 0.6100
532.2 591.7 21.1 25.5 538.9 601.9 547.9 600.0 545.0 604.1 541.7 610.6 548.6 609.2 0.5450
1005.2 417.8 6.7 8.1 1007.6 421.1 1010.5 421.1 1009.4 422.9 1007.9 424.4 1010.0 424.5 0.5363
569.4 450.6 8.3 11.3 572.9 455.5 575.9 455.2 575.2 457.6 573.5 459.8 575.8 459.6 0.5151
