2--Demonstration/2_Demonstration_Political_Rally_2_249.jpg
18
571.0 285.6 30.5 41.0 583.9 300.0 597.2 299.7 594.1 306.3 586.5 315.8 596.7 315.5 0.9992
186.0 361.7 14.6 18.0 191.9 369.0 197.3 368.4 195.9 371.9 193.1 375.4 197.4 375.1 0.9991
227.3 360.2 14.8 18.0 231.1 366.7 238.0 366.3 234.8 370.0 232.5 374.0 237.7 373.7 0.9988
49.4 344.4 16.6 22.2 55.9 352.7 62.7 352.9 60.0 356.9 56.0 360.6 62.0 360.8 0.9983
392.7 346.6 14.4 18.8 396.8 353.4 403.1 353.4 400.1 356.6 397.4 360.4 402.7 360.4 0.9974
278.7 354.3 15.2 21.7 284.9 362.7 291.2 362.9 288.8 367.1 285.0 370.6 290.5 370.8 0.9963
772.5 347.9 15.1 18.7 776.7 354.8 783.4 355.0 780.0 358.3 777.3 362.0 782.6 362.1 0.9960
126.6 350.7 14.1 19.1 133.5 358.0 138.4 357.6 137.9 361.4 135.0 365.5 138.5 365.3 0.9953
489.7 351.5 14.7 18.6 495.3 358.1 501.6 358.1 499.1 361.6 495.6 365.2 501.1 365.3 0.9934
705.6 356.5 14.7 17.3 709.8 363.2 716.3 362.1 713.8 366.0 711.6 369.8 716.9 369.0 0.9930
164.4 317.3 14.2 17.8 168.9 325.0 174.9 323.8 172.8 328.0 170.9 331.7 175.5 330.7 0.9858
989.9 348.2 16.7 20.6 993.1 354.2 1000.6 354.2 996.1 357.9 993.6 362.6 999.7 362.5 0.9830
336.9 348.2 16.0 20.3 341.8 356.1 349.1 355.6 346.0 359.8 343.2 364.1 348.9 363.7 0.9815
891.6 360.2 16.0 17.6 895.5 365.5 902.3 366.2 897.8 368.7 895.2 372.6 900.5 373.1 0.9747
455.3 298.7 14.9 17.4 463.0 304.7 468.4 305.1 467.0 308.8 463.0 312.3 466.8 312.8 0.9696
795.2 360.5 15.0 17.3 797.6 366.4 804.4 365.3 800.5 368.9 798.8 373.5 804.5 372.7 0.9288
738.3 367.1 11.7 14.0 14.4 369.6 21.2 369.5 16.8 374.4 16.3 378.5 21.3 378.2 0.8187
650.2 298.8 12.4 14.7 339.0 363.7 346.7 364.1 342.1 368.3 339.6 371.6 345.3 371.9 0.6226
