2--Demonstration/2_Demonstration_Political_Rally_2_599.jpg
10
275.7 232.6 146.7 202.9 308.1 293.0 367.8 295.9 322.8 324.1 307.8 376.6 347.1 379.0 0.9999
783.8 476.1 163.0 212.3 812.8 564.8 855.7 584.3 790.2 609.8 794.4 645.0 824.8 659.2 0.9999
504.0 539.7 142.0 148.8 535.1 609.1 596.4 594.5 569.4 639.7 560.6 678.9 603.2 666.6 0.9998
198.9 459.8 166.0 224.5 231.1 545.8 303.6 540.8 258.1 587.5 243.6 631.0 298.5 626.9 0.9998
123.4 0.0 124.6 109.8 152.1 6.5 210.1 9.3 176.3 36.2 153.9 64.9 202.3 67.1 0.9997
612.8 29.2 122.5 140.5 633.9 90.5 684.8 76.9 658.9 110.9 653.9 139.9 693.7 128.2 0.9997
752.5 283.3 124.5 160.1 785.3 348.3 844.3 345.8 817.2 375.4 795.8 407.4 841.3 404.8 0.9997
40.9 496.6 158.1 185.2 76.4 553.1 149.6 558.9 103.2 595.7 76.1 630.2 134.8 635.1 0.9995
296.8 124.8 129.1 150.1 324.4 180.9 382.1 186.7 343.3 206.9 324.9 234.1 367.8 238.9 0.9991
847.9 203.5 97.6 144.1 887.0 262.8 929.1 265.7 911.9 302.9 882.3 317.9 913.0 320.6 0.9967
