2--Demonstration/2_Demonstration_Demonstration_Or_Protest_2_650.jpg
138
867.4 489.0 23.9 28.1 878.3 497.7 887.8 497.8 884.8 503.5 878.8 509.3 886.5 509.6 0.9998
600.7 503.8 18.7 30.6 615.9 516.4 617.3 515.3 621.6 521.3 616.8 527.1 617.5 526.8 0.9998
619.0 365.0 14.4 17.2 620.6 371.4 625.2 371.4 621.1 374.7 621.4 378.1 625.0 377.9 0.9998
255.8 455.8 22.9 29.5 270.6 468.8 275.7 468.3 276.0 475.0 269.2 479.6 272.4 479.6 0.9997
604.3 320.5 12.6 15.3 609.4 326.8 614.5 327.2 612.5 330.3 609.5 332.5 613.2 332.9 0.9996
595.7 401.8 17.8 23.1 603.3 412.0 610.8 411.2 608.8 415.6 604.4 419.5 610.5 419.0 0.9996
712.1 300.1 10.2 11.5 714.4 304.7 719.0 304.1 716.8 307.1 715.6 309.3 719.1 308.8 0.9996
965.5 306.6 11.9 12.8 970.8 312.4 975.1 313.5 972.7 315.9 969.5 316.9 972.4 317.9 0.9996
397.1 366.5 15.2 20.5 404.6 374.0 410.3 374.2 408.8 377.6 404.6 381.1 409.8 381.4 0.9996
498.7 453.9 22.1 29.1 508.4 465.3 518.1 465.6 514.6 471.5 508.1 476.0 516.0 476.3 0.9995
12.4 446.0 21.3 28.0 18.4 457.6 28.6 457.1 23.9 463.0 19.4 467.4 28.2 467.0 0.9995
522.6 266.5 9.9 11.7 526.2 270.5 530.7 270.6 528.7 272.9 526.3 275.3 530.0 275.4 0.9995
306.3 323.4 13.8 17.9 310.2 330.6 316.4 330.8 313.2 333.9 310.4 336.9 315.6 337.1 0.9995
683.5 407.2 13.6 18.8 685.8 414.0 692.3 414.6 688.1 417.8 686.1 421.2 691.2 421.6 0.9995
653.4 492.0 20.1 26.2 665.7 502.5 671.3 501.5 671.8 507.8 665.6 512.8 669.2 512.2 0.9994
249.4 217.4 7.9 10.6 253.2 221.7 256.1 221.8 255.3 223.7 253.3 225.5 255.6 225.6 0.9994
220.1 229.0 8.4 11.1 222.2 233.7 226.1 233.4 224.3 235.6 222.9 237.6 226.2 237.4 0.9994
422.6 311.0 13.3 17.6 426.2 318.6 432.4 318.1 429.7 321.6 427.4 324.8 432.5 324.4 0.9994
529.0 342.6 14.0 17.3 534.7 351.1 540.7 350.3 538.8 354.5 535.9 357.1 540.3 356.6 0.9994
766.3 308.0 10.8 12.6 769.9 312.5 774.7 312.2 772.8 314.8 770.6 317.4 774.4 317.2 0.9994
255.3 413.1 20.3 25.2 263.7 422.4 272.4 423.1 268.9 428.6 263.5 431.9 270.4 432.6 0.9994
311.5 261.5 9.6 12.7 313.2 266.5 317.0 266.6 314.5 268.8 313.5 271.1 316.7 271.1 0.9994
208.4 303.9 14.5 17.0 210.2 309.9 216.3 310.0 211.8 313.6 210.8 316.9 215.3 316.9 0.9994
867.9 333.2 15.0 16.4 874.3 338.2 880.6 337.9 878.7 341.5 875.1 345.2 880.1 345.2 0.9993
737.2 452.8 21.9 30.1 748.6 466.3 756.7 466.2 755.0 471.8 749.1 476.3 755.2 476.5 0.9993
638.9 382.9 16.6 20.4 647.7 390.2 653.8 389.8 653.1 394.4 649.0 398.5 653.3 398.4 0.9993
803.9 300.1 11.1 14.5 806.3 305.9 811.4 305.9 808.5 308.3 806.8 311.2 810.8 311.2 0.9993
71.8 232.7 10.5 13.3 76.3 238.3 80.6 238.2 79.2 240.8 76.8 243.1 80.0 243.1 0.9993
908.1 324.4 11.3 14.2 912.9 329.6 917.6 329.5 916.1 332.2 913.2 334.8 917.4 334.8 0.9993
775.0 330.5 12.8 15.4 780.6 337.0 785.8 336.9 784.1 340.2 781.1 342.8 784.9 342.7 0.9992
8.4 415.5 21.2 25.5 14.8 426.3 24.5 425.3 20.6 430.8 17.0 436.0 24.2 435.2 0.9992
933.1 329.2 14.2 19.7 941.7 336.8 945.5 336.4 946.0 340.0 942.4 343.8 945.4 343.8 0.9992
685.6 310.8 10.6 14.0 689.3 315.9 694.2 316.3 692.1 318.9 689.5 321.5 693.2 321.8 0.9992
518.0 312.7 11.1 17.7 526.3 320.1 526.7 319.9 529.0 323.3 526.1 326.5 526.4 326.6 0.9991
735.1 299.3 12.3 15.9 738.4 306.4 743.8 306.7 740.9 310.0 738.8 312.2 742.9 312.4 0.9991
3.3 285.3 11.2 16.6 10.4 291.9 12.2 291.4 13.9 294.2 11.3 297.6 12.6 297.5 0.9991
588.1 355.1 14.7 17.9 590.7 361.2 597.3 362.3 592.8 365.7 590.6 368.4 595.8 369.1 0.9991
834.9 312.9 12.3 14.8 842.9 318.8 846.4 318.8 846.2 321.9 842.8 324.5 845.3 324.8 0.9991
824.9 337.3 14.8 16.0 828.4 341.9 835.2 342.8 831.0 345.6 828.3 348.6 833.7 349.3 0.9990
669.2 339.2 11.7 14.5 672.5 343.9 678.1 343.9 675.3 347.4 673.0 350.2 677.3 350.3 0.9990
345.1 247.9 9.1 11.6 347.8 252.3 351.8 252.5 349.6 254.5 347.8 256.5 351.2 256.6 0.9990
276.7 268.8 9.9 11.3 279.9 272.5 284.4 272.2 282.7 274.6 280.7 277.1 284.4 276.9 0.9990
626.5 436.5 17.4 19.1 634.3 442.7 641.2 442.4 639.4 446.5 635.4 450.4 640.4 450.3 0.9990
387.4 292.3 11.0 14.9 388.9 298.2 393.3 298.5 389.8 301.2 389.1 303.8 392.3 304.0 0.9989
943.6 320.4 9.7 13.1 946.7 325.7 951.0 325.8 949.0 328.3 947.0 330.5 950.4 330.6 0.9989
363.6 326.5 14.0 17.8 370.6 333.5 375.8 333.6 374.4 337.0 370.7 340.0 374.9 340.3 0.9989
748.9 362.9 11.7 17.3 756.3 369.2 757.9 368.5 760.3 371.8 757.7 375.8 758.8 375.5 0.9988
502.4 279.3 10.1 12.9 504.4 284.6 508.5 284.8 505.7 287.1 504.6 289.3 507.9 289.3 0.9988
431.8 404.4 18.5 22.1 436.6 411.1 444.9 412.2 440.1 416.2 436.7 420.3 443.2 421.1 0.9988
264.3 278.6 11.3 14.1 267.7 283.9 273.2 283.9 270.8 286.5 268.1 289.2 272.6 289.3 0.9988
336.3 344.5 14.4 17.8 341.1 350.6 347.8 351.8 344.3 354.5 340.4 356.8 346.4 357.8 0.9988
469.0 250.9 8.7 12.2 470.4 255.6 473.6 255.8 471.2 258.3 470.7 260.5 473.2 260.5 0.9987
373.6 395.4 16.6 20.8 378.7 404.5 386.5 404.7 382.7 409.5 379.4 412.4 385.0 412.7 0.9987
777.7 271.5 9.8 12.4 778.9 276.6 782.6 276.7 779.9 279.1 779.7 281.3 782.2 281.3 0.9987
943.7 493.2 24.2 29.4 946.3 502.0 954.1 503.1 946.4 509.4 948.0 514.8 954.1 515.2 0.9986
279.7 245.7 8.5 11.0 282.0 250.3 285.9 250.2 283.9 252.4 282.5 254.4 285.7 254.4 0.9986
693.5 295.9 10.0 12.8 698.2 301.1 702.1 301.2 701.0 303.6 698.5 305.9 701.4 306.0 0.9986
275.3 218.1 7.4 9.5 277.2 221.7 280.9 221.7 278.9 223.6 277.5 225.4 280.5 225.4 0.9984
1011.4 279.2 8.2 9.4 1014.8 282.5 1018.3 282.6 1016.9 284.6 1014.9 286.4 1017.6 286.6 0.9982
508.6 252.4 8.3 10.5 511.1 256.6 515.0 256.5 513.2 258.7 511.6 260.6 514.7 260.6 0.9981
287.9 223.3 7.4 10.0 292.4 227.4 294.4 227.1 294.6 229.1 292.7 230.9 294.3 230.9 0.9981
812.9 287.0 10.0 12.7 816.2 291.5 820.7 291.7 818.5 294.4 816.2 296.5 820.0 296.8 0.9981
473.9 337.3 13.5 18.5 479.4 344.0 484.6 344.1 482.7 347.7 479.7 351.1 484.0 351.3 0.9980
527.8 288.8 9.7 14.0 532.6 294.1 536.2 294.5 535.0 297.1 532.3 299.5 535.0 299.9 0.9979
486.6 345.1 14.0 19.9 491.9 353.8 498.1 353.7 495.8 357.7 492.4 360.5 497.6 360.5 0.9977
186.9 227.6 8.1 10.0 190.0 231.8 193.3 231.7 192.1 233.7 190.4 235.4 193.0 235.4 0.9977
518.0 294.4 9.7 13.1 523.7 299.4 526.3 298.8 526.7 301.7 524.2 304.6 526.0 304.3 0.9976
205.1 268.4 8.7 11.2 206.4 272.2 208.6 272.7 205.9 274.7 206.4 276.9 207.9 277.1 0.9974
448.6 208.0 7.2 9.8 449.8 211.7 452.5 212.0 450.4 213.7 449.9 215.5 452.0 215.6 0.9972
973.8 279.5 8.1 9.4 978.1 282.9 980.7 283.2 980.0 285.2 977.8 286.8 979.6 287.1 0.9969
636.7 327.8 11.2 15.0 638.3 332.3 642.8 333.0 639.2 335.9 638.4 338.8 641.9 339.2 0.9969
959.5 349.6 12.3 14.7 961.3 354.9 966.2 354.7 962.9 357.9 962.2 361.0 965.7 360.8 0.9969
40.5 181.8 6.8 8.4 42.8 184.9 46.0 184.9 44.5 186.6 43.0 188.1 45.7 188.1 0.9968
506.3 238.1 8.1 10.2 509.4 242.3 512.7 242.0 511.7 244.0 510.0 246.0 512.7 245.8 0.9968
735.9 273.1 8.1 11.5 740.1 277.8 742.5 277.6 742.3 279.9 740.5 282.2 742.2 282.1 0.9968
842.6 286.0 9.9 13.3 844.9 290.7 849.3 290.9 846.7 293.6 845.2 296.2 848.6 296.3 0.9968
317.2 233.1 8.9 11.1 320.1 238.2 324.3 237.9 322.6 240.3 320.9 242.2 324.1 242.0 0.9963
910.8 306.6 9.7 13.6 916.6 312.2 919.2 312.1 919.1 314.8 916.5 317.2 918.4 317.2 0.9963
400.1 286.0 8.9 11.9 403.1 290.9 407.2 290.8 405.4 293.1 403.6 295.3 406.9 295.2 0.9962
155.2 216.7 8.4 11.0 157.9 221.7 161.8 221.7 159.9 223.9 158.1 225.6 161.2 225.6 0.9958
462.6 273.7 10.0 12.1 466.8 278.2 470.8 278.7 469.1 281.0 466.8 283.0 469.8 283.4 0.9953
309.7 223.2 7.9 9.7 311.0 226.2 314.2 226.4 312.0 228.3 311.2 230.3 313.8 230.3 0.9953
343.9 289.6 9.6 15.2 349.0 295.0 352.0 294.8 351.6 298.0 349.1 301.0 351.6 301.0 0.9952
983.8 277.5 9.0 11.3 986.7 281.8 990.4 282.6 988.1 284.1 986.4 285.8 989.2 286.4 0.9951
579.2 326.8 10.8 15.2 584.4 332.1 588.5 332.3 587.5 335.0 584.7 338.2 587.9 338.4 0.9950
441.2 233.3 7.5 10.1 442.9 237.1 446.2 237.4 444.1 239.1 442.8 240.8 445.6 240.9 0.9948
988.6 491.0 17.6 19.8 997.8 498.2 1004.3 497.5 1003.8 501.9 1000.0 506.6 1004.2 506.2 0.9942
35.2 197.7 6.7 8.8 36.7 201.3 39.7 201.1 38.2 202.8 37.2 204.4 39.7 204.2 0.9940
41.3 223.2 8.9 11.3 47.6 227.3 49.4 227.0 50.3 229.6 48.0 231.9 49.1 231.9 0.9940
553.3 293.0 11.5 15.5 558.5 298.8 562.7 298.5 561.5 301.7 559.1 304.7 562.5 304.6 0.9934
220.0 256.5 8.8 9.7 221.9 259.6 225.9 259.6 223.6 261.8 222.3 263.8 225.5 263.8 0.9932
417.1 208.4 6.6 8.3 418.2 211.6 420.6 211.7 418.8 213.2 418.4 214.7 420.3 214.7 0.9931
759.3 269.2 7.7 9.7 764.2 273.5 766.0 273.2 766.5 275.3 764.7 277.1 765.8 277.1 0.9922
646.2 555.6 28.3 19.8 659.3 570.2 670.6 568.6 668.7 576.0 662.7 582.5 670.6 581.3 0.9922
201.7 240.5 8.6 10.0 203.0 243.7 206.1 243.9 203.6 246.0 203.3 248.1 205.6 248.1 0.9920
684.3 205.4 6.6 8.6 686.6 209.0 689.5 209.1 688.2 210.8 686.6 212.2 689.0 212.3 0.9917
742.2 230.4 5.6 8.2 745.8 233.6 747.1 233.6 747.4 235.2 745.9 236.8 746.7 236.9 0.9914
63.7 186.0 6.3 8.4 64.9 189.5 67.4 189.7 65.7 191.2 65.1 192.6 67.0 192.7 0.9910
1007.8 321.6 9.5 11.4 1012.2 326.0 1015.3 326.2 1014.2 328.6 1012.2 330.6 1014.4 330.8 0.9903
553.8 275.0 11.2 14.3 557.2 280.8 562.1 280.6 559.8 283.9 558.0 286.6 561.6 286.4 0.9895
243.1 198.2 6.5 8.6 244.2 201.2 246.7 201.3 244.9 203.0 244.5 204.8 246.5 204.8 0.9892
262.3 235.6 7.8 9.4 265.1 239.3 268.4 239.4 266.9 241.3 265.2 242.9 267.8 243.0 0.9890
406.2 202.8 7.8 9.9 408.9 206.8 412.4 207.1 410.6 208.9 408.8 210.5 411.6 210.7 0.9889
611.0 233.9 7.4 9.8 612.5 237.9 615.5 238.3 613.3 240.0 612.4 241.6 614.8 241.8 0.9866
523.2 235.3 7.7 9.8 525.8 239.1 529.1 239.0 527.7 240.9 526.2 242.8 528.9 242.7 0.9862
242.3 254.8 9.2 11.6 246.4 259.7 250.0 259.3 249.2 262.0 247.2 264.2 249.7 264.0 0.9857
182.4 200.9 6.9 8.7 183.3 203.6 185.2 203.7 183.3 205.5 183.6 207.4 185.0 207.4 0.9857
232.1 352.8 10.7 17.3 239.7 359.7 240.9 359.4 242.4 362.6 240.0 365.8 240.8 365.9 0.9851
205.6 197.8 5.9 7.2 207.5 200.8 210.3 200.8 209.0 202.3 207.7 203.5 209.9 203.5 0.9818
829.7 504.5 17.8 23.6 841.9 512.6 845.0 512.5 845.6 517.4 841.1 522.0 843.2 522.1 0.9782
760.9 282.3 7.0 11.0 765.9 286.5 766.7 286.4 767.6 288.6 766.0 290.7 766.3 290.8 0.9757
919.9 295.7 9.1 12.6 924.9 301.2 927.3 300.6 927.5 303.3 925.7 305.9 927.1 305.6 0.9728
614.3 287.8 9.7 12.7 618.9 292.6 622.1 292.1 621.8 294.8 619.8 297.6 622.2 297.3 0.9724
461.5 231.8 7.4 10.8 466.2 235.7 467.9 235.7 468.1 237.9 466.2 240.0 467.4 240.1 0.9715
978.3 377.3 11.4 14.7 986.4 382.5 987.3 381.7 989.2 385.3 986.5 388.6 987.0 388.2 0.9664
614.8 201.2 5.8 7.1 616.1 203.6 618.6 203.7 617.0 205.1 616.3 206.5 618.3 206.6 0.9560
434.0 208.6 6.1 8.2 664.9 450.2 670.3 450.3 666.7 453.3 665.4 456.4 669.7 456.4 0.9490
292.7 241.8 8.7 10.7 435.2 211.8 437.1 211.9 435.5 213.3 435.2 214.8 436.7 214.9 0.9311
494.7 225.6 6.8 9.6 293.9 245.5 297.4 245.5 294.9 247.7 294.5 250.0 297.2 249.9 0.9296
9.5 179.3 5.8 7.2 495.9 229.2 498.2 229.4 496.3 231.2 496.0 233.1 497.7 233.2 0.8772
521.9 210.2 6.4 9.0 12.0 182.3 14.3 182.1 13.7 183.7 12.4 185.2 14.2 185.1 0.8699
662.9 207.5 6.2 7.6 522.9 213.2 524.7 213.5 522.7 215.0 522.8 216.8 524.1 217.0 0.8525
256.6 267.7 9.8 13.0 663.9 210.2 665.9 210.5 664.0 211.9 664.0 213.6 665.4 213.7 0.8463
552.2 206.8 5.4 7.1 261.3 272.9 264.7 272.8 263.8 275.5 261.6 277.9 264.1 277.9 0.8383
664.0 278.4 10.6 12.6 565.7 325.4 571.4 325.3 569.0 328.2 566.3 331.3 570.9 331.2 0.8299
498.2 211.5 6.5 7.9 554.2 209.6 556.5 209.5 555.7 210.9 554.5 212.4 556.3 212.4 0.8235
639.2 250.5 7.3 8.6 665.4 282.6 668.5 282.2 665.8 284.8 666.0 287.7 668.3 287.2 0.7599
430.3 291.3 10.9 15.8 499.7 214.6 502.5 214.6 500.9 216.1 500.0 217.6 502.2 217.6 0.6966
288.7 188.6 5.9 7.5 641.2 254.5 644.4 254.6 642.7 256.2 641.4 257.7 643.8 257.8 0.6696
121.8 198.9 6.5 8.0 437.3 297.9 440.0 297.4 440.6 300.7 438.2 303.8 440.1 303.7 0.6656
190.4 182.6 5.5 6.8 864.6 326.2 869.4 326.4 866.8 329.1 865.0 331.6 868.5 331.7 0.6182
445.9 290.8 9.2 11.1 291.0 191.6 293.4 191.5 292.6 193.1 291.5 194.5 293.2 194.5 0.6140
86.9 219.6 8.5 10.8 123.3 202.3 125.9 202.5 124.2 204.0 123.4 205.4 125.4 205.6 0.6085
468.5 444.3 15.7 21.9 192.4 185.3 194.8 185.2 193.8 186.6 192.6 187.9 194.6 187.9 0.6084
591.7 198.8 7.5 8.5 449.1 295.0 452.6 294.3 451.5 296.6 450.2 299.3 453.0 298.8 0.6063
645.1 202.9 5.6 7.0 89.1 223.5 92.7 224.1 90.3 226.1 88.9 228.0 91.6 228.4 0.5876
123.5 262.3 11.0 16.9 478.6 452.6 481.4 452.7 482.0 457.6 478.3 461.5 479.7 461.9 0.5788
334.3 563.0 22.4 12.5 594.4 202.4 597.3 202.3 596.2 204.2 594.8 205.9 596.9 205.9 0.5649
