2--Demonstration/2_Demonstration_Demonstrators_2_70.jpg
68
949.8 407.9 56.7 73.6 959.6 430.6 982.0 431.8 964.7 445.7 960.2 461.7 975.6 462.8 0.9995
623.5 372.9 39.9 54.2 636.7 392.9 654.4 393.2 646.2 403.5 638.7 413.6 651.6 413.8 0.9992
891.2 354.7 23.5 29.3 895.2 363.9 901.5 364.9 893.2 369.4 894.3 376.4 898.2 376.8 0.9991
46.3 378.2 38.7 51.0 52.8 393.4 62.4 393.9 49.6 403.1 51.8 415.5 58.9 415.2 0.9991
209.5 332.1 20.7 25.8 212.4 342.2 221.5 342.6 214.7 346.9 212.9 352.2 219.2 352.5 0.9989
634.2 420.9 63.8 78.5 642.5 451.2 667.8 452.0 648.1 464.3 643.1 480.0 662.4 481.0 0.9987
512.4 315.4 17.4 22.6 516.2 324.1 524.2 323.7 519.8 327.6 517.1 332.1 523.9 331.8 0.9986
253.7 409.8 44.9 49.4 259.4 429.1 274.9 429.6 264.2 442.0 265.2 449.3 274.9 449.7 0.9982
536.1 332.2 17.6 21.5 542.4 342.3 550.3 341.6 547.4 346.7 544.0 350.1 549.6 349.7 0.9982
447.6 436.4 48.7 60.1 460.9 460.8 481.0 461.3 470.1 473.2 463.5 483.7 477.0 484.2 0.9982
687.1 346.2 23.7 31.9 690.8 356.0 701.1 356.2 694.3 363.3 692.9 369.7 700.6 369.6 0.9979
771.7 481.6 36.2 54.3 780.6 497.6 783.4 501.0 772.5 508.0 775.7 519.5 777.9 521.6 0.9978
798.4 398.4 40.1 49.9 804.3 420.7 820.4 421.0 809.5 432.0 809.4 438.8 820.6 438.7 0.9977
947.2 291.3 14.6 19.4 948.9 299.2 954.8 299.2 950.5 303.1 949.8 306.6 954.2 306.5 0.9977
214.5 371.0 22.5 28.9 220.3 382.9 231.1 383.4 225.5 388.6 220.9 393.5 229.2 393.8 0.9977
994.5 304.1 16.4 20.6 998.6 311.7 1006.1 311.6 1002.1 315.7 999.6 320.0 1005.2 319.8 0.9977
806.4 351.5 31.6 39.7 811.7 368.4 824.0 368.8 815.0 376.4 812.7 382.7 822.0 382.9 0.9976
262.6 362.5 22.2 33.8 266.3 376.2 268.5 377.4 263.0 383.6 267.5 389.3 268.6 389.7 0.9964
404.8 335.9 17.1 21.7 408.1 343.6 415.6 343.2 410.9 347.1 409.0 352.2 414.6 351.9 0.9957
524.3 432.6 53.6 65.8 529.5 457.6 541.9 457.6 529.5 472.0 536.6 484.4 543.8 484.0 0.9954
733.5 362.9 23.1 35.7 737.0 377.1 741.0 378.4 734.1 384.3 737.5 390.2 740.2 390.7 0.9953
1006.6 323.2 16.2 27.6 1013.4 335.4 1023.0 336.1 1018.0 341.3 1013.5 345.3 1020.6 345.9 0.9950
179.3 316.2 11.8 17.3 181.3 322.9 184.7 323.0 181.7 326.4 182.0 329.7 184.4 329.6 0.9944
469.3 381.6 24.0 32.5 474.8 394.6 486.0 393.0 480.8 399.9 477.7 407.1 486.0 405.9 0.9942
853.7 368.6 25.3 32.5 858.8 380.1 870.3 381.6 862.5 387.0 858.7 393.1 867.2 394.2 0.9940
701.8 417.3 37.7 49.4 713.4 435.7 731.1 434.7 724.6 444.8 717.4 455.4 730.8 454.6 0.9939
57.2 334.2 17.0 19.5 61.4 340.2 69.0 341.1 64.0 344.4 61.1 348.6 66.8 349.3 0.9934
955.7 339.6 18.3 21.5 961.3 348.9 969.3 349.4 965.1 353.8 961.7 357.0 967.6 357.4 0.9934
471.5 347.0 24.7 31.5 481.5 362.8 489.9 359.0 490.1 366.9 487.0 373.8 492.7 371.1 0.9931
366.8 410.4 47.9 70.9 372.4 429.6 388.1 430.2 372.5 442.2 372.5 459.3 384.4 459.7 0.9931
741.3 460.5 40.6 51.1 747.3 479.6 763.1 480.7 750.2 491.5 748.5 501.6 759.0 502.0 0.9906
213.8 398.4 24.7 30.6 220.3 410.6 231.5 407.7 228.5 414.3 225.4 422.1 234.0 419.7 0.9899
564.9 372.6 24.5 32.3 570.4 385.7 581.2 387.3 573.5 393.5 570.3 398.3 578.0 399.3 0.9895
423.7 347.5 17.7 24.5 427.0 355.8 435.3 356.7 429.8 360.5 426.8 365.5 433.2 366.1 0.9882
722.2 301.8 11.1 15.5 727.6 307.4 731.4 307.0 731.1 310.2 728.8 313.6 731.5 313.4 0.9879
327.7 321.5 15.4 20.8 330.0 329.7 335.7 329.9 331.8 334.1 330.7 337.8 335.1 337.8 0.9869
114.5 317.8 12.8 15.7 118.1 324.0 123.9 324.2 121.0 327.3 118.4 330.0 123.0 330.2 0.9864
321.7 293.2 10.8 14.3 323.7 298.8 327.7 298.9 324.8 301.6 324.2 304.4 327.3 304.4 0.9862
489.8 387.0 30.8 43.4 494.0 406.2 502.4 407.2 494.0 415.2 495.9 422.2 501.4 422.6 0.9836
971.8 332.6 14.4 20.8 974.9 340.7 978.8 341.7 974.5 345.2 974.5 348.8 977.1 349.3 0.9828
568.0 373.8 38.4 46.5 578.4 391.1 592.4 395.9 581.1 401.3 574.1 407.4 583.9 411.1 0.9802
291.5 462.8 50.7 60.3 302.1 485.4 325.3 489.2 310.3 497.4 302.0 508.1 319.3 510.9 0.9757
285.3 311.0 15.6 17.8 288.5 318.6 295.8 318.7 291.7 322.5 289.4 325.7 294.6 325.8 0.9696
769.9 384.6 22.2 32.4 780.7 396.4 788.5 397.0 785.5 404.2 779.5 409.6 785.6 410.3 0.9643
134.6 311.9 13.6 17.5 137.6 318.9 144.1 319.8 140.0 323.6 137.7 326.1 142.1 326.8 0.9632
693.6 315.3 12.3 18.0 46.1 334.8 48.8 335.0 45.2 338.5 46.0 342.4 47.9 342.4 0.9483
247.1 318.4 17.0 21.8 695.8 323.1 699.5 323.6 696.2 327.2 696.4 330.2 698.7 330.4 0.9429
242.8 346.4 16.6 22.3 249.2 328.3 255.2 328.8 250.1 333.0 249.6 336.5 253.9 336.6 0.9324
762.8 339.3 18.4 27.8 245.2 354.9 248.9 355.3 245.2 359.9 246.7 363.9 249.3 363.9 0.9204
254.6 305.4 11.8 15.2 771.5 350.2 777.3 349.7 776.9 355.2 773.5 360.7 777.6 360.6 0.9174
954.5 321.3 13.7 16.6 257.0 310.7 262.2 310.9 258.9 314.1 257.4 317.1 261.1 317.2 0.9155
574.1 320.2 13.4 18.1 957.0 326.8 962.6 327.1 958.6 330.1 957.2 333.7 961.2 333.9 0.9117
463.8 352.3 23.0 29.6 577.3 328.1 583.1 328.6 579.5 332.2 577.4 335.3 581.8 335.6 0.9081
642.5 344.9 22.9 29.2 477.6 365.0 484.4 362.6 485.3 369.9 480.9 376.7 485.5 375.1 0.8803
241.6 307.7 12.2 15.1 645.7 355.9 650.8 357.7 643.9 362.3 644.8 367.5 648.0 368.4 0.8768
933.3 310.8 13.8 16.7 244.7 312.6 250.1 313.5 246.5 316.0 244.2 318.9 248.4 319.6 0.8483
986.1 370.8 31.3 39.8 -2.2 356.2 5.3 356.1 2.0 360.6 -1.0 364.6 4.6 364.6 0.8439
600.1 314.1 11.2 13.5 940.9 316.5 944.5 317.0 943.6 320.4 941.0 323.5 943.2 324.1 0.8417
408.5 309.9 13.1 16.2 996.5 388.7 1011.2 388.2 1005.4 396.6 999.3 403.0 1009.9 402.7 0.8341
132.4 398.7 30.4 39.3 1005.3 284.0 1010.2 284.7 1007.5 287.4 1005.1 289.7 1008.8 290.3 0.7841
292.2 338.3 17.5 21.9 602.7 319.2 608.2 319.3 605.4 322.2 603.3 324.9 607.6 324.9 0.7201
945.7 364.1 23.4 24.1 411.0 316.7 417.1 315.5 414.4 319.7 413.1 323.1 417.6 322.2 0.7118
903.1 296.3 13.7 17.8 183.1 376.2 191.1 376.5 186.7 381.2 183.6 386.0 189.9 386.2 0.6621
940.8 287.1 11.1 15.0 139.8 410.6 150.2 413.5 140.9 420.2 137.5 427.8 144.9 429.8 0.6479
279.2 329.2 12.9 18.6 348.7 327.0 354.3 326.8 351.0 330.7 350.0 333.6 353.8 333.3 0.6183
432.8 294.4 10.9 13.0 330.9 371.2 339.1 371.7 333.3 376.2 331.2 380.7 337.7 380.9 0.5605
304.6 305.5 11.4 14.0 963.1 269.6 966.6 269.3 965.8 271.8 963.9 274.5 966.6 274.3 0.5405
775.0 319.1 11.3 14.4 341.3 330.0 346.7 331.0 344.3 334.4 340.8 336.9 344.5 337.7 0.5180
