2--Demonstration/2_Demonstration_Political_Rally_2_876.jpg
37
575.2 118.2 16.4 23.5 577.2 126.7 581.4 127.7 575.7 131.6 576.9 136.0 579.7 136.5 0.9994
381.4 118.3 19.2 25.2 388.8 128.3 396.9 128.6 393.4 132.9 388.9 137.2 395.6 137.5 0.9994
873.5 110.7 16.8 21.6 880.2 119.6 887.5 118.5 885.9 122.9 882.4 127.4 888.0 126.7 0.9993
462.8 123.1 18.0 26.0 473.4 134.1 477.1 132.4 479.7 137.4 476.2 143.2 478.6 142.2 0.9993
698.0 137.3 18.8 24.1 701.6 146.7 710.4 147.1 705.4 151.9 702.6 156.0 709.2 156.2 0.9993
434.6 114.1 18.5 21.7 437.7 121.8 445.5 121.2 440.5 125.7 439.0 130.3 445.0 129.8 0.9990
61.6 123.7 16.5 19.4 64.7 130.2 72.4 130.1 67.9 134.6 65.6 138.7 71.4 138.6 0.9989
161.2 115.4 17.8 23.6 167.4 125.2 175.2 125.3 171.9 129.3 168.5 133.8 174.4 133.8 0.9989
938.0 122.0 19.0 25.7 951.7 131.7 955.0 130.7 957.6 136.2 953.0 141.9 955.0 141.6 0.9988
737.4 155.7 18.4 22.5 740.0 163.8 747.1 164.5 741.6 168.6 740.6 172.9 745.7 173.3 0.9987
643.3 132.0 17.2 21.5 645.6 138.7 652.3 139.5 646.9 143.9 646.1 148.1 650.9 148.6 0.9987
840.1 126.0 16.7 22.7 846.9 134.9 853.9 135.6 851.0 140.0 846.8 143.3 852.1 144.0 0.9986
761.8 139.7 17.0 21.6 766.4 147.8 774.2 148.4 769.9 153.1 766.7 156.7 772.5 157.2 0.9986
212.1 129.0 15.6 18.9 216.0 134.9 223.3 134.7 219.6 138.7 216.9 143.0 222.5 142.9 0.9985
293.7 134.1 16.9 20.5 298.4 142.3 305.9 141.8 302.5 145.9 299.5 149.9 305.9 149.6 0.9985
123.5 120.6 17.6 22.2 127.3 130.6 135.4 130.8 130.8 135.4 128.3 139.0 134.3 139.0 0.9984
818.7 126.3 20.0 23.5 820.9 132.4 828.2 133.3 821.5 138.0 820.9 143.2 826.4 143.6 0.9984
534.8 145.0 16.0 22.3 539.0 154.8 546.1 154.9 542.4 159.4 539.6 162.7 545.3 162.7 0.9984
239.6 140.5 15.5 19.9 244.4 149.4 251.6 149.0 248.5 153.7 245.7 156.9 251.0 156.6 0.9981
499.5 117.9 17.8 21.7 506.9 127.6 513.7 128.6 510.6 132.7 506.6 135.5 511.1 136.2 0.9980
871.6 146.4 17.0 22.3 877.1 156.4 884.9 155.1 882.3 159.9 879.4 164.5 885.1 163.5 0.9979
562.9 126.8 14.7 20.8 565.8 136.0 572.5 134.7 569.4 139.3 567.9 143.6 573.1 142.5 0.9975
404.1 121.3 15.0 17.2 408.0 126.9 415.0 127.0 411.5 130.7 408.7 134.2 414.1 134.3 0.9973
681.4 107.1 13.2 18.9 684.2 115.3 689.9 116.3 686.2 119.7 684.1 122.2 688.4 122.9 0.9965
803.0 123.9 13.8 16.3 806.2 130.7 812.9 130.2 809.5 133.5 807.6 137.1 812.5 136.7 0.9962
482.8 101.3 14.7 18.7 487.8 108.6 494.3 108.7 491.5 112.4 488.5 115.9 493.5 116.0 0.9884
526.2 111.7 16.9 18.1 530.4 117.6 538.0 117.3 534.1 120.9 531.5 125.3 537.2 125.1 0.9873
277.6 131.0 15.4 21.4 282.8 140.6 289.2 140.2 286.6 145.2 284.2 148.9 288.5 148.7 0.9862
666.4 135.7 14.7 18.8 669.9 143.9 677.2 143.6 673.6 148.0 671.3 151.5 676.3 151.2 0.9836
653.0 111.7 13.3 15.6 657.2 116.0 663.3 117.1 659.9 119.9 656.9 123.0 661.5 123.8 0.9683
65.4 106.2 15.9 17.7 68.3 112.6 75.1 113.3 70.3 116.9 68.4 120.3 73.2 120.7 0.8841
7.6 115.2 11.6 15.3 9.3 119.3 14.0 119.2 10.4 122.4 9.5 126.1 13.2 126.0 0.8782
1015.2 134.8 8.2 18.7 1026.6 142.2 1029.1 142.7 1028.1 147.3 1023.1 149.6 1024.7 150.2 0.8711
369.7 131.9 14.6 18.7 373.9 140.6 380.1 140.3 377.3 144.3 375.2 147.6 379.4 147.4 0.8108
771.7 127.4 15.6 19.0 774.1 133.9 779.2 134.1 775.6 138.0 775.2 141.7 779.2 141.6 0.7030
705.1 114.4 12.6 14.6 708.1 120.2 713.9 120.2 710.7 123.4 708.8 126.2 713.3 126.2 0.6021
339.7 113.3 16.6 19.2 346.5 119.5 353.9 119.2 351.7 123.5 347.8 127.7 353.6 127.5 0.5932
