2--Demonstration/2_Demonstration_Demonstration_Or_Protest_2_896.jpg
10
787.8 203.6 45.6 54.6 797.0 218.6 810.2 222.5 794.0 230.1 791.2 241.8 800.9 244.7 0.9996
145.9 167.3 38.8 49.9 165.1 188.8 180.6 188.2 178.3 197.4 168.2 206.9 179.3 206.7 0.9994
499.9 163.2 42.5 56.1 508.6 181.5 525.5 185.5 510.6 194.2 505.6 203.9 517.3 207.1 0.9988
652.1 197.8 39.7 46.6 658.5 213.1 672.9 214.5 661.5 223.0 658.1 231.6 669.6 232.6 0.9971
457.1 163.9 47.4 65.3 485.6 188.1 491.0 183.4 500.5 194.8 495.8 211.7 499.1 208.5 0.9966
393.6 154.6 34.5 44.0 403.7 171.0 418.8 170.9 411.5 179.4 405.9 187.7 416.8 187.7 0.9939
27.2 225.8 15.4 19.2 34.5 232.2 40.8 232.7 38.8 236.9 34.5 240.4 39.4 240.9 0.9821
264.1 178.9 23.8 29.7 272.5 189.5 282.9 190.2 278.2 196.5 272.6 201.8 280.5 202.5 0.9708
58.3 209.8 10.7 13.0 61.0 214.7 66.0 214.7 63.3 217.4 61.4 219.8 65.4 219.9 0.8508
57.3 227.4 17.3 21.9 58.9 236.3 64.8 236.4 59.5 241.7 60.4 246.3 64.2 246.0 0.7100
