2--Demonstration/2_Demonstration_Demonstrators_2_435.jpg
8
641.9 130.2 86.4 117.1 671.0 174.3 709.5 167.2 701.0 192.1 685.6 220.2 714.8 214.2 0.9997
48.4 223.7 142.7 168.5 79.6 284.4 145.5 278.7 110.5 320.6 94.7 352.9 143.2 348.1 0.9995
467.8 209.8 108.0 122.3 491.9 250.3 542.4 243.9 519.1 278.9 505.2 302.7 544.6 297.1 0.9995
318.1 165.7 99.5 104.2 340.5 204.6 387.1 199.2 364.8 219.6 349.7 242.8 390.0 238.4 0.9994
735.6 155.5 47.0 58.8 762.6 177.0 776.7 176.1 777.7 186.9 766.2 199.9 776.4 199.3 0.9991
411.3 208.3 39.3 50.6 419.3 225.8 437.1 226.7 425.9 234.9 420.7 245.0 434.0 245.6 0.9975
291.9 254.0 52.2 57.3 298.9 275.7 318.9 269.9 305.9 284.9 307.8 297.4 322.0 292.9 0.9581
764.2 154.9 72.4 127.3 492.0 122.6 503.2 122.0 496.6 127.8 494.0 134.1 502.2 133.5 0.7403
