2--Demonstration/2_Demonstration_Demonstrators_2_609.jpg
12
931.0 284.4 38.4 55.9 938.0 306.6 940.4 307.9 930.2 316.4 938.1 327.1 939.4 327.4 0.9992
501.0 276.0 50.8 60.2 523.0 293.4 543.6 291.4 538.0 306.1 528.0 319.1 543.9 317.5 0.9991
691.5 331.5 13.7 16.3 696.9 335.9 703.1 336.4 700.5 339.4 697.1 342.8 702.1 343.3 0.9988
628.3 346.3 12.8 16.5 632.7 352.3 638.7 351.7 636.8 354.8 634.0 358.5 638.9 358.1 0.9987
418.1 347.5 16.5 18.1 429.0 355.2 432.0 355.0 431.7 360.0 426.5 362.3 428.0 362.3 0.9986
662.9 329.9 16.4 18.2 670.5 336.0 677.0 336.0 675.2 340.0 671.3 343.8 676.1 343.9 0.9986
740.5 343.3 13.2 16.8 743.9 349.6 749.8 349.5 746.8 352.6 744.5 355.8 749.5 355.7 0.9982
458.5 346.5 9.0 10.8 460.8 350.5 465.0 350.6 462.7 352.8 461.0 354.9 464.5 354.9 0.9944
804.3 338.2 47.6 63.5 816.6 361.9 836.0 361.8 825.2 374.3 818.7 386.9 832.9 387.0 0.9937
918.3 329.3 17.1 21.5 921.8 337.6 929.0 337.1 924.9 340.9 922.9 345.0 928.7 344.6 0.9810
731.3 338.9 9.0 12.6 734.5 343.6 737.5 343.5 736.1 346.1 734.8 348.9 737.2 348.9 0.7520
345.5 361.2 8.4 11.4 348.1 366.4 352.0 366.4 350.3 368.8 348.5 370.9 351.6 370.9 0.6876
