2--Demonstration/2_Demonstration_Protesters_2_218.jpg
28
242.1 264.9 44.6 59.6 255.6 287.1 276.4 287.2 267.0 297.0 258.1 309.7 273.9 309.7 0.9996
323.0 263.5 56.2 75.4 336.1 293.3 361.7 289.4 350.1 305.2 343.9 321.8 363.1 318.4 0.9995
143.4 234.1 53.2 70.5 159.0 257.8 183.7 257.5 172.3 270.5 161.9 286.5 181.1 286.3 0.9992
496.5 229.5 46.6 61.5 505.5 254.9 526.7 251.6 515.9 265.4 511.6 278.5 527.3 275.8 0.9991
412.0 270.3 37.3 49.3 421.9 290.0 439.3 288.2 431.7 299.9 426.6 309.6 438.6 308.1 0.9986
356.5 260.7 45.1 66.1 367.0 288.7 388.0 286.4 376.7 299.9 371.9 313.0 387.9 311.2 0.9986
847.1 208.5 18.4 22.9 850.8 218.8 859.1 217.9 854.7 222.6 852.6 226.7 859.0 225.9 0.9986
660.6 234.0 15.4 19.3 664.5 241.6 671.8 241.3 668.5 245.2 665.5 249.0 671.5 248.8 0.9984
623.9 234.6 17.3 21.2 627.8 242.4 635.3 242.4 631.2 246.3 628.6 250.4 634.8 250.3 0.9983
904.2 216.7 16.1 21.0 906.5 225.5 912.9 225.0 908.9 229.7 908.7 233.8 913.2 233.2 0.9979
792.4 123.9 14.5 18.1 798.9 131.3 804.6 131.7 802.4 135.2 798.8 138.2 803.1 138.6 0.9974
785.5 243.0 16.0 18.7 790.7 249.1 798.0 249.6 794.4 252.9 791.0 256.6 796.7 257.0 0.9972
858.4 98.3 16.7 19.0 863.1 105.1 870.2 104.4 867.0 108.9 864.7 112.8 870.2 112.3 0.9971
892.0 145.0 17.7 23.4 897.5 155.5 905.5 155.6 901.9 160.9 898.5 164.3 904.3 164.4 0.9971
825.2 162.4 15.9 21.3 830.8 171.4 837.8 171.1 835.1 175.7 831.8 179.3 837.3 179.2 0.9963
739.5 41.8 13.8 18.1 744.5 49.1 750.9 49.0 748.5 53.1 745.5 56.3 749.9 56.3 0.9961
837.0 68.2 15.1 19.7 328.9 71.4 335.0 71.3 332.9 75.3 329.9 78.7 334.2 78.7 0.9945
898.0 22.9 16.8 19.6 841.4 77.3 848.7 77.2 845.5 81.3 842.7 84.6 847.9 84.5 0.9940
776.4 27.2 16.0 19.5 903.9 29.9 911.2 30.0 908.1 34.4 904.9 38.2 910.2 38.3 0.9929
938.6 23.0 16.9 20.8 780.5 34.4 786.9 35.7 782.2 38.9 779.9 41.8 784.5 42.8 0.9929
729.6 33.3 13.3 18.7 944.6 31.7 951.8 31.7 948.8 36.3 945.7 39.8 950.8 39.9 0.9807
816.7 105.9 15.0 17.6 367.0 70.1 371.4 69.9 370.7 73.3 367.5 76.6 370.9 76.7 0.9600
538.8 231.0 28.0 36.7 734.9 41.3 740.2 41.0 738.3 45.1 735.7 48.5 739.6 48.4 0.9477
803.4 35.1 16.7 21.3 820.2 112.2 827.2 112.0 823.6 115.9 821.3 119.6 826.6 119.4 0.9178
852.9 40.7 14.9 18.8 309.3 294.4 321.6 293.5 316.6 302.6 311.2 311.3 320.2 310.7 0.9127
283.8 258.9 33.9 48.9 542.6 244.2 551.7 243.7 545.2 251.8 545.5 258.8 552.1 258.1 0.9126
929.2 269.6 16.7 25.4 430.3 59.1 435.7 59.3 433.3 62.4 430.4 65.2 434.6 65.5 0.8618
753.7 242.9 16.4 20.8 808.4 43.6 815.6 44.6 811.4 48.5 807.8 52.2 813.3 53.0 0.6979
