2--Demonstration/2_Demonstration_Demonstrators_2_419.jpg
20
306.7 376.3 21.3 30.6 308.2 387.1 312.3 387.9 305.3 393.5 308.7 399.6 311.4 399.7 0.9999
427.1 350.3 17.3 24.3 428.6 359.4 431.3 359.8 426.2 364.5 429.5 369.3 430.9 369.2 0.9996
479.1 411.7 24.8 30.2 481.9 423.7 490.2 424.1 483.5 431.0 484.5 435.4 490.8 435.4 0.9996
660.2 337.7 34.2 44.2 663.5 354.3 673.1 354.7 662.9 363.9 667.4 371.6 674.0 371.5 0.9995
593.2 415.3 25.9 33.9 595.7 428.8 604.5 430.2 595.4 435.7 596.2 441.7 602.3 442.5 0.9995
896.2 363.4 21.5 22.0 903.1 371.2 913.0 371.6 908.5 377.3 903.9 380.7 911.0 381.1 0.9992
270.1 362.9 21.2 22.8 273.7 371.6 283.0 371.6 277.2 377.3 275.5 381.4 281.9 381.4 0.9988
363.9 360.5 11.7 15.2 368.4 367.0 373.3 366.5 371.6 369.7 369.4 372.5 373.0 372.2 0.9987
23.5 360.8 19.1 25.1 25.9 370.8 28.8 371.4 23.9 375.9 27.5 380.2 29.5 380.3 0.9986
161.1 317.0 29.6 46.0 183.1 334.7 186.4 333.8 189.9 344.2 181.9 352.9 183.5 352.5 0.9979
369.5 617.1 79.1 66.5 385.6 664.4 391.6 673.5 371.6 692.2 386.8 707.9 390.3 714.2 0.9969
996.0 368.3 10.4 12.6 998.9 373.1 1003.9 372.7 1001.6 375.9 999.9 378.4 1003.5 378.1 0.9945
947.3 499.3 26.7 40.4 952.0 514.5 953.1 515.4 949.1 523.5 956.5 530.4 957.0 530.8 0.9937
1008.2 366.9 8.9 9.9 1010.9 370.7 1014.9 370.8 1012.9 372.8 1011.2 374.7 1014.4 374.8 0.9358
199.7 347.6 8.9 12.7 205.2 352.7 206.7 352.3 207.3 355.3 205.6 357.8 206.5 357.6 0.8691
90.0 340.2 11.1 13.4 94.8 346.0 98.3 344.6 98.5 348.2 97.2 351.4 99.4 350.3 0.8286
826.3 391.7 10.2 12.0 829.5 396.3 834.4 396.1 832.5 398.9 830.2 401.5 834.1 401.4 0.8274
479.8 367.1 13.8 15.8 482.4 373.1 486.3 373.2 483.0 376.6 483.3 379.7 485.9 379.6 0.7755
22.4 318.8 6.0 7.9 549.7 382.6 551.8 382.6 550.2 384.6 550.2 386.4 551.7 386.3 0.6313
11.7 341.6 10.6 14.2 25.6 321.9 27.1 321.7 27.0 323.3 25.8 324.9 27.0 324.8 0.5679
