2--Demonstration/2_Demonstration_Protesters_2_116.jpg
17
79.0 57.3 47.1 53.2 86.1 77.5 101.4 74.2 92.4 89.5 95.6 98.6 108.1 95.5 0.9997
0.0 99.9 50.5 58.1 12.4 128.2 31.5 119.3 27.4 135.4 26.4 148.0 40.0 140.9 0.9997
719.6 87.5 41.6 50.2 728.0 99.5 747.5 102.4 733.9 108.9 726.4 120.1 742.4 122.4 0.9996
196.1 108.7 64.9 81.6 231.6 141.2 254.7 140.7 252.0 157.1 234.2 172.9 250.0 172.6 0.9996
754.4 170.3 63.6 68.0 765.2 186.8 788.6 193.2 764.0 202.9 759.4 216.6 777.0 221.3 0.9996
48.1 88.4 36.1 41.1 62.1 102.2 77.6 103.1 71.5 111.2 63.5 119.3 74.7 120.1 0.9996
280.8 65.5 31.7 39.9 292.0 80.2 305.9 80.0 301.3 85.6 294.7 94.2 306.0 94.1 0.9995
481.6 87.7 30.4 40.3 486.1 106.0 499.4 104.1 491.7 112.5 489.4 120.1 499.8 118.4 0.9995
645.4 111.5 57.5 64.7 654.5 131.4 679.6 134.0 661.6 149.1 655.8 158.7 674.8 160.8 0.9994
431.3 57.5 28.4 39.4 436.7 74.3 449.3 74.6 441.2 81.1 437.6 88.4 447.0 88.6 0.9994
555.1 61.8 35.1 48.0 562.3 79.0 577.5 78.1 568.3 86.3 563.7 96.9 576.3 96.2 0.9993
375.4 121.8 54.7 59.6 397.5 142.1 420.7 141.3 412.4 156.2 400.6 167.1 417.8 166.4 0.9993
949.2 102.5 74.4 83.7 964.3 133.2 997.5 139.4 969.9 152.0 962.0 165.2 985.2 170.7 0.9984
365.8 346.6 58.8 88.4 404.6 376.6 404.7 368.1 420.8 384.1 410.2 408.3 412.0 403.6 0.9965
918.4 104.0 20.4 28.7 923.4 113.0 924.3 114.0 918.5 118.2 921.5 124.6 922.0 125.1 0.9964
868.1 89.8 14.6 17.3 871.7 94.4 878.7 94.9 874.8 98.4 871.9 102.1 877.5 102.5 0.9926
346.1 79.4 29.9 36.7 354.8 93.0 368.7 91.8 362.9 99.0 357.6 107.1 368.2 106.2 0.9663
