2--Demonstration/2_Demonstration_Demonstrators_2_717.jpg
13
412.5 248.4 53.1 54.3 433.0 265.2 455.8 265.9 447.4 275.9 434.6 286.1 452.8 286.9 0.9998
704.8 267.9 64.1 79.4 716.0 299.1 743.7 291.5 728.4 306.2 724.0 327.5 746.6 321.1 0.9997
204.7 244.6 86.0 109.7 264.7 281.9 282.4 281.8 295.2 302.6 267.4 325.0 280.1 325.6 0.9997
887.8 290.8 86.6 103.4 911.9 325.0 951.2 323.9 932.8 345.4 917.5 366.9 948.1 365.8 0.9996
67.1 221.6 34.0 43.9 73.5 238.9 89.2 239.2 79.6 247.8 75.6 255.7 86.9 255.8 0.9996
630.5 222.6 33.4 41.0 637.8 237.7 652.3 235.6 644.8 243.5 641.0 252.9 652.7 251.2 0.9988
22.6 247.2 17.0 20.5 31.1 255.3 37.1 256.3 35.1 260.1 30.9 263.1 34.7 264.1 0.9981
534.0 211.8 25.1 36.6 545.8 225.9 554.2 224.5 554.0 231.6 549.4 239.7 555.7 238.9 0.9930
905.0 217.6 29.0 45.8 927.4 234.1 930.5 233.5 931.8 243.9 924.7 252.9 926.4 252.4 0.9881
309.1 247.7 36.0 42.9 318.9 261.9 335.7 261.7 327.3 270.2 320.7 278.8 333.7 278.8 0.9806
849.5 233.8 21.5 30.5 865.6 244.4 867.6 244.2 870.5 250.9 865.4 257.0 866.5 257.3 0.9748
585.6 265.0 21.8 25.4 595.0 272.8 603.9 272.9 601.0 277.7 596.4 283.2 603.1 283.3 0.9395
799.9 247.9 20.0 22.9 811.6 257.4 816.3 256.3 818.1 260.1 814.6 265.3 817.6 264.7 0.9389
