2--Demonstration/2_Demonstration_Demonstration_Or_Protest_2_864.jpg
8
392.5 437.3 215.7 279.4 435.4 537.0 536.0 540.8 469.1 584.2 435.3 638.5 522.9 642.3 0.9996
238.0 67.6 55.3 73.8 243.9 96.6 264.3 96.7 246.4 108.0 245.7 122.9 261.7 122.6 0.9996
721.8 485.2 39.1 47.4 728.3 498.0 736.8 499.2 723.4 507.6 726.9 519.1 732.5 519.3 0.9995
864.2 527.8 33.8 38.5 870.3 541.3 885.0 540.7 876.4 548.9 873.1 557.3 884.0 556.7 0.9945
952.6 515.1 29.5 32.0 959.5 527.5 972.4 526.8 965.8 534.6 962.7 540.8 971.8 540.1 0.9862
27.6 475.3 24.1 29.0 32.5 482.6 41.8 482.6 35.2 488.0 32.5 495.4 39.9 495.3 0.9658
91.9 489.5 22.8 29.5 96.3 499.1 106.1 499.4 99.8 506.3 97.8 512.3 105.2 512.4 0.9320
827.7 525.2 16.8 20.9 832.5 532.5 840.6 533.7 836.0 538.2 832.3 541.7 838.3 542.5 0.5591
