2--Demonstration/2_Demonstration_Demonstration_Or_Protest_2_130.jpg
21
736.2 450.8 92.8 121.4 755.6 495.3 797.5 502.0 766.3 518.8 752.1 541.4 783.8 547.2 0.9996
135.9 471.6 92.9 99.3 158.4 515.3 202.5 513.8 180.6 540.7 166.7 553.2 199.1 551.8 0.9995
537.0 436.7 82.6 101.6 553.2 471.9 593.2 472.3 569.2 499.4 559.8 516.6 586.4 516.8 0.9993
720.0 361.8 15.7 21.0 725.0 369.6 732.3 370.0 728.8 374.0 725.4 378.0 731.0 378.3 0.9989
758.2 355.7 17.5 23.4 761.9 364.5 769.1 364.5 764.6 368.5 762.6 373.1 768.0 373.1 0.9985
739.1 336.4 16.0 19.9 742.8 344.4 750.0 344.2 746.2 347.9 744.0 351.8 749.4 351.6 0.9981
808.3 338.7 17.0 21.4 816.8 346.7 822.9 346.3 822.4 350.5 818.4 355.2 822.9 355.0 0.9976
989.3 320.3 16.5 19.7 994.5 327.9 1002.2 328.3 998.4 332.4 995.0 335.9 1000.6 336.2 0.9974
960.3 348.5 18.3 21.3 966.6 355.8 975.0 356.6 971.1 359.8 967.0 364.3 973.2 365.0 0.9974
14.6 317.6 11.6 13.6 17.2 322.4 22.7 322.7 19.6 325.2 17.6 327.9 21.8 328.1 0.9951
832.7 319.6 11.9 15.8 836.2 325.1 841.8 325.1 839.4 328.0 837.1 331.4 841.4 331.5 0.9951
1003.5 357.9 15.8 20.5 1007.1 366.1 1014.4 366.6 1010.3 370.5 1007.7 373.9 1013.3 374.2 0.9924
757.0 337.8 12.3 16.0 758.7 343.5 762.9 343.9 759.0 346.9 758.7 350.2 761.6 350.3 0.9866
229.0 334.4 8.7 11.0 231.5 338.5 235.4 338.5 233.6 340.6 232.0 342.8 235.0 342.8 0.9824
288.4 336.6 9.9 13.0 291.3 340.5 296.0 340.8 293.6 343.3 291.4 346.0 295.2 346.2 0.9689
696.2 315.8 11.3 15.2 700.2 321.2 705.3 321.6 702.9 324.8 700.2 327.5 704.0 327.8 0.9632
458.8 298.3 44.4 54.6 470.4 317.4 492.6 314.5 483.7 329.5 476.2 340.1 492.8 337.8 0.9601
727.8 318.6 11.7 15.0 731.5 324.9 736.8 325.0 734.3 328.0 732.0 330.7 735.9 330.8 0.9530
241.9 339.5 7.7 10.3 243.2 343.3 245.8 343.6 243.6 345.4 243.3 347.4 245.2 347.5 0.9263
301.7 335.4 9.2 11.6 303.7 339.5 308.0 339.9 305.4 342.4 303.8 344.5 307.1 344.8 0.7303
42.4 322.2 10.0 11.9 44.2 327.4 48.0 327.7 45.1 330.5 44.8 332.7 47.4 332.8 0.6309
