2--Demonstration/2_Demonstration_Political_Rally_2_67.jpg
24
522.3 300.1 40.3 46.7 536.5 315.3 554.9 315.0 547.9 325.5 536.6 332.2 553.9 332.1 0.9998
604.8 302.1 54.8 63.3 627.4 323.3 650.4 321.5 644.9 333.5 630.7 347.3 650.4 346.1 0.9997
735.2 286.6 40.2 42.6 748.0 300.5 767.0 300.5 758.4 311.6 748.2 316.6 765.3 316.6 0.9996
813.4 321.4 44.5 62.3 839.6 343.2 853.1 341.2 855.2 355.7 838.3 366.8 849.9 365.5 0.9995
246.0 278.2 19.2 22.4 250.7 285.8 259.3 284.6 255.6 289.5 253.0 295.0 259.5 294.1 0.9994
470.1 296.1 32.9 38.3 475.7 307.3 490.7 307.0 481.6 315.7 477.5 323.8 489.5 323.5 0.9994
298.8 258.9 16.3 19.1 301.9 265.2 308.9 264.9 304.9 268.8 303.0 272.9 308.7 272.6 0.9990
644.6 284.0 31.3 37.9 660.0 295.0 672.8 296.6 669.1 304.5 659.7 311.9 669.1 313.3 0.9990
409.3 276.5 22.2 27.6 424.1 285.7 429.3 285.1 430.9 290.9 425.0 296.7 428.6 296.8 0.9990
425.9 249.5 15.1 17.5 430.9 254.8 437.8 254.5 434.9 258.2 431.8 262.2 437.3 262.0 0.9978
241.6 247.4 16.6 18.1 246.4 253.3 253.6 253.3 250.0 257.4 247.3 260.9 252.7 260.9 0.9968
568.0 272.4 21.9 27.7 576.6 282.3 585.4 281.8 582.4 287.4 577.9 293.1 585.0 292.9 0.9957
360.6 315.0 32.2 32.9 369.9 326.3 385.0 325.1 378.5 333.6 372.9 340.1 384.5 339.1 0.9954
935.4 300.3 32.4 41.8 947.5 312.5 960.8 313.8 955.5 319.9 948.4 329.2 958.5 330.2 0.9954
364.3 251.1 14.7 16.6 368.6 255.5 375.4 255.8 371.9 259.0 368.9 262.8 374.2 263.1 0.9947
287.2 237.1 12.8 17.1 295.4 243.0 298.3 242.8 299.0 246.5 295.3 249.9 297.2 250.0 0.9945
705.5 291.3 29.4 35.9 715.9 305.9 727.5 303.4 723.9 312.2 720.0 319.6 728.5 317.8 0.9932
910.5 288.3 28.0 45.9 931.9 303.4 932.6 302.5 939.2 310.9 933.7 321.9 934.1 321.6 0.9929
380.7 292.6 23.6 30.2 389.5 303.1 400.2 302.8 396.6 310.2 391.7 316.1 399.4 316.0 0.9897
318.1 235.5 12.3 13.9 320.8 239.5 326.6 239.9 323.2 242.9 321.1 245.8 325.4 246.1 0.9703
848.7 296.3 26.7 37.2 862.7 308.6 870.0 307.0 871.8 314.8 866.9 323.8 872.4 322.9 0.9606
347.1 239.9 13.4 15.9 351.7 244.9 356.8 245.1 354.1 248.3 352.0 251.4 355.8 251.6 0.9422
71.1 210.0 11.5 16.0 73.3 216.3 75.7 215.8 73.7 219.3 74.9 222.7 76.6 222.2 0.9352
320.9 268.7 17.3 20.9 325.6 276.6 333.0 276.2 329.4 281.1 326.9 285.1 332.4 284.7 0.9176
