2--Demonstration/2_Demonstration_Demonstration_Or_Protest_2_832.jpg
21
912.6 396.8 54.0 70.6 918.7 422.4 935.4 422.4 918.6 436.4 922.0 449.8 934.6 449.6 0.9996
605.0 377.3 56.7 81.3 613.2 407.5 636.1 408.9 616.4 421.1 612.3 437.6 629.6 439.0 0.9995
179.8 333.1 46.7 68.5 211.5 353.5 219.0 353.2 225.7 368.3 212.3 383.2 216.5 383.3 0.9995
204.5 260.3 31.1 41.5 223.0 272.7 231.2 272.8 232.9 281.5 224.6 290.7 229.7 291.1 0.9994
973.3 274.9 18.7 26.3 976.3 283.6 979.4 284.2 973.5 288.8 976.2 294.4 978.3 294.6 0.9992
512.2 273.0 11.9 17.2 520.8 279.5 522.1 278.9 524.0 282.2 521.5 285.8 522.3 285.5 0.9991
912.8 302.6 22.7 27.8 921.8 312.4 930.4 310.0 930.8 315.4 927.2 323.5 933.7 321.8 0.9990
515.3 306.3 15.7 19.9 517.8 313.4 524.0 314.2 519.2 317.6 518.2 321.1 522.9 321.6 0.9989
442.0 339.5 45.6 59.5 462.5 360.9 481.8 361.6 475.7 376.1 462.1 385.1 476.6 385.9 0.9987
10.6 299.1 25.0 29.7 21.1 310.0 30.8 307.9 29.7 315.0 24.8 322.0 31.6 320.5 0.9986
420.2 284.4 16.8 20.4 425.0 292.9 432.6 292.7 429.1 296.8 426.1 300.3 431.9 300.3 0.9963
937.4 267.9 16.1 23.0 940.2 274.7 942.5 275.2 938.1 279.6 940.5 284.8 942.2 284.8 0.9963
774.8 264.4 17.7 21.7 780.4 270.8 788.4 270.8 785.1 274.5 781.5 279.7 788.1 279.7 0.9959
823.3 259.7 12.9 18.6 824.8 266.6 827.9 267.1 824.4 270.8 825.9 274.3 827.8 274.3 0.9926
876.1 287.6 23.4 29.9 888.6 298.5 896.5 300.7 893.5 306.6 886.4 310.6 891.7 312.6 0.9850
477.1 271.5 11.6 16.5 483.8 277.1 486.8 276.9 487.0 280.5 484.2 283.9 486.2 284.0 0.9829
496.5 260.8 12.7 14.9 500.2 266.2 506.1 266.6 503.1 269.6 500.6 272.3 504.9 272.6 0.9765
688.9 269.0 24.0 32.4 704.6 278.9 709.9 278.4 711.3 285.9 705.7 293.1 709.2 293.1 0.9729
598.2 295.7 17.8 24.9 601.9 305.1 606.2 306.4 601.1 310.1 600.9 314.6 603.9 315.4 0.9095
534.9 260.2 13.7 16.9 540.4 265.5 545.9 264.8 544.4 269.1 541.8 273.1 545.7 272.7 0.7944
626.3 268.7 12.3 16.1 627.8 274.8 630.5 275.8 627.1 279.0 628.7 281.8 630.3 282.2 0.6272
