2--Demonstration/2_Demonstration_Political_Rally_2_87.jpg
9
914.3 251.5 43.1 55.4 920.5 272.9 939.1 271.7 926.1 281.4 922.7 293.9 936.8 292.9 0.9997
93.8 189.9 68.8 81.8 124.0 218.1 153.0 220.7 146.0 231.5 128.4 248.8 151.6 250.9 0.9995
431.1 213.3 43.8 76.1 437.3 241.0 438.8 241.3 430.1 256.3 442.6 269.9 444.7 269.2 0.9990
546.7 376.1 47.9 77.2 555.4 407.2 577.3 402.1 566.9 419.7 562.9 433.1 582.6 428.6 0.9982
0.0 223.0 24.0 83.0 10.7 253.5 8.4 252.2 25.9 265.2 15.6 282.5 16.2 282.8 0.9964
1002.0 237.4 21.7 67.6 1007.7 258.9 1007.8 260.4 1002.8 273.4 1011.8 286.6 1012.8 287.2 0.9845
239.1 212.5 40.9 61.2 265.1 231.6 271.2 230.0 276.8 240.5 270.6 255.2 275.7 254.3 0.9762
659.8 258.1 20.4 32.9 662.4 269.6 663.5 269.6 659.9 276.8 664.6 283.3 665.4 283.1 0.9629
785.7 268.8 49.8 79.6 823.4 297.0 827.1 296.8 836.8 308.3 828.8 325.6 831.5 326.1 0.6050
