2--Demonstration/2_Demonstration_Demonstration_Or_Protest_2_344.jpg
31
993.6 382.0 30.1 35.8 1011.8 396.3 1022.0 400.1 1016.2 407.7 1005.0 409.4 1011.2 412.8 0.9994
535.6 326.4 21.7 27.7 540.7 337.4 550.9 337.9 545.0 343.2 541.0 348.0 549.3 348.3 0.9993
876.6 394.5 32.4 44.7 884.4 411.8 899.2 414.3 890.1 423.3 883.9 427.6 895.9 429.6 0.9992
184.8 428.6 29.2 33.7 192.8 439.1 206.3 438.2 200.1 446.9 194.8 453.6 205.9 452.9 0.9991
639.3 383.8 30.2 43.5 648.5 401.5 662.4 401.9 655.7 411.0 649.9 418.0 659.6 418.4 0.9989
404.3 396.5 27.6 38.3 417.8 413.3 427.8 410.5 427.7 419.9 422.0 427.8 428.7 426.0 0.9989
61.6 437.7 32.4 39.5 76.8 458.4 87.5 451.6 88.8 462.7 84.0 471.3 91.2 466.3 0.9989
740.2 384.0 28.3 33.9 747.5 397.5 760.8 397.4 754.1 405.3 749.4 411.2 758.8 411.1 0.9988
632.6 313.5 21.4 28.8 638.9 322.9 648.0 324.9 642.1 330.2 638.1 334.8 644.5 336.4 0.9987
481.9 352.4 26.9 36.3 495.8 366.5 505.2 364.4 505.3 372.6 499.0 380.7 506.3 379.6 0.9987
609.8 285.2 18.3 24.4 615.0 295.4 622.9 295.2 619.1 299.8 615.9 304.3 622.5 304.1 0.9987
396.3 318.2 21.7 28.4 401.9 328.2 412.1 328.4 407.1 333.2 403.1 339.2 411.4 339.3 0.9985
975.1 517.7 22.2 30.6 990.9 528.9 993.9 527.7 997.1 535.0 991.4 541.6 993.0 541.1 0.9985
507.5 395.5 28.2 38.3 515.9 411.0 529.3 411.4 522.9 419.5 517.6 426.1 527.0 426.3 0.9984
579.7 345.4 26.5 34.9 585.5 357.4 597.6 357.6 590.6 364.1 586.2 370.9 596.6 371.0 0.9984
435.1 303.5 19.6 25.5 440.0 313.3 448.6 311.5 445.1 317.4 442.9 323.4 449.4 322.0 0.9982
293.2 422.9 26.9 32.9 305.4 435.0 315.7 431.9 315.4 439.7 310.7 448.3 318.0 446.1 0.9975
571.9 420.9 27.9 28.0 583.0 435.8 593.4 436.2 588.9 443.0 584.0 444.3 591.2 444.7 0.9974
950.4 235.6 10.9 14.7 952.0 242.2 956.3 242.5 953.2 245.5 952.6 247.9 955.6 248.0 0.9958
339.1 238.8 11.9 15.7 341.0 244.5 345.4 245.4 341.6 248.3 341.0 250.9 344.0 251.4 0.9933
444.7 351.7 19.9 30.5 447.9 361.6 457.5 362.5 451.0 368.9 448.2 374.9 455.5 375.4 0.9677
757.6 215.3 11.5 13.4 762.3 220.6 767.2 221.0 765.1 224.1 762.3 226.1 765.7 226.5 0.9548
113.5 203.0 7.8 9.8 116.7 206.8 119.8 206.5 118.9 208.6 117.4 210.6 119.8 210.4 0.9533
551.9 312.5 20.0 26.9 559.1 320.5 567.3 319.9 564.6 325.9 560.5 332.1 566.9 331.8 0.9338
78.1 367.6 15.8 22.7 463.5 323.0 471.7 323.1 466.9 328.0 464.3 333.3 470.8 333.3 0.8610
94.1 201.7 8.2 10.1 983.2 230.7 987.5 230.7 985.4 233.0 983.6 235.1 986.9 235.2 0.8601
308.6 207.4 13.4 17.3 726.6 241.2 733.3 241.4 730.0 245.2 727.0 248.8 732.3 249.1 0.8118
321.1 223.7 11.0 14.3 82.5 376.6 88.4 376.3 85.7 381.1 84.1 385.4 88.7 385.1 0.7456
227.1 318.8 21.7 28.9 97.2 205.3 100.7 205.1 99.6 207.4 97.9 209.6 100.5 209.5 0.6529
281.4 304.6 16.4 18.7 311.5 214.7 317.4 214.7 314.0 218.4 312.2 221.9 316.7 221.8 0.5602
363.2 216.9 11.2 14.5 944.1 266.8 945.4 267.3 942.7 270.0 943.4 273.2 944.0 273.4 0.5193
