2--Demonstration/2_Demonstration_Demonstrators_2_29.jpg
15
263.3 492.6 60.7 78.7 269.8 523.1 294.2 523.0 275.3 537.6 272.6 552.4 291.0 552.6 0.9996
734.2 440.1 46.2 61.3 745.2 463.6 766.5 459.7 757.4 470.2 752.3 486.3 768.1 482.8 0.9996
617.2 431.4 44.5 50.4 628.6 448.9 648.9 447.3 639.4 459.4 632.8 469.8 647.8 468.6 0.9994
760.6 404.9 35.3 43.7 771.2 422.6 787.2 420.1 781.4 431.0 775.8 439.3 787.8 437.3 0.9994
484.7 394.2 91.3 126.2 504.3 434.2 546.1 428.9 522.3 452.7 511.8 484.8 544.3 480.4 0.9994
700.1 381.9 24.7 31.1 710.3 393.2 720.1 391.1 718.9 398.0 714.2 405.8 721.3 404.2 0.9979
260.6 449.7 24.7 31.5 263.3 461.2 268.9 461.7 261.3 467.4 264.2 473.9 267.9 473.9 0.9977
981.8 368.2 41.8 86.5 1020.6 398.8 1047.1 399.7 1045.0 413.7 1024.9 430.7 1045.6 431.6 0.9958
733.2 385.5 18.2 27.9 735.5 397.4 740.0 397.5 735.7 402.8 736.7 407.3 740.1 407.3 0.9941
925.9 378.0 37.0 53.6 939.7 399.4 954.2 398.0 951.4 406.3 945.0 418.1 956.1 417.0 0.9932
818.4 361.0 22.9 25.5 822.4 373.6 831.0 372.2 826.2 378.7 826.2 383.2 831.7 382.0 0.9852
72.7 478.6 32.8 40.1 76.6 490.7 89.6 489.6 79.1 497.3 77.7 507.0 87.7 506.0 0.9835
205.5 465.6 17.6 21.7 209.2 473.5 216.7 473.8 212.2 477.7 209.4 481.8 215.4 482.1 0.9731
387.4 426.0 23.1 33.0 390.9 435.5 399.8 435.9 391.3 441.5 390.2 450.0 396.9 450.2 0.9667
328.5 462.9 18.5 24.9 332.2 471.8 337.6 472.9 332.4 476.3 331.9 481.3 335.7 481.9 0.9636
