2--Demonstration/2_Demonstration_Protesters_2_346.jpg
41
497.9 359.9 91.5 114.8 523.1 401.9 565.3 393.8 551.2 421.1 538.5 448.3 570.4 441.1 0.9997
892.1 363.5 72.2 75.2 924.4 388.0 953.1 392.3 940.9 409.6 919.1 420.0 939.1 423.8 0.9996
378.1 285.1 64.0 73.5 401.0 313.2 428.1 308.2 421.4 325.4 408.6 340.5 431.4 336.5 0.9996
825.3 311.4 52.8 54.0 843.8 328.1 867.7 327.0 859.2 339.3 846.3 349.2 866.6 348.5 0.9995
79.0 296.7 38.3 40.9 83.1 314.6 96.4 310.2 87.3 319.3 89.6 329.5 99.1 325.9 0.9994
653.9 287.2 45.9 51.0 668.2 301.7 690.1 301.7 680.8 315.0 669.2 322.0 689.0 322.1 0.9993
875.6 240.8 27.2 32.4 885.7 251.6 898.1 250.9 895.4 255.0 889.7 264.6 899.4 264.1 0.9990
455.5 263.8 30.6 33.0 463.5 274.4 478.2 274.0 471.0 280.4 465.6 288.1 476.8 287.7 0.9989
69.5 167.3 24.9 30.4 73.1 179.4 80.7 178.7 74.3 185.2 75.1 191.0 80.7 190.2 0.9984
154.2 177.0 17.0 19.5 160.4 183.8 167.5 183.7 164.8 187.7 161.5 191.6 167.0 191.6 0.9980
0.0 560.3 131.1 178.2 -8.3 623.9 39.5 631.1 -8.5 668.0 -3.1 698.9 28.0 703.1 0.9963
860.6 228.0 11.7 14.8 865.7 233.1 870.3 233.8 868.4 236.8 865.4 239.2 868.8 239.8 0.9951
0.0 189.7 17.5 23.4 1.4 196.7 6.9 196.9 0.9 200.9 1.2 206.5 5.2 206.4 0.9940
766.3 239.5 15.5 20.1 772.6 245.4 779.1 245.5 776.6 250.1 773.0 254.3 778.1 254.4 0.9892
402.3 182.6 13.0 16.5 404.3 188.3 409.2 188.0 406.0 192.1 405.9 195.5 409.4 195.2 0.9884
500.8 244.9 13.0 15.3 503.6 250.2 509.4 249.2 506.7 252.8 505.2 256.4 509.9 255.6 0.9863
895.9 232.1 22.1 26.1 904.2 240.1 914.5 240.8 910.4 245.6 905.0 251.0 913.0 251.6 0.9857
836.1 225.4 12.5 14.7 838.6 230.1 844.5 230.8 840.6 233.3 838.3 236.0 843.0 236.6 0.9845
499.5 223.4 9.9 11.2 501.8 227.0 506.4 227.1 503.7 229.4 502.1 231.8 505.8 231.8 0.9823
227.0 177.6 12.4 15.2 232.3 182.2 237.5 182.1 235.9 185.3 233.1 188.8 237.1 188.9 0.9810
526.7 179.3 7.6 9.8 528.3 183.2 531.3 183.4 529.2 185.2 528.3 187.0 530.7 187.1 0.9679
189.8 304.3 43.1 50.2 198.2 321.6 214.5 319.8 205.1 332.4 203.4 341.8 216.4 340.0 0.9628
744.3 246.2 13.3 17.4 747.1 251.9 752.1 251.7 749.0 255.8 748.0 259.6 751.8 259.4 0.9464
351.7 161.5 10.7 15.6 358.2 166.9 360.9 166.8 361.2 170.4 358.5 173.6 360.5 173.7 0.9457
172.2 185.5 13.2 15.3 175.4 191.1 181.3 190.3 178.7 194.0 177.1 197.4 181.5 196.8 0.9290
350.5 185.1 12.7 15.8 353.8 190.4 359.3 190.1 356.6 193.9 355.1 197.2 359.3 197.0 0.8895
436.9 182.9 9.7 11.7 441.1 187.1 444.9 186.8 443.8 189.3 441.9 191.8 444.8 191.6 0.8856
198.9 182.6 12.8 14.6 202.3 187.3 207.9 187.3 205.0 190.7 203.0 193.7 207.2 193.7 0.8808
288.6 177.7 14.1 16.2 292.4 184.4 298.2 183.9 295.5 187.3 293.7 190.7 298.4 190.3 0.8807
342.4 270.1 17.2 21.5 346.4 277.4 354.4 277.4 350.0 282.2 347.3 287.0 353.7 287.0 0.8088
832.6 259.4 20.0 22.4 841.1 266.4 848.9 265.7 846.8 271.0 843.0 276.2 848.8 275.7 0.7948
786.2 228.2 12.7 16.5 789.5 233.7 794.5 233.9 791.6 237.2 789.7 240.7 793.6 240.8 0.7900
258.4 180.0 12.3 17.0 263.6 185.7 267.8 185.9 266.3 189.8 263.3 193.1 266.5 193.4 0.7780
64.6 444.3 108.8 93.1 122.3 477.0 141.0 483.4 135.1 483.8 116.6 495.4 131.8 500.6 0.7605
688.0 254.6 19.8 21.9 695.1 260.2 704.0 260.7 700.1 264.8 695.9 269.8 702.7 270.2 0.6991
748.1 215.4 10.2 12.4 752.2 220.2 756.3 220.0 755.0 222.5 753.0 225.0 756.0 224.9 0.6836
610.7 214.9 8.4 9.7 613.5 218.6 617.4 218.3 616.0 220.6 614.4 222.8 617.4 222.6 0.6683
316.1 176.7 12.0 16.5 322.4 182.8 326.7 182.6 326.0 186.5 322.8 190.0 326.0 190.1 0.5965
549.5 183.4 8.4 9.8 552.0 187.0 555.5 186.8 553.8 189.0 552.8 191.0 555.4 190.9 0.5852
192.4 255.9 21.3 29.6 199.3 266.7 207.3 266.4 202.5 271.6 199.1 277.8 205.8 277.5 0.5647
521.4 211.9 17.8 21.6 525.7 219.1 534.1 219.3 529.7 223.6 526.3 228.2 533.1 228.3 0.5618
