2--Demonstration/2_Demonstration_Political_Rally_2_770.jpg
15
407.1 82.0 97.1 125.2 436.3 125.0 482.6 128.7 459.0 154.4 434.7 172.1 475.2 175.4 0.9996
887.0 113.6 23.9 31.6 901.7 125.7 907.9 125.6 908.4 131.8 902.1 137.5 906.4 137.8 0.9995
300.5 51.7 28.0 34.3 311.6 62.8 323.8 63.3 319.7 68.1 312.7 75.2 323.3 75.6 0.9994
857.3 123.1 14.2 18.0 864.6 129.7 869.9 129.9 869.0 132.9 865.3 136.6 869.1 136.8 0.9993
168.3 76.3 29.0 36.3 186.2 89.0 193.7 89.7 195.2 95.8 187.7 103.1 192.8 103.8 0.9992
836.8 110.1 16.7 22.8 848.2 119.0 851.4 119.0 852.2 124.1 847.0 127.8 849.4 128.1 0.9991
99.7 86.9 20.8 25.7 109.6 96.7 117.5 96.1 116.1 100.4 111.2 105.9 117.8 105.5 0.9982
780.8 77.4 25.8 42.9 801.7 94.6 801.3 93.5 803.6 103.8 795.0 110.5 794.7 110.1 0.9965
654.9 67.3 29.4 50.9 663.2 84.1 665.3 85.4 662.7 94.9 665.1 105.2 666.9 106.3 0.9950
798.8 124.1 9.9 12.9 800.3 129.6 803.5 130.0 800.5 132.0 800.2 134.2 802.4 134.4 0.9911
923.7 127.2 12.2 15.9 931.0 134.3 933.6 134.5 933.2 137.8 930.1 139.9 931.8 140.2 0.9901
780.9 123.7 12.4 16.8 785.0 129.0 790.7 129.4 788.1 132.1 785.2 135.7 790.1 136.0 0.9881
130.0 71.3 15.2 19.2 133.3 76.2 141.0 75.5 137.3 79.7 134.9 85.0 141.3 84.3 0.9857
485.5 46.2 33.1 37.8 490.9 60.7 500.3 60.2 492.9 67.3 493.9 74.0 500.8 73.5 0.9647
645.7 68.8 25.9 42.6 658.0 82.2 664.0 82.9 662.3 91.0 659.1 100.3 663.5 101.1 0.8738
