2--Demonstration/2_Demonstration_Demonstration_Or_Protest_2_339.jpg
269
262.0 591.9 17.7 20.3 264.5 598.1 272.0 597.9 267.0 602.5 265.6 607.2 271.7 606.9 0.9997
436.9 540.4 16.0 21.6 440.9 548.4 448.2 548.6 444.2 552.3 441.1 556.1 447.5 556.2 0.9997
457.2 483.0 13.7 17.1 459.6 489.4 465.9 489.4 462.0 493.0 460.5 496.4 465.6 496.3 0.9997
707.5 541.9 16.9 22.4 709.4 551.5 713.7 551.7 709.9 556.6 712.2 559.8 715.5 559.6 0.9996
740.4 524.3 14.6 20.2 743.1 532.0 748.5 532.8 744.1 536.1 742.9 539.5 747.3 539.9 0.9996
500.9 700.5 18.9 22.4 503.3 708.4 509.2 708.4 504.1 713.6 505.3 717.9 509.3 717.7 0.9996
270.3 503.3 14.1 19.5 272.0 510.7 275.7 511.0 271.6 514.7 272.6 518.4 275.1 518.4 0.9996
987.0 395.8 11.4 14.5 989.9 401.0 995.4 401.2 992.5 403.9 990.1 406.6 994.7 406.7 0.9996
708.7 595.1 16.8 21.7 711.5 603.6 717.9 603.5 713.4 607.6 712.4 611.6 717.6 611.4 0.9996
456.1 530.4 16.0 20.4 459.3 537.7 466.8 537.7 462.5 541.5 459.9 545.4 466.3 545.3 0.9996
406.1 486.6 13.5 17.8 407.3 493.9 411.2 493.7 407.6 497.3 408.5 500.9 411.4 500.4 0.9996
540.6 525.1 14.7 19.0 543.4 533.2 549.7 533.0 545.9 536.5 544.2 539.8 549.5 539.6 0.9995
597.7 522.0 15.9 18.1 600.8 527.2 607.8 527.5 603.4 531.1 601.2 535.1 606.8 535.2 0.9995
509.8 627.6 18.1 23.4 512.1 637.4 519.3 637.6 514.0 642.4 513.6 646.1 518.7 646.1 0.9995
5.2 512.2 15.6 19.7 7.7 520.3 13.7 519.8 9.9 523.8 9.2 527.5 14.0 527.0 0.9995
563.9 497.0 14.0 16.5 565.5 503.3 570.6 502.8 566.9 506.6 567.2 510.0 571.0 509.5 0.9995
889.2 444.7 13.1 16.6 891.7 450.7 897.7 450.4 894.2 453.9 892.7 457.5 897.2 457.2 0.9995
878.1 507.4 16.6 19.4 880.4 515.2 887.0 514.1 883.2 518.7 882.8 522.8 887.9 521.9 0.9995
318.0 653.8 21.0 27.0 320.6 664.1 328.8 663.2 323.1 669.5 322.7 674.9 328.9 674.0 0.9995
341.8 658.8 18.8 26.4 344.1 668.5 349.8 669.8 343.6 674.1 344.0 679.0 348.0 679.7 0.9994
286.8 620.1 18.6 23.8 291.7 629.7 299.9 630.9 294.9 635.6 291.2 638.1 298.1 639.1 0.9994
701.2 484.1 14.5 16.7 703.4 490.6 709.6 490.3 705.6 494.3 704.5 497.6 709.0 497.3 0.9994
654.1 541.6 16.2 18.6 658.8 547.7 666.2 547.9 662.6 552.3 659.4 555.5 665.4 555.6 0.9994
408.8 447.0 12.7 15.9 410.5 453.5 415.8 453.1 412.5 457.0 412.0 459.9 415.9 459.4 0.9994
215.5 680.4 21.5 26.7 220.6 688.8 230.5 688.6 225.3 694.6 221.9 700.3 229.5 700.2 0.9993
161.2 490.7 13.3 17.8 162.9 497.3 166.6 498.0 162.4 501.2 162.9 504.5 165.5 504.8 0.9993
522.9 509.7 14.4 18.3 524.8 517.0 529.2 517.2 525.2 520.5 525.4 523.9 528.6 523.9 0.9993
169.3 525.1 14.4 19.0 171.5 531.6 176.4 533.1 171.6 536.2 171.3 539.5 174.7 540.4 0.9993
198.7 533.9 16.0 20.6 201.1 542.6 208.0 542.3 203.7 547.0 202.7 550.8 207.5 550.5 0.9993
820.0 483.2 11.9 15.2 822.5 489.1 828.3 489.1 825.0 492.1 823.1 495.0 827.9 494.9 0.9993
742.8 468.9 14.0 16.5 747.0 474.8 753.5 474.9 750.3 478.7 747.7 481.7 752.4 481.8 0.9992
354.7 477.6 15.2 19.6 356.4 484.5 362.4 484.6 357.9 488.8 357.6 492.7 361.9 492.7 0.9992
809.7 514.1 13.7 17.9 811.9 521.2 818.0 521.3 814.0 524.9 812.5 528.3 817.5 528.2 0.9992
227.3 502.6 13.9 18.2 231.4 510.5 237.8 511.3 234.3 514.9 231.4 517.5 235.9 518.2 0.9991
916.6 397.1 13.0 17.7 919.4 404.4 925.3 404.3 922.3 407.7 920.2 410.9 925.1 410.7 0.9991
129.2 645.1 19.3 25.3 131.2 655.3 138.4 654.6 133.2 660.8 133.6 665.7 138.6 664.9 0.9991
898.9 361.8 11.2 14.4 901.2 367.1 906.1 367.2 903.2 370.1 901.7 372.9 905.5 372.9 0.9991
243.0 651.9 20.2 25.4 247.2 661.4 256.1 661.3 250.7 666.4 248.1 671.4 254.8 671.3 0.9991
297.2 554.1 15.9 21.8 299.1 562.1 303.7 562.9 298.6 566.8 299.6 570.9 302.6 571.2 0.9991
828.8 414.6 12.4 15.8 831.1 420.1 836.4 420.4 832.6 423.4 831.5 426.7 835.6 426.8 0.9991
610.6 440.8 13.0 15.9 613.6 446.2 619.7 446.2 616.4 449.8 614.4 453.0 618.8 453.1 0.9991
26.7 752.4 21.9 18.1 29.4 764.5 34.0 764.5 28.3 769.9 32.4 774.4 35.2 774.2 0.9991
451.0 586.6 16.5 21.7 453.1 594.4 459.3 594.7 454.4 598.8 453.8 603.1 458.4 603.2 0.9991
304.1 513.4 16.0 18.6 307.6 519.4 315.1 519.3 311.1 523.2 308.4 527.3 314.6 527.2 0.9991
366.5 547.7 17.2 22.9 369.0 557.5 376.0 557.2 371.7 562.7 371.0 566.6 375.7 566.3 0.9990
742.4 428.5 13.3 17.7 745.3 435.1 751.7 435.3 748.1 438.8 745.9 442.2 750.7 442.4 0.9990
485.6 475.8 12.9 15.0 488.6 481.5 494.7 481.3 491.6 484.7 489.4 487.7 494.2 487.6 0.9990
238.8 595.9 17.9 22.3 242.5 604.7 250.4 604.6 245.8 609.5 243.6 613.5 249.6 613.4 0.9990
335.5 620.1 17.4 23.7 337.9 630.2 345.2 629.9 340.3 635.2 339.6 639.3 344.9 639.0 0.9990
25.1 640.6 17.4 23.7 28.9 647.6 31.4 648.9 26.3 652.5 28.2 657.4 30.0 658.0 0.9990
12.7 559.3 17.7 22.7 15.9 567.4 23.1 566.4 19.0 571.6 17.7 576.6 23.3 575.7 0.9989
842.3 439.5 13.4 17.3 845.2 445.9 851.3 446.2 847.7 449.5 845.7 452.7 850.5 452.9 0.9989
90.9 700.6 21.0 27.3 93.7 710.5 102.2 710.9 95.9 716.5 94.9 721.7 100.9 721.8 0.9989
923.6 477.3 13.9 16.7 926.1 484.3 932.2 484.1 928.7 488.0 927.5 491.0 931.8 490.8 0.9989
542.3 456.3 14.0 16.4 545.4 463.1 551.3 462.6 548.2 466.2 546.7 469.3 551.0 468.9 0.9989
955.9 441.3 12.5 15.9 958.9 446.4 964.8 446.6 961.5 449.8 959.4 453.2 963.8 453.4 0.9989
512.0 561.4 16.9 21.6 515.3 570.1 522.3 569.5 518.6 574.4 517.3 578.4 522.5 577.9 0.9989
455.8 510.5 13.5 16.5 457.2 517.0 462.5 517.6 458.0 520.8 457.6 523.6 461.2 524.0 0.9988
692.1 430.6 12.1 15.9 693.3 436.4 697.3 436.8 693.6 439.7 693.6 442.8 696.6 443.0 0.9988
865.1 442.2 13.5 16.9 868.5 449.3 874.7 448.6 872.0 452.8 870.3 456.0 874.7 455.4 0.9988
595.8 431.0 12.7 14.7 598.5 435.7 604.3 435.3 601.1 438.8 599.6 442.2 603.8 441.9 0.9987
50.0 586.9 15.9 21.7 54.4 594.9 61.5 594.8 57.9 599.1 55.1 603.3 60.7 603.3 0.9987
761.1 450.7 14.4 17.7 763.3 456.4 769.2 455.9 765.6 460.2 764.8 463.9 769.5 463.4 0.9987
84.0 678.1 19.1 21.7 89.5 686.1 97.7 685.6 94.0 690.4 91.1 694.9 97.1 694.5 0.9987
334.6 501.1 14.9 18.2 336.9 507.9 343.1 508.0 339.1 512.2 338.2 515.7 342.5 515.7 0.9986
789.0 439.8 13.4 15.7 792.1 445.5 798.7 445.1 795.3 448.6 793.2 451.9 798.6 451.6 0.9986
504.2 504.8 14.7 18.0 506.0 512.2 510.2 512.0 506.9 516.4 508.2 519.5 510.9 519.2 0.9986
840.4 483.8 12.8 15.1 842.4 489.5 847.4 489.1 844.1 492.6 843.6 495.7 847.5 495.4 0.9986
714.4 412.7 12.8 15.4 717.1 418.2 723.0 418.0 719.7 421.2 717.8 424.3 722.6 424.1 0.9986
694.2 501.5 12.5 19.2 695.4 509.3 697.7 509.4 694.2 513.2 696.3 517.2 697.7 516.9 0.9986
516.4 424.4 12.6 16.4 518.5 430.0 521.5 430.6 517.6 433.3 518.4 436.6 520.4 436.8 0.9985
601.9 580.4 17.6 22.4 604.9 589.7 612.3 590.2 607.4 594.7 605.8 598.4 610.9 598.6 0.9985
878.1 422.3 12.6 16.4 880.5 428.6 886.3 428.7 882.9 432.0 881.2 435.2 885.6 435.3 0.9985
657.6 570.6 17.1 22.7 661.6 579.4 668.8 579.5 664.6 583.8 662.2 588.2 668.1 588.1 0.9985
418.5 685.1 18.2 24.2 420.6 694.3 427.8 694.9 422.1 699.9 421.8 704.5 426.6 704.7 0.9984
381.4 506.2 15.4 19.8 383.5 513.6 388.6 514.6 383.6 517.8 383.5 521.3 387.2 521.8 0.9984
857.6 499.3 12.5 15.3 861.7 504.3 867.7 503.7 865.5 507.4 862.8 510.9 867.4 510.4 0.9984
620.1 506.9 15.4 20.2 622.3 514.7 628.8 514.9 624.1 519.0 623.0 522.8 627.7 522.8 0.9983
729.3 425.0 12.4 16.7 731.7 430.8 737.2 430.7 733.9 434.6 732.6 438.0 736.7 437.9 0.9983
936.8 429.5 10.8 14.1 939.3 434.6 944.6 434.4 941.9 437.4 940.0 440.3 944.4 440.1 0.9983
175.1 619.2 17.1 22.0 177.6 628.8 180.8 628.8 177.3 634.0 180.7 637.4 182.5 637.2 0.9983
994.1 378.9 11.0 12.6 996.7 383.3 1001.9 383.5 999.0 386.2 997.0 388.7 1001.0 388.9 0.9980
469.2 464.2 14.0 17.5 471.6 470.2 477.7 469.9 473.9 473.7 472.7 477.7 477.3 477.4 0.9980
149.4 523.5 15.7 21.5 151.6 531.5 156.5 531.7 151.9 535.7 152.3 539.9 155.8 539.9 0.9980
64.8 629.4 16.2 24.0 67.4 638.0 70.1 638.8 65.5 643.0 67.5 648.0 69.0 648.3 0.9980
560.4 409.5 11.6 15.2 561.9 416.3 566.0 416.0 563.0 419.1 563.0 422.0 566.1 421.6 0.9980
386.7 565.8 18.2 22.9 390.5 575.1 398.6 575.9 393.4 580.4 390.8 583.7 397.0 584.3 0.9980
981.3 426.7 12.3 15.9 983.9 433.0 989.8 432.8 986.6 436.5 984.9 439.6 989.2 439.4 0.9979
695.9 464.1 13.0 18.1 698.7 470.6 701.8 472.0 697.3 474.5 697.5 477.5 699.7 478.4 0.9978
474.6 541.9 15.1 20.1 477.6 548.8 484.3 548.8 480.2 552.9 478.3 557.1 483.5 557.1 0.9977
953.5 497.1 14.1 17.2 959.9 502.6 965.5 502.5 963.9 506.4 960.8 510.0 964.9 510.0 0.9977
30.5 622.2 17.0 18.8 33.8 629.0 41.4 629.0 36.8 633.3 34.6 636.8 40.2 636.8 0.9976
95.3 583.9 16.7 22.2 97.1 593.4 102.1 593.7 97.6 598.6 99.2 602.1 102.3 602.2 0.9975
977.4 339.8 9.7 12.6 979.3 344.6 983.9 344.6 981.2 347.1 979.8 349.6 983.5 349.5 0.9975
761.6 419.5 12.0 15.7 764.7 425.4 769.8 425.5 767.0 429.0 765.3 431.8 769.1 431.9 0.9975
642.0 411.5 10.9 16.4 643.8 418.1 646.2 418.3 643.2 421.6 644.8 424.7 646.2 424.6 0.9974
513.8 356.0 10.8 13.2 516.3 361.7 521.3 361.0 519.0 364.0 517.7 366.7 521.3 366.2 0.9974
872.5 352.5 10.4 13.9 875.9 357.9 880.8 358.0 878.6 360.5 876.3 363.2 880.1 363.3 0.9974
895.4 489.9 14.3 18.2 900.5 499.3 906.7 497.4 905.2 502.2 903.4 505.7 907.5 504.3 0.9971
836.7 603.4 14.9 17.2 839.6 610.3 846.1 611.2 841.6 614.6 839.6 617.1 844.3 617.7 0.9971
874.9 395.8 11.5 14.7 876.9 400.2 881.6 400.3 878.4 403.2 877.2 406.5 881.1 406.5 0.9970
937.1 460.9 13.0 15.6 940.8 465.9 946.5 466.0 943.7 469.5 941.6 472.8 945.6 472.9 0.9970
900.1 341.6 10.3 12.7 902.7 346.6 907.6 346.5 905.1 349.2 903.4 351.7 906.9 351.6 0.9969
486.8 445.2 11.8 15.6 487.9 451.3 491.3 451.2 487.9 454.6 489.1 457.8 491.3 457.5 0.9969
767.1 484.9 11.6 15.2 768.9 490.3 773.4 490.1 770.2 493.5 769.9 496.9 773.3 496.6 0.9968
839.8 390.6 11.4 14.3 843.9 396.4 848.9 396.3 846.9 399.1 844.5 401.8 848.5 401.8 0.9968
556.9 433.6 12.5 17.4 558.7 440.6 561.6 440.6 558.4 444.3 559.5 447.6 561.6 447.4 0.9966
996.9 444.2 11.5 14.9 998.8 449.9 1003.2 450.1 999.9 453.1 999.2 455.8 1002.5 455.9 0.9966
211.9 478.6 11.5 15.7 215.8 484.5 221.3 483.8 219.5 487.4 217.4 490.9 221.4 490.5 0.9964
959.8 379.0 11.0 14.1 962.6 384.0 967.9 383.8 965.4 386.8 963.4 389.8 967.7 389.6 0.9963
961.7 412.2 12.4 14.8 968.3 417.5 972.6 418.0 971.3 421.0 967.7 423.6 970.9 424.2 0.9962
740.5 349.8 10.0 12.5 742.6 355.4 747.2 355.3 744.7 357.9 743.3 360.0 746.7 359.9 0.9962
588.6 458.1 12.3 14.3 591.0 463.6 596.4 463.4 593.4 466.5 592.0 469.4 596.2 469.1 0.9954
828.5 398.9 12.1 13.5 832.8 403.4 838.0 404.0 835.6 406.4 833.0 409.1 836.8 409.5 0.9953
196.8 580.1 13.2 18.4 199.0 586.8 200.7 587.3 197.4 591.0 199.9 594.4 200.7 594.6 0.9950
742.5 382.4 11.1 13.2 744.9 387.1 750.1 386.5 747.6 389.8 746.2 392.8 750.0 392.3 0.9949
264.2 554.4 15.2 18.4 267.3 562.3 273.5 562.9 269.4 566.9 268.3 569.6 272.4 570.0 0.9949
601.1 372.9 10.4 13.4 603.8 378.3 608.9 378.1 606.4 381.0 604.7 383.6 608.7 383.4 0.9949
458.5 448.1 11.3 16.2 460.2 453.7 462.0 454.1 459.4 457.5 461.1 460.7 462.3 460.8 0.9948
517.3 318.9 8.6 11.1 519.7 323.0 523.8 323.2 521.7 325.4 519.9 327.6 523.3 327.6 0.9939
542.2 315.7 9.1 11.4 544.0 319.8 548.0 319.8 545.5 322.1 544.4 324.3 547.6 324.3 0.9939
527.8 339.9 10.7 12.6 531.5 344.3 536.4 344.3 534.4 347.0 532.1 349.5 536.0 349.5 0.9938
706.6 372.9 11.5 13.9 709.8 377.4 715.2 377.3 712.6 380.2 710.5 383.4 714.6 383.4 0.9936
298.5 486.6 11.1 14.4 300.8 491.6 303.2 492.0 300.1 494.5 300.6 497.5 301.9 497.6 0.9933
651.3 507.7 13.5 16.2 653.9 515.3 659.0 514.9 656.3 519.1 656.3 521.6 659.8 521.2 0.9929
67.9 546.9 15.6 16.9 70.6 552.9 76.5 552.5 72.6 556.8 72.1 560.6 76.4 560.2 0.9926
332.7 605.2 17.0 20.1 334.7 614.0 341.5 613.9 336.9 617.7 335.9 621.2 340.8 620.9 0.9921
724.2 362.8 10.5 12.6 727.2 367.4 732.3 367.3 729.9 370.1 727.9 372.7 731.8 372.7 0.9916
503.9 313.0 8.4 10.2 505.2 316.6 508.9 316.6 506.5 318.8 505.7 321.0 508.6 320.9 0.9916
760.9 364.6 10.5 14.0 762.7 370.2 766.6 371.0 763.2 373.4 762.5 375.7 765.2 376.2 0.9915
570.2 451.1 10.7 14.4 571.8 456.6 573.5 457.3 570.6 459.7 572.0 462.5 572.7 462.7 0.9915
938.6 385.8 9.9 12.2 940.5 390.2 944.8 390.0 942.2 392.6 941.4 395.2 944.7 395.0 0.9914
346.0 475.1 11.4 15.4 347.6 481.5 352.2 480.8 349.6 484.5 349.4 487.7 352.7 487.1 0.9912
55.0 501.2 11.9 14.2 59.1 506.9 64.8 506.2 62.8 510.1 60.5 513.1 64.4 512.7 0.9910
338.2 745.3 18.0 24.8 341.7 753.2 344.7 754.5 339.1 758.4 341.5 763.4 343.3 763.9 0.9910
128.1 578.5 13.2 17.6 131.0 584.2 134.8 585.5 130.6 588.4 130.4 591.7 132.8 592.5 0.9909
406.9 409.5 11.3 12.9 410.1 414.1 415.4 414.1 412.8 416.9 410.6 419.5 414.8 419.5 0.9904
865.6 336.3 9.3 10.9 869.7 340.0 873.3 340.2 872.1 342.5 869.7 344.5 872.4 344.8 0.9900
37.4 563.9 13.9 16.7 39.8 570.1 45.1 570.1 41.6 573.7 40.7 577.2 44.8 577.1 0.9898
909.3 320.7 10.1 11.8 912.2 325.6 917.2 325.7 914.7 328.3 912.7 330.5 916.6 330.5 0.9891
567.2 347.3 10.4 13.1 568.9 352.5 573.1 352.3 570.4 355.2 569.8 357.9 573.0 357.6 0.9888
819.0 331.9 8.9 11.7 821.2 336.6 824.6 336.7 822.5 338.7 821.4 340.8 824.2 340.9 0.9887
523.0 295.7 7.5 9.5 524.9 299.3 528.4 299.3 526.6 301.2 525.3 303.0 528.1 303.0 0.9883
999.4 396.7 10.2 14.3 1001.9 402.0 1006.0 402.1 1003.5 404.9 1002.2 407.6 1005.4 407.7 0.9881
128.2 621.6 18.1 19.8 131.8 628.8 139.4 628.6 134.6 632.8 132.8 636.7 138.4 636.4 0.9871
0.0 742.3 13.3 28.0 -3.4 752.3 6.9 752.8 1.1 758.4 -3.1 763.2 5.2 763.6 0.9871
651.7 424.1 13.0 16.8 654.0 430.3 659.5 431.1 655.6 434.3 654.0 437.0 658.2 437.5 0.9859
541.3 378.6 10.7 12.6 543.3 382.9 548.4 383.2 545.3 385.9 543.9 388.4 547.5 388.5 0.9858
955.5 350.2 8.9 11.7 957.3 355.1 961.4 355.1 959.1 357.6 957.9 359.7 961.1 359.7 0.9849
332.5 567.7 14.1 16.6 334.3 574.2 339.0 574.5 335.4 578.4 336.1 581.4 338.9 581.4 0.9845
531.6 479.6 12.9 16.6 533.7 486.2 537.5 486.1 534.8 489.9 535.4 492.9 538.1 492.6 0.9842
614.0 402.7 10.7 13.5 615.4 407.5 618.1 407.4 615.6 410.6 617.0 413.3 618.7 413.1 0.9842
163.9 563.6 14.3 18.3 166.8 569.9 171.4 571.2 166.5 573.9 165.8 577.3 169.0 578.1 0.9841
491.7 314.6 7.8 9.6 494.5 318.2 497.9 318.3 496.4 320.4 494.7 322.2 497.3 322.4 0.9836
772.9 366.4 10.4 12.5 774.9 371.4 779.6 371.6 776.8 374.4 775.7 376.5 778.9 376.5 0.9833
789.3 497.0 11.3 13.1 793.0 501.1 798.3 501.4 795.7 504.0 793.1 506.6 797.4 506.8 0.9832
911.9 350.3 10.6 12.4 915.6 354.2 920.2 355.0 917.7 357.2 915.4 359.4 918.7 360.0 0.9828
605.0 336.7 8.6 11.4 608.6 341.3 612.0 341.3 610.9 343.6 608.9 345.7 611.6 345.7 0.9816
1002.1 417.7 10.6 12.2 1004.1 421.8 1008.7 421.9 1005.7 424.6 1004.5 427.2 1008.1 427.3 0.9805
676.7 359.4 9.7 13.9 682.7 364.5 685.0 364.5 684.9 367.5 682.5 370.2 684.2 370.3 0.9802
722.4 287.3 7.3 9.7 723.7 291.2 726.4 291.2 724.5 293.2 724.2 295.0 726.3 294.9 0.9798
663.6 443.2 12.3 16.7 666.0 449.5 671.0 449.9 667.7 453.4 666.7 456.5 670.2 456.7 0.9798
579.8 321.4 7.8 10.6 581.1 325.5 583.0 325.7 581.0 327.7 581.4 329.6 582.8 329.6 0.9797
560.9 371.1 10.4 11.8 563.8 375.3 568.7 375.1 566.4 377.7 564.4 380.4 568.4 380.3 0.9792
1007.9 461.6 12.3 15.7 1011.0 466.5 1016.4 466.9 1013.3 470.1 1011.3 473.1 1015.6 473.4 0.9791
936.5 359.1 10.2 12.4 938.3 363.8 942.7 363.1 940.5 366.1 939.8 368.9 943.0 368.3 0.9787
711.0 358.4 10.0 12.4 713.4 363.6 718.1 363.5 715.8 366.1 714.2 368.5 717.9 368.3 0.9746
817.8 294.8 9.8 11.9 820.7 298.7 825.3 298.8 823.0 301.4 821.1 303.6 824.6 303.7 0.9742
684.1 368.1 9.8 11.6 686.5 372.6 690.9 372.6 688.5 375.0 686.9 377.3 690.4 377.3 0.9740
502.9 401.1 11.8 13.0 505.5 405.2 511.1 405.5 507.8 408.3 505.7 411.1 510.0 411.3 0.9740
618.9 322.7 9.6 11.9 621.7 326.4 626.4 326.7 623.9 329.1 621.9 331.5 625.4 331.8 0.9739
730.9 302.1 8.0 9.4 733.2 305.2 736.9 305.4 735.0 307.2 733.4 309.0 736.3 309.1 0.9735
380.8 455.5 11.0 12.9 386.9 460.4 390.0 460.6 389.2 463.8 386.6 465.9 388.2 466.2 0.9733
888.2 328.5 10.4 13.1 890.4 334.3 894.8 334.1 892.4 336.8 891.4 339.2 894.5 339.0 0.9732
945.8 282.8 8.2 9.7 948.3 286.3 952.1 286.3 950.3 288.2 948.6 290.1 951.6 290.2 0.9732
617.4 347.2 11.3 16.0 619.0 354.2 623.4 354.3 620.4 357.6 619.8 360.2 622.9 360.2 0.9731
69.5 522.8 14.4 16.0 73.5 528.2 79.4 528.0 76.4 531.4 74.5 534.9 79.0 534.7 0.9729
749.6 314.5 9.2 11.0 752.0 318.5 756.2 318.7 753.9 320.9 752.2 322.9 755.5 323.0 0.9716
963.8 294.7 9.6 11.0 966.8 298.9 970.9 298.7 969.2 301.1 967.5 303.4 970.7 303.3 0.9716
582.3 423.8 11.2 14.1 583.6 428.2 586.9 428.6 583.5 431.7 584.0 434.6 586.2 434.6 0.9705
586.2 406.3 10.9 13.8 588.0 411.6 592.1 411.9 588.9 414.7 588.3 417.4 591.3 417.5 0.9705
562.9 302.1 11.0 13.0 566.2 306.6 571.4 306.5 569.0 309.3 566.9 312.0 570.8 311.9 0.9703
764.9 351.2 9.0 10.9 767.1 355.8 771.0 355.7 769.0 358.0 767.6 360.0 770.7 359.9 0.9695
775.0 424.2 10.3 15.5 777.3 431.0 781.6 431.1 779.2 434.3 778.0 436.9 781.2 436.9 0.9675
909.6 269.4 7.6 9.3 911.5 272.6 915.1 272.7 913.2 274.6 911.7 276.5 914.6 276.6 0.9670
849.4 349.6 11.5 15.6 852.8 357.3 857.7 357.5 855.1 360.8 853.2 362.9 856.6 363.0 0.9664
801.8 372.5 11.6 13.0 804.4 377.7 808.9 377.0 806.7 380.0 805.9 382.9 809.4 382.3 0.9633
655.5 352.1 11.3 12.7 657.7 356.2 662.2 356.2 659.4 359.1 658.4 361.7 661.8 361.6 0.9632
746.6 408.8 13.5 15.5 750.1 413.9 755.9 414.0 752.9 417.1 750.9 420.5 755.1 420.5 0.9626
387.0 314.9 8.7 11.1 388.8 319.3 392.8 319.1 390.8 321.5 389.7 323.7 392.8 323.5 0.9619
688.8 378.2 10.7 12.7 690.7 382.4 695.7 382.2 692.8 385.2 691.7 388.1 695.2 387.9 0.9612
491.5 419.3 11.5 14.2 493.7 424.7 498.2 424.9 495.1 427.7 494.1 430.3 497.5 430.4 0.9600
548.4 357.2 10.6 12.1 550.7 361.7 555.6 361.6 552.9 364.4 551.7 366.8 555.1 366.6 0.9599
905.3 291.3 9.2 10.7 907.3 295.5 911.8 295.1 909.6 297.6 908.3 299.9 911.8 299.7 0.9597
627.0 411.5 8.8 12.2 628.3 415.4 630.7 415.8 628.1 418.2 628.5 420.8 630.2 420.9 0.9566
443.0 294.8 9.5 12.2 445.9 299.6 450.2 299.6 448.2 302.0 446.3 304.3 449.8 304.3 0.9559
861.0 395.5 10.6 12.3 863.3 399.3 867.7 399.8 864.7 402.2 863.3 404.7 866.6 404.9 0.9547
1011.8 280.1 7.3 9.6 1013.8 283.4 1017.3 283.5 1015.6 285.4 1014.0 287.2 1016.9 287.3 0.9544
564.1 323.6 10.3 12.1 566.8 328.3 571.4 328.5 568.9 330.8 567.1 333.0 570.6 333.2 0.9526
935.9 342.1 9.3 11.1 938.4 346.2 942.8 346.7 940.2 348.9 938.4 351.1 941.7 351.4 0.9526
791.3 359.4 10.1 11.1 794.0 363.3 798.9 363.1 796.6 365.7 794.8 368.3 798.7 368.2 0.9504
598.1 280.7 8.4 10.9 601.3 285.3 604.7 284.8 603.9 287.3 602.2 289.7 604.8 289.4 0.9482
682.4 423.5 11.1 13.7 685.3 428.2 689.6 428.2 687.1 431.0 685.9 433.8 689.1 433.7 0.9472
838.7 321.5 9.4 10.9 840.8 325.6 845.0 325.4 842.8 327.8 841.6 330.1 844.9 329.9 0.9443
804.9 418.0 11.2 12.8 808.7 422.7 813.3 422.3 811.6 425.3 809.7 427.9 813.2 427.7 0.9392
637.4 291.4 8.0 10.5 640.3 295.3 643.0 295.2 642.1 297.4 640.8 299.6 642.9 299.5 0.9389
83.5 595.7 14.2 20.9 85.7 604.9 90.6 604.7 86.9 609.2 87.1 613.0 90.5 612.6 0.9385
915.7 286.9 8.2 10.4 918.3 291.4 922.0 291.2 920.5 293.5 918.9 295.5 921.8 295.4 0.9379
427.1 285.6 7.4 8.5 429.5 288.5 432.8 288.9 431.0 290.6 429.3 292.1 431.9 292.4 0.9358
895.1 406.4 9.7 11.6 897.3 411.1 901.2 411.2 898.8 413.5 897.7 415.6 900.7 415.6 0.9318
723.9 276.9 7.1 8.6 726.7 279.9 729.7 279.9 728.6 281.6 727.0 283.4 729.4 283.4 0.9254
794.4 394.9 10.5 13.2 797.5 399.9 802.2 399.6 800.2 402.4 798.3 405.3 802.1 405.2 0.9137
649.8 334.6 9.7 11.8 651.4 338.8 656.0 338.5 653.4 341.4 652.3 343.9 655.8 343.6 0.9132
765.5 387.8 10.5 12.8 767.7 392.2 771.3 392.5 768.5 395.2 768.0 398.0 770.7 398.1 0.9129
957.7 324.7 9.4 11.0 960.2 329.2 964.4 329.1 962.3 331.5 960.8 333.5 964.1 333.5 0.9123
515.4 486.3 12.5 15.0 518.0 491.0 522.8 491.2 519.4 494.4 518.4 497.5 521.8 497.7 0.9038
403.6 271.8 6.7 8.2 405.9 274.8 408.9 274.6 407.7 276.4 406.5 278.2 408.8 278.1 0.9013
479.0 281.8 8.7 10.4 481.5 285.9 485.5 285.9 483.7 288.1 482.0 290.2 485.2 290.1 0.8978
663.6 298.0 9.0 10.4 666.0 301.7 670.2 301.6 668.2 304.0 666.5 306.1 669.8 306.1 0.8973
581.7 281.9 8.3 9.9 583.9 285.4 587.6 285.6 585.5 287.5 584.0 289.4 587.0 289.5 0.8957
796.8 309.0 8.5 10.3 799.2 313.3 803.1 313.4 801.1 315.4 799.4 317.3 802.5 317.4 0.8956
482.7 311.2 7.8 9.1 484.4 315.1 487.8 315.1 485.7 317.1 484.7 318.7 487.3 318.7 0.8945
1009.3 292.1 8.4 11.1 1013.1 296.0 1016.0 295.8 1015.3 298.3 1013.5 300.7 1015.7 300.7 0.8898
798.7 337.0 10.6 12.3 800.9 341.3 805.7 340.3 803.8 343.7 802.7 346.6 806.3 345.8 0.8811
833.7 337.4 9.9 12.4 837.6 342.2 841.6 342.0 840.4 344.8 838.3 347.4 841.3 347.3 0.8792
622.9 281.6 7.5 9.5 624.4 285.3 627.7 285.4 625.7 287.3 624.7 289.1 627.2 289.2 0.8693
678.9 398.2 13.0 16.5 680.7 404.5 684.3 405.2 680.9 408.7 681.6 411.3 683.9 411.7 0.8599
678.0 523.3 12.7 14.9 681.2 528.1 686.7 528.9 683.2 531.9 680.8 534.7 685.0 535.3 0.8591
633.7 375.5 11.4 14.1 636.2 380.1 640.7 380.5 637.7 383.7 636.6 386.4 639.9 386.6 0.8573
773.5 329.6 9.3 12.3 775.0 333.6 779.0 333.7 776.4 336.2 775.4 339.0 778.6 339.0 0.8553
544.1 294.7 7.9 9.6 546.5 298.1 550.0 297.9 548.5 300.0 547.0 302.0 549.8 301.9 0.8507
703.1 287.1 7.9 9.2 705.2 290.3 709.1 290.3 707.2 292.2 705.7 294.2 708.8 294.2 0.8425
611.1 279.5 8.2 9.8 613.2 282.8 617.0 282.9 615.0 284.9 613.5 286.8 616.5 286.9 0.8347
420.5 267.2 7.4 10.0 422.9 270.9 426.1 270.7 424.8 272.7 423.3 274.7 425.9 274.7 0.8336
846.1 302.4 7.4 9.2 849.5 305.6 852.0 305.6 851.2 307.6 849.6 309.4 851.4 309.5 0.8329
881.9 299.9 7.9 8.6 883.9 302.8 887.5 302.9 885.5 304.7 884.1 306.4 887.0 306.5 0.8224
514.9 276.1 7.5 9.0 517.1 279.2 520.5 279.1 519.0 281.1 517.5 282.9 520.2 282.9 0.8212
773.1 290.3 8.9 10.3 776.2 293.8 779.9 294.0 778.2 296.1 776.4 298.2 779.1 298.4 0.8180
862.6 303.5 8.8 10.5 865.9 307.3 869.8 307.3 868.3 309.6 866.2 311.9 869.3 311.9 0.8177
761.9 312.5 9.9 11.4 764.5 317.0 769.0 316.8 766.8 319.3 765.1 321.6 768.7 321.5 0.8151
670.6 272.5 6.8 8.8 673.0 275.8 675.7 275.7 674.7 277.5 673.3 279.3 675.4 279.3 0.8079
802.3 315.6 9.7 13.0 804.0 320.8 808.5 321.1 805.7 323.6 804.3 325.9 807.6 326.2 0.8033
655.5 368.1 11.8 14.5 659.2 375.1 664.1 375.9 661.3 378.8 659.3 380.6 662.4 381.3 0.7873
403.7 252.3 6.2 7.6 405.9 255.3 408.5 255.0 407.5 256.8 406.5 258.4 408.5 258.3 0.7820
664.8 261.3 6.8 7.8 666.7 264.2 670.0 264.0 668.4 265.8 667.2 267.5 669.8 267.5 0.7753
507.9 298.4 7.8 9.4 509.7 301.9 512.9 301.9 511.1 303.8 510.1 305.7 512.6 305.7 0.7652
502.8 273.8 7.9 9.4 505.0 277.2 508.9 277.3 506.9 279.2 505.1 281.1 508.4 281.2 0.7533
527.4 273.2 8.2 9.4 529.8 276.5 533.6 276.4 531.9 278.5 530.2 280.6 533.3 280.5 0.7421
784.3 293.5 8.8 10.5 786.7 297.9 790.7 297.9 788.6 300.1 787.1 302.1 790.3 302.1 0.7389
832.0 260.2 7.0 7.7 833.7 263.1 836.8 263.0 835.2 264.8 834.3 266.3 836.6 266.2 0.7179
633.1 460.7 10.1 14.6 635.4 465.8 638.7 465.9 636.4 468.8 635.8 471.9 638.4 471.9 0.7128
736.7 294.1 8.5 9.5 738.9 297.2 742.5 297.5 740.3 299.4 739.1 301.3 741.8 301.5 0.7081
993.8 329.1 10.4 13.0 996.2 333.5 1001.4 333.0 999.0 336.0 997.3 339.0 1001.6 338.6 0.6812
513.0 345.7 9.6 11.1 516.1 349.5 520.7 349.5 518.6 351.8 516.5 354.1 520.1 354.2 0.6805
687.3 282.3 7.9 8.7 689.7 285.4 693.1 285.4 691.5 287.2 690.1 289.1 692.8 289.1 0.6754
791.8 278.4 7.3 9.1 793.8 281.6 797.3 281.5 795.6 283.4 794.2 285.2 797.0 285.2 0.6684
624.0 267.6 8.2 9.7 627.2 271.5 630.7 271.9 629.1 273.9 627.1 275.5 629.7 275.8 0.6639
637.3 280.3 8.6 10.2 640.4 283.7 644.2 283.8 642.5 286.0 640.6 288.1 643.6 288.2 0.6594
554.0 287.5 8.0 9.3 556.0 290.9 559.4 291.2 557.4 293.0 556.1 294.8 558.8 295.0 0.6523
547.2 278.2 7.8 8.9 548.9 281.7 552.1 281.7 550.3 283.4 549.4 285.1 551.9 285.1 0.6401
332.7 313.8 13.0 16.3 334.8 320.7 339.6 320.5 336.5 324.0 335.6 326.9 339.2 326.7 0.6364
366.3 238.8 6.0 6.9 368.2 241.2 371.0 241.1 369.7 242.7 368.4 244.2 370.7 244.2 0.6306
820.5 261.1 6.9 8.1 822.8 264.4 825.8 264.1 824.6 266.1 823.5 267.9 825.8 267.7 0.6263
934.0 311.2 9.1 11.2 936.4 315.6 940.3 315.8 938.0 317.9 936.5 320.0 939.7 320.1 0.6248
540.4 415.5 11.3 13.2 542.6 420.1 547.2 420.3 544.0 423.3 543.1 426.1 546.5 426.1 0.5980
403.9 308.7 9.8 13.2 408.8 314.5 411.7 314.4 410.8 317.6 408.2 319.5 410.1 319.6 0.5936
883.2 274.6 9.1 10.5 885.7 278.4 889.9 278.6 887.8 280.7 885.8 282.7 889.1 282.9 0.5781
401.9 472.3 9.3 12.4 403.7 476.5 407.1 476.7 404.6 479.1 404.0 481.6 406.7 481.7 0.5442
829.5 317.6 10.2 12.2 832.4 322.5 837.2 322.0 835.1 325.1 833.5 327.6 837.0 327.2 0.5222
