2--Demonstration/2_Demonstration_Demonstration_Or_Protest_2_602.jpg
19
299.7 97.9 105.7 151.5 344.6 149.5 387.4 147.9 382.7 165.1 354.0 201.5 393.3 200.3 0.9999
148.8 117.0 59.5 65.1 168.4 145.9 190.3 134.9 189.2 146.6 183.7 166.0 201.7 157.5 0.9999
736.5 39.6 62.6 84.5 759.1 72.4 785.6 66.1 780.7 79.4 768.9 101.2 791.0 95.8 0.9997
32.0 139.3 87.3 101.6 51.4 173.7 91.3 164.8 74.6 181.0 63.0 210.8 98.2 203.0 0.9997
550.2 59.8 80.9 119.2 585.2 106.6 616.8 101.7 614.8 123.9 595.6 149.1 622.2 145.1 0.9995
420.7 102.8 54.0 65.7 434.4 129.0 457.5 121.5 450.7 132.5 444.8 152.4 463.1 146.4 0.9994
809.5 57.3 23.7 28.3 817.1 69.5 826.6 66.7 824.5 72.4 821.7 79.4 828.6 77.3 0.9990
947.6 0.0 33.7 32.5 961.4 6.2 975.4 4.0 974.4 10.0 966.0 21.0 977.8 19.5 0.9986
669.4 65.0 31.5 40.3 678.6 81.9 691.9 78.4 687.9 85.4 684.2 95.9 694.3 93.2 0.9985
121.2 170.6 27.0 37.1 126.3 185.5 138.5 182.5 133.3 191.6 130.5 199.0 141.0 196.5 0.9963
485.2 118.7 21.0 23.4 489.9 126.8 499.3 124.9 494.9 128.9 492.4 135.8 499.8 134.3 0.9960
0.0 186.5 28.3 63.8 -14.3 215.8 8.0 208.7 -2.6 222.3 -6.6 235.7 12.7 229.9 0.9948
384.9 206.8 50.4 62.9 403.0 233.9 423.8 234.4 415.0 245.8 406.1 256.3 420.2 256.9 0.9922
702.6 86.9 40.4 57.6 725.5 105.7 734.2 103.6 737.7 116.2 730.9 129.8 736.4 128.3 0.9889
639.5 136.5 26.8 38.8 644.0 152.0 652.0 151.7 645.6 160.9 647.3 168.1 652.2 167.6 0.9752
512.5 99.2 39.8 47.9 527.9 114.5 542.0 115.0 536.6 124.4 529.3 132.8 540.1 133.3 0.9630
991.5 23.2 31.9 89.1 1016.3 59.1 1047.4 56.2 1039.1 73.0 1027.8 93.4 1050.6 91.2 0.8905
619.4 109.3 32.6 50.6 636.1 128.1 646.7 127.3 645.6 136.0 637.7 146.2 646.4 145.8 0.8488
893.0 59.8 41.6 55.1 915.1 77.8 926.5 75.4 927.5 84.7 920.4 97.6 929.4 96.2 0.5481
