2--Demonstration/2_Demonstration_Political_Rally_2_905.jpg
11
936.8 342.3 26.7 33.4 943.8 354.0 955.9 354.0 949.7 360.5 944.6 366.5 955.4 366.5 0.9973
585.5 371.3 14.5 19.0 593.9 380.1 597.7 379.9 597.1 383.9 593.4 386.8 596.1 386.8 0.9952
818.4 371.2 21.1 24.3 824.0 379.3 832.8 379.1 828.1 383.3 824.6 388.3 832.4 388.1 0.9948
130.5 376.0 15.3 24.3 141.6 386.0 143.3 386.1 144.2 391.5 139.6 395.6 140.4 396.0 0.9814
338.3 170.8 19.1 25.5 342.5 183.2 350.6 180.6 347.6 186.5 346.5 192.1 352.2 190.0 0.9803
356.1 171.3 17.5 24.5 359.8 180.1 367.9 181.5 362.5 185.7 359.1 189.7 365.4 190.8 0.9797
550.3 380.6 16.8 22.6 558.7 389.2 564.7 389.7 562.7 394.0 558.2 397.8 562.9 398.4 0.9753
264.7 396.0 19.5 34.0 279.7 408.3 279.7 407.2 284.2 414.3 280.2 421.9 280.2 421.6 0.9027
667.3 270.4 19.1 24.3 670.4 277.9 678.3 279.8 671.9 283.2 669.0 287.8 675.3 289.2 0.8902
173.3 372.2 9.9 15.5 179.4 377.8 181.1 377.7 181.6 380.8 179.5 383.9 180.5 384.0 0.8667
425.3 367.7 19.1 25.7 436.2 377.5 442.5 377.3 442.0 383.1 436.6 388.4 441.3 388.7 0.8287
