2--Demonstration/2_Demonstration_Political_Rally_2_706.jpg
11
586.9 610.4 117.0 139.7 612.7 662.3 668.5 658.2 640.4 688.0 621.3 715.3 668.3 711.7 0.9997
259.7 742.5 100.4 123.7 283.1 784.7 332.2 784.8 306.1 809.8 286.9 834.0 326.7 833.9 0.9994
887.8 950.1 41.7 53.2 902.7 973.3 920.6 972.8 913.6 982.7 905.5 991.8 918.3 991.5 0.9993
727.8 124.9 43.1 58.8 742.0 146.3 762.1 146.3 753.6 158.6 744.6 169.8 759.3 169.8 0.9988
348.4 167.0 70.7 99.2 366.3 206.8 401.2 203.4 386.0 228.9 375.6 246.8 399.6 243.9 0.9986
0.0 1197.2 48.3 77.7 0.0 1223.9 12.1 1224.7 -5.2 1239.2 -0.1 1255.3 7.8 1255.6 0.9983
970.7 980.8 35.3 47.4 976.8 1002.8 992.0 999.8 984.4 1011.9 982.7 1020.6 993.5 1018.1 0.9958
0.0 1029.5 28.0 70.4 -9.5 1056.1 14.0 1056.6 2.3 1067.4 -8.4 1080.4 11.3 1080.7 0.9944
132.2 831.8 20.8 27.8 135.3 841.2 142.1 841.8 136.0 847.2 135.8 852.6 140.8 852.8 0.7452
0.0 726.0 31.1 42.6 6.7 739.4 21.3 738.2 14.7 748.1 9.5 757.9 21.7 756.9 0.6025
383.6 779.4 26.7 35.4 391.1 791.1 402.9 792.1 397.0 798.7 391.6 805.7 401.0 806.5 0.5592
