2--Demonstration/2_Demonstration_Political_Rally_2_692.jpg
16
862.7 199.5 109.1 148.7 916.5 258.5 956.6 256.9 954.9 283.0 925.0 312.2 957.4 310.9 0.9998
480.5 135.2 104.2 142.0 512.0 198.7 559.3 192.6 542.3 215.5 522.4 245.5 561.2 240.3 0.9997
140.2 119.1 85.5 109.7 166.6 157.2 205.6 157.1 188.8 176.5 171.5 199.1 202.8 199.0 0.9997
231.2 194.5 53.7 62.4 243.4 218.6 267.9 214.8 256.4 228.3 249.2 241.8 269.1 238.4 0.9995
378.2 200.9 68.5 93.4 402.0 237.8 433.5 241.0 420.1 254.3 402.2 269.4 428.9 271.8 0.9995
941.5 178.5 69.4 85.5 965.1 215.3 996.8 215.4 983.2 234.5 967.0 244.4 992.5 244.8 0.9995
634.8 228.7 45.5 56.4 651.9 251.0 671.7 251.6 663.6 261.5 653.6 271.4 668.5 272.0 0.9994
741.1 242.7 54.3 74.8 753.9 270.6 779.8 269.9 766.2 283.0 756.8 297.9 777.7 297.3 0.9994
577.8 253.4 43.0 68.5 589.7 281.5 612.0 279.3 603.5 297.4 595.1 308.6 611.0 306.7 0.9982
320.3 232.2 26.9 31.8 328.5 242.2 341.2 242.1 335.6 247.6 330.3 254.9 340.2 254.8 0.9979
100.5 178.3 52.2 64.6 119.6 205.7 143.2 205.0 134.5 219.1 124.6 231.3 140.2 230.8 0.9957
287.9 239.8 26.8 34.0 293.8 254.3 306.9 254.6 300.0 263.4 296.1 268.8 304.8 268.9 0.9950
689.6 240.7 32.8 41.4 699.0 254.9 713.8 254.9 706.6 262.4 700.9 271.0 712.2 271.1 0.9799
350.1 235.6 22.1 33.8 354.3 247.6 365.2 247.9 358.6 254.1 355.2 261.5 363.5 261.6 0.9324
1000.6 219.3 23.0 60.0 1019.9 238.8 1041.1 239.4 1031.5 250.6 1021.3 262.3 1037.5 262.8 0.8010
611.0 239.4 16.7 24.9 615.3 248.9 622.2 248.7 618.7 253.4 616.4 258.8 622.0 258.6 0.6147
