2--Demonstration/2_Demonstration_Demonstrators_2_69.jpg
16
581.6 94.0 37.0 47.4 591.2 114.5 608.0 113.5 599.9 124.6 594.7 132.4 606.8 131.4 0.9995
856.7 3.9 61.6 87.5 864.7 38.2 877.0 41.5 857.3 54.8 866.9 70.0 875.4 71.8 0.9995
219.2 119.5 32.0 44.3 222.4 134.9 233.0 134.4 223.4 144.2 225.7 153.1 233.6 152.3 0.9995
328.3 101.4 35.0 50.9 333.8 119.9 348.1 121.5 335.8 129.3 333.9 139.2 344.7 140.2 0.9994
506.8 49.8 46.7 57.0 520.1 72.5 541.2 73.4 530.4 83.1 521.0 92.0 538.6 92.9 0.9994
265.7 112.1 38.8 48.7 273.4 128.8 290.7 129.2 279.9 137.7 274.5 147.7 287.9 148.0 0.9992
145.4 87.9 33.4 54.4 167.4 107.2 169.9 105.0 177.6 114.8 170.6 127.5 172.8 126.6 0.9992
673.1 87.3 42.1 58.1 683.9 112.4 701.8 116.7 689.7 125.9 680.8 130.1 696.8 133.5 0.9991
741.5 124.6 40.1 54.5 748.5 143.1 766.8 145.4 753.2 154.3 748.6 165.1 762.0 166.8 0.9990
782.5 91.1 39.2 56.4 790.0 114.2 804.6 113.7 794.8 124.6 792.9 135.7 802.6 135.0 0.9985
298.9 310.2 16.1 22.2 302.5 319.7 309.9 318.3 306.7 323.6 304.6 327.7 310.8 326.5 0.9975
808.1 125.1 48.5 71.1 815.5 149.4 820.0 150.2 808.2 162.3 816.8 177.6 820.3 177.7 0.9970
77.6 130.0 26.8 39.6 82.4 146.1 95.0 144.1 88.2 153.3 85.9 161.1 95.4 159.5 0.9952
204.5 81.9 20.9 34.6 217.5 93.4 220.2 92.1 224.4 98.3 221.1 107.3 222.9 106.5 0.9897
419.2 122.5 21.1 31.7 432.4 134.5 435.4 132.7 439.4 138.5 436.2 145.8 438.4 144.8 0.9893
471.6 98.4 30.7 37.3 477.0 114.3 490.0 113.4 482.2 120.0 479.3 127.0 489.2 126.3 0.9868
