2--Demonstration/2_Demonstration_Demonstration_Or_Protest_2_919.jpg
9
137.3 220.8 38.7 46.7 156.5 233.9 171.1 234.7 169.0 242.7 159.5 253.9 170.8 254.3 0.9997
484.3 216.0 34.8 44.6 499.8 230.3 514.1 228.9 512.4 236.5 503.4 247.0 515.4 246.0 0.9996
563.7 190.3 31.8 42.9 572.7 205.1 587.4 205.6 580.0 213.7 573.0 220.5 586.2 220.8 0.9996
674.4 265.5 34.5 41.2 683.7 282.2 700.2 282.2 692.0 289.4 684.6 295.8 699.1 295.8 0.9995
903.1 266.7 33.2 44.4 910.2 285.7 925.7 283.9 917.8 292.6 912.5 299.6 926.8 298.1 0.9995
780.1 250.3 33.0 42.4 788.3 268.3 802.6 265.2 796.8 274.5 793.0 283.3 804.1 280.8 0.9995
440.2 392.9 37.7 48.8 453.4 412.6 470.9 411.7 464.4 422.3 455.2 430.0 469.8 429.4 0.9995
397.6 210.6 33.6 44.9 414.2 226.5 427.8 230.2 422.8 237.0 410.3 242.3 421.8 245.6 0.9994
269.8 265.3 32.1 46.4 288.9 283.6 298.5 283.0 299.8 290.9 288.6 299.3 296.8 299.3 0.9993
