2--Demonstration/2_Demonstration_Protesters_2_754.jpg
15
392.3 0.0 52.0 65.4 419.4 18.6 439.0 26.1 435.6 30.7 417.6 42.0 434.9 48.1 0.9997
216.2 57.0 47.7 64.2 221.6 81.5 239.0 79.3 224.1 91.9 224.6 105.1 238.7 103.3 0.9997
0.0 198.1 44.9 52.2 13.0 216.3 33.6 215.1 24.8 228.1 16.3 236.3 33.2 235.2 0.9995
547.0 201.2 24.0 30.3 557.2 212.8 567.7 213.0 564.7 217.3 558.7 223.4 567.1 223.6 0.9994
153.2 193.9 35.0 42.6 160.3 210.3 176.6 210.4 166.6 216.8 161.2 225.8 173.6 225.9 0.9994
964.7 232.3 31.6 32.8 970.1 246.4 975.9 245.5 971.0 254.6 978.1 258.9 981.5 257.7 0.9993
490.1 345.6 48.1 64.6 495.8 368.8 507.2 368.4 492.3 382.1 501.0 393.8 510.2 392.8 0.9993
616.5 197.3 20.7 28.4 624.6 207.7 633.5 209.1 629.4 213.7 623.8 217.8 631.2 218.9 0.9992
844.8 211.2 22.2 31.0 849.5 222.5 859.5 223.7 852.7 228.3 848.9 233.2 857.7 234.2 0.9973
862.3 187.1 45.0 75.3 871.2 214.1 874.3 213.7 861.9 224.4 867.9 242.2 870.7 241.2 0.9951
213.3 203.8 14.0 20.2 216.5 212.8 223.0 212.0 220.0 216.3 218.2 220.2 222.9 219.6 0.9850
667.6 220.6 12.6 15.1 670.1 226.0 675.7 226.8 672.0 229.3 670.0 232.0 674.3 232.5 0.9625
213.8 187.1 14.6 16.3 215.9 193.2 221.8 193.4 217.4 196.8 216.5 200.0 220.6 200.0 0.9592
511.5 209.9 10.5 13.7 514.3 215.9 518.8 216.1 516.4 219.1 514.7 221.2 518.0 221.4 0.9196
57.5 192.4 17.7 29.0 60.0 201.3 60.9 201.8 58.1 207.6 62.0 213.6 62.9 213.7 0.8726
