2--Demonstration/2_Demonstration_Political_Rally_2_17.jpg
164
818.7 378.9 13.7 18.8 820.4 386.6 824.6 386.5 820.9 390.2 821.5 393.6 824.7 393.3 0.9997
745.5 414.1 14.2 17.5 750.0 420.8 756.7 420.4 754.1 424.0 751.2 427.5 756.7 427.2 0.9997
820.8 429.0 15.2 18.5 825.0 436.0 831.9 435.4 828.9 439.3 826.4 443.3 831.8 442.8 0.9996
352.0 484.0 18.9 22.7 358.2 491.6 367.3 491.1 363.7 497.1 359.7 501.8 366.5 501.5 0.9996
212.5 468.3 16.5 20.4 218.1 475.6 225.9 475.6 222.5 479.9 218.8 484.2 225.0 484.3 0.9996
407.5 517.2 21.4 28.1 416.6 529.8 425.5 528.2 423.4 534.7 419.0 540.1 425.4 539.1 0.9995
297.1 538.1 18.0 23.0 303.9 547.3 311.7 547.1 308.7 551.6 304.7 556.0 311.1 555.9 0.9995
434.5 368.1 12.6 17.3 440.1 374.8 445.0 375.3 443.2 378.4 439.9 381.3 443.7 381.8 0.9994
597.0 492.8 20.3 24.2 606.8 501.4 615.0 501.1 613.1 506.3 608.0 511.2 614.0 511.1 0.9994
670.8 514.8 21.3 24.3 676.5 522.9 686.4 522.7 681.7 527.8 677.6 532.9 685.8 532.8 0.9994
708.1 504.5 18.5 22.6 713.6 512.4 722.7 512.6 718.4 517.0 714.0 521.4 721.7 521.6 0.9994
116.3 359.9 12.1 14.7 122.3 365.3 126.5 364.2 126.6 367.5 124.4 371.1 127.4 370.4 0.9993
520.9 380.3 14.0 17.1 528.4 386.9 533.2 386.4 532.6 390.0 529.2 393.4 532.9 393.3 0.9993
170.8 546.0 21.9 28.2 177.7 559.0 187.3 557.1 184.1 563.7 180.7 569.0 188.0 567.7 0.9993
169.1 518.3 20.2 24.3 175.3 529.0 184.4 527.9 180.9 533.8 177.5 538.1 184.2 537.4 0.9992
329.5 506.4 19.2 25.9 338.4 516.0 346.2 516.0 343.8 521.4 338.7 526.1 344.8 526.3 0.9992
475.5 506.0 20.3 24.4 483.0 516.0 491.7 515.9 488.4 521.0 484.2 525.1 490.5 525.1 0.9992
369.2 468.9 16.8 23.9 375.0 478.5 382.9 477.6 380.2 483.0 376.7 487.9 382.8 487.2 0.9992
115.8 450.8 16.2 20.1 122.3 459.0 129.6 458.7 127.1 463.9 123.4 467.4 128.3 467.3 0.9991
646.2 480.2 18.8 22.3 652.3 489.0 660.7 489.1 656.9 493.5 653.3 497.4 659.5 497.5 0.9991
91.0 370.6 13.3 17.6 96.6 378.1 102.2 377.1 100.9 380.9 98.2 384.6 102.4 383.9 0.9991
16.2 452.6 16.8 21.3 21.1 461.2 28.7 459.5 26.0 464.4 23.5 469.2 29.5 467.9 0.9991
531.9 483.5 22.4 26.0 543.7 494.0 551.7 493.9 550.2 499.0 544.1 503.7 549.7 503.9 0.9990
258.3 537.6 21.6 27.6 266.9 548.6 276.1 547.8 273.0 554.1 268.3 559.1 275.6 558.6 0.9990
762.6 461.8 18.4 22.6 768.6 471.4 776.6 471.4 773.0 476.5 769.6 480.1 775.3 480.2 0.9990
848.3 474.8 17.2 20.6 856.2 484.0 862.9 483.7 860.9 488.5 856.8 491.8 861.5 491.7 0.9990
191.6 495.4 19.1 24.2 198.3 505.1 206.7 505.7 202.8 510.2 198.6 514.0 205.1 514.6 0.9990
732.1 401.4 11.7 16.4 739.9 408.0 742.6 407.6 743.3 411.2 740.4 414.4 742.1 414.3 0.9990
57.5 549.4 21.3 29.0 67.4 562.5 75.6 561.4 74.0 568.3 69.5 573.2 75.4 572.6 0.9989
625.4 487.9 17.7 22.1 633.0 498.4 640.3 497.8 638.2 502.7 634.5 506.2 639.8 505.8 0.9989
579.1 443.0 17.7 20.3 583.3 451.3 591.1 449.4 588.0 454.7 586.1 459.3 592.0 457.9 0.9989
398.4 420.0 15.7 17.7 402.4 427.5 408.9 425.0 406.9 430.2 405.7 434.2 410.7 432.2 0.9988
570.8 357.5 13.2 15.6 574.3 363.5 580.2 362.4 577.7 366.6 576.0 369.9 580.4 369.1 0.9988
256.5 483.5 18.3 25.3 262.5 493.9 270.9 492.7 268.0 498.6 264.5 503.3 271.2 502.5 0.9988
110.2 509.0 19.8 21.4 115.1 518.1 123.5 515.4 120.7 521.3 119.0 526.1 125.4 523.9 0.9988
472.3 396.9 14.0 20.1 475.5 404.1 478.1 405.2 473.5 408.2 474.4 411.8 476.2 412.4 0.9988
483.0 470.6 18.5 22.7 487.4 479.2 495.6 478.2 491.7 483.8 489.4 488.4 495.8 487.5 0.9988
176.3 352.4 12.3 15.6 180.3 359.2 185.8 359.0 183.4 362.2 181.0 365.0 185.2 364.9 0.9987
981.7 521.6 21.4 26.5 986.4 532.8 995.7 529.9 992.0 537.9 990.3 543.0 997.8 540.7 0.9987
225.2 444.6 16.3 18.9 230.0 450.9 237.5 450.3 234.4 454.9 231.5 458.8 237.4 458.3 0.9987
455.1 368.8 13.5 15.9 459.1 374.2 465.5 374.0 462.7 377.4 459.9 380.6 465.2 380.5 0.9986
788.5 359.3 13.4 16.3 792.3 363.8 798.8 363.6 795.8 367.4 793.0 371.2 798.3 371.1 0.9986
880.6 446.1 15.6 20.9 885.4 455.2 892.3 454.9 889.3 459.7 886.7 463.1 891.7 462.9 0.9986
343.7 424.8 15.6 19.1 349.2 433.2 356.1 431.9 354.0 436.6 351.4 440.4 356.4 439.5 0.9986
751.5 367.0 12.3 15.8 755.4 373.1 761.0 372.5 758.9 376.3 756.5 379.3 761.0 378.8 0.9986
360.8 410.1 14.6 18.6 366.1 417.3 372.6 417.4 369.9 420.8 366.5 424.1 371.9 424.2 0.9985
528.1 438.5 15.9 19.1 534.6 446.4 541.3 445.8 539.0 450.8 535.8 454.1 540.4 453.8 0.9985
171.1 377.0 13.1 15.4 175.3 382.6 181.4 382.5 178.6 385.6 176.0 388.7 181.0 388.7 0.9985
944.6 416.8 15.9 18.8 949.0 424.2 956.4 423.3 953.2 428.3 950.4 431.4 956.6 430.7 0.9984
626.0 523.8 21.3 28.2 636.2 534.3 644.6 534.3 642.1 540.5 636.7 545.6 642.8 545.8 0.9984
80.6 357.1 13.2 15.4 84.8 362.9 90.7 362.3 88.4 365.9 86.2 369.1 90.6 368.6 0.9984
739.6 531.3 20.5 22.0 749.2 540.9 757.3 540.3 755.2 546.1 750.9 549.7 755.9 549.4 0.9983
127.1 352.5 11.0 13.8 128.4 357.5 131.9 357.6 128.6 360.5 129.0 363.2 131.3 363.2 0.9983
779.5 436.4 17.2 21.6 783.4 446.1 791.0 444.1 788.1 449.3 786.5 454.0 792.4 452.4 0.9982
223.9 350.8 11.7 15.0 227.4 356.7 232.9 356.6 230.4 359.8 228.1 362.5 232.4 362.4 0.9982
735.5 375.4 11.8 15.3 738.4 381.2 744.1 381.1 741.2 384.5 739.2 387.5 743.5 387.4 0.9981
584.9 383.2 13.5 16.9 588.9 389.8 594.8 389.3 592.2 393.2 590.1 396.6 594.6 396.3 0.9981
219.3 414.0 15.2 19.8 224.2 423.1 230.9 421.7 228.5 426.5 226.4 430.6 231.1 429.6 0.9981
412.4 389.7 11.1 14.5 414.8 394.8 419.7 395.2 416.5 398.0 414.8 400.8 418.9 401.0 0.9981
799.5 522.7 20.1 24.7 806.1 532.1 815.6 531.0 812.1 537.1 808.1 541.9 815.4 541.1 0.9980
875.7 411.0 12.5 18.9 883.9 419.2 886.1 418.7 887.2 422.7 883.8 426.1 885.1 426.0 0.9980
263.3 376.7 13.5 16.7 269.0 382.5 274.5 381.8 273.0 385.9 270.3 389.6 274.3 389.2 0.9980
847.5 508.6 18.6 22.6 854.8 517.8 863.1 517.5 860.2 522.8 856.2 526.8 862.2 526.6 0.9980
246.6 426.9 15.8 20.7 252.0 435.1 259.2 434.7 256.3 439.1 253.2 443.2 258.6 443.0 0.9980
435.5 510.4 20.1 27.1 443.0 521.9 451.6 520.7 449.2 526.4 445.4 531.9 452.2 531.1 0.9980
81.9 536.8 19.8 26.3 89.5 547.0 98.1 546.1 95.3 552.4 91.0 557.4 97.7 556.9 0.9980
938.8 507.7 21.4 24.7 945.3 517.5 955.4 517.0 950.8 523.1 947.0 527.6 954.3 527.4 0.9979
16.4 499.4 16.6 20.8 24.9 508.4 31.1 507.6 30.4 511.9 26.7 516.0 31.1 515.5 0.9978
152.1 379.6 13.2 16.2 155.7 384.9 162.3 384.8 159.3 388.8 156.6 392.1 161.6 392.1 0.9978
87.7 473.3 18.7 22.3 92.9 481.8 101.6 480.7 98.1 485.5 95.4 490.6 101.8 489.7 0.9976
133.4 549.6 21.0 28.0 141.2 563.5 150.5 561.7 147.9 568.2 144.3 573.2 151.2 571.9 0.9975
117.7 405.2 15.0 17.6 122.6 411.8 129.6 411.6 126.8 415.4 123.7 418.8 128.9 418.7 0.9975
273.1 439.7 15.6 19.3 275.7 446.3 282.5 446.5 277.9 450.9 276.3 454.7 281.3 454.8 0.9974
50.7 482.1 18.7 22.1 59.5 491.7 66.8 491.2 65.0 496.4 60.6 500.2 65.6 500.0 0.9974
30.7 363.6 13.8 17.6 34.7 370.6 41.2 370.9 38.0 374.8 35.2 377.4 40.2 377.7 0.9974
359.9 383.3 12.4 14.6 363.5 388.5 369.1 388.1 366.6 391.7 364.6 394.8 368.7 394.5 0.9973
202.1 417.6 14.8 19.5 207.3 425.1 213.8 425.5 210.7 429.7 207.2 432.5 212.4 432.9 0.9972
573.4 465.2 16.2 19.2 578.7 472.1 586.3 471.2 583.5 476.3 580.5 480.4 586.1 479.7 0.9970
194.9 523.0 19.5 23.9 254.7 431.9 261.2 431.5 257.8 435.8 256.0 438.6 261.0 438.3 0.9969
492.2 371.8 12.6 16.1 200.6 532.1 209.8 531.3 206.1 536.3 202.4 541.2 210.0 540.7 0.9968
559.2 528.5 19.2 23.1 498.1 377.7 503.0 377.4 501.8 380.7 498.8 383.9 502.7 383.8 0.9965
142.4 488.7 14.3 18.4 566.2 537.4 574.6 535.3 572.5 541.8 569.2 546.9 575.5 545.4 0.9963
930.7 534.5 16.6 23.2 148.9 495.2 154.7 495.4 153.2 498.8 149.7 502.6 153.7 502.8 0.9962
208.5 320.7 10.9 12.7 935.2 544.2 942.9 544.3 938.9 548.8 935.9 553.0 942.1 553.1 0.9961
253.7 324.6 10.5 13.6 210.9 325.5 215.9 325.1 213.5 328.1 212.0 330.7 215.9 330.4 0.9961
53.1 512.7 16.0 20.7 257.6 329.6 262.1 329.6 260.4 332.5 258.2 335.2 261.5 335.2 0.9961
606.8 381.5 11.7 13.8 57.9 520.3 65.9 520.1 62.3 525.1 58.9 529.2 64.9 529.1 0.9960
165.2 397.3 13.5 15.7 609.8 386.4 615.2 386.2 612.4 389.7 610.6 392.5 614.6 392.4 0.9959
962.3 408.9 14.2 16.6 170.4 402.3 176.4 401.8 174.3 405.9 171.3 409.4 175.8 409.2 0.9959
14.4 537.5 17.6 25.1 966.3 414.7 972.7 414.7 969.4 418.6 966.9 421.6 971.8 421.6 0.9958
533.6 532.4 19.4 24.8 19.8 547.7 28.2 547.1 24.8 553.3 21.2 557.6 27.7 557.1 0.9958
191.7 545.1 17.9 25.6 542.2 543.5 550.1 542.3 548.3 548.1 544.2 552.5 550.4 551.8 0.9955
254.1 363.6 12.1 14.8 196.7 554.7 205.6 554.3 201.7 559.9 198.0 564.8 205.4 564.5 0.9953
672.9 292.6 10.6 14.0 258.4 369.9 263.9 369.6 261.8 372.8 259.3 375.8 263.5 375.7 0.9951
322.5 385.3 13.5 17.7 676.2 298.7 681.2 298.0 679.4 301.3 677.7 304.0 681.3 303.5 0.9950
730.4 496.2 15.9 20.5 327.1 392.4 332.9 391.9 330.8 395.6 328.3 399.1 333.0 398.8 0.9949
36.2 522.4 16.1 20.8 735.8 504.3 743.1 503.8 740.3 508.6 737.0 512.5 742.5 512.2 0.9947
13.0 334.9 11.1 14.6 44.0 530.5 49.6 529.7 48.8 534.1 45.5 538.5 49.7 538.1 0.9947
163.3 495.2 16.2 18.6 18.0 340.7 22.3 340.3 21.3 343.5 18.7 346.4 22.1 346.3 0.9942
70.4 463.0 13.8 19.0 168.3 503.6 175.6 502.2 173.2 506.6 170.8 510.4 176.1 509.4 0.9941
639.4 372.5 12.2 16.3 73.8 469.5 80.3 469.4 76.9 473.6 74.5 477.5 79.7 477.4 0.9934
353.4 451.0 14.5 16.1 643.8 378.1 649.0 378.0 646.9 381.4 644.2 384.6 648.5 384.6 0.9934
189.8 357.1 11.0 14.2 356.1 458.6 362.7 457.1 359.9 461.6 358.8 464.7 363.3 463.5 0.9925
104.5 556.3 20.9 25.8 192.7 363.0 198.0 363.1 195.3 365.9 193.1 368.6 197.4 368.7 0.9924
773.8 337.0 11.8 14.4 112.0 567.6 121.3 566.5 118.5 572.2 114.4 577.4 121.7 576.7 0.9923
407.9 367.0 11.9 14.6 778.1 341.9 783.1 341.8 781.2 345.1 778.8 347.9 782.7 347.9 0.9923
501.3 471.5 15.9 22.6 411.1 372.9 417.1 372.6 414.5 376.0 412.0 378.9 416.8 378.8 0.9914
675.0 312.2 10.1 12.9 506.2 481.4 513.3 480.5 510.5 485.8 507.9 489.9 513.2 489.3 0.9912
320.8 367.3 11.1 13.5 680.4 316.8 683.2 316.2 683.4 319.0 681.5 322.0 683.4 321.7 0.9905
562.0 381.9 12.2 15.3 325.1 372.3 329.7 372.5 327.8 375.4 325.4 377.8 328.7 378.0 0.9896
422.2 573.0 19.6 23.1 564.4 387.9 570.4 387.5 567.4 390.9 565.7 394.2 570.4 393.8 0.9894
234.1 385.7 12.4 17.6 427.5 581.3 437.7 581.2 433.0 587.2 428.9 591.4 436.3 591.4 0.9885
480.4 441.4 15.1 18.5 238.9 393.5 244.6 393.0 242.7 397.1 240.1 400.3 244.3 400.0 0.9877
487.0 537.2 19.0 22.8 483.3 447.6 488.5 450.3 482.8 452.6 481.6 455.0 485.0 456.9 0.9874
197.9 382.1 13.3 15.5 495.9 545.2 502.2 543.7 502.6 547.9 499.1 554.0 503.9 552.9 0.9866
753.4 514.7 18.8 23.4 203.2 387.3 209.0 386.8 207.1 390.7 204.6 394.2 208.8 393.9 0.9853
317.3 429.6 14.6 16.4 759.6 525.0 766.8 523.1 764.8 529.3 762.8 533.9 768.0 532.5 0.9848
383.8 367.7 11.4 13.3 319.3 436.0 326.7 435.9 322.3 440.3 320.5 443.2 325.7 443.1 0.9815
491.5 282.5 9.7 12.3 387.1 372.6 392.5 372.4 390.1 375.5 388.0 378.1 392.2 378.0 0.9790
296.2 319.1 10.0 13.3 493.8 287.1 498.1 287.4 495.6 289.7 493.9 292.0 497.4 292.2 0.9779
150.2 350.0 11.0 13.6 300.4 324.4 304.7 324.2 303.2 327.0 301.2 329.7 304.4 329.7 0.9764
329.4 359.1 12.1 16.4 154.8 355.1 159.6 355.0 157.8 358.0 155.2 360.7 158.8 360.8 0.9750
823.8 557.4 22.0 25.3 73.4 298.5 77.5 298.6 75.0 301.9 75.0 304.0 77.6 303.9 0.9749
892.9 317.4 11.1 14.2 332.4 365.2 338.7 365.3 335.5 368.7 333.0 371.7 337.7 371.9 0.9717
657.5 288.4 10.4 13.2 831.9 566.3 842.2 566.0 838.4 572.8 833.1 577.5 840.7 577.4 0.9712
55.8 610.5 20.7 24.1 897.9 323.7 902.4 323.5 901.0 326.8 898.4 329.2 901.6 329.2 0.9686
479.1 362.5 11.9 15.3 660.6 293.9 665.4 292.7 664.0 296.3 662.6 299.4 666.1 298.5 0.9661
254.0 300.5 10.2 12.7 61.4 618.9 71.5 618.8 66.6 624.6 62.7 629.8 70.5 629.7 0.9645
853.8 310.4 10.4 14.5 482.2 368.2 488.0 368.0 485.3 371.2 482.9 374.4 487.8 374.2 0.9590
909.2 398.4 11.5 16.6 257.1 305.6 262.1 305.3 260.0 308.4 258.1 310.9 261.7 310.7 0.9589
423.9 271.9 9.7 11.1 859.2 316.8 861.9 316.2 862.1 319.4 860.3 322.3 862.0 322.0 0.9586
51.5 428.1 14.3 18.2 917.2 405.0 919.0 404.6 919.8 408.3 916.9 411.5 918.1 411.4 0.9581
362.5 550.2 17.5 22.6 425.3 277.0 428.1 276.4 426.5 279.5 427.6 281.5 429.2 281.0 0.9553
247.0 307.2 9.7 12.7 55.9 434.8 62.7 434.7 59.5 438.7 56.6 442.1 61.9 442.1 0.9543
293.9 290.1 9.3 12.2 368.2 560.2 376.3 560.3 372.8 564.8 368.8 569.0 375.4 569.2 0.9537
672.4 367.8 13.9 16.8 252.6 312.1 255.3 311.7 255.4 314.4 253.3 317.1 255.1 317.0 0.9527
0.0 539.6 16.0 29.1 297.2 294.7 301.1 294.6 299.4 297.0 297.6 299.3 300.7 299.3 0.9497
456.1 445.8 13.9 18.6 676.0 373.9 682.3 374.3 678.8 378.2 676.6 381.1 681.1 381.3 0.9368
903.6 440.9 11.8 18.9 5.2 550.8 13.5 549.9 12.9 556.4 7.5 562.1 13.5 561.7 0.9367
955.1 334.0 9.1 11.7 110.3 293.6 115.8 293.5 112.5 297.0 111.0 300.1 115.2 300.0 0.9342
635.6 513.7 16.8 21.8 465.8 453.2 467.8 453.0 468.5 457.5 464.4 460.6 465.5 460.7 0.9305
809.5 475.7 13.2 19.5 911.1 447.6 912.7 447.0 914.0 450.9 912.0 455.3 913.0 455.0 0.9277
184.9 339.1 11.5 13.5 958.4 339.1 962.6 338.9 961.1 341.5 959.2 343.8 962.4 343.6 0.9232
41.1 571.0 20.2 24.3 641.2 523.4 648.5 523.1 645.4 528.2 642.2 532.0 647.3 531.8 0.9189
545.2 372.5 11.4 14.5 818.3 482.9 820.6 482.6 821.3 487.2 818.3 490.8 819.7 490.7 0.9182
371.4 277.9 10.7 13.2 189.4 343.7 194.8 343.3 192.9 346.6 190.1 349.5 194.3 349.2 0.9176
255.8 417.3 14.7 18.6 49.8 579.3 58.2 578.2 55.8 584.1 51.3 589.5 57.7 588.9 0.9003
427.6 497.8 15.9 19.4 547.7 377.8 553.4 377.4 550.7 380.6 548.8 383.9 553.3 383.6 0.8935
311.0 464.7 18.6 22.7 373.9 283.3 379.0 283.2 376.4 286.2 374.8 288.5 378.5 288.4 0.8919
362.0 330.9 10.8 12.7 451.6 451.6 459.8 452.4 455.2 456.5 451.5 460.3 457.8 460.9 0.8899
707.7 320.4 11.7 13.9 259.9 425.1 266.7 425.4 263.3 429.1 260.3 432.5 265.6 432.7 0.8864
949.6 538.0 19.4 27.8 429.7 504.4 436.1 504.5 431.4 509.3 430.5 513.0 434.9 513.0 0.8858
472.5 292.4 10.3 13.2 316.3 474.7 324.3 473.9 320.7 479.0 318.1 482.7 324.2 482.1 0.8805
17.3 398.2 13.2 18.6 366.7 335.7 370.6 335.2 369.7 338.1 367.7 340.8 370.6 340.6 0.8789
430.7 471.9 16.1 18.1 711.5 326.2 716.8 326.2 714.4 329.4 712.0 331.7 716.0 331.7 0.8663
439.7 294.9 8.9 11.0 958.8 550.9 966.2 551.3 963.6 556.2 958.9 560.4 964.2 560.9 0.8491
775.6 312.3 12.1 15.5 474.0 298.4 478.5 298.1 475.9 301.5 475.5 303.8 478.4 303.5 0.8223
373.6 579.7 13.3 16.7 23.7 405.4 28.3 405.3 27.0 409.4 23.9 412.9 27.2 413.0 0.8084
607.0 575.5 18.8 22.0 186.3 556.9 195.5 555.5 191.9 561.6 189.0 567.3 195.9 566.2 0.7819
390.1 311.5 10.5 11.8 183.0 331.5 188.6 331.4 185.5 334.6 184.0 337.4 188.0 337.3 0.7772
587.5 426.2 15.7 17.3 434.1 478.3 442.6 478.2 438.1 482.1 435.0 486.0 441.9 486.0 0.7598
741.0 483.0 14.5 17.0 167.2 596.9 173.4 596.7 168.7 601.9 168.7 607.1 173.4 606.7 0.7498
348.2 555.1 15.3 20.9 618.5 447.7 625.7 447.7 623.3 452.3 619.0 456.4 624.4 456.7 0.7238
338.4 352.7 10.2 13.7 441.5 298.9 445.7 298.9 443.3 301.3 442.0 303.6 445.3 303.6 0.5376
