2--Demonstration/2_Demonstration_Political_Rally_2_508.jpg
17
295.3 121.8 96.6 130.0 326.9 178.6 371.6 177.8 354.1 200.0 334.5 224.6 368.1 224.2 0.9998
526.5 156.2 91.8 123.1 561.4 202.3 603.2 206.9 587.2 229.1 562.3 249.7 594.3 253.3 0.9997
0.0 106.1 88.9 110.3 7.6 145.4 56.8 147.1 26.8 160.3 10.5 187.7 48.6 189.0 0.9997
167.9 210.5 57.9 68.6 182.1 239.5 208.6 237.4 196.2 254.1 188.0 265.2 208.0 263.3 0.9996
753.7 199.5 70.6 107.1 801.7 237.8 814.2 237.8 823.1 258.7 797.3 277.7 806.8 279.2 0.9996
837.5 236.2 63.3 87.5 875.9 272.1 892.6 269.2 898.8 284.5 881.6 303.3 893.9 301.7 0.9996
413.2 220.7 60.2 83.6 453.1 257.4 466.5 255.8 472.5 271.9 454.5 286.9 463.1 286.7 0.9995
951.5 239.0 47.4 69.6 984.7 267.0 990.9 266.0 996.3 280.7 983.2 293.6 986.8 293.2 0.9993
629.8 243.3 40.9 55.8 643.6 268.1 662.0 267.3 654.7 279.3 646.4 287.5 660.6 286.7 0.9990
119.8 213.9 37.2 50.5 130.4 233.5 147.9 234.3 138.7 242.4 131.8 252.2 144.9 253.0 0.9989
984.6 264.0 38.8 63.6 1008.5 287.6 1018.2 287.9 1018.1 300.5 1005.8 311.8 1012.8 312.6 0.9973
93.9 207.3 45.8 59.0 115.7 231.0 134.5 230.2 130.4 240.1 118.6 251.8 133.7 251.4 0.9965
267.5 229.1 48.0 57.5 291.5 251.9 308.7 251.5 303.8 263.2 293.6 273.4 305.8 273.2 0.9951
487.8 248.6 57.0 55.1 509.8 275.9 531.7 276.2 521.9 289.9 510.6 294.8 524.0 295.1 0.9745
245.6 238.2 23.7 33.9 252.0 252.1 259.5 251.1 254.4 258.6 253.7 265.3 259.0 264.3 0.9251
636.3 218.2 32.6 38.9 654.8 233.9 664.8 234.5 663.5 240.8 655.5 247.1 663.4 247.8 0.8900
219.7 242.8 21.7 27.9 227.0 252.9 235.9 252.5 232.2 258.3 228.8 263.8 235.4 263.5 0.5066
