2--Demonstration/2_Demonstration_Demonstrators_2_142.jpg
49
405.3 227.2 19.2 23.2 409.2 237.6 417.3 236.9 412.9 242.3 411.8 246.0 417.5 245.3 0.9993
26.3 192.3 12.2 16.2 28.2 198.4 31.6 199.1 27.9 201.8 28.4 204.6 30.6 205.0 0.9991
284.9 200.3 15.9 20.3 286.7 208.7 291.9 208.9 287.3 213.2 287.9 216.7 291.5 216.6 0.9989
616.6 228.7 24.5 26.8 621.7 243.4 628.3 240.9 625.6 248.5 628.9 252.1 632.9 249.9 0.9988
431.5 198.7 14.1 17.1 433.9 204.2 439.9 204.5 435.6 207.4 434.1 211.2 438.7 211.3 0.9987
229.9 173.8 12.4 14.7 232.2 179.4 237.6 179.8 234.1 182.5 232.6 185.2 236.5 185.5 0.9982
66.9 180.4 17.1 20.3 70.8 188.5 78.4 187.7 74.8 192.3 72.9 196.7 78.4 196.0 0.9982
948.9 186.6 18.4 21.8 955.1 194.8 962.9 194.3 959.6 199.0 956.1 203.2 962.3 202.9 0.9980
836.1 210.2 16.0 20.1 840.8 217.2 848.0 217.3 844.5 221.5 841.3 225.3 847.0 225.4 0.9977
301.7 176.5 12.7 16.6 304.2 182.9 309.3 183.1 305.8 185.9 304.4 188.9 308.6 189.0 0.9976
766.9 201.3 12.4 16.0 769.9 206.5 775.8 206.4 772.8 209.8 770.5 213.2 775.3 213.1 0.9974
664.6 204.5 17.9 23.8 669.9 213.7 677.9 213.4 674.3 218.8 671.2 223.0 677.5 222.8 0.9974
242.5 198.6 13.4 15.2 246.0 203.2 252.3 203.4 249.0 207.1 246.7 210.1 251.4 210.2 0.9971
320.1 195.3 16.6 20.8 323.6 203.1 330.8 202.5 326.8 207.0 324.8 211.2 330.6 210.8 0.9969
923.7 220.2 19.8 25.0 926.5 230.0 932.4 230.0 927.9 235.8 929.4 240.0 933.4 239.8 0.9968
389.9 185.5 13.1 18.4 392.5 191.6 399.0 191.8 395.1 195.0 392.8 199.2 397.9 199.3 0.9967
483.4 220.1 17.7 24.8 485.5 231.1 488.6 231.7 484.8 236.6 488.6 240.1 490.5 240.3 0.9961
529.9 166.8 11.3 13.0 532.9 171.7 538.2 171.4 535.7 174.4 533.7 177.0 537.8 176.8 0.9951
144.6 185.3 15.0 18.6 148.4 190.3 155.3 190.6 151.5 194.7 148.7 198.6 154.5 198.8 0.9946
818.3 182.2 12.8 17.2 821.3 188.4 827.0 188.6 823.7 191.9 821.6 195.2 826.2 195.3 0.9932
751.2 169.4 12.3 15.3 754.0 175.4 759.7 175.2 756.6 178.5 754.8 181.5 759.1 181.3 0.9920
1002.4 189.4 14.0 18.3 1004.7 196.2 1010.4 196.4 1006.5 199.8 1005.2 203.4 1009.7 203.5 0.9918
893.3 195.7 16.9 20.5 897.3 203.8 905.0 202.8 901.4 207.6 898.8 211.5 905.4 210.6 0.9911
514.1 165.1 10.3 12.2 516.7 169.8 521.2 169.7 519.0 172.4 517.5 174.8 520.9 174.6 0.9903
813.9 215.6 15.6 21.4 824.2 222.4 827.1 221.8 828.1 226.9 824.6 231.6 826.6 231.4 0.9887
679.1 195.7 14.3 19.4 682.1 202.3 687.3 202.8 683.1 206.1 681.9 210.1 685.8 210.3 0.9864
505.1 180.8 9.9 12.8 507.2 186.2 511.4 186.4 508.7 189.0 507.6 191.2 510.6 191.3 0.9847
549.3 174.5 11.4 14.2 555.4 179.6 558.9 179.3 558.6 182.5 556.1 185.5 558.5 185.4 0.9772
390.8 217.7 14.0 18.7 392.7 223.6 398.2 223.6 394.5 228.1 394.1 231.9 398.4 231.8 0.9761
789.5 172.6 10.4 12.0 792.4 177.1 797.5 176.9 795.2 179.7 793.3 182.2 797.1 182.0 0.9689
182.8 176.6 11.9 14.7 185.8 181.0 191.7 181.1 188.7 184.3 186.5 187.7 191.0 187.8 0.9678
700.1 184.1 11.2 14.6 703.5 189.2 708.8 188.8 706.5 192.4 704.4 195.4 708.6 195.1 0.9658
888.2 166.8 9.4 11.7 891.2 171.0 895.6 170.9 893.7 173.4 891.7 175.8 895.2 175.8 0.9583
568.5 174.1 11.6 14.6 571.4 179.2 576.7 178.8 574.2 182.0 572.5 185.3 576.6 184.9 0.9465
481.8 186.4 13.6 15.1 486.6 193.3 492.4 192.8 490.3 196.5 488.2 199.3 492.0 198.9 0.9438
716.3 186.0 11.3 14.4 720.0 192.7 724.5 192.8 722.5 195.6 720.4 198.2 723.9 198.3 0.9368
491.4 157.9 8.1 9.8 493.7 161.1 497.5 161.0 495.7 163.1 494.2 165.2 497.2 165.2 0.9166
477.5 206.8 12.7 19.3 479.3 213.7 481.5 213.9 478.5 218.2 480.7 221.8 482.2 221.7 0.8883
398.3 172.0 9.6 11.9 401.4 176.9 405.6 176.7 403.8 179.3 402.0 181.7 405.3 181.6 0.8498
423.8 170.8 11.1 14.4 428.3 176.4 433.0 176.3 431.4 179.3 428.9 182.4 432.6 182.4 0.8478
462.7 176.3 10.7 13.2 467.1 181.0 471.5 180.7 470.1 183.7 467.9 186.4 471.2 186.3 0.8386
444.1 183.5 10.7 13.4 447.5 189.5 452.3 189.6 450.1 192.3 448.2 194.5 451.6 194.6 0.8034
637.1 167.2 9.3 12.3 639.4 171.3 642.9 172.1 640.2 174.5 638.9 176.6 641.4 177.2 0.7788
901.0 155.4 8.2 9.8 902.9 159.6 906.6 159.5 904.7 161.7 903.6 163.6 906.4 163.5 0.7589
967.9 154.9 8.5 9.3 970.4 158.2 974.1 158.0 972.5 160.0 971.1 162.0 974.0 161.9 0.7510
858.6 165.7 10.4 13.2 860.6 170.1 865.3 170.4 862.2 172.9 860.7 175.5 864.5 175.6 0.7285
1013.5 162.5 10.1 14.2 1016.2 167.2 1022.3 167.2 1019.3 170.5 1016.8 173.6 1021.5 173.6 0.6906
695.5 166.7 9.0 10.9 698.7 170.8 702.5 170.4 701.3 172.9 699.5 175.1 702.5 174.9 0.5543
550.1 208.0 14.6 17.0 762.0 175.7 766.9 175.4 765.6 178.7 762.8 181.8 766.5 181.7 0.5009
