2--Demonstration/2_Demonstration_Demonstration_Or_Protest_2_729.jpg
91
506.7 454.6 16.2 20.9 515.7 464.5 521.3 463.9 520.3 468.6 515.8 471.8 519.6 471.5 0.9992
338.6 385.2 12.4 17.4 343.7 392.7 348.9 392.1 347.3 395.9 344.5 398.9 348.9 398.5 0.9992
421.9 372.9 12.6 16.4 424.7 379.7 430.5 380.1 427.2 383.3 425.2 385.8 429.6 386.0 0.9989
769.0 431.2 12.8 19.0 777.7 439.5 779.7 438.9 781.0 443.0 777.6 446.4 778.8 446.2 0.9988
653.8 493.8 18.3 21.7 662.2 501.6 669.5 500.8 667.7 506.1 663.5 510.3 669.0 509.9 0.9987
739.7 473.3 15.1 19.3 747.2 482.0 752.3 481.8 750.7 486.4 746.9 489.2 750.2 489.2 0.9986
446.6 427.9 12.6 19.0 454.2 435.3 457.3 434.6 458.1 438.8 454.9 442.6 457.1 442.3 0.9980
561.8 443.3 15.0 19.5 569.4 452.1 574.8 451.8 573.4 456.1 569.7 459.2 573.4 459.2 0.9977
454.1 404.2 11.2 15.4 461.2 410.4 463.4 409.6 464.5 412.8 462.2 416.2 463.6 415.8 0.9975
787.4 465.6 15.7 19.8 795.7 475.8 800.9 474.9 799.7 479.9 795.4 482.7 798.7 482.3 0.9974
836.8 411.1 12.4 16.2 843.7 419.0 847.6 418.6 846.9 422.2 843.7 424.7 846.3 424.5 0.9972
875.4 502.3 16.1 19.8 884.2 512.4 889.7 511.5 888.9 516.3 884.6 519.3 888.3 518.8 0.9971
444.0 375.0 11.6 15.0 447.5 381.8 452.6 382.0 450.0 385.1 447.8 387.4 451.5 387.5 0.9968
914.7 356.3 10.2 13.7 918.5 362.0 923.2 361.6 921.6 364.6 919.5 367.4 922.9 367.2 0.9965
866.1 428.0 11.9 16.2 872.7 433.8 876.3 433.0 876.6 436.4 873.9 440.2 876.6 439.8 0.9955
251.2 356.2 10.5 13.9 255.8 362.1 260.2 361.7 259.0 364.8 256.7 367.5 259.8 367.3 0.9949
940.8 487.7 15.7 21.2 951.0 497.6 954.5 496.7 955.7 501.5 951.7 505.3 953.8 504.9 0.9941
924.6 387.0 11.9 15.5 930.6 394.3 934.9 393.8 933.9 397.6 931.2 400.2 934.1 400.0 0.9939
585.8 441.7 12.7 17.1 594.3 448.9 596.2 449.1 596.9 452.6 593.8 455.3 595.0 455.7 0.9939
739.6 379.9 10.1 14.6 746.0 385.9 748.3 385.4 749.0 388.6 746.5 391.4 748.0 391.2 0.9920
431.4 357.1 9.6 10.5 434.3 361.6 438.9 361.7 436.6 364.4 434.8 365.9 437.9 366.0 0.9894
949.5 355.9 9.6 13.1 952.1 360.9 956.5 361.2 954.1 364.0 952.1 366.2 955.5 366.5 0.9886
411.8 360.3 10.1 13.8 416.4 365.9 420.3 366.0 419.0 369.0 416.5 371.4 419.1 371.6 0.9869
527.8 399.6 10.4 15.4 532.4 405.3 536.5 404.7 535.7 408.2 533.4 411.5 536.5 411.2 0.9858
390.4 338.3 10.2 12.7 394.8 343.3 399.0 342.9 397.7 346.0 395.5 348.5 398.5 348.3 0.9857
982.1 488.6 14.6 19.7 991.5 495.7 994.1 495.6 995.3 499.7 992.0 503.6 993.7 503.8 0.9853
477.0 356.5 10.2 13.5 482.5 361.8 485.5 361.0 485.7 363.8 483.9 367.0 486.1 366.5 0.9823
944.9 378.9 9.9 13.3 950.9 384.9 953.7 384.6 953.5 387.5 951.1 389.8 952.9 389.7 0.9822
323.9 333.3 8.2 10.5 325.4 338.0 328.5 338.1 326.4 340.1 325.7 341.8 328.1 341.8 0.9812
290.3 346.6 8.5 10.6 293.2 350.7 297.0 350.4 295.6 352.8 293.9 355.0 296.9 354.8 0.9802
272.6 311.5 9.2 11.7 276.9 316.8 280.4 316.8 279.2 319.4 276.7 321.2 279.2 321.3 0.9771
909.1 492.6 12.9 19.1 917.8 499.3 919.7 498.6 921.2 502.8 918.4 507.1 919.8 506.8 0.9767
433.3 328.7 9.0 12.0 437.8 333.8 440.9 333.9 439.9 336.2 437.6 338.2 439.9 338.4 0.9672
278.5 366.6 9.5 12.6 281.9 371.5 286.6 371.6 284.7 374.5 282.5 377.0 285.9 377.0 0.9668
995.4 368.5 10.3 12.9 1001.1 374.6 1004.6 374.5 1003.9 377.5 1001.2 379.4 1003.4 379.4 0.9637
616.6 408.2 11.8 15.0 621.9 414.3 626.5 414.2 625.1 417.8 622.5 420.5 625.6 420.5 0.9561
889.0 481.9 13.4 17.1 893.2 488.6 898.9 488.4 896.4 491.8 894.0 495.1 898.6 495.0 0.9550
902.6 436.3 12.1 15.7 910.8 442.0 912.9 441.4 913.6 445.2 911.1 448.6 912.2 448.4 0.9521
315.2 349.6 8.6 10.7 318.0 353.9 321.8 353.6 320.3 355.9 318.6 358.2 321.7 358.0 0.9519
616.0 509.3 18.3 20.5 627.1 516.8 631.6 515.8 632.3 521.1 628.7 525.4 631.2 524.8 0.9491
349.0 317.7 8.1 9.0 351.6 321.1 355.1 321.1 353.5 323.0 352.0 324.7 354.7 324.7 0.9488
388.0 321.9 8.7 10.6 390.6 326.4 394.6 326.3 392.8 328.5 391.2 330.5 394.3 330.4 0.9373
537.5 321.8 8.3 10.2 540.1 326.6 543.7 326.3 542.3 328.6 541.0 330.4 543.6 330.2 0.9339
160.8 303.0 9.1 11.7 164.8 308.1 168.6 307.7 167.5 310.2 165.6 312.5 168.4 312.3 0.9334
349.7 362.9 9.0 12.0 353.0 367.7 356.7 367.3 355.7 369.9 353.9 372.3 356.7 372.1 0.9324
973.4 340.0 10.1 12.6 978.0 345.4 982.0 344.9 981.2 347.6 979.1 350.2 981.9 349.9 0.9310
341.3 350.8 7.6 9.7 344.4 354.7 347.4 354.6 346.5 356.5 344.9 358.4 347.2 358.3 0.9287
863.5 361.8 9.9 12.8 867.0 367.5 871.4 367.5 869.5 370.2 867.3 372.4 870.7 372.5 0.9162
988.1 355.2 10.6 12.2 991.1 360.1 995.8 359.7 993.8 362.4 992.2 364.9 995.7 364.6 0.9151
208.6 277.0 8.0 10.6 210.7 281.5 214.2 281.7 212.2 283.7 210.9 285.4 213.5 285.5 0.9033
136.5 284.1 7.3 8.7 139.3 287.3 142.3 287.3 141.2 289.0 139.7 290.7 142.0 290.7 0.8938
177.2 293.3 8.0 10.6 180.0 297.8 183.3 297.6 182.0 299.8 180.5 301.8 183.1 301.7 0.8901
889.3 392.8 10.9 14.4 895.8 400.0 898.4 399.4 898.8 402.6 896.5 405.2 897.8 404.9 0.8860
550.9 352.9 9.7 12.1 553.7 357.5 558.6 357.6 556.3 360.3 554.3 362.6 557.9 362.6 0.8859
641.2 330.8 9.6 12.1 644.4 336.1 648.7 335.8 647.2 338.6 645.5 340.9 648.6 340.7 0.8606
444.2 344.5 8.8 11.4 448.4 348.5 451.7 348.2 451.2 350.9 449.2 353.3 451.6 353.2 0.8484
494.7 326.0 9.3 11.4 498.3 331.0 502.5 330.7 501.2 333.4 499.1 335.5 502.1 335.4 0.8444
379.3 312.5 9.3 11.9 382.4 318.0 386.5 318.2 384.4 320.5 382.6 322.4 385.6 322.6 0.8431
910.7 459.9 15.1 17.7 918.5 467.3 922.8 466.3 923.2 470.0 920.6 473.9 923.5 473.3 0.8249
253.1 292.3 7.8 9.4 256.1 295.9 259.2 295.8 258.2 297.7 256.6 299.5 259.0 299.5 0.8055
1015.7 511.7 7.6 20.0 1018.0 519.6 1022.2 521.0 1017.6 524.6 1018.6 527.7 1021.4 528.5 0.8048
1015.3 365.9 8.3 13.4 1017.4 371.1 1022.0 371.8 1018.8 374.6 1017.6 376.8 1020.9 377.2 0.8048
951.4 402.3 12.3 16.9 958.2 408.7 960.9 407.7 961.8 411.5 960.1 415.5 961.9 414.9 0.7766
228.9 294.7 7.4 9.1 231.1 298.7 234.5 298.6 233.0 300.6 231.6 302.3 234.2 302.2 0.7658
382.8 405.7 11.9 15.0 388.6 410.8 392.6 410.6 391.6 414.1 388.9 417.1 391.9 417.1 0.7658
404.1 302.0 7.5 9.8 407.7 305.3 410.2 305.1 409.9 307.2 408.2 309.3 410.1 309.2 0.7593
577.3 346.4 11.4 13.6 581.1 351.2 586.0 351.2 583.7 354.1 581.6 356.8 585.4 356.8 0.7578
894.8 343.0 8.9 11.8 897.1 347.6 901.0 347.5 899.0 349.8 897.5 352.1 900.8 352.0 0.7557
462.5 336.2 9.2 12.5 466.1 341.4 470.2 341.5 468.6 344.5 466.3 346.7 469.2 346.8 0.7546
698.0 439.7 11.1 13.5 704.9 445.2 707.7 444.6 707.7 448.3 705.1 450.8 706.7 450.6 0.7521
307.3 313.2 9.5 11.9 310.6 318.4 314.9 318.2 313.2 320.8 311.2 323.1 314.6 323.0 0.7513
646.6 312.9 8.4 10.7 649.9 317.7 653.3 317.3 652.4 319.8 650.8 321.9 653.3 321.7 0.7481
1010.4 408.9 10.2 12.0 1013.5 413.1 1017.8 413.2 1015.6 415.5 1013.9 417.8 1017.3 417.9 0.7308
749.1 414.5 10.8 13.9 754.1 420.7 758.5 420.4 757.4 423.4 754.8 425.9 758.2 425.8 0.7080
624.8 319.2 11.5 13.9 628.1 324.1 634.2 323.9 631.5 326.9 628.9 329.9 633.6 329.9 0.7067
172.5 279.3 8.3 9.8 174.6 283.5 178.3 283.6 176.4 285.7 175.0 287.4 177.8 287.4 0.6889
713.0 430.1 11.3 12.9 717.1 435.2 721.5 434.3 720.2 438.0 718.8 440.5 721.8 439.9 0.6584
703.3 309.5 8.3 10.6 705.7 314.2 709.3 314.1 707.7 316.2 706.3 318.1 709.1 318.0 0.6563
992.6 317.7 8.7 11.0 995.0 322.5 999.3 322.4 997.3 324.8 995.7 326.8 998.9 326.7 0.6533
959.1 343.6 9.0 10.8 962.3 347.8 966.3 347.6 964.9 350.1 963.0 352.5 966.1 352.3 0.6452
523.2 314.2 9.0 11.4 526.1 318.5 530.3 318.9 528.2 321.2 526.2 323.2 529.3 323.6 0.6374
859.5 400.7 12.2 15.9 863.4 406.9 868.8 406.6 866.4 410.1 864.3 413.2 868.5 413.0 0.6366
963.9 540.6 14.1 22.4 974.2 548.7 975.8 548.4 976.9 553.2 973.4 557.7 974.5 557.7 0.6257
808.9 425.9 12.7 19.1 815.3 432.2 817.8 431.1 819.1 434.9 817.5 439.7 819.6 439.1 0.6124
777.3 397.1 11.8 15.6 783.6 403.5 787.4 402.5 787.3 405.7 785.1 409.2 788.0 408.6 0.5961
626.4 340.9 11.0 14.0 629.7 346.5 634.6 346.3 632.6 349.5 630.7 352.4 634.3 352.3 0.5878
153.4 280.6 7.3 8.8 156.2 284.2 159.3 284.1 158.2 286.0 156.6 287.7 158.9 287.8 0.5786
921.2 369.4 9.9 12.4 923.9 374.7 928.5 374.4 926.2 377.1 924.8 379.6 928.2 379.3 0.5565
975.0 524.2 11.0 15.6 980.9 529.4 983.8 529.2 983.7 532.4 981.3 535.7 983.5 535.7 0.5495
937.8 354.1 9.6 11.9 941.0 358.0 945.3 358.1 943.4 360.5 941.3 363.0 944.8 363.0 0.5326
983.8 336.2 9.0 10.8 985.6 340.3 989.3 340.3 987.0 342.5 985.9 344.6 988.9 344.6 0.5188
