2--Demonstration/2_Demonstration_Demonstration_Or_Protest_2_377.jpg
27
196.4 190.0 68.2 97.8 206.1 223.8 229.7 221.5 205.4 235.2 204.9 261.6 224.1 259.8 0.9996
443.5 519.6 13.9 18.7 447.3 526.1 453.2 528.3 448.6 530.9 445.9 533.3 450.3 534.9 0.9992
466.6 518.3 12.9 16.3 469.3 525.0 475.4 524.9 472.0 527.9 469.9 530.8 475.0 530.7 0.9990
817.6 541.8 16.9 20.0 821.2 547.6 828.7 547.2 824.6 551.8 822.3 556.4 828.3 556.0 0.9988
898.1 549.1 16.6 21.6 900.7 557.3 907.8 557.4 902.9 561.3 901.5 565.5 906.8 565.5 0.9986
715.7 546.4 13.8 18.6 717.0 552.9 720.8 553.0 716.7 556.6 717.8 560.4 720.5 560.2 0.9985
482.7 519.9 11.0 13.1 484.3 523.9 488.1 524.6 484.5 526.9 484.0 529.5 486.8 530.0 0.9983
611.1 539.2 15.0 16.7 613.5 545.1 619.8 545.1 615.9 549.1 615.1 552.5 619.5 552.3 0.9982
503.9 525.1 15.7 20.5 507.9 533.7 515.7 533.8 511.8 537.6 508.7 541.4 514.5 541.5 0.9981
738.8 540.2 12.6 15.3 742.6 545.2 748.3 545.7 745.4 548.9 742.8 551.6 747.2 552.0 0.9979
663.4 534.4 13.1 18.9 665.4 541.6 669.9 541.6 666.3 545.2 666.0 548.7 669.6 548.6 0.9977
857.6 536.0 15.4 20.0 859.3 544.7 865.2 544.6 861.1 549.2 861.4 552.5 865.5 552.2 0.9974
628.2 518.5 10.4 13.3 629.4 523.6 633.3 523.4 630.3 526.2 630.2 529.1 633.1 528.9 0.9968
421.1 519.3 10.2 13.8 422.9 524.8 427.2 524.7 424.7 527.6 423.6 530.4 426.9 530.2 0.9959
381.4 531.1 12.9 15.6 384.3 535.9 390.4 535.8 387.3 538.9 384.9 542.3 390.0 542.2 0.9958
406.0 535.1 11.8 14.7 408.0 540.1 411.0 540.9 406.9 543.1 407.3 546.2 409.1 546.7 0.9953
523.5 514.2 13.2 15.9 526.1 519.6 531.8 519.9 528.0 522.7 526.3 526.1 530.7 526.2 0.9944
400.0 525.0 11.1 13.7 402.0 530.3 406.9 530.1 403.9 533.0 402.7 535.8 406.2 535.7 0.9939
921.8 545.3 12.1 16.1 924.3 551.7 929.8 551.6 926.8 554.8 925.1 558.0 929.5 557.8 0.9927
591.2 528.9 9.6 13.4 593.3 534.4 597.3 534.6 594.8 537.2 593.5 539.5 596.6 539.7 0.9890
677.2 522.9 13.6 15.9 679.6 528.7 685.5 527.8 682.5 532.0 681.3 535.2 686.1 534.4 0.9860
766.3 518.4 7.7 9.5 768.8 522.1 772.4 522.0 770.9 524.0 769.2 526.0 772.1 525.9 0.9369
525.8 529.5 10.2 12.0 781.0 530.8 785.8 530.8 783.3 533.7 781.4 536.5 785.2 536.5 0.8448
704.4 516.9 8.8 10.6 528.0 533.4 533.0 533.5 530.3 536.0 528.3 538.5 532.4 538.6 0.8307
560.9 540.9 12.6 14.5 707.2 520.7 711.0 521.2 709.0 523.2 707.0 525.1 709.9 525.4 0.6879
845.1 501.4 7.7 9.9 563.8 547.2 568.2 546.6 566.3 550.4 566.2 553.2 569.1 552.7 0.6751
727.3 511.9 9.5 11.3 937.9 574.1 944.4 573.9 941.9 577.8 939.0 581.3 943.9 581.2 0.5206
