2--Demonstration/2_Demonstration_Political_Rally_2_590.jpg
51
109.6 223.5 20.6 26.0 122.6 233.6 128.2 231.9 130.0 237.6 125.0 243.5 129.1 242.7 0.9997
75.6 273.4 32.8 37.3 88.7 289.7 101.3 285.7 101.3 291.7 96.3 302.4 105.5 299.4 0.9996
169.0 205.7 20.8 27.0 177.9 216.7 185.8 215.0 185.4 220.0 181.4 226.5 187.3 225.3 0.9991
260.3 218.4 21.1 25.4 271.9 229.1 277.9 227.5 278.9 233.0 274.4 238.4 278.3 237.5 0.9988
105.8 259.9 27.5 31.0 117.9 274.4 124.9 269.4 128.4 275.3 126.5 284.1 131.2 280.5 0.9988
909.4 131.5 17.5 25.0 912.5 141.6 917.4 141.7 912.8 146.3 913.1 151.1 916.9 150.9 0.9985
197.4 287.6 25.5 34.8 210.9 301.7 215.9 298.3 220.9 304.1 217.3 313.5 220.9 311.3 0.9981
288.6 204.0 24.1 32.4 301.7 217.1 309.4 215.4 309.8 222.3 304.7 229.3 310.0 228.3 0.9979
456.8 284.8 33.5 40.1 472.6 300.9 484.8 297.2 484.0 307.6 476.9 316.6 485.4 313.8 0.9979
104.8 197.2 18.9 24.2 113.0 207.1 119.7 206.5 118.2 211.6 114.2 216.3 119.4 216.0 0.9978
410.2 149.5 15.4 19.5 416.3 156.6 422.9 156.7 420.4 161.1 416.8 164.6 421.9 164.7 0.9978
429.0 116.7 14.0 18.0 437.2 123.8 441.6 123.4 441.6 127.6 438.0 131.3 440.7 131.2 0.9973
177.5 255.0 25.8 28.1 187.9 265.7 198.3 262.3 197.1 270.0 192.9 277.3 200.1 274.9 0.9969
403.3 166.4 18.8 23.9 410.4 176.9 418.6 175.9 416.3 181.0 412.8 185.6 418.6 184.9 0.9967
716.9 126.2 14.7 20.3 719.1 132.9 722.4 133.3 718.1 137.4 719.6 141.7 721.8 141.7 0.9956
559.7 210.7 11.1 14.5 561.4 216.3 565.4 216.7 561.9 219.2 561.4 222.0 564.0 222.2 0.9953
49.8 174.3 20.2 24.7 60.6 184.2 67.1 182.4 67.7 187.9 63.5 193.7 67.9 192.5 0.9952
351.3 152.9 14.5 19.9 356.7 160.5 363.3 160.3 360.8 164.8 357.8 168.7 362.5 168.6 0.9951
12.4 341.3 34.0 39.7 22.3 355.8 37.2 356.9 29.2 365.1 23.1 371.7 33.8 372.7 0.9951
408.8 212.6 22.2 23.9 415.3 222.1 425.1 224.5 418.7 228.6 414.4 230.9 421.4 232.8 0.9950
234.3 224.7 18.4 27.0 248.0 235.8 250.2 235.0 251.7 241.5 246.5 246.0 247.9 245.8 0.9949
186.7 182.6 16.7 20.8 196.3 189.7 200.6 188.8 201.9 193.4 198.9 198.5 201.7 198.0 0.9949
450.6 111.8 12.6 17.3 4.3 200.8 10.3 199.6 10.2 204.6 6.9 210.1 10.7 209.3 0.9927
350.5 192.0 18.1 19.9 455.1 118.3 460.9 117.4 459.2 121.3 456.8 125.4 461.2 124.7 0.9873
50.9 207.3 20.8 24.5 357.8 198.8 364.9 196.8 364.1 201.9 361.2 207.2 366.4 205.9 0.9835
250.9 150.2 15.8 21.6 57.5 214.9 67.2 217.4 61.0 221.3 55.8 225.1 63.2 227.1 0.9824
461.3 148.8 14.1 17.4 260.4 158.5 264.5 157.5 265.5 162.2 262.1 166.9 265.0 166.5 0.9820
440.2 164.7 14.9 16.3 467.4 155.6 472.7 154.1 472.3 158.2 470.4 162.6 473.9 161.6 0.9808
358.8 245.1 18.0 31.2 443.9 168.5 450.9 169.5 446.5 172.8 443.7 176.1 448.9 176.9 0.9806
227.0 189.8 18.9 20.6 372.5 256.2 373.0 255.2 376.4 261.1 373.8 268.6 374.2 267.9 0.9799
368.0 154.1 14.6 20.8 235.6 196.7 242.8 195.1 241.8 200.2 238.0 205.4 243.3 204.4 0.9757
289.5 277.8 28.4 44.0 376.8 162.1 381.0 161.5 381.5 166.2 377.8 170.5 380.4 170.4 0.9738
42.1 233.4 18.2 25.2 307.7 294.7 312.5 293.1 315.1 300.6 310.7 310.6 314.3 309.7 0.9720
212.7 149.4 17.0 21.5 53.0 241.3 54.1 239.8 57.0 243.2 57.0 250.7 57.8 249.6 0.9624
495.7 142.7 14.8 20.9 219.6 157.1 226.5 157.3 223.8 161.8 219.8 165.6 225.1 165.8 0.9579
301.7 137.1 14.9 20.2 502.2 150.6 507.4 150.1 506.4 154.6 503.8 159.0 507.6 158.7 0.9278
841.6 43.3 20.8 34.6 307.0 144.7 313.7 145.8 310.4 149.6 306.7 152.7 311.8 153.6 0.9271
388.5 102.0 13.1 15.5 846.2 52.6 847.3 53.7 841.9 60.4 844.9 68.2 846.2 68.6 0.9124
470.4 129.3 14.1 17.0 392.1 107.6 398.2 107.3 395.4 111.0 393.3 114.3 397.8 114.0 0.8987
412.0 101.3 11.4 14.3 475.0 136.1 480.9 135.8 478.5 139.4 476.0 142.7 480.5 142.6 0.8572
240.0 126.9 14.5 18.6 417.0 106.3 421.7 106.5 420.2 109.6 417.4 112.4 420.8 112.6 0.8422
320.4 220.1 17.2 20.2 244.2 134.7 250.7 134.9 247.4 138.8 245.0 142.2 249.6 142.3 0.8107
471.5 114.6 12.0 14.0 328.7 227.6 335.2 227.1 333.8 231.7 329.9 236.3 334.6 236.1 0.7766
492.4 172.8 12.6 17.5 473.8 119.6 479.3 120.0 475.6 123.0 474.1 125.7 478.1 125.9 0.7688
386.8 230.5 17.9 29.2 499.3 179.0 503.0 178.6 502.9 182.6 500.2 186.3 502.8 186.1 0.7230
291.3 179.9 14.7 20.0 399.6 241.8 401.9 240.3 404.8 247.1 401.0 253.7 402.3 253.0 0.6762
185.4 122.8 14.5 18.0 303.4 172.6 309.6 172.2 307.7 176.8 304.7 181.0 309.1 180.8 0.6562
293.0 144.1 14.6 20.3 300.2 187.4 303.3 186.5 304.8 190.9 302.0 195.6 304.1 195.2 0.6133
370.2 142.1 14.2 20.0 187.9 129.4 194.0 130.0 189.6 133.6 187.9 137.0 192.5 137.3 0.5527
458.7 99.7 10.5 12.7 300.4 151.7 304.6 150.9 304.9 154.7 302.3 159.5 305.5 159.1 0.5375
412.5 16.8 10.0 11.7 183.9 192.9 192.1 191.9 188.7 197.3 186.4 202.0 192.4 201.3 0.5241
