2--Demonstration/2_Demonstration_Demonstration_Or_Protest_2_287.jpg
13
373.7 298.5 85.8 119.1 399.1 326.3 437.9 333.8 413.9 341.5 394.1 373.0 425.2 379.4 0.9997
298.9 365.6 23.1 26.2 304.7 375.5 315.2 375.5 309.5 381.1 305.9 386.0 313.6 386.0 0.9969
228.6 397.8 42.7 48.1 243.2 416.8 261.5 416.9 253.3 428.2 244.9 436.0 257.9 436.2 0.9959
959.6 364.8 20.6 26.2 965.9 373.6 975.3 374.7 970.0 379.1 965.6 384.0 973.0 385.0 0.9949
157.1 340.5 14.7 17.0 161.4 347.0 168.1 345.9 165.5 349.8 163.3 353.7 168.3 352.9 0.9947
152.0 376.4 23.9 26.7 157.7 384.6 168.7 384.5 163.0 390.3 158.9 396.3 167.8 396.1 0.9935
339.9 368.8 27.0 29.3 351.1 379.4 362.5 381.1 357.2 387.5 350.3 391.7 358.2 393.1 0.9851
224.1 346.8 15.0 17.4 228.2 352.4 235.0 353.0 231.1 356.2 228.2 359.5 233.6 359.9 0.9780
206.5 378.6 18.5 26.2 214.1 387.0 220.9 386.8 218.7 392.3 214.7 397.6 220.6 397.6 0.9716
196.3 346.0 15.4 17.4 199.9 351.1 207.3 350.8 203.6 354.7 201.0 358.7 207.0 358.4 0.9684
180.5 345.2 11.7 15.9 185.6 352.1 190.0 352.0 188.7 355.1 186.1 357.9 189.5 357.9 0.9681
13.0 384.9 19.6 24.5 261.6 400.0 270.4 400.1 269.0 408.2 261.8 415.3 268.0 415.7 0.8602
107.7 349.2 20.1 21.5 183.4 383.6 190.4 384.1 186.1 388.2 184.0 392.0 189.0 392.4 0.7097
