2--Demonstration/2_Demonstration_Political_Rally_2_60.jpg
402
488.7 516.3 16.8 21.1 490.3 522.4 494.5 522.9 489.2 527.0 490.7 531.8 493.7 531.8 0.9997
927.3 426.0 13.6 17.7 928.7 432.7 934.0 432.5 930.1 436.6 930.1 440.1 933.9 439.7 0.9996
430.6 479.9 17.0 21.4 433.1 487.2 440.4 487.6 435.3 491.6 433.4 495.8 439.3 496.0 0.9996
85.6 413.5 12.6 15.0 87.3 418.3 92.3 418.5 88.6 421.5 87.8 424.5 91.7 424.5 0.9996
755.4 582.7 22.7 24.9 759.6 594.9 762.0 594.1 760.7 601.2 768.3 603.9 768.6 602.9 0.9996
691.6 528.5 18.8 24.5 694.5 536.0 701.1 537.5 694.1 540.7 693.3 545.8 698.0 546.7 0.9996
342.5 391.6 11.4 13.4 344.7 396.2 349.9 396.4 346.6 398.9 345.0 401.7 348.9 401.8 0.9995
631.0 439.3 13.2 17.4 633.4 445.1 636.6 446.0 632.2 448.7 632.9 452.2 635.1 452.6 0.9995
766.8 369.4 10.3 13.3 768.2 373.9 771.9 374.3 768.7 376.7 768.2 379.2 771.2 379.4 0.9995
632.1 387.0 12.5 14.5 633.9 391.8 638.2 391.7 634.6 394.3 634.3 397.6 637.6 397.4 0.9995
928.9 307.5 7.9 9.2 930.4 311.0 933.6 311.1 931.4 312.9 930.6 314.6 933.1 314.7 0.9994
21.8 478.0 15.5 20.7 23.9 484.8 28.2 485.7 22.5 489.0 23.0 493.2 26.0 493.7 0.9994
479.5 590.7 22.7 26.7 482.7 598.9 489.9 600.8 482.0 605.2 482.0 610.3 487.0 611.3 0.9994
426.2 420.1 13.8 17.2 427.7 426.4 432.9 426.1 429.2 430.1 429.2 433.7 432.9 433.3 0.9994
57.6 490.7 17.1 20.2 60.0 497.7 65.8 498.2 60.3 501.9 60.1 506.0 64.1 506.2 0.9994
522.2 412.7 12.7 14.8 523.8 417.8 528.4 417.3 525.1 420.7 525.1 424.0 528.5 423.5 0.9994
0.0 627.1 28.4 32.7 1.0 640.7 9.2 640.3 3.3 650.0 8.9 654.2 13.8 653.4 0.9993
687.9 472.0 16.8 21.8 690.3 479.1 695.9 480.1 690.2 483.7 689.7 488.0 693.9 488.6 0.9993
660.6 540.2 21.1 27.7 663.8 549.6 670.8 551.4 663.1 555.1 662.3 560.2 667.5 561.3 0.9993
723.8 366.2 10.8 13.6 727.0 371.1 732.0 371.4 729.4 373.8 727.0 376.3 731.2 376.5 0.9993
898.5 390.2 12.8 15.1 900.4 395.5 905.5 395.3 901.9 398.5 901.1 401.6 904.9 401.5 0.9993
440.2 590.0 19.5 22.5 442.4 598.4 448.3 598.9 443.4 604.6 445.5 608.2 449.1 608.3 0.9993
686.7 435.8 12.4 16.6 688.1 442.6 692.7 442.6 689.1 446.1 689.0 449.4 692.5 449.2 0.9993
439.8 531.3 18.2 24.7 441.4 540.7 447.8 540.8 442.2 545.7 442.7 550.6 447.1 550.5 0.9993
969.2 461.1 17.6 21.9 972.7 468.5 979.8 470.0 973.9 472.9 971.8 476.9 977.2 477.9 0.9993
451.3 432.0 14.1 16.4 453.2 437.4 458.9 437.1 454.9 440.9 454.2 444.6 458.4 444.3 0.9992
230.9 544.2 17.7 22.4 232.4 552.5 237.6 553.0 232.4 557.8 233.9 561.9 237.4 561.9 0.9992
268.8 412.8 13.1 16.2 270.4 419.1 274.9 418.8 271.5 422.7 271.9 425.7 275.1 425.3 0.9992
968.7 400.9 13.4 15.2 970.9 405.9 976.6 406.1 972.8 409.3 971.6 412.3 975.9 412.4 0.9992
46.5 514.3 16.9 21.0 50.4 521.2 55.4 523.6 49.4 526.1 48.1 529.2 51.6 531.0 0.9992
669.8 383.4 11.0 13.9 671.0 389.1 674.3 388.6 671.6 391.9 672.6 394.6 674.9 394.0 0.9992
678.9 509.8 18.2 24.6 681.1 517.9 687.4 519.4 681.0 523.7 680.8 528.2 685.3 529.0 0.9992
286.6 441.6 14.9 17.4 290.1 448.2 296.9 447.8 293.4 452.1 291.4 455.2 296.5 454.9 0.9992
810.2 522.6 19.3 25.9 812.9 532.4 818.6 533.6 812.2 537.6 812.5 542.5 816.5 543.2 0.9992
622.2 358.7 10.1 11.7 623.5 363.5 627.2 362.8 624.8 365.7 625.0 368.2 627.6 367.5 0.9991
172.6 460.9 14.6 18.8 174.6 467.3 178.7 467.9 173.9 471.2 174.7 475.2 177.4 475.4 0.9991
234.4 482.8 16.8 21.4 236.9 489.9 242.0 490.9 236.6 494.8 237.1 498.9 240.6 499.4 0.9991
729.6 326.1 7.8 9.4 731.5 329.5 735.2 329.6 733.1 331.5 731.7 333.3 734.7 333.4 0.9991
714.7 338.2 8.3 10.3 716.2 342.1 719.8 342.1 717.5 344.2 716.6 346.2 719.4 346.2 0.9990
725.2 567.3 20.1 24.9 727.8 574.6 733.1 575.5 726.0 580.1 727.6 585.5 731.3 585.9 0.9990
613.7 481.5 14.6 21.3 615.7 490.1 618.8 490.3 614.9 494.9 617.2 498.5 619.2 498.4 0.9990
163.8 546.3 20.7 22.1 168.8 555.1 177.9 554.9 173.2 560.9 170.8 564.2 177.1 564.0 0.9990
914.8 505.1 19.9 25.2 918.6 513.0 924.3 515.0 917.4 518.6 917.0 523.3 921.0 524.7 0.9990
42.9 412.6 13.5 16.0 45.3 417.6 50.7 418.1 46.2 420.5 44.9 424.1 49.1 424.5 0.9989
133.5 421.7 13.6 15.6 135.4 426.9 140.3 427.1 136.0 430.6 135.8 433.7 139.3 433.7 0.9989
85.1 524.0 20.3 26.0 89.5 534.7 98.9 534.0 93.9 539.1 90.7 544.0 98.5 543.5 0.9989
592.0 426.3 12.8 16.7 593.3 432.7 597.9 433.0 594.2 436.6 594.5 439.5 597.7 439.6 0.9989
902.3 411.5 13.9 17.2 904.0 417.7 908.7 418.4 904.2 421.4 904.0 424.7 907.3 425.0 0.9989
744.3 416.7 13.1 17.1 746.2 422.7 750.6 423.2 746.3 425.9 745.9 429.2 749.2 429.5 0.9988
720.5 442.1 14.7 16.7 722.5 448.0 727.7 448.4 723.4 451.8 723.0 455.2 726.8 455.3 0.9988
117.4 416.5 11.1 16.7 118.9 422.6 121.4 423.0 118.0 426.1 119.4 429.3 121.0 429.4 0.9988
861.4 468.2 17.0 21.5 863.9 475.4 869.9 476.5 864.1 479.9 863.3 484.1 867.8 484.8 0.9988
622.6 465.6 14.6 17.5 624.4 471.1 629.5 471.5 624.8 474.8 624.3 478.7 628.2 478.8 0.9988
166.9 404.5 11.7 15.3 168.5 409.7 171.4 410.1 167.9 413.0 168.9 416.1 170.7 416.2 0.9988
528.4 577.1 20.0 24.2 530.6 586.9 537.7 587.4 531.8 593.0 532.2 596.8 536.9 596.9 0.9987
566.6 407.4 12.4 14.8 568.1 412.5 573.0 412.1 569.6 415.8 569.4 418.8 572.9 418.4 0.9987
89.5 587.1 25.2 28.5 101.1 596.5 111.1 595.4 108.6 602.6 102.2 608.5 109.7 607.9 0.9987
658.6 343.3 8.4 10.8 660.1 347.2 663.6 347.4 661.3 349.4 660.2 351.4 663.1 351.5 0.9986
944.3 412.7 12.6 16.6 946.0 418.4 949.7 418.8 945.9 421.8 945.9 424.9 948.8 425.0 0.9986
492.2 390.4 10.5 12.4 493.4 394.7 497.3 394.7 494.1 397.2 493.7 399.7 496.8 399.6 0.9986
517.1 484.4 15.6 18.4 520.6 489.9 527.9 490.5 523.5 494.7 520.9 498.1 526.2 498.6 0.9986
921.8 356.7 10.4 12.7 923.9 361.0 928.8 361.4 925.6 363.5 923.9 366.2 927.6 366.5 0.9986
425.2 454.5 14.5 17.7 428.2 460.3 434.3 462.4 429.2 465.0 426.9 467.5 431.2 469.0 0.9986
956.9 536.3 21.9 25.9 960.6 543.3 967.5 545.0 959.4 548.5 958.6 554.3 963.6 555.4 0.9985
716.5 465.1 13.2 17.2 718.2 470.3 721.3 470.5 717.6 474.0 718.8 478.1 721.2 477.9 0.9985
907.5 458.4 15.7 19.0 910.4 464.2 916.7 465.4 911.4 468.1 909.6 471.8 914.4 472.7 0.9985
738.3 491.0 16.2 22.0 741.3 499.5 744.5 499.6 740.1 503.9 741.8 508.2 743.9 507.9 0.9985
513.9 401.9 11.2 14.5 515.6 406.5 519.5 407.6 515.5 409.9 515.2 412.5 517.9 413.1 0.9984
193.5 505.9 14.7 18.0 202.7 513.2 206.2 512.3 206.4 517.0 202.4 520.4 204.5 520.0 0.9984
150.7 462.9 14.6 18.5 152.9 469.7 157.5 470.4 152.7 473.5 152.5 477.1 155.8 477.5 0.9983
399.4 458.1 14.0 17.6 401.1 464.4 405.6 464.5 401.4 468.4 402.1 471.9 405.0 471.8 0.9983
923.3 540.2 23.1 27.7 926.0 548.7 935.2 549.7 927.8 555.6 926.5 560.8 933.5 561.3 0.9983
935.9 568.7 23.4 27.3 939.9 578.9 948.9 579.0 942.9 585.3 942.2 589.8 948.5 589.8 0.9983
953.2 339.0 10.4 12.3 955.3 343.0 960.1 343.2 957.3 345.6 955.5 348.0 959.4 348.1 0.9983
434.2 356.9 9.2 11.3 436.0 360.9 439.7 361.0 437.2 363.5 436.4 365.9 439.3 365.8 0.9983
157.3 421.6 13.8 17.0 160.4 427.4 165.8 428.6 161.5 431.4 159.7 434.3 163.5 435.2 0.9983
205.5 593.1 25.3 29.6 208.7 603.3 219.4 604.6 211.0 610.6 209.4 616.0 216.7 616.9 0.9983
213.9 385.7 11.1 12.6 216.4 389.6 221.0 390.1 217.9 392.5 216.4 395.0 219.7 395.3 0.9983
227.3 327.4 7.1 9.1 228.4 330.5 231.0 330.7 228.9 332.5 228.6 334.3 230.7 334.4 0.9982
494.3 440.6 13.2 14.7 498.0 445.3 503.6 446.9 499.6 448.8 496.8 451.1 500.9 452.4 0.9982
346.5 343.2 8.6 10.4 348.4 346.7 352.4 346.9 350.0 348.9 348.5 351.0 351.8 351.1 0.9982
563.0 498.2 15.8 20.7 565.4 505.2 568.1 505.7 564.6 510.4 567.6 514.1 569.1 514.2 0.9981
476.6 414.5 12.2 15.3 479.2 419.6 483.7 420.6 479.7 422.6 478.6 425.6 481.8 426.3 0.9981
988.1 302.1 8.0 9.9 989.6 305.5 993.0 305.7 990.7 307.6 989.6 309.4 992.4 309.6 0.9981
933.7 347.2 9.2 10.5 936.0 350.9 940.2 351.5 937.5 353.4 935.7 355.2 939.0 355.7 0.9980
963.3 432.7 14.8 18.1 965.7 438.6 971.3 439.7 966.6 442.5 965.4 446.0 969.6 446.7 0.9980
1002.0 483.3 17.0 23.3 1012.3 491.1 1016.3 490.4 1017.5 495.6 1013.0 500.7 1015.9 500.5 0.9980
959.3 368.6 9.9 11.6 961.4 372.4 966.0 372.7 963.2 375.0 961.5 377.3 965.3 377.4 0.9979
204.9 448.0 13.6 16.9 206.4 453.7 210.8 454.3 206.4 457.5 206.6 461.0 209.6 461.3 0.9979
874.5 503.8 17.7 22.5 876.5 511.7 881.7 512.5 876.0 516.7 876.8 520.9 880.2 521.3 0.9979
84.8 462.8 15.3 19.1 86.8 469.9 91.7 470.7 86.7 473.8 86.8 477.3 90.2 477.8 0.9978
502.4 376.0 10.4 12.4 504.3 379.6 508.1 380.5 504.5 382.3 503.7 384.9 506.4 385.5 0.9978
672.1 456.9 15.3 19.5 674.2 465.4 680.1 465.3 676.1 469.4 675.6 472.4 680.1 472.2 0.9978
276.1 396.3 11.3 14.0 278.0 401.3 282.6 401.5 279.3 404.3 278.3 407.1 281.7 407.2 0.9976
510.3 571.8 18.2 25.0 512.8 581.2 519.9 582.2 513.9 587.2 512.8 591.4 518.0 592.0 0.9976
669.2 343.6 9.0 11.3 671.5 347.5 675.7 347.8 673.1 349.8 671.4 351.9 674.8 352.2 0.9975
874.5 446.6 15.5 18.9 876.5 453.2 881.9 452.8 877.6 456.2 877.4 460.5 881.6 460.1 0.9974
913.2 306.9 7.2 8.2 914.3 309.6 917.0 309.8 914.9 311.4 914.5 313.1 916.4 313.1 0.9974
127.0 529.4 15.4 19.3 128.2 536.5 134.0 536.9 128.9 541.0 129.1 544.8 132.8 544.8 0.9974
768.3 402.4 10.8 14.5 769.6 407.9 773.3 408.2 770.4 411.1 770.2 413.8 773.1 413.9 0.9974
204.9 367.6 9.8 12.4 206.6 372.8 210.6 373.1 207.8 375.2 206.9 377.4 209.9 377.5 0.9973
0.0 510.8 11.6 23.3 -4.3 518.6 2.0 519.6 -3.9 523.6 -4.6 528.1 -0.1 528.6 0.9972
446.1 346.8 8.8 10.8 447.3 350.8 450.5 350.6 448.2 353.0 448.1 355.3 450.6 355.0 0.9972
882.4 360.0 10.1 12.0 884.0 364.0 887.7 363.8 885.1 366.4 884.8 369.1 887.5 368.8 0.9972
878.1 400.2 11.0 13.0 880.6 404.9 885.2 405.4 882.0 407.4 880.4 409.7 884.1 410.1 0.9972
435.1 634.5 23.9 30.6 438.8 644.9 446.1 646.6 438.4 652.1 438.8 656.6 444.9 657.5 0.9972
968.3 305.0 8.4 10.2 970.3 308.7 974.1 308.7 972.1 310.7 970.7 312.6 973.8 312.6 0.9971
598.2 400.0 12.7 14.4 600.0 405.5 603.2 405.5 600.6 409.1 602.3 411.3 604.4 411.1 0.9970
241.3 370.7 10.2 13.4 242.9 376.3 246.4 375.9 243.8 378.9 244.0 381.6 246.4 381.2 0.9970
50.0 444.4 13.3 17.2 53.1 450.8 58.6 451.9 54.6 454.9 52.6 457.5 56.7 458.3 0.9969
256.6 331.1 7.6 9.0 258.4 334.1 261.8 334.3 259.8 336.0 258.5 337.8 261.2 337.9 0.9968
991.2 540.9 21.4 27.1 994.5 550.7 1002.0 551.1 995.3 555.6 995.1 560.9 1000.6 561.1 0.9968
398.8 351.7 8.2 9.8 400.4 355.0 404.1 355.0 401.9 357.1 400.7 359.2 403.7 359.2 0.9968
642.1 336.7 7.9 10.2 643.7 340.5 646.7 340.8 644.4 342.6 643.7 344.5 646.1 344.6 0.9967
147.9 580.4 19.7 24.5 154.2 589.0 163.5 589.8 159.0 595.0 154.2 599.0 161.5 599.6 0.9967
309.3 555.8 20.1 26.0 312.6 564.6 318.3 566.0 311.4 570.0 311.4 574.5 315.8 575.4 0.9966
417.3 371.9 10.4 12.1 418.6 376.6 422.5 375.7 420.3 378.8 420.5 381.6 423.2 380.8 0.9965
700.1 327.4 7.9 9.7 701.7 330.9 705.3 331.1 703.2 332.9 701.9 334.9 704.8 334.9 0.9965
622.7 516.3 14.5 20.4 627.1 521.5 628.0 522.4 623.8 525.2 624.6 530.2 625.2 530.7 0.9965
877.7 537.9 21.8 26.4 881.1 547.3 888.9 548.9 882.1 553.3 880.9 557.4 886.7 558.4 0.9964
245.2 413.9 10.8 14.2 247.2 418.7 251.1 418.7 248.1 421.5 247.5 424.5 250.7 424.4 0.9963
587.9 369.6 10.6 12.9 589.5 374.3 594.0 374.5 590.9 376.8 589.9 379.4 593.4 379.5 0.9962
780.5 540.1 17.7 24.3 783.5 549.8 789.7 549.6 784.8 554.5 784.3 559.0 789.1 558.7 0.9961
703.9 421.9 11.6 15.7 707.0 427.7 712.4 427.8 709.6 430.9 707.4 434.1 711.8 434.1 0.9960
443.7 328.7 7.6 9.2 445.2 331.6 448.3 331.7 446.2 333.5 445.4 335.5 447.9 335.5 0.9959
648.7 591.4 21.9 27.3 652.1 601.1 659.5 604.3 651.7 608.2 650.8 611.5 656.1 613.7 0.9959
279.8 533.3 16.0 23.7 282.8 541.8 286.0 542.5 281.0 546.5 281.6 551.2 283.8 551.6 0.9959
631.2 321.9 8.3 10.1 632.9 325.3 636.6 325.5 634.4 327.3 633.1 329.3 636.1 329.4 0.9958
148.3 384.5 10.4 13.2 150.0 389.5 154.2 389.4 151.3 392.3 150.7 394.9 153.7 394.9 0.9958
182.6 389.6 10.2 12.4 184.1 394.2 188.0 394.1 185.5 397.0 185.2 399.4 188.1 399.2 0.9957
406.8 390.6 10.8 12.7 409.2 395.0 413.3 395.5 410.3 398.1 409.3 400.3 412.2 400.6 0.9956
292.6 345.4 8.5 10.8 293.6 348.8 296.3 349.2 293.5 351.3 293.7 353.6 295.5 353.8 0.9956
241.2 391.6 10.6 12.3 243.4 396.4 248.1 396.0 245.6 398.9 244.4 401.3 247.9 401.0 0.9956
202.2 433.5 12.9 15.5 204.8 439.3 210.4 439.4 206.8 442.4 205.4 445.6 209.4 445.6 0.9954
669.7 436.4 10.7 13.9 671.0 442.0 675.7 441.8 672.5 444.8 672.1 447.6 675.3 447.4 0.9954
922.0 283.8 7.5 8.7 923.5 287.1 926.8 287.1 924.9 288.9 924.0 290.7 926.5 290.6 0.9953
530.7 326.9 9.6 12.3 533.0 331.6 537.2 331.6 534.9 333.8 533.2 336.0 536.8 336.1 0.9952
889.3 303.8 7.3 8.5 890.4 307.1 893.2 307.0 891.4 308.8 891.1 310.6 893.2 310.4 0.9951
585.0 331.1 7.7 9.8 586.3 334.6 589.2 334.8 587.0 336.6 586.5 338.5 588.7 338.6 0.9950
64.5 337.2 7.5 8.6 66.6 340.4 70.0 340.6 68.3 342.2 66.7 343.9 69.5 344.0 0.9950
411.1 354.4 9.1 10.9 413.7 357.9 418.0 358.3 415.6 360.4 413.6 362.4 417.1 362.7 0.9949
391.3 307.5 6.3 7.7 392.8 310.3 395.7 310.4 394.0 311.9 393.0 313.4 395.3 313.4 0.9947
741.2 320.0 7.6 8.7 743.2 323.4 746.7 323.5 744.8 325.2 743.4 326.8 746.2 326.9 0.9946
236.8 335.4 7.5 9.5 238.0 338.6 241.2 338.9 238.8 340.7 238.0 342.7 240.4 342.9 0.9942
775.4 344.7 9.0 10.5 777.9 348.4 782.0 348.5 779.9 350.5 778.1 352.6 781.4 352.7 0.9941
553.8 381.3 10.1 12.7 557.4 386.3 562.0 386.1 560.2 388.6 558.0 391.0 561.7 390.9 0.9941
659.7 296.9 6.0 7.4 661.7 299.4 664.4 299.6 663.1 301.0 661.7 302.3 663.9 302.5 0.9940
399.0 366.6 9.6 12.9 400.8 371.3 404.8 372.1 401.7 374.1 400.6 376.4 403.5 376.9 0.9939
740.9 539.6 17.3 22.7 743.7 549.3 749.0 549.7 744.5 554.5 745.2 558.4 748.6 558.5 0.9937
978.4 285.6 7.6 9.0 980.3 288.4 983.8 288.5 981.9 290.3 980.4 292.1 983.3 292.2 0.9936
24.6 435.9 15.3 19.1 27.3 442.7 32.9 444.1 27.7 447.1 26.1 450.3 30.3 451.3 0.9934
1006.2 317.3 7.3 8.6 1007.8 320.6 1011.0 320.8 1009.1 322.4 1008.0 324.0 1010.5 324.1 0.9934
398.1 427.0 12.5 15.3 399.7 432.2 403.8 432.7 399.9 435.8 400.1 438.6 402.9 438.9 0.9934
460.5 390.9 10.0 12.0 462.3 395.2 466.6 395.3 463.9 397.9 462.9 400.0 466.2 400.1 0.9934
26.7 584.0 18.4 23.5 35.0 593.7 41.5 591.6 41.3 597.5 37.8 602.3 42.8 600.9 0.9933
683.1 314.0 7.2 9.5 684.6 317.3 687.8 317.6 685.8 319.3 684.7 321.2 687.3 321.3 0.9932
391.8 409.3 11.3 13.8 394.1 413.9 399.2 414.4 396.0 417.5 394.4 420.1 398.0 420.4 0.9932
284.3 325.7 7.5 8.3 286.1 328.6 289.3 328.8 287.4 330.4 286.2 332.0 288.7 332.1 0.9931
468.8 336.1 7.6 9.3 470.1 339.2 473.0 339.4 470.7 341.2 470.3 343.1 472.6 343.2 0.9929
448.7 367.7 8.8 10.9 450.4 371.1 454.1 371.5 451.3 373.8 450.3 376.1 453.1 376.4 0.9926
882.6 344.3 9.1 11.0 884.2 348.2 887.5 348.5 884.9 350.5 884.3 352.7 886.9 352.8 0.9926
698.3 308.7 7.3 9.0 699.8 312.2 703.1 312.0 701.4 314.0 700.5 315.8 703.2 315.6 0.9923
814.1 338.4 10.8 14.1 817.0 343.7 821.7 343.7 819.3 346.0 817.3 348.7 821.4 348.8 0.9921
304.8 337.9 7.6 9.5 306.0 341.3 308.9 341.4 306.8 343.3 306.4 345.2 308.6 345.2 0.9919
426.3 335.2 9.4 11.1 428.1 339.0 432.0 339.2 429.4 341.4 428.4 343.7 431.4 343.8 0.9919
603.5 299.6 6.6 8.2 605.3 302.4 608.3 302.5 606.7 304.1 605.5 305.6 607.9 305.7 0.9919
606.3 330.4 9.3 11.8 608.0 335.1 611.8 335.1 609.4 337.6 608.7 339.7 611.5 339.6 0.9916
954.0 401.7 9.3 11.9 956.2 407.1 960.6 407.1 958.2 409.5 956.6 411.6 960.2 411.6 0.9916
436.6 386.2 11.1 13.2 439.0 390.1 443.9 390.4 440.8 393.2 439.3 396.1 443.0 396.2 0.9916
979.5 436.9 12.8 18.8 981.9 443.9 984.1 444.5 980.4 447.6 981.4 451.2 982.9 451.5 0.9916
542.1 333.5 10.3 12.0 544.3 337.7 548.7 337.7 546.1 340.1 544.8 342.5 548.2 342.5 0.9913
236.9 321.6 6.8 7.8 238.2 324.0 241.2 324.2 239.3 325.7 238.5 327.4 240.8 327.4 0.9911
27.3 352.9 8.5 10.3 29.1 356.7 32.8 356.8 30.6 358.9 29.4 360.9 32.3 361.0 0.9910
514.9 463.9 12.5 18.1 517.7 469.4 520.2 470.9 515.4 473.2 515.9 476.9 517.7 477.7 0.9910
752.8 352.6 9.9 11.5 754.6 356.4 758.8 356.7 755.9 359.0 754.9 361.2 757.8 361.4 0.9906
558.9 398.6 11.3 13.5 561.9 403.8 567.0 403.9 564.4 406.6 562.3 409.2 566.2 409.3 0.9905
621.3 340.4 8.4 10.4 623.4 344.7 626.7 345.0 624.5 346.9 623.4 348.6 626.0 348.8 0.9904
322.2 510.8 14.8 19.8 324.8 517.7 328.8 519.1 323.7 522.0 324.0 525.8 326.4 526.5 0.9902
483.8 311.2 7.4 8.5 484.8 314.0 487.5 314.0 485.5 315.9 485.4 317.8 487.3 317.7 0.9901
381.8 409.6 10.1 13.2 383.4 414.6 387.5 414.8 384.8 417.7 384.2 420.1 387.2 420.2 0.9900
349.4 427.7 13.6 16.3 352.0 432.9 357.7 434.7 353.1 437.2 351.0 439.8 355.2 441.1 0.9897
759.8 341.3 9.5 12.0 762.0 346.8 766.3 347.4 763.8 349.5 762.1 351.0 765.4 351.4 0.9896
752.5 333.3 9.1 12.3 754.4 338.0 758.1 337.8 755.9 340.1 754.9 342.4 757.8 342.3 0.9894
454.2 339.0 7.3 8.9 456.0 342.2 459.2 342.3 457.4 344.2 456.3 345.9 458.7 345.9 0.9893
110.0 331.0 7.4 9.3 111.2 334.2 113.9 334.4 111.7 336.2 111.3 338.0 113.4 338.1 0.9892
766.7 325.0 8.2 10.5 768.3 328.8 772.0 329.0 769.7 331.1 768.6 333.1 771.4 333.2 0.9890
820.0 366.0 10.9 12.8 822.2 370.4 826.2 370.7 823.4 373.5 822.9 375.7 825.8 375.8 0.9889
782.4 292.5 7.2 8.9 784.5 296.3 787.8 296.2 786.2 298.0 784.9 299.6 787.4 299.6 0.9886
812.1 326.6 7.9 9.7 813.5 330.3 817.0 330.4 814.9 332.4 813.9 334.4 816.6 334.4 0.9886
325.5 424.7 12.1 17.0 329.1 430.9 334.4 431.3 331.5 434.6 329.1 437.6 333.3 438.0 0.9885
665.5 322.9 7.4 9.3 667.4 326.7 670.8 326.7 669.0 328.6 667.7 330.3 670.5 330.3 0.9885
570.0 340.8 9.5 10.8 571.5 344.9 575.0 345.1 572.3 347.2 571.8 349.3 574.4 349.4 0.9884
357.7 456.4 14.2 17.1 359.8 461.8 365.2 463.0 360.3 466.2 359.3 469.2 363.1 470.0 0.9884
571.9 436.6 12.5 13.6 574.8 440.4 580.3 442.3 576.0 444.5 573.9 446.4 577.7 447.8 0.9883
678.9 356.5 10.2 12.2 680.2 361.9 682.9 361.7 680.6 364.2 681.5 366.3 683.4 365.9 0.9883
891.7 277.2 6.2 7.8 893.1 280.3 895.8 280.4 894.1 281.8 893.2 283.2 895.4 283.3 0.9883
938.0 287.5 7.5 9.4 940.6 291.0 943.7 291.3 942.2 293.0 940.6 294.7 943.1 294.9 0.9882
630.3 417.1 10.2 13.7 631.9 421.7 634.6 421.8 631.8 424.7 632.2 427.6 634.0 427.5 0.9879
747.0 367.1 9.6 11.5 748.6 371.0 752.0 371.2 749.2 373.3 748.8 375.7 751.2 375.7 0.9878
32.9 381.1 8.6 9.9 34.9 384.2 38.9 384.7 36.4 386.5 34.7 388.4 37.9 388.7 0.9876
649.6 368.7 9.3 11.4 651.2 372.3 655.2 372.7 652.3 374.8 651.2 377.1 654.4 377.3 0.9876
267.2 325.2 6.6 8.2 268.8 328.3 272.0 328.3 270.2 330.0 269.0 331.6 271.6 331.6 0.9872
1001.8 342.2 9.2 10.6 1004.3 345.8 1008.5 346.3 1005.9 348.3 1004.0 350.2 1007.4 350.6 0.9872
627.2 348.7 9.9 12.0 628.9 353.0 632.7 353.1 630.3 355.6 629.4 357.9 632.3 357.9 0.9871
386.1 387.1 10.1 12.1 388.1 391.0 391.5 391.5 388.6 393.9 388.1 396.4 390.4 396.6 0.9869
281.4 335.0 7.7 9.2 283.2 338.4 286.8 338.3 284.9 340.3 283.8 342.2 286.6 342.1 0.9864
243.2 355.2 9.3 11.0 245.7 359.2 250.0 359.2 247.8 361.4 246.1 363.6 249.6 363.6 0.9855
989.1 334.2 8.3 9.5 991.1 337.6 995.0 337.8 992.9 339.9 991.3 341.7 994.4 341.8 0.9852
61.5 377.0 8.3 11.1 64.0 381.0 67.5 381.3 65.4 383.3 64.0 385.5 66.8 385.6 0.9837
250.6 402.4 11.3 14.0 252.6 407.9 257.2 407.9 254.0 410.6 253.2 413.4 256.5 413.3 0.9835
306.4 353.4 8.2 9.9 308.4 356.9 311.6 357.2 309.3 359.0 308.4 360.9 310.8 361.1 0.9828
694.9 356.3 7.7 10.8 696.4 360.3 699.5 360.3 697.5 362.5 696.7 364.7 699.3 364.7 0.9827
575.8 472.1 13.2 14.3 579.0 476.7 584.7 477.1 581.4 479.9 579.3 482.5 583.7 482.8 0.9826
529.5 496.8 12.2 19.7 532.8 502.8 532.7 503.0 529.6 506.3 531.6 510.9 531.8 510.7 0.9825
585.6 352.1 9.2 11.4 587.6 355.9 591.8 356.3 589.2 358.5 587.7 360.6 591.0 360.8 0.9824
897.0 334.5 9.3 10.8 898.3 338.3 901.8 338.4 899.2 340.7 898.8 343.0 901.5 343.0 0.9823
935.6 402.7 11.8 12.8 938.4 407.1 943.7 407.3 940.7 410.3 939.0 412.8 942.9 412.9 0.9818
186.9 585.7 20.8 23.3 197.6 595.4 204.5 595.2 202.3 601.4 197.1 604.7 201.4 604.8 0.9817
46.0 613.9 21.0 25.9 49.0 621.4 53.1 622.7 46.9 627.4 48.7 632.8 51.3 633.6 0.9815
676.6 295.4 6.6 7.8 678.2 298.3 681.2 298.4 679.5 299.9 678.4 301.4 680.9 301.5 0.9815
214.9 531.9 15.4 22.0 218.2 538.3 221.3 540.0 216.2 543.3 216.8 547.5 219.0 548.6 0.9811
573.4 365.4 10.1 14.0 575.6 370.4 580.2 371.0 577.1 373.8 575.5 376.3 578.9 376.7 0.9798
871.2 261.9 6.0 7.9 872.3 265.0 875.2 264.9 873.7 266.6 872.8 268.2 875.0 268.1 0.9793
385.9 351.1 9.7 11.6 388.0 354.6 392.3 354.8 389.7 357.2 388.3 359.7 391.6 359.8 0.9791
943.8 262.8 7.0 8.4 945.7 266.1 948.8 266.1 947.2 267.8 946.0 269.3 948.4 269.4 0.9789
169.7 328.0 6.6 8.1 171.8 331.1 174.7 331.1 173.3 332.7 172.1 334.3 174.4 334.3 0.9781
869.9 279.0 6.9 8.7 871.5 281.9 874.3 282.0 872.5 283.7 871.7 285.5 873.9 285.5 0.9779
948.9 307.8 7.6 8.7 950.3 310.7 953.9 311.0 951.5 312.9 950.4 314.7 953.2 314.9 0.9779
260.8 389.1 10.2 13.0 262.2 393.5 265.1 393.7 262.1 396.3 262.5 399.0 264.5 399.0 0.9779
265.8 371.5 9.6 11.7 267.2 375.6 270.8 375.6 268.1 377.9 267.7 380.5 270.3 380.3 0.9779
95.0 328.2 6.5 8.4 96.1 331.2 98.7 331.3 96.9 332.9 96.4 334.6 98.3 334.6 0.9774
222.8 339.3 8.0 9.3 224.4 342.7 227.9 342.6 225.9 344.7 224.9 346.6 227.7 346.5 0.9771
200.2 414.7 12.4 15.6 204.1 421.0 207.2 421.8 203.8 424.1 202.9 426.7 204.8 427.2 0.9770
702.3 336.1 7.5 9.1 703.5 339.6 706.3 339.8 704.1 341.6 703.7 343.4 705.8 343.4 0.9769
623.0 322.9 7.4 9.2 624.8 326.6 628.1 326.5 626.4 328.4 625.3 330.3 628.0 330.2 0.9766
949.8 292.1 7.6 8.8 951.5 295.6 954.9 295.4 953.2 297.3 952.2 299.0 954.9 298.8 0.9764
162.2 331.7 7.4 9.0 163.6 334.9 166.9 334.9 165.0 336.8 164.0 338.6 166.6 338.6 0.9759
164.4 360.6 8.8 11.3 165.9 364.3 169.2 364.5 166.7 366.7 166.0 369.0 168.6 369.1 0.9751
556.2 369.1 10.4 13.0 558.0 373.3 561.4 373.2 558.9 376.1 558.8 378.8 561.5 378.6 0.9751
391.5 425.3 11.1 14.9 393.4 431.1 398.0 431.6 394.2 434.3 393.2 437.2 396.4 437.6 0.9751
966.9 275.1 9.1 10.0 969.0 278.4 973.1 278.7 970.7 280.7 969.2 282.8 972.4 282.9 0.9748
160.0 386.4 9.5 12.2 161.6 390.4 164.5 390.9 161.6 393.3 161.6 395.7 163.5 395.9 0.9745
683.7 426.0 11.4 14.5 685.6 431.5 690.3 431.9 686.6 434.9 685.6 437.5 688.9 437.7 0.9738
717.0 279.6 6.3 7.9 718.2 282.5 721.2 282.4 719.5 284.1 718.6 285.7 721.0 285.7 0.9734
947.4 276.8 7.2 8.5 948.9 280.2 951.6 280.4 949.7 282.0 949.2 283.6 951.2 283.7 0.9730
31.1 340.5 8.7 9.5 33.3 344.0 37.3 344.1 35.1 346.3 33.7 348.3 36.6 348.4 0.9725
944.1 329.9 8.1 11.0 945.4 334.4 948.4 334.3 946.3 336.6 946.1 338.8 948.3 338.6 0.9719
504.6 290.1 5.9 7.1 506.0 292.7 508.5 292.8 507.0 294.2 506.2 295.6 508.1 295.7 0.9718
51.2 341.1 8.4 9.9 53.4 344.9 57.2 345.0 55.1 347.0 53.7 348.9 56.7 349.0 0.9714
628.2 375.5 10.5 13.6 629.7 380.3 634.9 380.7 631.5 383.5 629.7 385.9 633.8 386.2 0.9711
930.9 329.9 8.0 9.9 932.8 334.0 936.5 333.9 934.6 336.0 933.4 337.9 936.3 337.8 0.9708
11.9 336.9 7.8 9.4 13.7 340.7 17.2 340.8 15.2 342.7 13.9 344.4 16.7 344.5 0.9702
221.3 466.4 12.7 18.4 223.6 473.7 226.8 474.0 223.0 477.2 223.4 480.8 225.6 480.8 0.9696
568.5 559.2 16.7 21.6 571.1 568.1 574.9 567.1 572.6 573.0 575.3 576.6 578.1 575.6 0.9692
901.3 305.4 7.3 8.8 903.1 309.2 906.5 309.2 904.7 311.0 903.4 312.5 906.0 312.6 0.9690
376.2 315.4 6.6 7.8 378.1 318.4 380.9 318.6 379.3 320.0 378.1 321.4 380.4 321.6 0.9686
194.9 319.0 7.3 8.8 196.7 322.4 200.1 322.5 198.2 324.2 196.9 326.0 199.5 326.0 0.9685
367.2 520.1 14.7 16.6 370.4 526.8 377.2 526.4 373.9 530.4 371.8 534.0 377.1 533.6 0.9671
213.8 330.0 7.3 8.8 215.2 332.7 218.7 332.8 216.6 334.8 215.5 336.6 218.2 336.7 0.9663
56.7 356.2 10.0 11.4 58.6 360.6 63.1 359.9 60.9 362.9 60.1 365.4 63.3 364.8 0.9662
0.9 349.6 7.6 9.7 2.4 353.3 5.2 353.3 3.3 355.2 2.9 357.2 5.0 357.1 0.9649
42.5 338.0 7.1 8.9 45.0 341.1 48.2 340.8 47.1 342.9 45.7 344.9 48.1 344.7 0.9635
35.2 404.6 10.3 13.3 37.3 408.4 41.4 409.2 38.1 411.6 36.8 414.3 39.8 414.9 0.9628
14.5 378.9 9.0 11.4 16.2 383.4 19.5 383.7 17.0 385.8 16.3 387.8 18.8 388.0 0.9622
414.4 404.3 10.4 12.3 416.2 408.7 420.3 408.9 417.4 411.3 416.5 413.8 419.7 413.9 0.9615
566.2 325.8 7.9 8.6 568.1 329.2 571.8 329.3 569.8 331.2 568.4 332.9 571.3 332.9 0.9615
219.1 314.9 6.4 7.8 220.3 317.5 223.2 317.6 221.4 319.3 220.5 320.9 222.7 321.0 0.9598
461.2 333.1 7.2 8.9 462.7 336.4 465.9 336.5 463.9 338.4 462.9 340.1 465.4 340.1 0.9596
586.4 387.3 11.4 13.2 588.7 391.3 594.0 391.4 590.8 394.3 589.1 397.3 593.3 397.3 0.9595
372.4 308.0 6.9 7.9 374.4 310.9 377.4 310.9 375.9 312.5 374.7 314.1 377.1 314.1 0.9589
900.6 444.4 12.0 15.1 905.6 451.4 909.7 449.6 909.6 453.5 908.3 456.9 911.1 455.6 0.9581
78.5 340.5 8.0 9.6 80.0 344.0 83.2 344.3 80.8 346.1 80.0 348.0 82.5 348.2 0.9579
997.5 261.0 7.1 8.4 999.5 263.9 1002.9 264.0 1001.1 265.7 999.7 267.3 1002.4 267.4 0.9573
119.8 315.2 6.0 7.4 121.3 318.2 124.1 318.1 122.7 319.7 121.7 321.1 123.9 321.1 0.9567
182.9 441.5 15.3 18.4 186.0 447.8 193.0 448.4 188.8 452.2 186.5 455.6 191.9 455.9 0.9553
105.7 493.8 14.5 19.9 108.0 500.9 111.3 500.8 107.8 505.0 108.8 509.2 111.0 508.9 0.9522
831.3 343.2 10.3 12.7 832.5 347.5 836.2 347.8 833.0 350.7 832.9 353.1 835.5 353.2 0.9519
1008.2 278.4 6.3 8.5 1009.3 281.4 1011.3 281.5 1009.5 283.2 1009.5 284.9 1010.9 284.9 0.9512
538.3 348.9 10.4 14.4 541.4 354.6 545.9 354.7 543.7 357.5 541.6 360.4 545.4 360.5 0.9507
338.3 517.5 11.5 17.0 340.3 523.2 342.8 523.3 340.5 527.2 341.6 530.7 343.5 530.6 0.9506
531.1 400.6 10.4 13.7 532.8 405.2 536.2 405.4 533.7 408.2 533.4 410.9 536.0 410.9 0.9497
402.7 329.8 8.5 10.0 404.8 333.3 408.9 333.4 406.7 335.5 405.1 337.6 408.2 337.7 0.9481
529.2 302.3 7.1 8.3 530.9 305.4 534.0 305.6 532.2 307.2 531.0 308.9 533.4 309.0 0.9479
975.2 265.6 7.2 8.2 976.6 268.4 979.7 268.7 977.6 270.3 976.6 271.9 979.0 272.1 0.9467
291.8 522.0 15.6 19.4 295.5 529.3 302.1 529.3 298.4 533.1 296.2 536.8 301.5 536.8 0.9408
720.0 311.4 6.6 7.9 722.3 313.9 725.4 313.8 724.1 315.5 722.7 317.3 725.2 317.3 0.9392
836.9 312.0 7.0 8.6 839.0 315.7 842.3 315.8 840.7 317.5 839.1 319.0 841.8 319.1 0.9392
474.2 361.8 9.4 12.0 476.3 366.1 480.2 366.5 477.7 368.9 476.4 370.8 479.4 371.0 0.9380
738.0 342.6 9.9 11.5 740.5 347.4 745.0 346.8 743.0 349.4 741.7 351.7 745.0 351.2 0.9379
87.8 319.9 6.5 8.0 89.1 323.2 91.9 323.3 90.1 325.0 89.3 326.5 91.4 326.6 0.9341
80.6 378.8 9.0 10.9 83.1 383.0 86.8 383.0 84.8 385.2 83.5 387.4 86.4 387.4 0.9333
205.4 312.8 6.5 7.4 206.8 315.6 209.8 315.5 208.2 317.2 207.3 318.7 209.6 318.7 0.9326
388.6 332.1 7.3 8.7 390.5 335.4 393.8 335.6 391.9 337.5 390.6 339.1 393.1 339.3 0.9320
13.1 360.9 7.9 10.2 14.5 364.7 17.5 365.0 15.1 367.0 14.4 368.9 16.8 369.1 0.9300
545.8 306.8 6.7 8.3 547.1 310.1 550.0 310.0 548.4 311.9 547.7 313.6 549.9 313.4 0.9251
990.9 273.2 7.4 8.4 992.7 276.4 996.1 276.5 994.3 278.2 993.0 279.9 995.6 280.0 0.9250
671.2 453.8 11.2 15.5 673.2 460.1 677.5 460.1 674.4 463.5 674.1 466.4 677.2 466.3 0.9223
460.6 324.6 7.0 8.2 462.2 327.2 465.6 327.2 463.8 328.9 462.5 330.6 465.2 330.7 0.9221
293.5 360.1 7.9 9.3 296.0 363.8 299.4 363.8 297.9 365.7 296.5 367.5 299.1 367.5 0.9206
155.8 304.3 6.1 7.2 157.4 306.6 160.3 306.6 158.8 308.1 157.6 309.6 160.0 309.6 0.9199
839.1 294.1 6.8 8.5 840.3 297.5 843.5 297.4 841.7 299.2 840.8 301.0 843.4 300.9 0.9154
330.8 326.6 7.1 8.4 332.7 329.3 336.1 329.6 334.2 331.4 332.7 333.1 335.4 333.2 0.9145
593.4 326.0 7.5 8.4 595.2 329.0 598.2 329.0 596.4 330.7 595.5 332.5 597.9 332.5 0.9137
922.5 488.4 15.2 19.8 925.5 495.2 929.2 496.5 924.8 498.9 924.9 502.4 927.5 503.2 0.9129
631.3 304.2 6.5 8.1 633.0 307.3 635.9 307.5 634.3 309.1 633.1 310.6 635.5 310.7 0.9116
194.0 335.2 7.6 9.3 195.9 338.5 199.3 338.7 197.4 340.5 196.1 342.3 198.8 342.4 0.9060
173.6 321.0 7.1 8.8 175.3 323.8 178.6 323.8 176.8 325.7 175.6 327.6 178.3 327.6 0.9055
759.9 629.2 20.8 28.0 762.0 639.9 770.6 639.1 764.6 645.4 763.8 651.0 770.3 650.3 0.9051
991.8 282.6 7.2 8.5 993.1 285.5 996.5 285.7 994.5 287.6 993.4 289.4 996.0 289.4 0.9050
963.1 395.4 9.4 12.5 965.7 399.9 970.0 399.5 967.9 402.3 966.3 405.0 969.7 404.7 0.9043
773.0 270.3 5.7 7.1 774.3 273.0 776.8 273.0 775.4 274.6 774.6 276.0 776.6 276.0 0.8938
332.6 389.9 10.0 12.9 334.6 394.5 338.8 394.8 336.0 397.3 334.9 400.1 338.1 400.2 0.8925
134.5 313.3 6.2 7.6 136.7 316.3 139.5 316.3 138.3 317.8 136.9 319.2 139.1 319.3 0.8902
1004.0 288.7 7.6 8.8 1006.5 291.7 1009.9 291.5 1008.5 293.6 1007.0 295.5 1009.7 295.4 0.8885
475.4 351.2 7.6 9.0 477.2 354.6 480.3 355.0 478.2 356.6 477.1 358.2 479.6 358.4 0.8873
86.7 346.6 7.9 9.4 88.1 350.2 91.4 350.3 89.2 352.4 88.5 354.3 90.9 354.3 0.8837
414.0 570.6 18.1 16.5 418.3 581.2 422.7 578.5 421.8 583.8 424.4 586.3 426.7 584.2 0.8824
260.3 355.4 9.8 11.8 262.1 359.6 266.6 359.9 264.0 362.5 262.6 364.7 266.0 364.8 0.8819
69.9 314.4 6.0 7.2 71.3 317.1 74.2 317.1 72.7 318.7 71.6 320.1 73.8 320.1 0.8811
134.9 391.6 10.3 12.3 136.5 395.3 140.6 395.5 137.7 398.1 136.9 400.7 140.0 400.8 0.8796
969.3 252.6 5.3 6.2 970.7 255.0 973.1 254.9 971.9 256.2 971.0 257.6 973.0 257.5 0.8792
538.8 346.6 7.8 9.7 540.7 350.4 544.2 350.4 542.2 352.4 541.1 354.2 543.8 354.2 0.8790
910.5 283.0 7.4 8.6 911.9 286.1 915.3 286.2 913.2 288.2 912.2 289.9 914.7 290.0 0.8742
138.4 306.7 6.4 8.0 139.9 309.4 142.5 309.4 141.0 311.0 140.2 312.6 142.3 312.6 0.8732
404.6 313.4 8.1 10.1 406.8 316.9 410.7 317.0 408.7 319.0 406.9 321.1 410.1 321.2 0.8728
476.8 308.6 5.8 7.1 478.5 311.1 481.0 311.2 479.8 312.6 478.7 314.1 480.6 314.2 0.8705
419.9 315.2 6.2 7.4 421.3 318.4 424.0 318.6 422.4 320.1 421.5 321.4 423.5 321.5 0.8652
300.2 303.4 5.8 7.2 301.5 305.8 303.9 305.9 302.5 307.3 301.8 308.8 303.6 308.8 0.8639
555.4 307.1 6.6 8.1 557.4 309.7 560.8 309.8 559.2 311.6 557.6 313.3 560.3 313.4 0.8593
641.9 295.6 6.0 6.8 643.5 298.0 646.5 298.0 645.1 299.5 643.9 301.0 646.3 301.0 0.8553
838.2 278.6 7.7 8.6 840.2 281.3 843.7 281.3 841.9 283.2 840.5 284.9 843.3 284.9 0.8550
180.4 335.0 8.3 9.3 182.8 338.4 186.3 338.4 184.6 340.6 183.3 342.5 185.9 342.4 0.8542
624.2 300.8 5.8 6.7 625.6 303.2 628.3 303.0 627.0 304.6 626.1 306.0 628.3 305.9 0.8501
394.4 456.2 13.0 16.0 397.5 462.6 402.2 462.3 399.3 466.6 399.6 469.4 403.0 469.0 0.8488
369.5 351.0 9.5 11.5 371.1 354.4 375.4 354.6 372.5 357.1 371.3 359.7 374.7 359.8 0.8484
483.2 480.0 12.2 16.7 486.2 486.2 491.0 487.3 487.2 490.3 485.5 493.0 488.9 493.8 0.8458
578.8 297.6 6.4 7.4 580.6 300.3 583.6 300.5 582.0 302.0 580.6 303.3 583.0 303.5 0.8454
418.3 335.8 7.3 9.5 419.8 339.3 423.1 339.4 421.0 341.3 420.0 343.2 422.5 343.2 0.8441
694.8 291.0 5.4 6.7 696.1 293.6 698.7 293.6 697.4 295.1 696.4 296.4 698.5 296.4 0.8301
146.4 366.0 9.4 11.6 148.3 369.8 151.2 370.5 148.5 372.6 147.8 374.5 149.7 375.1 0.8280
1000.7 390.8 8.8 12.6 1002.1 395.3 1003.7 395.5 1001.5 398.1 1002.3 400.6 1003.4 400.6 0.8275
564.0 334.1 8.6 10.7 566.2 338.1 569.7 338.1 567.7 340.5 566.5 342.7 569.2 342.7 0.8212
351.8 301.0 7.4 8.3 352.9 303.9 355.9 304.0 353.8 305.8 353.4 307.6 355.5 307.6 0.8186
639.8 276.6 4.9 5.8 641.1 278.8 643.3 278.9 642.1 280.0 641.2 281.1 643.0 281.2 0.8157
416.2 343.2 8.3 10.2 417.9 347.5 421.3 347.6 419.2 349.9 418.3 351.8 420.8 351.8 0.8043
284.4 385.7 10.1 12.1 286.9 390.8 291.4 391.4 288.6 393.6 286.8 395.5 289.9 396.0 0.8021
567.1 356.5 9.3 11.8 571.1 360.6 574.5 361.0 573.1 363.2 570.8 365.2 573.4 365.6 0.7976
357.8 316.7 5.9 7.3 358.8 319.4 361.0 319.7 359.2 321.1 358.8 322.6 360.4 322.8 0.7763
933.1 261.9 6.2 7.3 934.9 264.5 937.5 264.5 936.2 266.0 935.1 267.4 937.2 267.4 0.7759
24.8 323.2 6.5 8.3 27.4 326.4 30.0 326.2 29.3 328.1 27.9 329.9 29.9 329.8 0.7738
352.4 364.3 8.6 10.4 354.4 367.7 358.0 368.1 355.6 370.1 354.5 372.1 357.3 372.3 0.7704
295.0 319.2 7.0 8.4 296.9 322.4 300.2 322.3 298.6 324.1 297.3 325.8 299.8 325.8 0.7512
257.1 299.1 6.0 7.1 258.8 301.9 261.5 302.1 260.1 303.5 259.0 304.8 261.1 304.9 0.7474
1016.6 261.8 6.1 7.2 1018.2 264.6 1020.9 264.7 1019.4 266.2 1018.4 267.6 1020.5 267.6 0.7441
24.7 339.0 7.4 9.3 26.0 341.9 28.9 342.1 26.7 344.1 26.2 346.1 28.4 346.2 0.7315
766.4 288.1 8.1 9.4 767.9 291.3 771.6 291.2 769.4 293.4 768.4 295.6 771.3 295.5 0.7298
826.5 300.0 6.8 8.4 828.1 303.3 830.9 303.2 829.3 305.1 828.5 306.7 830.7 306.6 0.7270
843.4 270.0 6.7 8.0 844.8 273.0 847.9 272.9 846.2 274.6 845.3 276.3 847.7 276.3 0.7220
8.8 322.6 6.2 7.2 10.2 325.3 12.9 325.4 11.3 327.0 10.5 328.5 12.6 328.5 0.7191
920.7 342.2 6.7 8.9 922.8 345.7 925.8 345.6 924.5 347.5 923.1 349.3 925.5 349.2 0.7137
689.8 340.6 7.3 9.1 691.5 344.5 694.5 344.7 692.7 346.4 691.8 348.1 694.1 348.1 0.7114
218.4 306.2 6.0 7.0 220.0 308.9 222.9 308.9 221.5 310.4 220.3 311.8 222.6 311.8 0.7073
49.0 379.1 8.2 9.2 51.1 382.4 54.4 382.6 52.4 384.5 51.3 386.2 53.8 386.4 0.7066
123.6 321.2 6.2 8.1 125.2 323.9 127.9 323.9 126.4 325.7 125.6 327.4 127.6 327.4 0.6995
466.0 376.4 11.9 14.1 469.2 381.1 474.2 381.5 471.2 384.0 469.3 386.6 473.3 386.9 0.6930
430.5 528.6 13.0 18.6 435.2 537.3 440.3 537.9 437.4 541.8 435.6 544.6 439.1 545.1 0.6926
743.0 287.4 5.6 7.1 744.3 289.9 746.8 289.9 745.4 291.3 744.7 292.7 746.7 292.6 0.6872
371.3 323.7 8.0 9.7 373.5 327.3 377.6 327.4 375.7 329.4 373.8 331.3 377.0 331.4 0.6862
129.9 323.0 6.4 7.8 131.1 326.0 134.4 325.9 132.6 327.8 131.6 329.5 134.1 329.4 0.6827
173.0 297.3 6.5 7.4 174.6 300.0 177.7 299.7 176.3 301.4 175.2 303.1 177.7 302.9 0.6788
637.1 317.1 7.0 9.1 639.2 320.9 642.2 320.8 640.8 322.7 639.6 324.3 642.0 324.3 0.6749
187.9 309.7 6.8 7.5 189.7 312.5 193.0 312.5 191.4 314.2 190.0 315.8 192.6 315.8 0.6701
551.2 321.9 7.6 8.3 552.9 324.7 555.9 325.0 553.9 326.6 553.0 328.3 555.2 328.4 0.6675
485.4 290.4 5.4 6.2 486.8 292.5 489.3 292.6 487.9 293.9 486.9 295.1 488.9 295.2 0.6663
664.4 374.2 9.8 12.0 666.0 378.0 670.8 378.4 667.8 381.1 666.2 383.4 670.0 383.7 0.6594
378.6 290.3 5.4 6.5 380.1 292.7 382.5 292.6 381.5 294.0 380.6 295.3 382.5 295.2 0.6532
329.6 352.2 6.4 9.5 330.9 356.0 332.6 356.2 331.1 357.9 331.1 359.6 332.3 359.7 0.6440
141.3 335.0 8.1 9.5 143.9 338.9 147.5 339.0 145.9 341.0 144.3 342.8 147.0 342.8 0.6403
249.5 460.4 13.9 15.9 255.5 466.7 260.8 466.4 259.3 470.2 256.4 473.5 260.3 473.4 0.6290
36.9 322.3 7.5 8.7 39.1 325.8 42.5 325.8 40.9 327.7 39.5 329.3 42.1 329.3 0.6281
818.0 270.6 6.1 7.5 819.5 273.8 822.1 273.9 820.6 275.5 819.7 276.9 821.7 276.9 0.6156
249.3 312.2 6.4 7.6 250.6 315.3 253.3 315.3 251.6 316.8 251.0 318.3 253.1 318.3 0.6143
1013.4 345.6 9.0 10.8 1015.3 349.2 1018.3 349.6 1015.7 351.7 1015.3 353.9 1017.4 354.1 0.6100
708.1 312.1 6.5 7.6 710.1 315.3 713.1 315.5 711.6 317.1 710.3 318.6 712.5 318.7 0.5991
278.0 312.7 6.5 7.1 279.5 315.5 282.4 315.2 281.0 317.0 280.2 318.6 282.4 318.4 0.5897
658.6 319.8 6.9 8.3 660.4 322.5 663.4 322.8 661.5 324.4 660.3 326.2 662.7 326.4 0.5890
399.0 305.0 5.3 6.4 400.4 307.3 402.6 307.3 401.4 308.6 400.8 310.0 402.4 310.0 0.5679
811.5 271.9 5.7 6.8 812.8 274.5 815.2 274.4 813.9 275.9 813.2 277.3 815.0 277.2 0.5677
389.7 344.5 9.6 12.1 391.0 349.4 395.2 349.9 392.3 352.1 391.3 354.2 394.4 354.5 0.5601
928.6 256.3 6.3 7.4 930.3 259.3 933.2 259.2 931.7 260.8 930.6 262.4 932.9 262.3 0.5459
126.4 299.3 6.9 8.4 127.8 302.3 130.7 302.5 128.7 304.3 127.9 305.9 130.1 306.0 0.5378
306.4 379.7 11.5 14.1 308.4 384.6 313.7 384.6 310.6 387.9 309.2 390.8 313.0 390.7 0.5369
620.6 290.9 6.6 7.6 622.1 293.6 624.7 293.8 622.9 295.4 622.2 297.0 624.1 297.1 0.5365
478.0 295.5 5.9 6.9 479.3 298.0 482.0 298.3 480.2 299.7 479.2 301.1 481.3 301.3 0.5321
920.2 272.1 7.6 9.1 921.6 275.5 924.7 275.6 922.7 277.4 921.9 279.3 924.3 279.4 0.5314
169.1 310.4 7.0 7.9 170.8 313.0 174.1 313.0 172.3 314.8 171.2 316.5 173.6 316.5 0.5282
49.8 316.3 6.7 8.5 51.1 319.1 54.2 319.0 52.5 320.7 51.5 322.7 54.1 322.6 0.5233
728.3 262.9 5.0 5.7 729.7 265.2 732.0 265.2 730.9 266.4 730.0 267.5 731.8 267.5 0.5141
735.5 284.9 5.9 7.3 737.2 287.7 740.0 287.5 738.8 289.2 737.7 290.7 739.9 290.6 0.5085
544.8 284.2 6.9 7.7 546.1 287.0 549.4 287.0 547.5 288.7 546.5 290.5 549.1 290.4 0.5072
523.6 294.6 5.7 6.7 524.9 296.9 527.5 297.0 526.0 298.4 525.1 299.8 527.1 299.9 0.5037
737.1 259.9 5.6 6.7 738.4 262.4 740.7 262.5 739.2 263.9 738.5 265.2 740.3 265.3 0.5009
