2--Demonstration/2_Demonstration_Demonstrators_2_527.jpg
15
316.2 488.6 66.1 50.9 340.5 525.1 344.2 509.4 357.0 521.7 367.3 527.1 368.6 515.5 0.9999
526.7 247.6 17.4 23.6 529.1 256.9 536.2 257.3 530.8 261.7 529.8 265.8 535.0 266.0 0.9993
746.7 269.6 13.3 16.2 753.0 274.9 758.0 274.7 756.7 278.1 753.5 281.5 757.5 281.5 0.9987
477.6 276.3 13.4 17.4 482.5 282.9 488.3 283.3 485.7 286.4 482.4 289.3 487.2 289.6 0.9979
811.4 167.4 27.5 46.1 816.6 187.7 816.8 187.9 814.1 197.8 822.6 204.4 822.8 204.3 0.9966
637.7 277.0 10.5 13.3 642.3 281.2 646.6 281.1 645.3 284.1 642.9 287.0 646.1 287.0 0.9958
766.5 276.4 12.2 15.1 772.4 281.3 776.5 280.7 776.4 284.2 773.9 287.9 776.7 287.6 0.9954
709.2 293.4 9.3 12.6 714.5 297.7 717.1 297.4 717.2 300.2 715.1 302.9 717.0 302.8 0.9935
439.4 284.1 10.8 15.0 441.2 289.3 444.1 289.6 441.1 292.4 441.5 295.4 443.5 295.4 0.9934
590.8 284.9 10.6 12.1 593.8 288.9 598.7 288.8 596.4 291.6 594.5 294.1 598.3 294.0 0.9850
613.8 282.0 10.0 12.3 619.7 285.8 622.3 285.4 622.8 288.2 620.8 291.2 622.6 291.0 0.9829
515.4 294.7 11.7 13.8 518.8 299.9 524.2 299.7 521.9 302.9 519.8 305.7 523.5 305.6 0.9802
100.0 329.6 8.8 13.6 101.6 334.9 103.1 335.0 101.1 337.6 102.2 340.1 103.1 340.0 0.9303
669.1 291.2 8.8 11.1 670.8 295.7 674.8 295.6 672.6 298.0 671.6 300.1 674.6 299.9 0.9229
489.2 307.9 8.7 11.0 491.4 312.2 495.0 312.5 492.9 314.4 491.5 316.4 494.4 316.6 0.6651
