2--Demonstration/2_Demonstration_Political_Rally_2_201.jpg
81
525.3 470.1 9.2 11.7 527.3 475.0 531.5 474.9 529.2 477.1 527.8 479.3 531.2 479.2 0.9969
148.3 493.4 7.7 9.9 151.1 497.4 154.3 497.3 153.2 499.3 151.6 501.2 154.1 501.1 0.9920
477.3 519.5 10.1 12.4 479.8 524.0 484.6 523.9 482.2 526.5 480.4 528.9 484.3 528.9 0.9911
159.8 495.1 8.3 10.3 162.6 499.3 166.3 499.3 164.6 501.3 162.9 503.1 165.9 503.2 0.9903
719.4 473.1 8.2 10.7 720.8 477.2 724.3 477.3 722.1 479.4 721.2 481.6 723.9 481.5 0.9903
720.5 501.0 10.3 13.8 723.3 506.2 728.0 506.7 725.3 509.0 723.4 511.4 727.0 511.8 0.9900
314.4 446.7 7.9 10.2 316.5 450.8 320.1 450.6 318.4 452.7 317.1 454.7 320.0 454.6 0.9896
570.7 488.8 10.2 13.2 574.5 494.1 578.8 493.9 577.3 496.7 575.4 499.3 578.5 499.2 0.9872
669.0 387.9 9.3 11.7 671.6 393.1 675.6 393.2 673.6 395.6 671.9 397.7 675.1 397.8 0.9842
277.1 441.4 7.8 10.0 279.1 445.8 282.7 445.6 281.0 447.7 279.8 449.6 282.6 449.5 0.9840
245.6 537.0 10.0 12.4 248.5 541.6 253.6 541.4 251.5 544.1 249.3 546.8 253.4 546.7 0.9809
607.1 485.8 9.8 12.8 610.1 491.1 614.6 491.1 612.5 493.8 610.6 496.1 614.1 496.2 0.9803
427.6 510.6 11.7 13.1 431.4 515.6 436.1 515.3 434.1 517.9 432.1 520.3 435.9 520.1 0.9802
259.8 435.3 8.2 9.9 262.7 439.0 266.3 438.9 265.0 441.1 263.2 443.1 266.0 443.1 0.9789
176.7 454.5 9.4 10.6 179.8 457.9 184.2 457.8 182.3 460.3 180.4 462.7 183.9 462.7 0.9785
702.1 516.3 10.0 11.9 705.1 521.1 709.7 521.0 707.6 523.3 705.7 525.6 709.4 525.6 0.9781
398.9 471.2 9.7 11.9 401.2 475.8 405.4 475.6 403.3 477.9 402.0 480.2 405.4 480.0 0.9772
613.1 419.1 15.6 19.6 617.8 427.1 624.7 426.1 621.9 430.9 619.6 434.9 625.0 434.1 0.9763
132.4 444.5 8.9 10.9 135.0 448.2 139.1 448.3 137.2 450.5 135.3 452.7 138.6 452.8 0.9760
464.2 493.6 9.5 11.8 467.0 498.6 471.4 498.4 469.5 500.9 467.7 503.1 471.1 503.0 0.9713
220.5 484.1 9.9 12.2 223.1 489.0 227.7 488.8 225.6 491.3 223.8 493.7 227.6 493.5 0.9687
248.5 353.3 11.0 14.8 251.5 359.6 256.5 359.3 254.0 362.3 252.3 365.1 256.3 364.9 0.9673
500.1 493.8 10.9 13.3 503.3 498.4 508.5 498.5 506.0 501.1 503.7 503.8 507.8 504.0 0.9673
779.6 476.5 8.9 11.0 781.9 480.7 785.8 480.5 783.8 482.9 782.7 485.2 785.6 485.0 0.9643
325.5 531.0 10.1 12.5 328.6 536.1 333.2 536.1 330.9 538.6 329.0 540.9 332.6 540.9 0.9642
200.2 458.2 8.4 10.2 202.8 462.1 206.4 461.9 204.8 464.0 203.4 466.1 206.2 466.0 0.9601
306.1 475.5 10.5 13.9 310.7 480.7 314.6 480.6 313.4 483.4 311.1 486.3 314.1 486.4 0.9547
486.8 478.7 9.9 12.1 489.8 483.8 494.1 483.9 491.9 486.3 490.0 488.5 493.4 488.6 0.9530
639.2 503.9 10.0 13.1 640.7 508.4 644.4 508.4 641.7 511.0 641.3 513.8 644.2 513.7 0.9516
430.5 462.8 8.8 11.7 434.2 467.7 437.5 467.4 436.6 469.9 434.9 472.1 437.3 472.0 0.9491
105.5 508.4 10.2 12.7 109.1 513.6 113.4 512.8 112.1 515.9 110.5 518.4 113.7 517.9 0.9488
205.0 389.3 7.0 9.1 206.3 392.7 208.6 392.9 206.6 394.7 206.5 396.5 208.1 396.6 0.9468
700.2 375.6 6.7 8.8 702.4 379.2 705.4 379.1 704.0 381.0 702.7 382.7 705.1 382.7 0.9421
905.0 512.0 10.3 12.8 907.0 517.4 911.6 517.2 909.1 519.9 907.8 522.3 911.4 522.1 0.9403
276.6 426.8 6.9 8.1 278.4 430.0 281.4 429.9 279.9 431.5 278.8 433.1 281.2 433.0 0.9402
556.7 472.7 8.9 11.2 559.8 477.2 563.7 477.4 561.9 479.7 559.9 481.8 563.0 482.0 0.9225
246.5 478.3 10.1 12.1 249.8 482.6 254.1 482.5 252.3 485.0 250.4 487.5 253.8 487.4 0.9214
839.5 490.5 10.6 13.2 841.8 494.9 846.7 495.1 843.9 497.9 842.2 500.5 846.1 500.7 0.9202
265.7 452.8 8.3 10.8 267.9 457.0 271.8 456.8 270.1 459.2 268.6 461.4 271.6 461.3 0.9197
645.4 393.9 8.6 10.3 647.7 398.2 651.8 398.0 649.9 400.3 648.5 402.4 651.6 402.3 0.9179
148.5 456.7 8.3 10.3 150.5 461.4 154.4 461.2 152.5 463.4 151.2 465.4 154.2 465.3 0.9035
197.3 519.6 10.6 12.1 199.8 523.8 204.9 523.6 202.4 526.4 200.6 529.0 204.6 528.9 0.8943
857.5 496.8 10.7 13.8 859.6 502.3 864.8 502.4 861.9 505.4 860.2 507.9 864.0 508.0 0.8900
398.0 511.2 10.5 12.2 400.4 516.3 404.8 516.0 402.5 518.6 401.4 521.0 404.8 520.8 0.8834
287.8 452.3 8.2 9.9 289.8 456.1 293.5 455.9 291.7 458.1 290.4 460.2 293.3 460.1 0.8789
633.9 480.5 10.9 13.3 636.3 485.1 641.6 484.5 639.0 488.0 637.3 490.9 641.8 490.4 0.8781
970.5 474.0 10.7 14.3 974.5 479.3 979.2 479.0 977.6 482.1 975.2 485.0 979.0 484.9 0.8777
795.5 483.0 9.5 10.1 797.9 486.5 802.3 486.4 800.2 488.7 798.4 490.9 801.9 490.8 0.8479
204.0 439.3 7.5 9.7 206.5 443.2 209.9 443.2 208.4 445.3 207.0 447.2 209.6 447.1 0.8430
627.6 359.3 7.3 8.5 629.6 362.8 632.7 362.6 631.3 364.4 630.1 366.2 632.6 366.0 0.8405
686.8 486.3 9.6 10.8 690.6 489.8 694.5 490.3 692.6 492.6 690.3 494.5 693.2 494.9 0.8328
398.1 459.4 9.4 11.7 400.1 464.0 404.4 464.0 402.1 466.4 400.7 468.7 404.1 468.6 0.8243
382.5 496.2 10.2 11.6 385.4 500.0 390.2 500.0 387.9 502.5 385.8 504.9 389.7 505.0 0.8233
375.1 453.4 9.2 11.4 378.8 457.7 382.5 457.3 381.5 459.8 379.8 462.3 382.6 462.0 0.8152
650.7 362.3 6.5 7.9 652.3 365.1 655.2 365.3 653.5 366.9 652.5 368.5 654.7 368.6 0.8022
253.4 451.4 8.6 11.2 255.6 455.3 259.4 455.0 257.6 457.5 256.3 459.9 259.3 459.7 0.7723
79.4 469.0 8.5 10.8 81.0 473.3 85.1 473.3 82.8 475.7 81.4 477.9 84.7 477.9 0.7687
811.7 478.1 10.0 11.8 814.7 482.2 819.4 482.0 817.3 484.7 815.4 487.3 819.2 487.2 0.7643
93.4 459.7 12.5 16.5 98.5 467.1 103.6 466.8 101.9 470.2 99.5 473.2 103.4 473.0 0.7577
231.4 458.0 8.8 11.1 234.3 461.7 238.7 461.5 237.0 464.1 235.0 466.6 238.5 466.4 0.7359
219.4 440.9 7.7 9.6 222.5 444.8 225.6 444.7 224.5 446.8 222.9 448.7 225.2 448.7 0.7275
152.1 439.8 7.3 9.0 581.4 487.4 585.3 487.6 582.6 490.0 581.7 492.4 584.6 492.5 0.6960
387.5 455.0 8.9 11.2 633.8 384.7 638.4 384.5 636.8 387.0 634.5 389.4 638.2 389.3 0.6926
679.7 497.4 9.0 11.5 154.4 443.1 157.5 442.9 156.2 444.6 155.1 446.5 157.5 446.3 0.6896
892.7 493.0 10.7 13.4 389.4 459.6 393.5 459.5 391.3 461.9 389.9 464.1 393.1 464.1 0.6858
296.9 442.6 8.4 10.3 682.4 501.6 686.6 501.5 684.6 503.8 682.9 506.2 686.3 506.1 0.6813
700.6 354.5 6.3 7.9 895.5 497.9 900.3 497.9 897.9 500.8 896.0 503.2 899.8 503.2 0.6708
806.9 369.2 7.5 10.1 299.1 447.1 302.8 446.8 301.2 449.1 300.0 451.1 302.8 450.9 0.6657
864.1 463.5 10.9 14.1 702.1 357.3 705.0 357.4 703.4 359.0 702.4 360.5 704.6 360.5 0.6617
281.1 482.0 10.0 12.4 808.6 372.8 811.9 373.0 809.8 375.1 808.9 377.2 811.4 377.3 0.6139
296.3 413.3 7.3 9.1 867.0 468.7 872.2 468.9 869.5 471.7 867.4 474.4 871.5 474.6 0.6082
100.0 426.2 7.4 10.3 284.2 486.3 288.5 486.1 286.8 488.8 285.0 491.5 288.4 491.3 0.6081
147.4 402.0 8.8 10.1 298.2 416.8 301.5 416.8 299.9 418.6 298.6 420.5 301.2 420.4 0.6055
755.5 369.5 7.5 8.6 102.2 430.2 105.5 430.1 103.9 432.2 102.6 434.4 105.3 434.4 0.5809
757.9 383.3 8.2 9.9 149.9 405.3 154.1 405.4 151.9 407.5 150.2 409.6 153.5 409.6 0.5779
657.9 385.9 7.2 8.2 757.6 372.5 761.0 372.6 759.3 374.3 757.9 376.0 760.6 376.1 0.5506
221.5 434.3 11.4 14.2 759.4 386.7 763.2 386.6 761.0 388.8 760.0 391.0 763.0 390.9 0.5483
365.9 431.0 7.3 9.1 660.3 388.9 663.5 388.7 662.2 390.7 660.9 392.5 663.3 392.4 0.5213
425.9 429.1 6.8 8.3 225.2 440.2 229.7 440.4 227.6 443.0 225.3 445.4 229.0 445.6 0.5150
185.0 389.3 8.4 10.3 367.4 434.3 371.1 434.2 369.2 436.2 368.0 438.2 370.9 438.1 0.5074
402.3 399.7 7.3 9.3 427.4 432.2 430.5 432.3 428.7 434.1 427.6 435.8 430.0 435.9 0.5025
