2--Demonstration/2_Demonstration_Demonstration_Or_Protest_2_559.jpg
12
456.6 15.9 53.1 75.6 471.4 42.6 496.3 43.1 483.9 59.2 472.9 70.9 492.7 71.5 0.9998
313.9 57.7 46.0 63.0 340.6 78.7 351.8 77.8 351.5 90.5 343.6 104.3 350.5 103.3 0.9993
83.8 44.9 36.3 54.9 87.2 68.6 99.4 67.7 89.1 79.0 92.0 87.9 101.8 86.7 0.9990
947.5 65.9 43.4 71.7 980.4 88.6 984.2 86.5 988.3 100.7 979.4 117.7 982.3 115.9 0.9989
15.4 34.5 34.7 56.4 39.9 49.7 41.0 48.2 47.9 59.0 42.1 74.0 43.6 73.3 0.9983
494.9 51.0 55.3 62.1 511.6 77.0 536.0 77.9 524.3 86.7 514.5 97.5 533.3 98.3 0.9982
820.6 21.2 43.4 76.9 856.2 52.1 857.3 50.2 863.6 65.8 854.5 81.5 855.0 80.2 0.9965
837.3 77.2 40.1 66.5 857.4 98.7 872.4 98.6 871.2 112.6 858.0 126.1 869.7 126.1 0.9954
996.0 94.9 27.5 62.8 1019.9 115.3 1040.5 115.8 1033.8 128.9 1020.1 139.7 1036.9 140.4 0.9944
666.4 30.2 52.5 56.0 696.8 46.7 712.5 44.4 713.1 55.7 702.0 69.3 713.9 67.8 0.9916
343.5 23.7 43.6 49.7 365.8 38.4 379.3 36.3 379.4 46.7 371.9 59.4 381.6 58.1 0.9244
33.2 71.8 24.6 40.6 40.0 83.8 40.6 85.0 34.0 91.3 35.6 100.5 36.0 101.1 0.7145
