2--Demonstration/2_Demonstration_Demonstrators_2_671.jpg
77
558.9 289.5 28.9 30.4 566.8 298.6 580.3 297.8 574.2 305.0 568.3 310.7 580.4 310.1 0.9998
476.2 534.1 47.0 41.3 489.8 548.3 511.9 548.2 501.6 561.4 492.7 573.8 509.5 573.8 0.9997
859.5 256.0 29.9 34.5 869.4 265.9 882.9 266.1 877.2 273.4 870.6 280.4 881.7 280.6 0.9997
295.7 79.2 19.2 23.0 300.4 86.4 309.3 86.2 304.5 90.2 301.3 95.7 308.4 95.5 0.9996
633.5 179.4 30.2 35.2 641.8 190.0 656.2 188.9 649.9 196.7 644.7 205.1 655.8 204.2 0.9996
417.9 265.3 32.4 34.3 424.4 275.2 438.5 275.0 429.5 282.0 425.5 290.0 436.4 289.8 0.9996
273.1 109.0 20.7 25.2 280.9 118.7 289.9 117.2 287.8 121.7 283.8 127.8 290.8 126.8 0.9996
862.2 434.1 35.9 40.6 872.3 447.0 888.4 444.2 882.7 450.5 876.5 461.6 890.5 459.4 0.9995
738.9 277.6 29.6 35.0 747.3 287.6 761.1 287.6 754.6 295.1 749.0 303.0 759.4 303.1 0.9995
912.0 379.7 37.6 43.6 922.3 391.1 939.6 390.5 931.2 398.1 924.1 409.5 938.3 409.1 0.9995
544.2 483.0 45.8 57.4 557.2 506.4 578.1 503.3 569.7 517.0 561.1 526.3 579.8 523.9 0.9995
900.1 307.7 34.9 42.1 904.7 320.7 914.5 320.7 905.6 330.1 908.3 338.8 915.7 338.3 0.9995
919.6 467.4 42.3 46.9 933.1 478.9 952.7 479.4 944.3 489.0 935.2 499.8 951.1 500.1 0.9995
343.7 227.8 28.4 33.9 348.6 239.6 361.2 236.7 355.1 246.1 352.4 252.9 363.4 250.5 0.9994
691.9 275.2 33.1 36.8 700.4 285.2 715.5 285.0 707.6 291.1 702.3 301.1 713.7 300.9 0.9994
521.9 415.4 36.9 41.8 531.5 430.6 548.7 429.7 541.1 436.4 534.9 446.5 548.4 445.7 0.9994
524.8 325.8 37.6 41.7 537.5 336.8 554.6 336.9 547.7 345.0 538.9 354.2 553.7 354.4 0.9994
215.4 186.9 25.3 30.8 219.4 197.4 230.2 197.0 223.0 202.6 220.5 209.0 229.5 208.7 0.9994
288.9 341.9 32.9 43.1 293.3 357.4 306.6 358.1 296.1 365.1 293.6 372.6 305.1 373.1 0.9994
376.3 120.5 19.6 22.7 381.3 127.1 390.7 126.8 386.0 132.2 382.5 137.3 389.8 137.0 0.9993
317.7 157.0 23.3 25.9 324.5 164.6 335.6 164.3 330.6 170.0 325.7 176.0 334.9 175.8 0.9993
599.1 428.9 38.7 46.1 611.1 441.7 629.3 441.2 622.0 447.9 613.4 460.4 628.5 459.9 0.9993
449.2 409.7 33.6 41.9 457.9 428.0 473.6 425.7 466.9 435.1 462.1 443.0 473.9 441.2 0.9993
524.1 140.8 20.4 23.9 530.8 148.9 540.2 148.9 535.9 153.7 531.7 158.5 539.4 158.5 0.9992
326.9 84.3 19.9 23.7 331.9 95.1 340.7 94.5 336.4 99.7 333.8 103.5 340.3 103.0 0.9992
350.1 143.0 23.9 26.6 355.7 151.0 366.1 150.7 360.3 155.6 356.7 161.9 365.1 161.6 0.9992
603.8 253.8 26.4 35.8 611.7 268.5 624.0 268.0 618.5 274.8 613.0 280.8 623.4 280.4 0.9992
223.4 136.6 23.4 25.8 226.4 143.9 235.6 144.3 228.7 149.6 227.4 155.6 234.6 155.5 0.9992
728.5 179.9 28.2 30.5 736.6 189.6 749.8 189.9 743.5 195.6 737.9 202.0 748.3 202.2 0.9991
677.5 44.2 18.5 25.7 682.7 55.0 691.4 55.1 687.0 59.8 683.5 64.3 690.3 64.4 0.9990
366.3 448.7 37.0 49.9 376.2 465.3 394.1 466.3 384.7 471.3 376.3 482.8 392.4 483.5 0.9990
540.7 80.3 18.7 23.9 546.3 88.5 554.8 88.2 551.2 91.9 547.8 97.6 554.5 97.4 0.9990
379.2 351.3 31.6 45.4 388.1 367.2 403.6 366.6 396.6 377.8 390.1 385.4 402.4 384.9 0.9990
659.2 107.9 21.0 24.8 667.9 117.5 675.2 115.9 674.8 120.6 671.4 126.4 676.8 125.2 0.9990
643.0 44.0 17.7 21.0 647.7 50.7 655.9 50.5 651.9 54.8 648.9 59.7 655.1 59.5 0.9990
478.4 134.0 24.0 34.6 492.4 147.0 499.5 146.0 500.1 152.5 493.7 159.5 499.7 159.0 0.9990
573.9 171.1 24.4 29.5 582.5 182.1 593.3 181.7 589.4 186.4 584.6 193.2 592.8 192.9 0.9989
322.4 303.9 31.8 40.2 330.5 317.5 345.6 317.0 338.4 325.2 333.0 334.2 344.6 333.7 0.9988
790.4 403.3 37.5 47.9 798.6 420.3 814.8 419.8 805.9 429.1 800.6 439.2 813.1 438.8 0.9987
458.0 111.2 19.6 22.8 464.5 117.8 473.4 119.0 468.8 122.7 464.1 127.0 471.5 127.9 0.9986
549.5 128.9 18.5 21.6 555.9 136.3 564.4 136.7 560.4 140.7 556.2 144.9 563.1 145.2 0.9985
871.8 226.3 27.5 32.0 880.5 236.7 892.6 238.4 885.9 243.4 880.1 249.2 889.2 250.6 0.9984
649.0 472.2 45.0 52.6 666.3 488.3 685.9 493.3 675.3 504.9 660.5 506.8 678.4 511.4 0.9983
632.5 274.0 21.8 26.5 636.4 281.9 646.2 283.5 639.2 288.1 636.3 293.2 643.7 294.3 0.9983
857.1 306.1 25.5 30.2 863.6 315.1 875.7 315.8 868.7 319.6 863.6 327.1 873.1 327.7 0.9982
532.6 22.9 16.6 19.6 536.9 28.6 542.6 30.5 536.9 32.6 535.0 36.5 539.2 37.8 0.9979
426.2 84.7 20.9 26.2 429.0 94.1 438.2 93.0 432.4 98.1 430.6 104.4 438.2 103.4 0.9978
383.2 149.0 27.3 31.9 388.0 157.7 399.6 156.3 392.6 162.3 389.8 169.9 399.7 168.7 0.9973
626.8 76.7 17.1 20.1 631.3 83.9 639.1 83.1 635.5 86.8 632.8 91.7 638.8 91.1 0.9973
515.3 293.6 28.0 33.4 524.3 307.8 536.9 306.3 532.4 312.7 527.4 319.7 536.9 318.6 0.9966
325.4 202.9 25.8 31.2 334.1 215.9 345.3 214.4 341.2 221.3 337.0 227.8 345.3 226.7 0.9965
999.7 411.6 23.8 57.6 1015.1 435.3 1034.8 436.4 1025.6 447.8 1016.4 456.0 1031.3 457.0 0.9964
473.2 193.1 27.9 32.5 479.2 202.9 491.6 203.4 483.9 208.4 479.3 215.6 489.6 216.0 0.9963
486.0 341.3 27.7 32.9 494.2 351.5 507.4 351.5 501.9 357.0 496.0 364.8 506.9 364.8 0.9961
704.1 42.2 13.4 16.3 707.3 49.2 713.8 48.0 711.1 51.4 709.3 55.4 713.9 54.5 0.9953
327.3 123.3 22.0 24.3 336.0 131.6 344.8 130.0 342.3 136.3 338.2 142.0 344.8 141.0 0.9949
776.9 0.0 16.6 17.5 782.4 4.4 789.4 6.5 785.1 8.8 781.0 11.6 786.8 13.2 0.9943
348.7 70.0 18.1 22.8 356.8 77.5 363.4 76.3 362.8 81.2 359.1 86.5 364.5 85.8 0.9943
466.6 89.3 19.3 22.3 471.9 95.8 480.6 96.2 476.0 100.1 472.5 105.3 479.3 105.7 0.9942
552.3 152.7 20.0 25.8 556.4 162.1 564.5 162.3 559.4 167.4 557.3 172.6 563.5 172.6 0.9941
765.2 53.8 17.5 21.5 770.1 62.9 778.3 63.2 774.1 68.0 770.9 71.3 776.8 71.5 0.9940
423.1 135.1 19.3 23.9 428.3 142.3 438.0 142.6 433.0 147.2 428.8 152.7 436.4 152.9 0.9934
591.5 33.8 14.3 18.2 594.9 40.8 601.4 40.8 597.8 44.5 595.6 48.1 600.8 48.1 0.9931
562.1 27.7 13.3 16.2 565.4 32.1 571.7 33.0 568.0 36.3 565.3 39.4 570.1 40.1 0.9930
755.8 23.1 20.4 24.7 763.4 34.3 771.7 33.2 769.1 38.6 765.7 43.5 772.1 42.8 0.9914
432.3 52.7 15.4 19.0 439.9 58.6 445.2 58.0 444.9 62.4 441.5 66.9 445.3 66.7 0.9906
128.4 531.5 40.0 44.0 137.2 551.2 156.7 551.3 145.7 561.8 138.5 572.3 154.4 572.6 0.9894
261.4 440.0 24.0 35.4 274.6 453.2 282.3 452.6 281.1 460.5 275.0 467.3 280.8 467.1 0.9810
585.1 5.5 14.5 17.0 589.1 10.2 595.6 9.8 592.5 13.3 589.9 17.5 595.3 17.2 0.9806
82.1 380.0 31.0 37.3 90.9 397.0 106.0 395.8 99.3 404.7 94.3 411.3 104.5 410.4 0.9768
691.1 4.5 19.1 22.0 343.6 131.6 351.7 130.8 348.0 136.2 345.0 141.5 351.3 140.8 0.9014
678.5 155.4 17.2 27.6 720.7 29.2 726.7 29.5 722.6 33.0 721.0 36.9 725.9 37.0 0.8821
617.8 44.3 14.8 20.2 699.2 11.5 707.0 11.7 704.5 16.2 700.2 20.8 705.8 21.0 0.8561
601.9 5.5 12.4 14.0 226.6 483.6 242.2 483.7 235.2 491.7 228.6 500.6 240.6 500.7 0.8503
706.3 321.9 26.5 32.7 721.7 40.8 728.4 40.1 725.1 44.7 723.5 48.9 728.8 48.3 0.8486
268.6 101.0 19.6 24.8 681.2 163.7 688.2 164.1 682.7 170.2 681.6 176.2 687.1 176.3 0.6737
137.4 506.6 38.4 44.8 622.8 52.7 628.8 52.9 625.8 57.2 623.2 61.0 627.7 61.2 0.6277
