2--Demonstration/2_Demonstration_Demonstration_Or_Protest_2_331.jpg
10
570.3 145.1 58.4 66.9 596.7 167.7 620.5 165.8 616.4 178.9 604.2 195.6 621.2 193.9 0.9997
89.7 138.8 57.8 71.7 106.9 167.8 131.9 163.4 123.0 180.5 113.0 192.8 134.5 188.8 0.9997
417.3 159.9 28.8 34.6 426.6 172.0 439.3 171.7 434.2 178.2 429.0 185.8 438.3 185.6 0.9993
836.0 145.0 48.5 57.2 855.7 167.5 877.6 168.6 869.7 179.2 858.0 189.3 873.7 190.4 0.9993
343.8 161.6 51.1 70.0 374.7 191.1 390.8 191.7 390.8 204.9 376.8 218.2 386.8 218.4 0.9992
991.6 119.3 31.8 54.0 1008.8 138.1 1026.8 137.2 1022.0 146.9 1012.5 159.3 1026.0 158.6 0.9987
196.0 183.6 23.9 28.0 203.6 192.6 214.9 192.6 210.1 199.0 204.8 204.6 213.5 204.7 0.9984
0.0 191.6 23.6 52.2 -7.5 210.7 13.3 211.1 3.4 220.9 -5.3 231.6 10.6 231.8 0.9982
881.2 164.1 19.2 27.4 887.6 175.2 896.1 175.6 892.1 181.0 888.1 185.6 894.6 185.9 0.9760
938.6 144.7 18.6 22.7 607.3 150.1 625.4 148.7 615.0 160.3 611.2 169.2 624.8 168.2 0.8538
