2--Demonstration/2_Demonstration_Demonstrators_2_589.jpg
20
592.4 492.4 111.1 160.2 657.0 551.1 689.5 549.3 696.6 583.0 664.1 614.0 686.0 613.3 0.9998
298.2 470.7 63.0 79.0 308.2 499.8 334.8 497.8 317.4 515.2 311.9 526.6 337.7 524.8 0.9997
766.6 453.3 25.7 31.9 770.3 464.7 781.4 464.4 773.8 470.5 771.7 477.1 780.3 476.8 0.9996
747.1 556.3 34.7 42.5 750.9 571.5 765.1 572.3 754.5 582.4 754.4 589.4 764.4 589.8 0.9991
214.3 473.8 16.8 19.0 220.6 479.9 228.1 480.3 224.9 484.5 220.9 488.3 226.5 488.7 0.9982
96.8 431.9 13.7 16.1 100.5 437.9 106.6 438.1 103.3 441.8 101.0 444.5 105.6 444.6 0.9981
50.0 441.6 20.9 34.0 65.7 451.9 66.7 451.7 71.9 458.3 66.6 466.6 66.9 466.8 0.9970
72.4 344.9 9.6 13.5 74.5 349.3 76.7 350.0 74.0 352.1 74.1 354.8 75.7 355.2 0.9933
82.2 467.0 16.4 25.7 94.0 477.3 95.5 476.4 97.8 481.8 93.7 486.9 94.8 486.6 0.9929
24.4 370.7 11.1 13.6 29.7 374.3 31.0 375.2 27.7 376.5 26.4 379.8 27.5 380.3 0.9923
382.6 458.6 10.5 13.5 387.0 464.1 390.8 463.1 390.4 466.2 388.9 469.3 391.7 468.5 0.9902
959.7 465.4 27.3 49.5 965.2 481.9 965.2 482.6 959.6 491.7 965.9 502.3 965.8 502.4 0.9876
496.3 467.5 8.8 12.1 501.7 472.3 504.0 471.9 504.3 474.7 502.3 477.3 503.7 477.2 0.9859
450.1 477.3 9.1 10.9 454.6 481.3 458.0 481.0 457.4 483.5 455.3 485.9 457.8 485.8 0.9699
929.0 476.3 14.1 21.5 931.4 484.3 933.3 485.0 929.2 488.3 931.2 492.5 932.6 492.8 0.9419
394.2 457.6 9.9 13.9 398.6 462.4 401.6 462.3 400.9 465.2 399.1 467.9 401.3 467.9 0.9345
220.4 502.9 16.0 26.8 229.9 512.7 232.2 511.2 234.5 517.0 231.8 523.2 233.8 522.3 0.8655
907.7 471.2 14.3 20.5 912.1 477.3 916.3 477.9 913.9 481.6 912.1 485.6 915.5 486.0 0.6562
752.4 505.4 12.4 20.0 754.8 512.8 755.4 513.2 752.5 516.9 755.1 520.8 755.4 520.8 0.6248
506.9 462.1 8.8 11.9 510.1 466.4 513.9 466.4 512.6 468.7 510.6 471.1 513.6 471.1 0.5238
