2--Demonstration/2_Demonstration_Demonstration_Or_Protest_2_708.jpg
10
232.4 355.3 31.4 40.1 239.1 370.3 252.6 368.0 245.6 376.4 242.6 385.0 253.1 383.1 0.9996
141.6 343.7 32.5 43.7 152.9 360.8 167.4 362.0 160.8 368.7 152.9 375.5 165.5 376.6 0.9994
735.7 341.2 33.1 40.8 744.4 358.1 759.4 357.3 752.1 365.2 746.8 372.3 758.7 371.6 0.9993
516.2 355.3 35.2 44.5 525.0 373.1 541.0 371.6 533.3 381.2 528.2 389.5 540.6 388.3 0.9991
596.3 306.4 32.6 45.4 608.0 323.0 622.8 322.0 618.0 331.4 610.8 340.6 622.3 339.8 0.9990
443.6 332.6 33.9 45.9 450.7 350.0 467.3 349.5 458.2 356.5 452.9 366.7 466.0 366.2 0.9989
904.7 306.3 36.6 40.1 909.8 322.4 920.6 320.4 913.7 332.3 918.8 338.9 925.8 336.9 0.9989
115.6 380.9 36.5 43.3 127.6 395.8 143.6 396.4 136.6 402.1 129.4 411.4 142.2 411.9 0.9988
818.7 340.3 36.3 36.8 829.1 354.0 846.0 353.7 838.3 362.7 832.1 369.2 844.1 369.0 0.9931
330.6 348.6 23.0 35.5 333.8 359.4 335.7 359.7 331.0 367.4 335.2 374.8 336.8 374.6 0.9641
