2--Demonstration/2_Demonstration_Political_Rally_2_667.jpg
21
508.5 93.9 53.7 64.0 525.7 113.1 550.3 115.9 537.5 129.2 524.5 138.9 544.7 141.5 0.9998
52.2 22.6 59.0 63.7 61.1 46.8 83.2 42.7 70.3 58.3 69.5 71.9 85.9 68.4 0.9997
902.7 133.0 98.2 121.9 935.4 173.3 979.5 184.2 952.9 201.1 928.3 221.1 960.1 230.5 0.9996
350.8 111.4 126.4 194.2 420.0 190.8 462.9 190.4 463.0 224.5 423.8 258.6 457.5 258.8 0.9996
780.2 91.7 96.9 128.5 798.9 142.8 842.1 153.6 807.7 171.9 794.3 187.6 827.5 196.7 0.9995
274.5 66.7 65.3 70.2 294.4 90.6 322.8 89.7 310.0 102.1 299.3 116.7 321.2 116.0 0.9994
245.2 20.4 24.3 41.3 249.8 34.8 250.8 35.5 244.5 43.1 249.3 51.5 250.3 51.6 0.9994
134.7 23.6 21.7 32.0 137.8 35.9 144.4 35.9 137.6 42.0 138.7 48.2 143.1 48.2 0.9981
291.6 8.7 21.9 27.8 295.7 19.2 304.6 19.3 298.1 23.7 296.1 29.7 302.7 29.7 0.9979
0.0 169.0 47.7 116.6 -16.6 212.5 24.3 217.5 2.1 235.2 -15.8 255.6 14.9 259.6 0.9965
372.6 4.7 16.7 25.7 374.5 13.7 378.9 14.0 373.6 18.9 374.8 24.5 378.0 24.4 0.9958
516.7 7.1 35.4 50.6 525.1 26.8 542.2 25.8 533.4 37.9 527.6 45.8 541.6 45.0 0.9958
0.0 63.4 51.9 125.7 -17.9 116.9 22.7 121.1 -2.4 145.0 -16.9 161.7 13.0 165.0 0.9934
26.3 14.0 25.0 34.2 29.9 26.6 38.6 28.7 29.7 33.0 28.4 39.1 34.9 40.5 0.9926
346.8 18.6 13.7 20.1 414.5 12.8 428.9 11.6 422.4 18.7 417.8 26.4 428.5 25.5 0.9895
165.9 13.0 15.4 18.2 354.9 27.0 357.6 26.5 358.7 30.6 355.8 34.7 357.5 34.6 0.9796
267.8 149.5 90.0 108.9 173.7 18.8 179.1 18.7 178.6 22.2 175.3 26.6 179.1 26.7 0.9646
417.5 12.1 16.2 21.9 313.1 184.0 342.1 182.7 336.2 202.8 317.6 224.9 338.6 224.0 0.8890
902.3 0.0 52.3 34.6 420.9 19.6 428.7 19.3 424.9 23.9 422.4 28.7 428.3 28.5 0.8433
742.3 0.0 48.2 32.2 910.6 -9.0 926.3 -7.0 909.3 3.0 908.4 16.2 919.8 17.4 0.8000
50.8 100.8 44.8 57.3 749.9 -7.3 771.7 -7.9 757.4 6.2 754.8 19.2 770.4 18.3 0.7971
