2--Demonstration/2_Demonstration_Political_Rally_2_650.jpg
10
669.9 469.1 26.5 35.1 687.0 484.3 693.4 483.8 694.3 491.2 686.1 496.7 690.4 496.6 0.9968
197.5 142.4 21.5 29.4 201.8 153.4 211.0 154.8 205.1 159.2 201.5 164.0 208.8 165.0 0.9958
802.1 141.9 20.9 28.8 807.0 153.0 816.2 154.5 810.2 158.9 806.7 163.5 813.5 164.5 0.9955
781.1 143.0 22.4 29.7 789.3 156.6 798.0 153.2 796.7 159.6 794.1 166.8 800.6 164.2 0.9919
177.0 143.5 21.5 28.9 184.5 156.3 193.5 153.5 191.2 159.6 188.4 166.5 195.3 164.5 0.9861
94.3 434.7 16.6 25.8 105.6 446.4 108.4 445.7 109.7 451.0 105.3 455.4 107.0 455.3 0.9859
603.0 445.4 14.8 20.4 605.6 450.9 609.0 451.7 605.2 456.0 605.5 460.3 608.1 460.8 0.8422
843.7 416.4 9.4 14.8 665.2 575.4 671.3 580.4 656.1 588.9 654.1 603.6 658.1 606.6 0.6596
68.4 404.5 11.8 14.9 845.6 421.9 846.5 422.0 844.4 424.8 846.0 427.8 846.4 427.8 0.5361
994.3 421.3 13.0 18.8 286.6 416.4 292.6 416.3 290.0 419.4 287.3 422.9 291.9 422.9 0.5083
