2--Demonstration/2_Demonstration_Demonstration_Or_Protest_2_90.jpg
39
558.0 492.0 19.9 26.6 561.2 501.5 566.5 502.9 559.9 506.9 560.7 511.6 564.4 512.3 0.9988
310.8 489.7 19.6 26.2 313.4 499.6 318.1 500.2 312.2 505.1 314.3 510.1 317.5 510.2 0.9983
24.7 466.7 18.8 27.2 27.8 475.7 33.8 476.1 27.4 480.3 27.2 486.8 31.4 486.9 0.9981
699.4 445.5 19.1 22.2 703.2 452.0 710.4 453.8 703.8 456.3 701.4 460.7 706.9 462.1 0.9975
164.8 410.9 18.5 22.2 167.4 417.2 172.7 417.8 166.8 422.1 167.4 427.0 171.1 427.2 0.9974
66.5 401.9 16.4 20.3 69.0 407.7 72.2 408.3 66.8 411.8 68.4 416.5 70.7 416.7 0.9974
404.4 339.4 14.3 21.2 413.6 347.9 415.7 347.0 418.0 351.3 415.1 355.8 416.5 355.4 0.9969
171.5 336.2 13.0 16.3 180.6 343.7 182.4 343.6 182.4 347.8 178.0 349.8 178.9 350.0 0.9962
482.5 408.7 17.3 20.6 485.2 418.5 489.7 417.4 487.2 423.1 489.9 426.3 492.6 425.2 0.9962
931.5 456.5 15.4 19.6 933.5 462.9 937.6 463.5 932.7 467.3 933.9 471.2 936.6 471.4 0.9955
232.2 384.2 12.5 16.3 233.8 390.4 238.3 390.4 234.8 393.8 234.8 397.1 238.1 396.8 0.9944
482.7 464.4 19.5 25.3 486.1 471.1 491.3 472.5 484.7 476.3 484.5 481.8 488.5 482.5 0.9938
937.0 299.6 13.6 17.2 940.7 307.1 947.2 307.1 944.0 310.8 941.5 313.7 946.3 313.8 0.9918
818.0 374.4 15.8 19.6 826.1 381.5 831.2 380.6 831.2 384.9 828.0 389.5 831.6 389.1 0.9909
783.0 365.4 15.4 19.0 789.4 372.3 795.7 372.4 793.3 376.5 789.7 379.8 794.5 380.1 0.9903
468.9 347.8 15.7 19.1 476.6 354.7 482.3 354.1 481.2 358.7 477.8 362.7 481.8 362.4 0.9893
1003.0 353.9 13.9 17.2 1007.9 360.5 1014.0 360.3 1011.5 364.0 1009.0 367.5 1013.4 367.4 0.9871
369.3 495.3 22.0 23.6 375.2 503.6 384.2 504.6 378.8 510.1 375.3 513.9 381.2 514.6 0.9857
220.8 436.9 15.8 20.7 222.7 443.8 228.3 444.0 223.4 447.3 223.0 452.1 227.2 452.1 0.9793
100.7 361.4 15.6 18.6 102.5 368.2 107.8 367.5 103.9 372.0 104.4 376.0 108.1 375.3 0.9691
952.2 464.6 15.0 21.0 954.4 472.2 956.9 472.5 953.3 476.7 955.6 480.8 957.2 480.7 0.9606
868.6 495.8 19.4 23.5 876.2 506.0 884.6 505.1 882.3 510.9 878.5 515.4 884.3 514.8 0.9510
704.5 229.2 10.4 12.6 706.2 235.0 710.4 234.8 708.0 237.8 707.6 239.9 710.3 239.7 0.9489
356.4 383.3 13.6 16.5 365.0 388.9 367.9 388.2 368.8 392.0 365.7 395.6 367.7 395.4 0.9404
560.4 311.7 13.6 18.0 567.8 318.4 571.8 317.4 572.3 321.4 570.0 325.6 572.9 325.0 0.9362
562.2 355.3 13.3 14.8 568.0 362.0 573.1 360.7 571.8 365.0 569.6 368.0 572.8 367.2 0.9260
437.6 358.6 11.8 15.9 439.4 364.1 441.0 364.6 438.3 368.0 440.6 371.0 441.5 371.1 0.9095
1008.3 489.7 15.1 21.8 1012.3 497.8 1021.0 496.9 1016.1 502.9 1014.4 507.3 1020.7 506.5 0.8728
231.6 531.1 17.4 25.6 234.8 539.2 236.4 539.6 232.5 544.1 234.1 549.7 235.3 549.8 0.8714
353.2 442.3 17.7 24.4 356.0 452.0 359.9 452.6 355.4 457.4 357.0 461.3 359.5 461.5 0.8598
559.7 537.1 19.2 25.3 563.1 545.3 565.6 546.2 560.6 550.3 561.8 555.5 563.7 555.8 0.8215
861.3 530.4 19.5 25.1 872.8 539.1 877.5 538.1 878.6 543.8 874.3 549.2 877.8 548.7 0.7914
863.1 444.7 20.8 22.2 874.4 451.7 880.9 452.4 879.2 456.7 873.9 460.5 878.7 461.2 0.7267
573.1 440.1 12.4 17.9 574.9 446.4 579.3 446.7 575.7 450.3 575.4 454.0 578.7 454.0 0.7052
987.6 239.6 9.8 13.3 991.2 244.6 995.7 244.4 994.1 246.9 992.2 249.9 995.5 249.7 0.6965
122.4 358.6 12.5 16.3 124.0 364.9 126.4 365.0 123.7 368.7 125.3 371.5 126.8 371.5 0.6615
681.2 389.8 15.2 16.8 684.4 395.5 689.6 395.7 686.0 399.5 685.0 402.9 688.6 402.9 0.5948
945.0 505.3 15.6 19.6 946.9 512.7 953.2 513.0 948.8 517.1 947.7 520.9 952.1 521.0 0.5902
778.7 196.7 9.9 12.3 781.8 200.9 786.1 200.8 784.2 203.3 782.4 205.9 785.8 205.8 0.5122
