2--Demonstration/2_Demonstration_Demonstration_Or_Protest_2_337.jpg
16
778.6 950.3 161.3 236.4 887.5 1052.7 903.3 1036.7 944.5 1079.2 913.1 1135.1 923.1 1123.5 1.0000
493.8 968.5 106.9 148.1 542.7 1024.4 569.6 1012.8 583.8 1033.6 568.8 1076.7 590.0 1068.4 0.9999
0.0 931.0 147.7 182.2 45.7 1016.1 99.4 982.4 98.1 1017.4 85.9 1070.6 127.7 1042.7 0.9995
683.5 801.4 45.3 68.7 703.4 828.0 720.5 825.1 720.8 836.7 710.8 853.0 724.1 851.1 0.9993
458.1 879.1 48.8 60.3 483.7 898.5 498.9 895.4 502.8 907.5 491.8 924.0 502.0 922.0 0.9984
95.0 782.2 46.2 53.5 115.1 804.0 133.3 801.8 130.5 810.5 121.7 822.6 135.2 821.1 0.9983
363.6 811.3 49.0 64.0 387.1 834.2 405.3 835.4 400.0 849.0 386.7 860.0 399.4 861.3 0.9958
134.6 781.5 29.0 39.8 145.7 797.8 157.1 797.9 153.5 804.9 147.7 812.8 156.0 813.0 0.9822
820.9 765.5 13.6 15.8 824.0 770.9 829.9 771.4 826.0 774.4 824.0 777.4 828.5 777.8 0.9777
879.8 761.9 18.5 24.8 882.2 772.4 889.3 771.3 884.5 777.1 885.0 782.1 889.9 781.1 0.9693
312.1 758.2 15.7 20.2 316.0 766.1 323.1 765.7 319.6 769.2 316.9 773.6 322.5 773.3 0.9522
859.2 894.7 49.6 60.0 884.4 916.2 900.4 913.0 902.8 924.2 894.4 939.6 905.7 937.6 0.9146
157.5 851.9 55.1 67.9 182.8 872.2 201.5 869.2 201.2 881.9 193.5 899.1 206.9 897.1 0.9079
39.2 787.2 31.2 37.5 49.2 801.0 63.4 801.3 56.7 809.0 50.4 815.9 61.2 816.2 0.8521
567.1 909.6 50.3 65.2 592.9 928.0 606.1 926.5 606.9 937.4 599.3 953.3 609.9 952.7 0.8398
597.4 781.8 24.7 30.2 601.5 792.8 612.4 793.3 605.1 798.4 602.7 804.7 610.4 805.0 0.8293
