2--Demonstration/2_Demonstration_Protesters_2_463.jpg
8
352.1 152.8 95.1 131.0 379.0 193.9 424.6 195.3 404.0 210.9 380.7 240.7 422.2 242.0 0.9998
424.1 61.7 88.8 155.3 443.2 114.7 440.9 113.5 419.1 144.8 446.8 179.7 442.4 177.5 0.9998
881.7 119.0 41.4 51.6 890.1 136.0 909.1 135.4 898.1 147.2 892.3 157.2 907.8 156.7 0.9998
12.2 184.7 47.3 59.7 27.9 206.8 49.3 208.9 38.9 218.9 25.7 226.1 45.7 228.1 0.9997
267.3 204.8 50.9 60.7 283.3 225.8 305.8 228.9 293.2 239.7 281.9 248.2 299.9 251.0 0.9997
697.7 120.8 62.4 78.3 713.3 153.1 742.2 157.3 723.8 172.0 712.9 181.4 733.7 184.6 0.9996
262.1 185.7 11.0 13.8 265.1 191.4 270.0 192.0 267.1 194.5 265.0 196.6 268.7 197.1 0.9946
200.7 231.0 15.8 19.2 204.7 240.4 212.3 238.8 209.5 244.0 207.7 247.8 213.1 246.5 0.9196
