2--Demonstration/2_Demonstration_Demonstrators_2_204.jpg
14
707.0 223.7 201.8 263.0 768.6 319.4 864.3 329.5 817.5 380.6 766.8 415.0 849.8 423.9 0.9997
261.9 79.2 120.0 153.0 283.0 139.0 337.0 142.6 299.5 170.3 287.8 194.0 327.9 197.3 0.9996
882.8 76.5 114.8 155.3 906.4 140.1 957.9 142.5 924.6 170.3 910.8 198.1 946.9 199.9 0.9994
142.1 71.9 75.5 108.0 150.0 109.8 173.4 109.5 146.1 127.9 150.5 150.1 169.6 149.1 0.9994
587.9 60.9 78.0 109.6 606.4 109.0 643.5 110.2 623.9 129.2 611.1 148.1 638.4 148.8 0.9992
542.0 151.6 18.0 21.0 548.4 158.4 556.1 158.5 552.9 162.8 549.1 166.7 555.4 166.8 0.9991
705.4 130.5 19.1 21.4 711.2 137.1 719.6 137.2 715.6 142.2 712.2 146.5 718.4 146.6 0.9985
494.1 138.3 16.2 18.7 499.4 144.8 506.4 144.9 503.2 148.7 500.0 152.0 505.6 152.1 0.9980
992.9 174.2 25.3 28.4 998.8 184.1 1010.8 186.6 1002.5 189.2 997.3 194.5 1006.5 196.4 0.9976
658.9 138.0 25.6 32.6 663.2 149.1 674.3 149.6 666.5 156.2 664.3 162.8 672.1 163.1 0.9934
525.2 142.0 7.9 10.2 528.1 146.2 531.5 146.0 530.2 148.2 528.6 150.2 531.4 150.1 0.9862
851.9 73.9 34.5 48.5 859.0 93.8 874.0 93.5 864.5 102.5 861.2 111.8 871.7 111.5 0.9831
691.4 137.8 10.0 14.0 693.8 143.4 697.8 143.3 695.5 146.0 694.4 148.7 697.6 148.5 0.9816
565.2 139.8 9.9 11.1 568.7 143.4 573.3 143.6 571.2 146.2 568.9 148.5 572.3 148.7 0.8257
