2--Demonstration/2_Demonstration_Demonstration_Or_Protest_2_754.jpg
15
480.3 209.5 34.6 45.4 486.0 224.2 499.2 224.4 488.0 228.8 484.7 241.6 494.7 241.6 0.9996
935.8 220.4 31.4 39.2 942.6 235.7 956.6 234.9 948.5 239.3 944.3 249.0 955.6 248.3 0.9995
800.7 230.3 27.0 33.3 810.1 241.2 821.9 240.8 817.6 246.1 812.1 253.9 821.8 253.6 0.9994
747.7 233.8 28.5 33.9 754.2 249.5 766.8 249.1 760.4 256.8 756.9 261.2 766.1 260.9 0.9992
626.3 248.1 24.8 31.1 633.0 258.3 644.3 258.9 638.6 263.7 634.2 270.5 643.0 270.9 0.9981
350.4 257.6 19.1 27.6 357.6 268.0 366.6 267.6 363.7 272.8 359.1 278.6 366.2 278.4 0.9978
408.3 279.4 21.8 27.9 413.5 289.7 423.7 290.2 418.0 295.5 414.5 300.8 422.2 301.1 0.9973
150.2 270.6 17.3 20.7 154.5 277.9 162.6 277.1 158.8 282.1 156.3 286.5 162.5 285.9 0.9972
30.2 259.0 19.8 16.1 35.9 269.5 37.8 267.3 38.4 273.2 44.5 274.4 44.7 272.5 0.9967
28.6 405.7 23.6 40.7 47.0 421.9 46.3 421.3 52.3 428.1 48.7 436.4 48.2 436.4 0.9959
541.4 278.5 23.2 29.7 546.4 289.3 556.0 291.8 548.6 295.4 544.9 300.5 552.0 302.4 0.9952
181.7 392.0 18.0 17.3 193.4 400.2 195.8 401.5 194.1 405.2 188.1 405.8 188.9 407.1 0.9950
419.2 235.2 19.7 28.5 421.8 245.3 425.3 245.1 420.4 251.1 423.5 256.9 426.0 256.4 0.9795
441.5 257.1 21.9 27.1 444.0 266.5 451.9 266.4 445.8 272.8 446.1 278.1 451.8 277.8 0.9560
119.7 256.5 11.4 13.4 123.2 261.0 128.5 261.2 125.9 264.0 123.4 266.9 127.6 267.0 0.6736
