2--Demonstration/2_Demonstration_Demonstration_Or_Protest_2_685.jpg
89
853.6 359.5 8.7 12.1 854.6 364.3 857.0 364.2 854.7 366.7 855.4 369.1 857.1 368.9 0.9985
502.0 334.5 9.0 11.2 504.1 338.3 508.7 338.4 506.3 340.8 504.4 343.1 508.2 343.1 0.9983
241.0 309.0 10.0 12.0 244.4 313.5 248.8 313.0 247.3 315.7 245.7 318.3 248.9 317.9 0.9976
656.4 342.2 8.8 11.6 658.2 346.8 662.0 346.8 659.9 349.0 658.7 351.2 661.8 351.1 0.9975
553.4 346.2 9.0 11.2 555.6 350.5 559.7 350.4 557.6 352.7 556.2 354.9 559.6 354.7 0.9975
848.4 379.1 9.2 11.8 851.3 384.1 855.5 383.8 853.8 386.5 852.2 388.6 855.3 388.4 0.9974
596.9 319.4 8.7 11.5 598.6 324.1 602.5 323.9 600.4 326.3 599.3 328.4 602.5 328.2 0.9973
589.5 354.2 10.2 13.1 592.1 359.9 596.7 359.7 594.5 362.4 592.9 364.6 596.6 364.5 0.9970
922.3 407.6 9.5 12.5 923.6 412.6 928.1 412.7 925.3 415.5 924.5 417.9 927.5 417.8 0.9963
819.5 367.6 9.8 12.2 821.5 372.9 825.6 372.9 823.1 375.4 822.1 377.5 825.0 377.5 0.9957
683.0 317.8 8.8 11.9 684.5 322.0 687.8 322.1 685.4 324.2 684.9 326.8 687.4 326.7 0.9953
530.9 336.2 8.6 10.1 533.2 339.6 537.2 339.7 535.1 341.8 533.4 343.7 536.7 343.8 0.9953
204.0 362.1 9.4 12.4 206.8 367.2 211.3 367.3 209.2 369.7 207.2 372.0 210.8 372.0 0.9952
502.4 290.0 8.8 11.9 504.3 294.5 508.3 294.7 506.0 296.9 504.5 299.1 507.8 299.2 0.9950
876.1 326.0 9.2 11.7 878.3 330.2 882.9 330.1 880.7 332.8 879.0 335.1 882.3 335.1 0.9949
539.4 345.1 8.8 10.5 542.3 349.0 546.3 349.0 544.5 351.2 542.6 353.2 545.8 353.2 0.9944
652.8 317.4 8.8 11.2 654.9 322.2 659.1 322.3 656.8 324.5 655.3 326.5 658.7 326.5 0.9940
471.9 337.1 9.0 10.7 474.9 341.5 479.0 341.3 477.3 343.6 475.5 345.6 478.8 345.5 0.9940
452.9 337.1 9.3 11.9 454.7 341.7 458.4 341.8 455.9 344.0 455.1 346.3 458.0 346.3 0.9937
881.9 407.9 9.1 11.0 883.9 412.5 888.3 412.1 886.3 414.6 885.0 416.8 888.2 416.4 0.9934
516.3 373.4 8.6 11.3 517.4 377.6 520.2 378.0 517.4 380.0 517.5 382.3 519.5 382.5 0.9933
828.2 302.6 10.4 13.2 829.7 308.1 833.0 308.0 830.4 311.2 831.0 313.5 833.2 313.4 0.9931
424.4 336.2 8.9 11.8 428.4 340.5 431.6 340.3 430.9 343.1 429.0 345.8 431.4 345.7 0.9927
707.2 386.5 9.8 12.2 710.7 391.6 715.1 391.8 713.0 394.1 710.9 396.2 714.3 396.4 0.9918
574.4 341.6 8.8 11.1 576.7 345.5 580.8 345.5 578.7 348.1 577.2 350.4 580.3 350.4 0.9917
630.6 348.2 8.8 11.0 633.3 352.8 637.6 352.7 635.7 355.0 633.8 357.2 637.2 357.1 0.9907
773.7 351.6 9.2 11.6 775.6 355.3 779.6 355.8 776.7 357.9 775.4 360.2 778.3 360.6 0.9899
145.6 358.2 9.2 11.7 148.2 363.4 152.4 363.2 150.5 365.5 148.8 367.7 152.2 367.5 0.9863
427.6 376.0 9.9 12.1 431.3 380.6 435.5 379.8 434.5 382.4 432.8 385.2 436.0 384.7 0.9858
953.3 372.7 9.2 11.8 954.7 377.8 958.6 377.7 956.3 380.2 955.7 382.5 958.3 382.3 0.9817
76.3 398.7 8.9 11.9 81.5 403.1 84.1 403.1 83.9 405.7 81.6 407.9 83.3 408.1 0.9815
882.5 257.1 9.1 11.5 884.3 262.1 888.2 261.9 885.9 264.2 885.1 266.3 887.9 266.1 0.9800
832.6 341.0 8.0 10.4 833.6 345.1 836.0 345.2 833.8 347.3 834.2 349.3 835.8 349.2 0.9789
868.9 270.6 8.2 10.1 871.1 274.4 874.9 274.5 872.9 276.6 871.3 278.4 874.3 278.6 0.9780
938.0 368.7 9.5 12.8 939.8 373.5 943.4 373.7 940.7 376.0 939.9 378.5 942.8 378.6 0.9769
587.3 304.6 8.6 10.5 589.1 308.1 592.9 308.4 590.5 310.6 589.3 312.6 592.2 312.7 0.9762
469.0 348.5 8.5 10.2 471.2 352.6 475.2 352.4 473.3 354.6 471.8 356.7 475.0 356.5 0.9746
36.5 377.3 8.1 11.4 41.0 381.5 43.3 381.5 43.1 384.0 41.1 386.3 42.8 386.4 0.9742
717.4 316.9 9.4 11.7 719.2 321.7 723.3 321.6 720.9 324.1 720.0 326.4 723.2 326.3 0.9730
252.0 321.2 9.1 12.0 255.0 325.7 259.1 325.3 257.9 328.0 256.2 330.7 259.2 330.4 0.9613
27.2 398.5 9.9 13.1 32.2 403.5 35.3 403.2 34.9 406.3 32.6 408.8 34.6 408.7 0.9605
702.5 281.1 9.5 11.8 704.2 285.2 708.7 285.3 706.2 287.7 704.7 290.2 708.1 290.2 0.9589
554.8 280.5 8.0 9.8 557.3 284.6 561.1 284.4 559.6 286.4 557.9 288.4 561.0 288.3 0.9545
787.6 320.7 8.8 11.2 790.0 325.0 794.1 325.0 792.0 327.3 790.3 329.5 793.7 329.5 0.9545
175.1 366.3 8.2 10.9 178.8 370.4 181.8 370.5 180.7 372.9 178.9 375.0 181.1 375.2 0.9518
881.5 307.3 8.1 10.5 883.5 311.8 887.4 311.9 885.3 313.9 883.8 315.7 886.8 315.8 0.9499
563.9 241.1 8.6 11.2 566.4 245.3 570.5 245.2 568.6 247.7 567.0 249.9 570.2 249.8 0.9420
76.1 385.7 9.1 11.2 79.8 390.1 83.5 389.8 82.4 392.3 80.5 394.6 83.4 394.4 0.9362
712.3 304.7 9.3 11.6 714.3 309.3 718.5 308.7 716.7 311.4 715.6 314.1 718.7 313.5 0.9306
1003.6 232.0 10.0 13.4 1006.8 238.0 1011.3 237.9 1009.4 240.7 1007.5 243.0 1010.9 243.0 0.9262
652.9 244.9 7.9 9.8 654.9 248.6 658.0 248.9 656.0 250.7 654.8 252.5 657.3 252.7 0.9148
870.3 383.3 9.0 11.4 873.0 387.9 877.2 388.0 875.1 390.3 873.2 392.5 876.5 392.6 0.9110
709.1 272.1 9.9 11.5 711.3 276.3 715.6 276.6 712.9 278.9 711.5 281.0 714.7 281.2 0.9048
783.0 337.1 8.4 11.8 784.4 341.5 786.4 341.9 784.0 343.8 784.4 346.0 785.8 346.2 0.9040
928.8 357.4 8.7 12.4 930.4 362.2 932.6 362.4 930.5 364.9 930.7 367.3 932.2 367.3 0.9024
790.0 290.7 8.3 11.8 791.8 295.1 795.6 295.1 793.5 297.6 792.2 300.0 795.2 300.0 0.9000
717.2 357.4 11.4 14.1 720.8 363.2 726.2 363.2 723.7 366.5 721.4 369.1 725.2 369.2 0.8919
227.5 219.2 7.9 10.5 229.2 223.8 232.7 223.7 230.7 225.9 229.6 227.7 232.3 227.6 0.8886
130.2 366.9 8.0 9.6 132.8 370.2 136.3 370.2 134.9 372.4 133.2 374.5 135.9 374.5 0.8852
195.2 319.0 9.9 13.1 198.2 324.7 203.1 324.7 201.0 327.7 199.0 330.1 202.5 330.1 0.8698
114.2 347.4 8.8 10.8 116.5 351.9 120.5 351.5 118.7 353.9 117.4 356.1 120.6 355.9 0.8688
892.9 324.1 8.7 12.6 894.3 329.2 898.0 329.8 895.2 332.2 894.3 334.3 896.9 334.6 0.8560
839.4 296.7 8.0 9.8 841.6 300.3 845.1 300.0 843.6 302.2 842.3 304.2 845.0 304.0 0.8528
919.7 283.0 8.1 11.7 921.2 287.7 922.8 287.9 921.1 290.0 921.7 292.1 923.0 292.1 0.8510
916.5 357.4 10.6 13.8 918.6 362.9 923.0 363.0 920.3 365.8 919.0 368.2 922.3 368.3 0.8429
774.9 303.8 8.3 9.5 776.8 307.3 780.3 307.6 778.1 309.6 777.0 311.5 779.5 311.7 0.8413
967.7 334.1 9.0 10.7 970.4 338.5 974.4 338.6 972.4 340.7 970.6 342.6 973.8 342.7 0.8024
701.8 178.4 7.4 8.3 704.1 181.5 707.2 181.6 705.7 183.3 704.3 184.8 706.8 184.9 0.7883
815.3 326.7 8.3 10.7 817.3 331.2 820.3 331.3 818.4 333.2 817.7 335.0 820.0 335.0 0.7715
762.8 326.9 8.7 11.6 764.5 331.9 767.7 332.2 765.3 334.4 764.8 336.5 767.1 336.6 0.7489
603.9 286.0 9.1 11.2 606.3 289.7 610.5 289.9 608.3 292.1 606.6 294.2 609.9 294.3 0.7368
917.8 339.0 10.2 12.6 919.6 343.9 924.1 344.2 921.1 346.9 919.8 349.2 923.0 349.4 0.7359
1012.7 361.9 10.1 14.6 1014.4 367.5 1016.8 367.4 1014.4 370.6 1015.4 373.6 1017.1 373.4 0.7335
658.5 266.9 9.6 11.8 661.0 271.7 665.5 271.8 663.1 274.3 661.4 276.5 664.9 276.6 0.7271
754.2 238.7 8.9 11.0 755.7 242.4 759.7 242.6 757.0 244.8 756.0 247.1 759.1 247.1 0.7137
502.5 175.4 7.2 9.6 503.9 179.3 506.3 179.4 504.4 181.2 504.2 183.0 506.0 183.0 0.6958
420.0 291.8 8.3 10.0 422.8 296.0 426.6 296.2 424.8 298.2 422.9 300.0 425.8 300.2 0.6944
517.2 156.9 7.2 9.1 519.3 160.7 522.3 160.8 520.7 162.5 519.5 164.0 521.8 164.1 0.6868
809.0 99.4 6.9 8.4 810.8 102.5 813.8 102.6 812.1 104.4 810.9 106.0 813.2 106.1 0.6817
969.8 392.2 11.2 14.7 971.9 397.6 976.9 398.0 973.6 400.9 972.0 403.4 975.8 403.7 0.6815
800.4 263.3 7.7 10.0 802.9 267.6 806.4 267.6 804.8 269.8 803.3 271.6 805.9 271.6 0.6689
770.1 135.9 7.3 9.0 772.1 139.5 775.3 139.6 773.4 141.4 772.2 143.0 774.7 143.2 0.6464
61.8 369.6 8.8 12.2 64.4 373.9 68.7 374.1 66.7 376.8 64.7 379.3 68.0 379.4 0.6281
449.2 273.5 6.6 8.8 450.7 276.6 453.5 276.6 451.9 278.3 451.1 280.1 453.3 280.0 0.6227
835.2 123.0 6.5 8.2 837.0 126.0 839.3 126.0 837.9 127.7 837.3 129.3 839.0 129.2 0.6063
197.5 264.2 9.0 11.1 199.1 268.9 203.6 268.6 201.2 271.4 200.2 273.5 203.5 273.2 0.5759
756.8 340.0 10.6 13.4 762.8 344.7 765.7 344.9 765.1 347.6 762.6 349.8 764.6 350.1 0.5695
671.0 361.4 10.2 14.0 673.3 366.2 678.2 366.5 675.1 369.6 673.5 372.5 677.1 372.7 0.5560
783.4 136.6 6.1 9.4 784.5 140.4 785.8 140.6 784.2 142.3 784.6 144.1 785.5 144.1 0.5532
