2--Demonstration/2_Demonstration_Demonstrators_2_194.jpg
18
770.4 222.8 17.0 22.6 774.2 232.6 782.1 232.3 777.9 237.6 775.6 241.2 781.5 241.0 0.9995
290.3 222.9 21.5 27.1 294.2 235.1 303.5 235.0 298.0 241.2 296.0 245.0 302.8 244.8 0.9993
739.5 226.0 25.1 30.0 745.4 239.8 756.5 240.9 749.7 246.9 745.9 249.3 754.4 250.2 0.9991
668.6 219.9 19.2 28.1 671.2 229.7 674.5 230.0 668.4 234.5 670.4 240.4 673.2 240.3 0.9989
814.7 221.1 21.2 28.9 817.7 230.5 820.2 230.6 815.1 236.2 819.0 242.4 820.8 242.2 0.9989
490.4 246.5 13.5 20.8 492.7 254.7 494.2 254.9 491.9 259.4 495.0 262.9 495.9 262.8 0.9985
446.9 239.0 13.0 20.7 449.2 246.6 449.9 246.7 447.1 250.9 450.1 255.0 450.6 254.8 0.9985
790.3 234.2 18.4 22.7 792.8 242.8 800.4 242.7 795.2 246.7 793.8 251.5 799.6 251.3 0.9983
926.0 205.0 17.3 24.4 929.3 214.8 931.6 215.2 926.6 219.2 929.1 224.0 930.5 224.1 0.9982
64.9 236.6 18.5 29.1 68.3 246.5 69.2 246.7 64.9 252.2 69.4 258.6 69.9 258.4 0.9969
372.5 213.1 19.1 24.8 382.6 224.0 389.2 223.5 388.1 228.6 383.1 232.9 388.0 232.8 0.9963
573.9 240.1 17.2 20.9 576.9 247.0 583.8 246.5 579.7 251.0 578.2 255.5 583.8 255.1 0.9962
632.3 255.8 16.2 19.4 635.6 262.8 643.1 262.4 639.0 266.4 636.6 270.3 642.8 270.0 0.9960
344.7 210.7 20.5 32.0 359.7 220.9 360.4 220.0 364.8 226.0 361.1 234.1 361.5 233.6 0.9943
527.5 263.5 11.1 15.1 531.5 270.2 536.1 269.6 534.6 273.1 532.6 276.0 536.0 275.6 0.9877
409.5 269.5 10.6 12.1 412.5 273.7 417.4 273.2 415.4 276.2 413.8 278.9 417.2 278.5 0.9804
12.9 243.9 12.0 20.8 14.7 251.0 16.0 250.9 13.4 254.9 15.2 259.5 16.4 259.3 0.9761
995.8 250.1 6.7 10.2 997.3 253.6 998.9 253.9 997.1 255.6 997.2 257.5 998.4 257.6 0.8218
