2--Demonstration/2_Demonstration_Protesters_2_237.jpg
103
705.5 220.3 22.0 30.3 709.9 232.0 719.4 232.3 713.5 237.3 710.3 242.7 718.7 242.7 0.9999
325.9 361.8 20.9 27.0 329.1 371.8 337.4 371.7 331.7 376.8 330.2 382.2 337.0 381.9 0.9999
94.3 327.9 21.2 25.9 98.1 337.4 107.9 337.3 102.3 342.3 99.1 347.4 107.4 347.1 0.9999
630.8 169.0 20.8 26.8 633.5 179.8 640.5 179.7 634.9 184.8 635.0 189.8 640.4 189.4 0.9998
606.6 150.2 23.0 29.5 611.6 161.0 621.9 162.3 615.0 166.9 610.8 171.7 619.5 172.6 0.9998
774.2 147.0 21.5 28.3 778.5 158.2 787.8 158.8 781.9 163.4 778.7 168.1 786.6 168.4 0.9998
383.2 136.8 22.6 29.7 390.5 148.9 401.1 148.3 396.9 154.1 391.9 159.4 400.9 159.1 0.9998
382.2 89.1 20.5 25.8 385.2 99.1 393.0 98.5 387.8 103.3 386.8 108.4 393.4 107.8 0.9998
562.9 140.8 21.2 27.2 566.5 151.6 575.2 151.6 569.7 156.4 567.5 161.3 574.6 161.1 0.9998
701.1 158.6 20.0 26.5 705.0 168.1 714.3 169.2 708.2 173.6 704.5 177.6 712.8 178.4 0.9997
860.2 294.6 24.3 30.5 864.8 304.5 873.3 308.0 863.6 310.2 861.7 316.2 867.8 318.7 0.9997
409.9 180.3 19.8 25.2 414.3 190.1 423.7 190.3 418.6 195.2 415.0 199.8 422.7 199.8 0.9996
250.2 400.7 24.6 28.7 259.8 409.8 270.7 408.5 268.0 414.4 262.4 421.6 271.1 420.6 0.9996
182.0 408.0 21.7 28.4 187.0 419.7 196.7 419.6 191.5 424.5 188.1 429.5 196.4 429.2 0.9996
219.3 379.7 22.2 29.0 222.3 393.3 231.9 389.5 228.0 397.7 227.3 403.2 235.2 400.1 0.9996
574.0 223.6 24.3 28.7 581.4 232.2 591.7 235.2 584.6 239.3 579.2 243.3 587.7 245.6 0.9996
976.6 251.9 24.7 31.7 982.8 263.9 994.0 263.7 988.4 269.3 984.0 275.1 993.9 274.8 0.9996
314.2 191.9 23.0 29.2 320.4 202.7 331.0 202.8 325.5 208.1 321.1 213.5 330.1 213.5 0.9996
300.9 244.4 22.1 27.6 306.6 255.5 316.2 255.6 311.0 260.4 307.1 265.1 315.2 265.2 0.9996
475.8 155.6 19.4 25.2 478.6 166.4 487.7 164.7 482.8 170.2 481.1 175.5 488.6 174.1 0.9996
725.0 342.0 22.6 30.3 727.7 353.4 738.0 352.6 731.1 358.2 729.0 364.7 737.3 364.0 0.9996
491.7 167.2 21.7 27.1 497.2 177.5 507.0 177.3 501.9 182.8 498.3 187.9 506.3 187.7 0.9995
265.5 148.1 19.2 25.6 270.6 158.4 279.9 158.3 275.1 163.1 271.3 167.6 279.2 167.6 0.9995
353.9 280.2 24.3 29.3 363.6 289.3 374.0 290.1 370.0 295.1 364.0 301.1 372.4 301.8 0.9995
188.8 318.5 21.8 28.5 192.7 328.2 202.1 329.5 194.9 332.6 192.2 338.7 199.3 339.6 0.9995
330.1 592.4 59.3 71.6 339.9 620.0 366.5 620.2 349.0 632.8 343.4 647.9 362.2 648.0 0.9995
193.3 153.0 19.7 24.3 198.3 162.1 206.6 162.5 201.7 167.0 198.6 171.5 205.2 171.7 0.9995
540.2 522.2 33.7 42.2 544.5 538.5 558.3 537.6 548.8 547.0 548.0 555.0 558.4 554.2 0.9994
556.3 182.6 20.1 24.6 559.7 192.2 568.4 191.2 563.3 196.6 561.3 201.4 568.4 200.5 0.9994
417.3 68.1 20.4 27.4 421.4 79.2 430.7 78.4 425.7 84.3 423.0 89.3 430.6 88.6 0.9994
424.2 590.2 39.6 50.5 431.7 605.6 442.5 609.2 426.7 616.1 428.0 626.9 435.4 629.3 0.9994
262.8 314.4 21.4 28.1 266.9 324.7 276.6 324.5 271.1 329.6 267.9 334.9 276.3 334.7 0.9994
116.9 257.4 20.0 26.1 122.7 268.6 131.5 268.3 127.6 273.4 123.8 277.8 131.0 277.6 0.9994
38.4 221.2 20.4 25.7 45.0 232.4 53.9 230.0 51.5 235.6 48.5 241.5 55.2 239.7 0.9994
914.6 281.7 26.4 32.3 920.7 292.6 933.1 292.5 926.4 298.8 922.2 305.7 931.6 305.7 0.9994
445.9 454.6 23.0 27.4 452.2 464.5 463.2 464.3 458.0 470.0 453.4 475.3 462.4 475.1 0.9993
1002.3 330.4 20.9 31.1 1008.1 342.1 1019.9 342.2 1013.4 348.2 1009.0 354.0 1018.6 354.0 0.9993
93.1 253.2 20.2 27.0 96.8 262.6 106.0 262.6 100.4 267.1 97.4 272.8 105.1 272.7 0.9993
61.6 482.0 22.3 28.0 65.2 492.2 75.3 491.9 68.6 496.9 66.2 503.3 73.5 503.0 0.9993
899.5 208.0 24.5 32.4 905.6 220.8 916.4 219.8 911.3 226.9 907.7 232.6 916.7 231.8 0.9993
837.3 157.9 18.8 24.5 842.0 167.5 850.2 167.9 845.6 172.1 842.3 176.4 849.1 176.6 0.9992
191.1 181.2 18.6 24.2 193.0 191.7 199.3 191.5 194.2 196.5 195.1 200.7 199.6 200.3 0.9992
806.9 340.8 23.7 31.4 809.6 352.7 818.4 353.0 810.7 358.2 810.2 364.7 816.7 364.7 0.9992
284.9 121.2 22.5 27.9 291.7 133.0 301.7 130.8 298.4 137.3 295.2 143.4 302.8 141.7 0.9992
392.2 461.4 25.5 33.8 395.0 473.2 403.7 473.0 394.8 478.5 394.7 486.6 400.9 486.2 0.9992
907.5 345.7 24.6 29.9 913.2 355.3 924.9 354.8 918.8 361.3 914.6 367.4 924.3 367.0 0.9992
91.4 171.3 20.8 25.2 95.0 180.9 104.3 180.5 99.1 185.7 96.5 190.9 104.1 190.5 0.9992
188.4 264.8 24.0 26.5 195.2 275.8 205.9 275.4 201.0 281.8 197.2 286.2 205.3 285.9 0.9992
454.9 213.7 19.0 26.0 457.9 223.9 465.7 223.8 460.7 228.7 459.1 233.8 465.4 233.5 0.9991
234.0 227.1 20.7 28.8 239.3 237.8 249.0 237.0 244.4 242.6 240.5 248.3 249.1 247.6 0.9991
314.2 495.4 25.5 31.5 317.8 507.3 327.9 506.9 320.4 512.4 318.9 519.2 326.3 518.8 0.9991
834.3 463.1 23.9 30.6 837.4 472.2 847.4 472.7 838.6 476.8 836.3 484.9 844.3 485.3 0.9991
648.5 221.4 20.8 25.6 655.1 229.0 664.8 230.3 660.2 233.7 655.6 239.3 662.9 240.4 0.9991
218.1 341.2 20.7 27.2 220.9 350.8 228.5 351.2 222.0 356.1 221.4 361.6 227.5 361.7 0.9991
116.4 402.6 19.0 26.7 128.3 412.6 129.2 411.1 134.6 415.5 132.8 422.2 133.1 421.4 0.9991
453.3 239.4 21.1 24.8 458.2 247.4 468.2 247.3 462.7 251.0 459.0 256.9 467.3 256.8 0.9991
462.9 472.8 23.0 29.2 466.2 484.7 476.4 485.7 468.8 490.6 465.9 495.3 474.0 495.9 0.9990
384.6 268.8 22.9 27.1 386.7 279.7 394.4 279.7 388.0 285.2 389.1 289.9 395.2 289.6 0.9989
2.6 283.0 21.2 23.6 5.1 290.2 13.1 289.8 6.9 295.2 6.4 300.1 12.8 299.6 0.9989
678.8 586.4 35.7 49.4 691.9 604.6 709.0 607.2 701.0 614.7 690.8 622.6 705.1 624.7 0.9989
623.4 212.1 19.2 26.7 626.5 222.1 634.8 222.1 629.3 227.4 627.6 232.6 634.0 232.5 0.9988
395.6 232.9 17.8 27.9 407.9 244.8 410.7 243.4 413.3 249.2 409.5 254.9 411.3 254.3 0.9987
782.2 218.2 20.1 27.7 786.2 227.6 795.6 228.5 789.2 231.3 786.0 237.8 793.2 238.5 0.9986
711.6 181.9 16.9 25.6 713.7 192.0 721.7 191.7 716.6 197.4 715.1 201.7 721.7 201.4 0.9986
486.2 251.9 23.2 27.4 490.8 261.4 500.9 261.3 494.8 267.1 491.5 272.4 499.4 272.3 0.9986
563.5 613.0 57.2 68.5 590.7 636.3 613.1 635.8 607.6 651.3 591.7 664.6 609.5 664.3 0.9985
6.2 375.3 22.5 26.8 9.0 385.6 17.3 385.9 11.1 392.2 11.3 396.6 17.0 396.6 0.9984
253.4 490.5 26.5 28.3 259.7 500.4 270.5 502.6 262.5 506.0 258.5 510.7 266.4 512.4 0.9984
214.0 141.7 16.6 23.7 216.2 150.8 219.9 151.2 215.2 155.8 217.3 160.3 219.7 160.3 0.9983
204.1 126.1 19.3 24.0 208.9 136.0 217.3 135.0 213.3 140.2 210.8 145.0 217.2 144.3 0.9982
554.2 158.3 15.3 20.1 558.3 166.8 565.9 166.6 562.3 170.9 559.6 174.5 565.0 174.4 0.9981
931.5 418.5 20.5 31.5 941.8 430.6 949.1 429.8 949.1 435.4 943.5 442.3 949.2 441.9 0.9981
935.5 126.4 15.9 27.0 938.3 136.8 938.4 136.8 935.5 142.6 940.3 147.7 940.3 147.4 0.9980
417.2 495.9 22.5 29.0 424.4 508.0 434.6 508.2 429.7 513.6 425.2 518.5 433.0 518.7 0.9979
145.9 180.2 14.0 20.2 148.4 188.0 150.9 187.9 147.1 191.8 148.7 196.0 150.4 195.7 0.9973
807.0 233.7 24.8 28.3 811.3 247.8 821.4 245.3 816.4 252.1 815.3 257.5 822.4 255.6 0.9969
150.0 514.2 24.2 35.0 154.5 527.9 159.4 529.5 151.8 533.6 152.7 540.2 156.0 541.2 0.9969
884.6 139.1 17.6 23.5 886.9 149.1 892.6 148.3 888.3 153.9 889.5 158.3 893.5 157.5 0.9968
490.6 492.5 21.1 26.9 499.7 504.3 508.1 504.5 505.5 508.8 500.9 513.5 507.1 513.7 0.9954
116.4 206.8 18.5 25.6 119.5 216.1 125.6 216.2 120.9 221.4 120.8 226.4 125.5 226.2 0.9953
701.6 401.4 21.0 30.0 706.4 412.7 714.5 413.2 708.6 417.9 706.4 423.9 712.5 424.1 0.9953
285.6 209.7 17.6 20.3 290.1 219.6 297.9 217.6 295.2 223.4 293.5 227.2 298.9 225.6 0.9947
985.9 413.6 17.1 28.9 990.6 422.6 992.4 423.6 987.2 428.0 988.9 434.4 990.3 434.8 0.9946
302.2 424.5 20.9 25.8 305.5 433.4 311.0 434.3 305.1 439.1 305.7 444.1 309.6 444.5 0.9946
100.1 579.0 40.2 51.6 115.2 597.0 130.4 594.6 125.9 604.6 120.0 616.2 131.2 614.6 0.9942
805.1 528.1 25.7 37.3 809.9 540.7 815.5 543.4 806.6 548.9 808.5 556.0 811.9 557.6 0.9938
113.7 190.0 18.1 22.7 116.9 200.1 125.2 199.7 120.1 204.6 118.2 208.8 124.2 208.5 0.9937
161.1 494.3 23.6 27.1 166.6 506.2 177.6 505.8 172.3 511.4 168.8 516.6 176.5 516.2 0.9916
648.6 147.9 19.4 22.2 651.0 154.8 657.1 154.2 652.0 158.7 652.1 163.7 656.8 163.1 0.9914
821.5 543.9 33.2 35.9 830.2 557.7 845.2 558.0 837.3 565.9 832.0 572.4 842.8 572.6 0.9814
735.5 162.6 15.0 20.9 739.4 171.5 746.7 171.4 743.1 176.0 740.6 179.7 745.8 179.7 0.9786
327.3 478.9 22.5 27.1 333.5 488.5 343.2 488.3 338.1 493.1 334.6 498.8 342.4 498.7 0.9781
370.7 530.4 25.5 32.8 374.8 542.4 382.1 544.4 373.2 548.2 373.3 554.6 378.3 555.9 0.9752
783.5 423.8 17.8 27.5 787.0 431.4 788.8 432.2 783.5 436.0 784.7 442.6 786.0 443.0 0.9688
323.0 82.6 21.0 21.8 329.7 91.1 339.0 90.9 335.0 96.1 331.1 99.7 338.1 99.5 0.9664
22.2 196.1 14.8 23.0 24.7 204.7 27.0 205.8 22.4 209.6 24.2 214.0 25.5 214.5 0.9613
533.4 185.4 14.7 21.1 535.5 193.7 540.8 193.9 536.4 197.5 536.0 201.5 539.9 201.5 0.9594
991.1 164.1 17.8 23.4 997.5 175.6 1003.4 173.0 1002.7 179.3 1001.5 183.7 1005.5 181.9 0.9408
743.6 147.2 21.1 23.5 747.5 157.1 754.8 155.6 751.1 161.6 750.6 166.3 755.8 165.0 0.8604
471.7 509.0 13.5 16.8 476.9 515.1 482.3 515.2 480.0 518.7 477.3 522.1 481.5 522.3 0.8003
111.9 472.9 18.7 22.8 114.4 478.9 120.7 480.7 114.5 484.5 113.7 489.0 118.4 490.1 0.7488
175.1 541.3 18.2 25.5 179.6 548.8 181.1 549.4 176.3 553.1 177.4 559.1 178.5 559.2 0.7157
718.9 335.1 16.0 22.9 722.6 346.0 729.4 345.8 725.2 350.8 723.3 354.5 728.8 354.3 0.6664
