2--Demonstration/2_Demonstration_Political_Rally_2_426.jpg
40
610.0 243.0 59.6 78.6 624.0 271.4 652.2 274.1 635.2 289.4 622.8 298.7 649.1 300.9 0.9998
463.5 567.2 59.1 79.2 480.0 599.1 507.2 600.7 492.9 618.1 480.7 627.5 502.0 629.0 0.9996
759.3 329.2 64.6 72.8 772.8 355.5 803.5 356.3 786.1 374.2 776.2 384.1 799.9 384.9 0.9996
343.7 326.4 35.8 42.9 352.3 344.7 368.0 342.0 361.0 352.0 356.9 360.0 369.2 357.7 0.9995
280.7 268.8 20.6 25.8 286.1 279.7 295.0 278.8 291.1 284.9 288.2 289.3 295.2 288.6 0.9992
88.9 455.4 44.8 53.8 102.9 474.9 122.4 476.9 111.9 487.8 103.0 495.7 117.5 497.3 0.9990
294.5 285.6 22.2 30.8 300.2 297.8 310.5 296.6 305.6 303.3 302.2 309.5 310.6 308.6 0.9990
490.7 241.1 18.9 24.4 498.8 252.4 506.9 251.7 504.4 257.5 500.1 261.5 505.7 261.2 0.9981
519.9 216.5 19.9 22.7 526.7 223.7 534.7 222.7 531.6 228.1 528.2 232.9 534.9 232.2 0.9978
739.3 575.5 72.8 76.8 767.4 607.3 795.9 605.5 785.9 622.9 772.9 635.7 793.2 634.5 0.9978
386.1 278.0 27.7 34.4 399.6 291.2 409.6 290.6 407.4 297.9 400.9 304.3 408.9 304.1 0.9966
322.5 164.7 14.5 17.2 328.4 169.8 334.4 169.8 332.2 173.6 328.8 177.1 333.7 177.2 0.9957
195.4 323.1 33.8 43.3 204.8 337.2 220.4 337.0 212.9 345.8 206.3 354.2 219.0 354.1 0.9955
257.9 282.7 17.0 21.5 262.2 292.8 270.0 292.0 266.7 297.1 264.1 301.2 270.2 300.6 0.9947
417.8 518.5 49.5 59.9 427.7 539.6 449.7 540.8 435.8 555.0 429.9 564.0 446.4 564.9 0.9946
293.4 488.6 53.7 61.0 302.1 511.2 318.4 511.5 307.1 526.9 310.6 537.0 321.2 537.0 0.9930
431.6 362.2 36.3 37.4 441.5 378.1 456.9 376.1 450.0 385.8 446.1 392.6 456.7 391.0 0.9920
345.0 148.0 15.0 22.1 351.1 156.9 357.3 156.4 355.6 161.0 352.5 165.2 357.4 164.9 0.9918
321.2 289.8 28.9 31.8 332.1 301.1 344.9 300.6 339.8 308.8 333.9 314.6 343.2 314.3 0.9913
842.5 294.6 23.3 30.9 845.9 307.4 849.3 306.7 845.5 315.0 851.4 320.4 853.2 319.4 0.9856
453.5 225.2 15.7 20.1 458.1 233.0 465.1 232.6 461.9 237.1 459.5 241.0 464.8 240.7 0.9845
45.4 443.9 30.5 46.5 55.0 461.6 68.9 461.8 62.3 472.3 56.1 479.7 66.0 479.9 0.9803
495.4 366.0 38.7 43.3 499.9 381.9 515.4 381.5 504.2 391.8 503.7 400.0 514.4 399.6 0.9773
557.2 234.4 20.0 22.0 562.0 243.1 570.5 241.0 567.1 247.2 565.2 252.2 571.6 250.7 0.9754
381.3 149.9 17.0 20.0 387.4 156.6 394.7 156.9 391.5 161.8 387.8 165.4 393.2 165.7 0.9734
47.7 287.7 17.9 26.4 55.0 298.6 61.7 298.8 59.5 304.1 55.8 308.7 60.8 309.0 0.9729
293.9 168.8 17.4 19.4 299.1 176.4 306.1 175.7 302.9 180.6 301.2 184.4 306.2 183.8 0.9677
165.4 274.6 19.0 26.4 171.9 284.8 180.3 286.6 175.5 291.4 170.8 295.2 177.1 296.6 0.9639
538.1 328.5 32.3 36.4 542.9 340.4 556.1 339.6 546.9 348.4 545.2 356.4 554.7 355.6 0.9638
169.0 304.3 22.3 30.7 174.1 317.7 182.2 318.8 176.8 325.4 175.1 329.4 180.5 330.1 0.9542
334.7 262.0 20.5 27.5 336.7 271.6 343.2 272.2 337.1 277.3 337.4 282.7 342.2 282.9 0.9348
874.0 172.1 13.2 16.4 877.6 178.9 883.7 178.9 880.6 182.6 878.3 185.6 882.9 185.7 0.8873
293.5 361.5 23.7 30.6 304.8 376.5 312.2 373.5 312.5 381.1 308.9 387.1 313.9 385.1 0.8692
686.0 215.7 15.4 17.0 689.4 221.2 695.5 221.5 691.6 225.5 690.3 228.7 694.5 228.8 0.8079
244.2 501.7 46.1 47.3 119.0 405.7 119.3 398.4 126.1 394.8 133.7 401.1 134.1 395.9 0.6709
77.3 349.9 30.5 41.6 905.9 170.6 911.9 171.0 906.9 175.8 906.7 180.3 911.0 180.3 0.6529
584.6 254.7 29.8 36.1 920.4 172.8 926.1 174.4 923.1 178.7 917.9 180.6 921.9 182.0 0.6398
781.6 176.7 9.6 13.0 257.1 515.6 273.1 514.8 265.6 521.0 261.7 533.7 273.5 533.0 0.6213
85.1 279.4 23.3 26.7 85.3 367.7 94.6 365.7 90.7 375.5 90.7 383.9 97.0 382.1 0.5945
434.5 157.1 11.4 14.4 66.1 227.5 72.5 227.9 67.5 233.6 66.6 239.6 71.6 239.7 0.5924
