2--Demonstration/2_Demonstration_Demonstration_Or_Protest_2_264.jpg
28
105.5 341.4 42.3 40.0 114.7 363.5 121.1 362.4 117.1 373.8 128.6 376.5 130.6 375.0 0.9999
206.9 456.1 75.3 84.5 233.2 485.7 267.7 483.4 255.7 504.8 238.8 519.9 266.0 518.1 0.9997
312.1 350.3 46.8 53.3 321.1 373.0 340.2 371.1 329.3 384.6 326.8 392.1 341.5 390.3 0.9997
604.4 404.3 70.1 107.0 630.0 439.0 661.0 441.8 649.4 457.1 631.6 480.8 655.8 483.0 0.9996
948.2 408.3 66.6 78.4 982.4 438.4 1008.0 437.9 1003.6 454.3 986.4 469.7 1004.5 469.0 0.9996
916.3 318.2 13.2 16.7 921.5 324.6 927.2 324.8 924.8 327.8 921.7 330.8 926.4 331.0 0.9995
816.5 338.9 24.0 32.8 831.6 352.4 838.0 351.5 838.8 358.3 832.1 364.5 836.9 364.1 0.9992
74.7 308.7 25.3 30.2 85.8 318.7 96.4 318.5 94.1 324.0 87.9 331.2 95.9 331.1 0.9991
385.6 336.9 19.1 20.6 390.7 346.1 399.1 345.7 395.0 350.9 392.2 353.6 398.4 353.4 0.9989
740.5 375.0 36.1 39.4 756.2 389.5 770.6 389.7 765.5 397.9 756.7 404.8 767.3 405.1 0.9983
450.4 300.7 9.4 12.4 452.7 305.5 457.0 305.7 454.8 307.9 453.0 310.2 456.5 310.3 0.9980
698.3 304.3 10.0 14.7 704.2 310.1 707.0 309.9 707.2 312.9 704.8 315.8 706.7 315.7 0.9978
308.4 308.3 18.0 22.6 312.4 317.3 319.9 318.7 314.4 321.6 311.7 325.2 317.3 326.2 0.9977
371.6 295.4 10.3 13.1 374.5 300.9 379.3 301.0 376.9 303.7 375.0 306.0 378.4 306.1 0.9976
743.4 309.2 14.1 18.5 749.0 317.1 755.1 317.0 752.9 320.9 749.6 324.0 754.3 324.0 0.9975
388.2 285.2 9.0 11.5 390.3 289.7 394.5 289.5 392.3 291.9 391.0 294.1 394.2 294.0 0.9944
133.2 308.8 33.9 40.7 141.3 323.2 155.1 323.8 147.1 330.3 142.4 337.7 153.1 338.2 0.9919
267.9 310.4 11.8 18.3 275.0 317.1 276.2 316.2 278.8 319.6 277.9 324.2 278.7 323.7 0.9911
513.0 299.3 9.6 13.1 519.7 304.8 521.0 304.5 522.2 307.2 520.2 309.8 520.9 309.8 0.9866
432.4 282.8 7.9 9.8 434.6 286.4 438.2 286.4 436.5 288.3 434.9 290.2 437.8 290.3 0.9727
458.3 288.1 7.0 8.2 459.9 291.0 462.9 291.1 461.1 292.8 460.2 294.4 462.5 294.4 0.9457
516.9 316.8 16.8 24.0 521.2 326.0 527.5 326.2 523.4 330.9 521.9 335.3 526.6 335.4 0.9330
753.7 289.5 6.9 8.4 755.5 292.9 758.4 292.8 756.8 294.6 755.9 296.2 758.1 296.2 0.9184
469.0 282.6 7.4 10.0 470.2 286.4 472.7 286.3 470.8 288.5 470.8 290.5 472.6 290.4 0.8983
0.0 439.6 24.8 42.7 -14.3 461.1 -7.3 458.6 -9.6 471.5 0.8 476.5 5.3 474.1 0.8753
739.1 294.8 9.3 12.3 742.7 299.9 746.3 299.9 744.9 302.4 743.0 304.5 745.8 304.6 0.8209
801.8 294.5 10.3 12.7 807.0 299.3 810.2 298.9 809.9 301.8 807.8 304.6 810.0 304.4 0.6341
706.6 287.4 7.5 8.9 707.8 290.5 710.2 291.0 707.8 292.7 707.7 294.4 709.3 294.7 0.6071
