2--Demonstration/2_Demonstration_Demonstrators_2_396.jpg
26
855.2 194.2 47.5 58.5 879.8 214.5 891.9 209.9 898.2 221.6 888.6 237.2 898.0 234.1 0.9997
367.5 200.3 53.1 72.6 371.9 229.1 387.5 229.7 370.2 243.0 375.9 256.4 386.7 256.8 0.9996
558.8 210.0 72.4 103.7 570.6 239.6 601.0 241.8 574.9 259.1 569.5 283.2 593.1 285.2 0.9996
179.4 238.4 67.5 71.0 188.7 255.9 207.9 258.5 183.7 269.1 185.1 287.0 199.8 288.6 0.9995
294.0 220.9 42.0 55.7 299.1 240.8 315.7 240.5 303.2 250.8 301.2 262.8 313.6 262.5 0.9994
74.5 235.9 58.2 71.0 86.6 261.8 112.9 254.5 101.8 269.9 97.5 290.7 116.2 284.6 0.9991
951.0 182.1 41.3 47.5 958.0 200.0 976.9 197.6 966.3 208.6 962.3 219.1 976.5 217.1 0.9989
680.9 203.7 44.0 59.5 691.5 229.3 712.1 226.0 703.1 239.9 696.6 250.2 713.5 247.6 0.9987
140.1 67.1 29.0 34.3 146.5 78.8 159.9 77.9 152.6 84.7 148.5 92.8 158.7 92.1 0.9980
7.3 263.2 43.5 56.8 19.9 288.6 38.4 283.2 33.0 297.1 28.9 309.0 42.8 304.3 0.9977
490.0 186.9 39.5 44.2 507.0 203.1 522.2 202.1 519.9 207.0 513.4 218.8 524.9 218.0 0.9973
129.3 245.2 41.6 56.4 139.0 265.8 156.7 267.0 145.9 277.6 139.8 287.8 153.5 288.6 0.9950
558.0 60.9 26.0 32.9 561.7 71.1 572.0 70.6 565.2 78.3 564.0 85.4 572.2 84.8 0.9926
94.4 74.0 28.1 33.5 107.2 86.6 118.4 85.6 116.9 91.2 111.2 99.3 119.3 98.6 0.9909
0.0 330.6 108.4 257.7 35.4 439.1 66.1 424.5 93.2 469.3 72.8 531.8 92.5 520.8 0.9892
484.1 78.8 21.6 26.5 489.1 88.2 499.5 88.3 493.8 92.8 490.2 98.7 497.8 98.7 0.9881
334.2 79.0 30.2 44.7 341.0 95.7 345.0 96.1 337.8 103.9 341.3 112.8 344.5 112.6 0.9866
737.4 44.9 24.1 31.7 740.8 57.5 750.0 56.0 744.6 64.0 744.5 70.5 751.5 69.1 0.9722
885.0 167.7 31.9 39.0 892.4 182.6 905.0 180.4 898.7 189.5 896.4 197.8 905.9 196.0 0.9693
644.0 56.8 23.9 24.7 647.6 67.1 655.8 66.3 651.4 73.3 652.5 77.5 657.6 76.7 0.9578
609.0 70.6 20.1 24.4 285.4 244.6 301.4 241.9 293.3 252.7 290.5 264.8 302.4 262.5 0.9203
762.5 191.2 35.2 54.2 614.3 79.7 622.4 80.1 617.7 85.0 615.3 89.5 620.9 89.7 0.9080
804.9 63.8 19.7 26.3 770.9 210.9 778.9 212.6 769.3 220.7 768.3 231.5 774.2 232.4 0.8955
996.0 48.8 21.9 28.2 814.7 73.2 821.6 72.6 820.4 78.3 816.0 84.0 821.2 83.8 0.8918
959.5 51.9 22.4 27.4 998.6 61.6 1007.0 60.3 1001.6 66.5 1001.2 72.4 1007.1 71.2 0.8103
59.4 69.3 22.9 34.6 341.7 245.8 353.2 245.7 348.2 255.1 345.9 264.4 354.3 264.1 0.7822
