2--Demonstration/2_Demonstration_Demonstration_Or_Protest_2_101.jpg
61
810.5 501.4 20.9 25.8 820.7 511.2 828.8 511.9 826.8 516.3 820.9 520.7 827.0 521.4 0.9996
364.8 504.9 21.7 26.8 373.6 514.6 383.0 514.9 379.6 519.7 374.3 524.5 382.1 524.7 0.9995
387.9 498.3 20.3 27.1 396.0 507.7 404.8 509.0 400.7 513.3 395.2 517.5 402.8 518.6 0.9995
699.6 501.2 21.7 25.7 708.1 510.5 717.5 511.4 713.6 516.3 708.5 520.6 715.5 521.4 0.9995
279.1 663.0 51.1 48.6 291.2 684.7 315.4 681.9 304.7 698.8 298.0 709.7 315.7 707.2 0.9994
456.4 508.9 20.9 27.2 464.6 519.1 473.8 519.5 470.4 524.3 465.3 528.8 473.0 529.3 0.9993
954.7 511.3 18.6 23.5 962.6 520.3 970.0 519.1 968.9 524.5 964.8 529.9 970.5 529.2 0.9993
868.0 519.6 22.3 25.0 878.1 527.2 886.6 526.7 884.2 532.4 879.2 537.9 885.7 537.8 0.9990
887.7 495.1 16.9 22.1 896.3 502.3 902.5 502.3 901.5 506.7 897.2 511.5 902.1 511.6 0.9987
477.3 503.1 18.2 25.4 485.1 511.5 493.1 511.3 490.7 516.9 485.6 522.0 492.3 522.0 0.9986
990.9 503.1 19.0 24.1 999.0 512.5 1006.8 511.4 1005.3 516.8 1001.3 522.0 1007.2 521.2 0.9986
930.3 486.1 17.7 24.0 938.3 495.5 945.6 494.9 943.9 499.5 939.8 504.5 945.4 504.2 0.9985
435.9 475.1 16.8 20.5 443.9 482.2 450.3 483.3 447.9 486.9 443.6 490.1 448.5 491.1 0.9985
611.1 500.1 19.2 24.3 619.5 509.0 627.6 509.2 625.0 514.1 619.9 518.7 626.2 519.0 0.9984
26.0 540.6 24.6 30.9 33.5 553.7 44.9 553.7 39.7 559.9 35.1 565.1 43.3 565.2 0.9982
577.5 481.7 17.1 21.4 583.3 491.1 590.9 490.1 588.2 494.9 585.0 499.0 590.8 498.3 0.9981
522.8 520.4 20.9 28.4 532.2 531.8 541.0 531.2 538.9 536.7 533.4 541.7 540.7 541.4 0.9979
90.2 528.3 20.4 26.5 100.3 537.4 107.7 536.7 106.3 543.1 101.4 548.7 106.6 548.4 0.9978
254.0 476.5 12.9 17.1 259.0 483.2 264.4 483.0 262.4 486.6 259.7 489.7 263.9 489.7 0.9978
303.4 480.5 13.4 15.8 310.9 486.4 315.1 486.3 314.7 489.9 311.2 492.9 314.0 493.0 0.9967
508.1 482.6 14.1 17.7 515.1 489.2 520.0 489.0 519.2 493.2 516.1 496.6 519.4 496.6 0.9961
866.1 497.4 17.8 20.1 872.5 504.9 880.5 504.5 877.4 509.3 874.0 513.4 879.7 513.2 0.9961
292.9 518.8 17.6 21.5 300.6 528.5 307.8 527.9 305.7 533.1 301.8 536.8 306.5 536.5 0.9957
560.6 488.3 12.7 16.5 564.4 495.5 570.3 495.4 567.8 498.9 565.2 501.7 569.8 501.7 0.9946
628.0 500.2 17.9 23.5 629.8 508.3 637.7 508.5 632.3 513.7 630.9 518.4 637.2 518.4 0.9940
733.3 500.2 15.8 21.9 739.3 509.2 745.9 509.3 743.1 514.1 739.4 517.4 744.8 517.7 0.9939
767.7 509.8 18.2 23.7 778.1 519.3 783.3 517.6 784.1 523.4 780.8 528.9 784.3 528.0 0.9936
235.8 469.7 11.7 14.3 238.6 475.5 243.9 475.3 241.2 478.3 239.4 481.0 243.6 480.9 0.9933
671.0 477.1 13.2 19.4 678.0 485.1 682.7 485.2 682.0 489.2 678.6 492.7 682.1 492.8 0.9929
418.1 481.5 14.5 20.1 424.7 489.9 430.2 488.6 429.5 493.6 426.5 497.6 430.7 496.8 0.9920
540.9 518.6 15.3 21.6 547.2 526.6 553.3 527.4 550.8 531.7 546.9 535.1 551.7 535.8 0.9887
205.4 511.8 21.2 28.3 211.0 524.2 220.4 522.3 216.8 529.1 214.2 534.9 221.2 533.5 0.9883
576.0 454.3 11.0 13.7 581.0 459.6 585.5 459.5 584.1 462.5 581.4 464.9 584.8 464.9 0.9877
725.5 501.8 16.3 22.8 733.3 511.3 740.0 511.5 737.7 516.7 733.2 520.1 738.6 520.4 0.9862
258.0 509.1 14.6 19.7 261.4 517.2 268.2 516.9 264.7 521.5 262.5 525.1 267.4 524.9 0.9838
657.0 490.8 16.7 18.2 662.2 496.0 669.6 496.4 665.9 499.8 662.7 503.6 668.6 503.9 0.9720
897.7 483.1 15.3 16.9 901.3 489.1 908.8 488.9 905.0 493.0 902.4 496.3 908.3 496.1 0.9700
25.7 489.0 14.4 17.1 29.3 494.9 35.9 495.0 32.6 498.6 30.0 502.2 35.2 502.2 0.9687
607.6 462.0 12.1 15.3 611.8 468.3 617.4 468.2 615.2 471.8 612.7 474.6 616.7 474.5 0.9664
482.3 451.2 9.8 12.0 485.2 456.2 489.5 456.1 487.4 458.7 485.8 461.0 489.1 460.9 0.9637
41.7 459.8 10.8 14.7 45.0 466.0 50.0 465.7 47.9 469.0 45.9 471.7 49.7 471.5 0.9528
476.6 484.6 14.0 16.4 481.1 490.3 487.5 490.8 484.5 493.5 481.7 496.9 486.5 497.2 0.9507
465.2 468.9 12.7 14.6 468.1 474.6 474.0 474.4 470.9 477.9 469.1 480.6 473.5 480.4 0.9389
99.2 456.1 10.0 12.0 101.6 461.4 106.0 461.6 103.3 464.1 101.9 466.2 105.3 466.3 0.9032
194.2 470.7 11.3 13.3 197.7 476.3 202.6 476.6 200.1 479.2 197.9 481.5 201.7 481.6 0.8906
534.5 491.8 12.2 17.1 541.8 499.7 545.0 498.6 545.9 502.6 543.5 506.3 545.5 505.7 0.8887
97.5 472.7 12.2 16.0 101.1 478.9 107.0 478.4 104.5 482.0 102.2 485.2 106.8 484.9 0.8670
526.2 460.5 12.3 14.5 528.8 466.4 534.4 465.8 531.7 469.1 530.1 472.1 534.4 471.6 0.8345
160.7 488.2 17.0 21.0 164.3 495.4 172.1 496.0 167.5 500.5 164.9 504.4 170.9 504.8 0.8070
491.9 487.7 12.2 15.9 495.5 493.9 500.6 493.3 498.7 496.9 496.9 500.2 500.8 499.8 0.7846
745.0 475.4 17.0 19.6 748.0 481.4 755.4 482.1 750.4 486.1 748.1 489.9 753.8 490.4 0.7576
462.1 450.0 7.3 9.0 464.1 453.6 467.3 453.6 465.7 455.4 464.5 457.1 466.9 457.0 0.7560
93.0 495.6 13.0 17.2 100.1 503.2 103.6 501.7 104.9 505.9 102.7 509.8 104.9 508.9 0.7545
540.6 463.9 10.5 13.9 543.5 469.2 548.2 468.8 546.3 472.0 544.4 475.1 548.3 474.8 0.7275
19.3 465.1 12.1 13.8 22.2 471.1 27.1 469.7 25.3 473.3 24.3 476.5 27.7 475.5 0.6794
65.5 463.4 10.4 13.5 68.0 469.0 72.7 468.9 70.3 471.8 68.8 474.5 72.4 474.3 0.6604
215.8 510.2 17.3 23.7 223.5 519.5 229.4 519.2 228.1 524.8 224.4 529.6 228.6 529.6 0.6531
0.0 472.1 7.8 13.9 -1.2 477.2 4.6 477.0 1.9 480.2 -0.2 482.8 4.2 482.7 0.6237
449.2 449.4 9.5 11.3 452.2 453.8 456.6 453.6 454.7 456.0 452.8 458.2 456.3 458.1 0.6113
204.3 487.6 14.2 16.7 207.5 492.9 214.1 492.8 210.6 496.6 208.4 500.3 213.6 500.2 0.5995
867.3 479.8 14.5 18.1 872.3 487.0 878.3 486.8 875.9 490.4 873.1 493.9 878.0 493.8 0.5896
