2--Demonstration/2_Demonstration_Demonstration_Or_Protest_2_517.jpg
31
128.4 63.0 19.8 28.2 142.5 73.9 146.5 72.8 149.0 78.4 143.8 84.2 146.7 83.8 0.9999
59.4 69.9 23.6 29.4 73.4 79.6 80.5 80.0 80.0 85.6 73.1 91.2 78.6 91.9 0.9999
893.7 94.7 29.6 33.0 898.1 103.6 909.7 103.1 900.6 109.1 898.4 118.0 907.5 117.5 0.9998
288.4 69.1 19.1 23.0 296.7 77.4 304.6 78.4 301.8 82.2 296.9 86.2 302.9 87.0 0.9998
318.9 64.1 15.9 18.2 321.9 70.2 328.7 70.3 324.5 73.7 322.5 77.4 328.2 77.3 0.9997
410.6 73.8 33.7 39.7 413.3 89.1 425.3 86.5 416.3 96.5 418.6 104.9 427.3 102.6 0.9997
329.1 96.5 27.3 31.1 333.9 105.0 343.5 106.5 333.6 109.9 332.0 117.7 338.9 118.7 0.9996
152.7 74.7 19.1 27.5 163.7 86.0 169.1 84.8 169.8 90.5 165.5 96.1 169.4 95.6 0.9996
374.7 65.5 16.0 21.7 379.4 74.0 387.1 73.9 383.5 78.1 380.1 82.3 386.6 82.3 0.9996
279.9 111.3 22.6 27.3 283.5 121.0 292.7 120.9 286.4 126.3 284.6 131.8 291.4 131.7 0.9995
808.0 56.8 33.8 39.2 813.1 69.1 827.2 67.9 817.7 76.3 815.2 85.6 825.9 84.7 0.9994
666.8 64.6 39.1 45.8 670.9 79.7 683.7 78.7 672.5 88.2 673.2 98.3 682.5 97.1 0.9994
516.4 49.0 34.1 40.3 520.7 62.1 530.1 62.2 518.9 68.6 519.9 78.7 526.4 78.4 0.9993
202.8 67.2 20.8 25.6 213.8 76.6 221.3 77.2 219.8 81.6 214.1 85.8 219.9 86.5 0.9993
956.0 120.5 23.6 25.5 960.8 128.2 970.8 128.9 964.2 133.8 961.2 138.9 968.7 139.5 0.9988
215.6 135.2 19.7 24.7 223.7 145.4 232.1 144.1 230.5 148.2 226.7 154.4 232.8 153.4 0.9988
237.9 91.0 17.0 22.1 247.2 98.4 251.5 97.7 252.8 102.0 249.6 107.4 252.7 107.1 0.9987
489.2 70.7 12.9 17.7 497.2 78.0 500.4 78.1 500.6 81.3 497.3 84.4 499.5 84.7 0.9973
345.2 63.6 16.9 18.9 349.6 70.6 357.2 70.7 352.9 73.4 349.7 77.3 356.0 77.4 0.9969
777.0 98.1 24.4 27.5 780.4 107.1 790.1 107.4 782.0 112.9 780.9 118.6 787.6 118.8 0.9966
49.9 49.9 20.9 25.5 61.1 60.2 68.2 59.9 67.4 64.7 62.4 69.2 67.7 69.3 0.9963
221.1 60.8 15.3 18.4 224.3 66.1 231.1 65.5 227.4 69.5 225.3 74.0 230.7 73.6 0.9956
589.1 88.0 13.0 17.2 594.5 95.7 600.0 95.3 598.1 99.1 595.5 102.1 599.4 101.9 0.9937
745.2 105.8 10.4 13.0 749.7 110.8 753.9 110.6 752.8 112.8 750.5 115.6 753.8 115.5 0.9932
67.7 173.5 23.4 33.0 84.9 185.0 88.4 185.6 90.3 192.4 82.9 198.6 84.9 199.5 0.9888
117.5 39.9 17.7 20.7 121.7 47.8 130.3 47.9 125.8 51.7 122.9 56.1 129.3 56.1 0.9867
660.4 102.4 11.4 15.3 667.5 107.4 669.7 107.0 670.8 109.8 668.6 113.6 670.1 113.5 0.9864
187.5 47.2 16.3 20.7 192.8 55.5 199.9 54.1 197.6 58.4 195.2 63.4 200.5 62.4 0.9773
601.7 116.2 16.7 23.3 984.7 127.4 986.8 127.6 983.3 131.8 985.2 135.8 986.5 135.8 0.9573
624.7 105.2 10.8 13.1 606.5 123.2 610.4 124.1 606.8 128.0 605.2 133.0 608.4 133.6 0.7897
354.9 80.2 13.7 16.6 649.8 101.4 654.9 101.8 651.9 104.5 649.6 107.1 653.5 107.4 0.7570
