2--Demonstration/2_Demonstration_Political_Rally_2_235.jpg
108
489.2 197.1 63.1 84.6 495.1 234.9 515.5 229.7 496.9 247.7 501.7 263.5 518.1 259.2 0.9996
159.6 331.2 21.7 29.0 165.6 341.3 176.1 341.5 170.9 346.5 166.1 352.0 175.2 352.2 0.9994
196.8 457.0 25.6 36.8 203.9 471.7 216.7 471.4 210.7 478.5 204.6 484.6 215.8 484.4 0.9990
217.5 301.3 23.5 31.1 223.9 313.7 234.7 313.0 229.6 319.3 225.3 324.6 234.4 324.0 0.9989
826.8 485.9 25.1 31.8 830.2 499.0 840.6 499.0 833.4 505.0 831.9 510.7 839.6 510.5 0.9989
22.8 387.5 25.0 34.0 31.4 400.8 42.4 402.3 36.9 408.5 31.1 413.2 39.3 414.4 0.9986
100.5 184.5 18.0 23.8 107.9 193.2 115.3 193.5 112.9 197.8 109.0 202.5 114.6 202.7 0.9986
122.1 388.7 25.7 33.8 130.5 402.9 141.2 403.4 136.0 408.9 131.0 414.1 139.7 414.6 0.9985
214.8 381.6 23.6 29.0 221.9 391.9 233.5 392.7 227.8 397.0 222.2 403.0 231.5 403.6 0.9984
102.5 356.1 25.6 31.7 109.8 369.7 121.4 368.5 116.4 374.6 112.4 381.1 121.0 380.1 0.9984
261.1 482.5 25.2 31.4 268.9 493.5 280.1 493.0 275.3 498.7 271.0 505.3 279.3 505.0 0.9981
328.1 354.1 21.0 23.9 333.9 360.8 344.1 360.7 339.1 365.7 334.8 371.1 343.1 371.1 0.9980
708.9 215.9 18.9 24.2 714.0 225.0 722.9 224.9 718.5 229.6 714.7 234.1 722.0 234.1 0.9978
673.8 411.8 24.0 30.9 678.9 423.9 689.9 423.3 683.7 428.5 679.9 434.2 689.4 433.7 0.9977
114.8 455.0 26.7 34.1 122.0 469.5 135.0 469.4 128.6 475.7 123.7 482.0 133.4 481.9 0.9976
46.5 119.3 17.1 19.8 51.4 125.1 59.3 125.6 55.4 129.6 52.3 133.8 58.0 134.1 0.9973
122.0 166.9 18.9 24.5 127.7 177.2 136.2 177.2 132.3 181.5 128.3 185.3 135.5 185.3 0.9970
657.5 287.5 22.8 27.3 663.6 298.7 674.1 298.1 669.0 303.1 665.3 308.7 673.1 308.3 0.9965
627.2 188.7 14.7 19.0 630.8 195.5 637.5 194.9 634.1 198.6 631.9 202.9 637.2 202.5 0.9965
128.0 129.5 16.8 21.1 132.5 136.5 140.6 136.1 136.8 140.0 133.7 145.1 139.9 144.8 0.9963
713.5 160.7 15.6 21.0 717.5 168.6 725.2 168.6 721.3 172.7 718.2 176.8 724.2 176.8 0.9959
824.9 380.8 22.2 30.3 828.4 394.0 836.9 394.6 830.6 399.7 829.5 404.7 835.5 404.9 0.9958
984.0 376.2 22.7 27.8 989.9 387.7 1000.3 389.1 994.2 393.7 989.9 397.5 997.8 398.5 0.9956
464.1 245.8 20.8 25.1 470.0 256.2 478.7 256.4 474.2 260.7 470.4 264.6 477.5 264.8 0.9951
170.1 270.2 24.8 31.8 179.3 279.6 189.7 281.2 184.8 285.0 178.8 291.5 188.1 292.8 0.9946
640.8 238.6 17.1 21.6 645.7 246.1 653.8 245.8 650.1 250.9 647.1 255.3 653.1 255.1 0.9940
598.9 246.8 15.2 19.0 603.6 253.5 610.5 253.5 607.2 257.1 604.1 260.7 609.9 260.7 0.9926
440.9 598.8 24.0 26.6 452.3 606.2 460.6 609.1 455.7 614.0 448.0 616.8 454.6 619.3 0.9924
321.9 118.2 16.2 20.8 326.6 126.2 333.8 126.1 330.2 130.0 327.4 134.0 333.2 133.9 0.9921
582.0 144.8 15.2 20.1 585.4 152.1 591.6 152.3 587.8 156.2 585.8 160.3 590.9 160.3 0.9920
278.7 386.6 27.8 33.9 288.3 400.9 299.7 399.3 295.8 404.8 291.5 412.2 300.6 411.0 0.9904
581.0 93.6 13.3 18.0 584.1 100.7 590.3 100.5 587.2 104.0 585.0 107.5 590.1 107.3 0.9894
543.3 107.2 13.6 17.8 546.8 114.3 552.9 114.4 549.8 117.8 547.4 121.1 552.3 121.1 0.9894
653.3 171.0 13.2 17.8 657.1 177.9 663.0 178.2 659.9 181.2 657.2 184.3 662.1 184.6 0.9889
374.8 464.1 26.4 32.2 382.0 474.4 393.5 474.4 387.7 479.9 383.1 486.3 393.0 486.2 0.9883
736.9 509.9 29.6 32.7 744.3 519.2 756.8 519.2 749.7 525.4 745.1 532.8 755.0 532.8 0.9883
980.2 244.0 15.6 20.3 984.9 251.8 992.4 251.7 989.1 255.6 985.8 259.7 991.4 259.7 0.9877
727.2 490.0 22.9 30.3 731.9 500.9 742.5 500.8 736.0 506.0 732.5 512.6 740.9 512.4 0.9874
105.7 107.1 16.4 22.0 109.2 115.4 117.8 115.5 113.2 119.5 110.1 124.1 116.4 124.2 0.9871
454.8 433.1 28.9 35.0 465.1 449.1 477.1 446.7 473.5 454.5 469.2 461.4 478.6 459.6 0.9848
898.0 541.4 18.1 27.9 901.6 552.8 910.6 552.7 905.6 558.3 902.7 563.8 909.5 563.7 0.9772
51.6 47.7 13.3 16.8 55.2 54.2 61.4 54.3 58.3 57.1 55.8 60.5 60.6 60.6 0.9767
444.9 175.1 16.0 23.2 449.0 184.1 456.5 184.3 452.5 188.6 449.4 193.0 455.6 193.2 0.9767
24.7 118.5 14.2 20.0 28.6 126.8 35.6 127.1 32.0 131.1 29.1 134.7 34.2 134.9 0.9765
260.4 553.4 25.9 31.4 269.6 565.5 281.5 564.0 278.0 570.2 272.9 577.7 281.9 576.7 0.9753
918.5 410.6 19.1 23.0 922.9 418.8 932.0 419.1 927.0 423.5 923.7 428.4 930.2 428.6 0.9749
235.9 252.6 18.5 23.7 241.5 261.5 250.4 261.4 246.6 265.3 242.9 270.5 249.6 270.5 0.9745
895.1 244.2 16.7 20.3 898.7 250.5 907.0 250.9 902.3 255.0 899.3 259.4 905.5 259.6 0.9743
636.0 214.0 15.0 17.3 639.6 218.7 645.4 220.0 640.6 223.2 639.0 226.3 643.4 227.2 0.9742
276.2 93.9 14.0 16.7 279.9 99.6 286.1 99.7 283.0 103.0 280.4 106.3 285.5 106.4 0.9741
751.8 186.0 14.5 18.9 755.8 193.4 761.9 193.4 758.8 197.2 756.5 200.8 761.3 200.8 0.9737
638.1 148.7 12.7 17.3 641.4 155.2 647.9 155.5 644.6 158.9 642.0 162.2 646.8 162.4 0.9678
731.4 115.8 13.6 18.4 735.2 122.2 741.6 122.1 738.6 125.9 736.1 129.8 740.9 129.8 0.9676
916.9 229.7 14.4 16.9 920.5 235.4 927.4 235.5 923.7 238.9 921.3 242.6 926.3 242.7 0.9675
833.7 128.8 13.5 18.4 836.6 135.7 843.2 135.7 839.5 139.4 837.3 143.1 842.3 143.0 0.9620
770.5 96.6 12.9 17.0 773.3 103.6 779.2 103.3 776.1 106.8 774.6 110.1 778.8 109.8 0.9615
684.6 182.6 14.4 17.9 687.9 190.2 693.5 189.7 690.3 193.5 689.4 197.1 693.6 196.6 0.9559
288.5 154.4 12.7 17.4 292.3 161.5 298.1 161.4 295.4 164.8 293.0 168.1 297.6 168.0 0.9547
698.5 96.6 12.0 15.6 701.9 103.1 707.6 103.0 704.9 106.2 702.6 109.2 707.1 109.2 0.9529
714.5 110.2 12.2 15.8 717.1 116.6 722.7 116.2 719.7 119.4 718.2 122.7 722.2 122.4 0.9514
694.1 230.1 13.1 16.2 697.4 236.5 704.1 236.7 700.8 240.1 698.2 243.3 703.1 243.4 0.9506
846.8 157.6 15.4 19.7 850.0 165.2 856.8 164.5 853.3 169.0 851.5 173.3 856.6 172.7 0.9478
672.3 121.5 11.8 15.5 675.4 127.3 681.0 127.3 678.1 130.5 676.0 133.7 680.4 133.6 0.9416
256.8 85.5 14.2 18.4 259.7 92.2 266.0 91.9 262.4 95.6 260.8 99.7 265.5 99.5 0.9326
3.1 168.1 16.7 19.7 8.7 174.9 16.9 175.7 13.0 179.4 9.1 183.3 14.9 184.0 0.9258
346.5 91.2 14.2 19.0 350.3 98.8 356.7 98.7 353.5 102.6 351.2 106.3 356.2 106.1 0.9166
578.8 55.1 11.2 15.1 582.2 60.7 587.5 60.7 585.0 63.8 582.8 66.8 586.7 66.8 0.9121
734.4 274.6 19.1 24.4 737.7 283.0 746.5 283.5 740.8 288.4 738.2 293.6 745.2 293.8 0.9079
923.5 135.0 16.3 22.4 927.7 142.9 935.4 143.1 931.2 147.6 928.3 152.2 934.1 152.3 0.9014
470.0 134.8 14.9 18.0 473.9 141.9 480.6 141.7 477.3 145.4 475.0 148.9 480.3 148.7 0.8993
959.2 357.8 20.2 25.5 965.1 366.1 973.7 365.7 969.4 370.6 965.9 376.5 972.4 376.3 0.8977
806.1 134.0 13.6 17.8 809.5 141.2 815.8 140.9 812.8 144.8 810.6 148.5 815.5 148.3 0.8973
230.4 33.0 16.3 20.0 235.5 39.4 243.2 38.9 240.1 43.1 237.0 47.9 242.9 47.5 0.8856
948.2 140.9 14.4 16.7 951.7 147.6 958.6 148.0 954.8 151.7 952.4 154.7 957.2 155.0 0.8836
406.0 108.9 14.6 18.6 411.0 116.3 417.1 116.2 414.7 119.9 411.8 123.5 416.6 123.5 0.8755
624.6 65.7 10.8 14.8 627.2 71.1 632.5 71.5 629.5 74.5 627.5 77.4 631.4 77.7 0.8750
397.8 129.8 15.1 21.3 400.5 137.8 407.1 137.8 402.9 142.4 401.5 146.9 406.6 146.8 0.8686
345.4 146.9 16.8 21.6 350.8 154.2 358.4 154.8 354.7 158.8 351.1 163.0 357.0 163.5 0.8517
821.2 347.4 16.3 19.2 824.7 353.9 832.5 354.3 827.9 358.6 825.3 362.4 830.8 362.7 0.8478
369.2 170.4 16.8 22.5 374.6 179.5 382.6 179.4 379.0 184.2 375.7 188.3 381.7 188.2 0.8407
514.9 47.4 11.5 15.4 517.4 53.3 522.8 53.4 519.7 56.3 517.9 59.6 521.8 59.6 0.8403
654.9 89.0 13.2 17.2 657.9 96.1 664.1 96.2 660.7 99.6 658.4 102.8 663.3 102.9 0.8398
380.5 111.2 14.8 19.2 383.2 119.2 390.2 118.4 386.5 122.9 384.9 126.7 390.1 126.0 0.8380
740.3 140.9 13.7 19.6 743.0 148.3 749.3 148.4 745.7 152.0 743.6 156.0 748.6 156.0 0.8319
971.0 111.0 12.4 15.8 974.8 116.5 980.1 117.7 976.9 120.6 974.2 123.0 978.0 124.0 0.8301
184.4 41.2 12.3 17.4 187.3 47.2 193.2 47.4 189.8 50.7 187.6 54.5 192.0 54.7 0.8187
13.6 31.9 11.7 14.8 16.5 38.3 22.3 38.0 19.7 41.5 17.7 44.4 21.8 44.2 0.8126
1006.1 290.9 16.9 21.0 1011.8 301.1 1019.9 300.7 1016.6 305.9 1013.4 309.1 1018.9 308.9 0.8110
796.4 236.6 16.8 21.1 800.2 244.8 807.5 245.3 803.1 249.7 800.7 253.5 806.2 253.8 0.8078
152.8 53.2 15.0 19.9 157.8 61.3 164.7 60.7 162.4 65.3 159.8 69.3 164.8 68.9 0.8071
865.9 91.7 13.4 16.9 871.2 98.0 876.7 97.6 874.8 101.4 872.2 105.0 876.2 104.8 0.7907
871.2 299.3 14.3 16.8 874.9 305.9 881.4 306.3 877.8 309.7 875.1 312.9 880.1 313.1 0.7808
806.5 422.7 21.3 24.1 813.4 432.3 823.5 432.4 819.2 437.3 814.4 441.5 822.0 441.7 0.7675
420.4 195.5 18.8 23.2 426.7 205.3 435.5 205.3 431.8 210.3 428.3 214.5 434.8 214.5 0.7658
604.6 87.9 14.8 18.7 608.8 95.0 615.2 95.2 611.8 98.8 609.3 102.3 614.3 102.4 0.7638
868.7 196.0 15.6 19.6 873.1 204.1 880.1 205.2 876.1 208.6 872.8 211.8 877.8 212.7 0.7377
909.6 179.1 14.8 17.6 913.3 184.5 920.4 184.9 916.5 188.2 913.6 192.0 919.2 192.3 0.7377
763.5 320.4 20.0 28.3 767.1 330.7 774.7 331.2 769.0 336.9 767.7 342.5 773.4 342.7 0.7347
809.0 267.8 22.8 32.2 813.1 280.6 823.2 281.3 816.7 287.1 813.6 292.8 821.5 293.2 0.7114
884.2 317.9 14.8 16.5 887.2 323.1 893.9 323.2 890.1 327.2 888.2 330.7 893.1 330.7 0.7064
14.0 337.8 26.7 31.3 26.8 349.5 37.9 351.0 33.7 356.0 26.9 361.3 35.3 362.6 0.6764
492.6 114.1 12.4 16.1 495.3 120.6 500.6 120.2 497.8 123.7 496.5 127.1 500.7 126.8 0.6708
998.5 111.2 12.8 17.2 1001.2 118.6 1006.9 118.6 1003.5 122.3 1001.9 125.6 1006.1 125.5 0.6675
902.4 382.0 14.6 22.0 907.3 389.6 913.5 389.0 911.1 393.9 908.2 398.6 913.4 398.2 0.6640
302.3 71.0 11.5 13.8 305.3 76.5 310.5 76.4 307.8 79.7 306.1 82.5 309.8 82.4 0.6387
974.2 214.8 13.4 17.5 979.5 221.5 985.2 221.1 983.4 225.0 980.5 228.7 984.9 228.5 0.6267
963.2 227.0 12.6 16.8 966.4 234.2 971.3 234.6 968.2 237.7 966.5 240.6 970.3 240.8 0.5871
911.2 295.0 21.9 22.0 916.5 301.8 925.6 303.1 919.8 307.7 916.9 311.6 923.2 312.5 0.5828
