2--Demonstration/2_Demonstration_Demonstration_Or_Protest_2_485.jpg
35
435.6 567.3 89.9 118.8 480.0 614.1 513.7 612.8 512.6 632.8 489.3 658.5 516.1 657.3 0.9998
118.1 477.0 40.2 47.1 137.5 493.3 153.3 493.1 150.0 502.1 139.4 511.9 151.5 511.9 0.9995
429.5 494.9 33.8 40.5 436.2 508.8 451.6 508.0 443.1 516.9 438.7 524.5 451.1 523.9 0.9994
487.4 471.4 26.0 32.4 499.4 483.6 509.9 483.1 507.5 489.8 500.4 495.5 509.0 495.2 0.9993
121.7 543.2 37.8 49.0 137.7 559.4 153.9 560.1 149.7 567.8 140.1 578.6 152.6 579.3 0.9993
522.6 470.3 16.7 21.2 528.8 478.4 536.0 478.9 533.1 482.3 529.3 486.2 534.9 486.6 0.9989
312.5 475.9 14.8 18.6 317.9 483.0 324.4 481.8 323.2 484.6 320.4 489.6 325.3 488.7 0.9985
262.6 429.4 9.8 12.8 265.1 434.9 269.4 434.7 267.1 437.2 265.7 439.5 268.9 439.4 0.9970
645.1 453.9 13.9 18.2 649.6 460.6 655.5 461.3 652.4 464.3 649.2 467.0 654.6 467.6 0.9965
588.8 441.8 11.3 15.5 590.8 447.5 593.5 448.1 589.7 450.3 590.3 453.4 592.0 453.7 0.9964
984.4 454.0 16.9 23.6 987.7 461.0 989.2 461.4 984.8 466.1 987.8 471.4 988.8 471.2 0.9951
194.9 442.6 9.3 12.8 197.2 447.8 201.5 448.1 199.2 450.4 197.5 452.6 200.8 452.8 0.9929
424.2 445.3 10.3 14.0 429.8 451.6 433.2 451.2 432.7 454.5 430.1 456.9 432.4 456.7 0.9927
534.5 455.2 11.4 16.4 536.7 460.8 540.3 461.6 536.5 464.3 536.2 467.3 538.9 467.8 0.9922
291.8 437.6 10.5 14.1 297.0 443.6 300.7 443.2 299.9 446.5 297.3 449.0 300.0 448.8 0.9895
333.3 446.7 11.4 15.6 335.1 451.7 337.7 452.4 333.9 455.0 334.4 458.3 336.1 458.6 0.9891
569.6 568.7 37.8 34.3 593.3 585.5 597.1 587.6 593.7 595.1 584.3 595.1 585.9 596.8 0.9879
198.3 460.5 10.3 17.6 200.2 466.9 200.8 466.9 198.8 470.8 201.2 474.3 201.7 474.0 0.9875
394.9 431.5 7.8 9.7 397.0 435.3 400.5 435.3 398.8 437.2 397.5 438.9 400.2 438.9 0.9862
312.8 440.5 10.1 12.6 315.4 444.7 319.5 444.9 317.1 447.2 315.6 449.9 318.8 450.0 0.9833
406.7 443.2 9.4 13.1 408.8 448.0 412.3 448.2 410.0 450.7 409.1 453.3 411.8 453.4 0.9747
502.8 434.9 8.6 11.8 504.2 439.8 507.0 439.9 504.7 442.3 504.8 444.4 506.7 444.3 0.9682
90.8 439.8 7.0 9.0 92.2 443.2 95.1 443.4 93.1 445.1 92.3 446.6 94.5 446.8 0.9649
166.5 434.9 9.2 11.7 170.7 439.5 174.2 439.9 172.8 442.1 170.5 443.9 173.1 444.3 0.9610
212.0 436.6 10.1 12.8 213.4 441.4 217.3 441.1 214.7 443.9 214.2 446.7 217.0 446.5 0.9602
471.5 433.2 7.6 10.9 475.5 437.9 477.7 437.7 477.6 440.1 475.8 442.2 477.5 442.2 0.9541
145.1 437.5 8.8 11.9 146.9 442.1 149.6 441.9 147.7 444.4 147.8 446.9 149.7 446.7 0.9537
612.0 434.7 11.0 14.1 617.6 439.7 621.1 439.7 620.3 442.6 617.9 445.4 620.5 445.5 0.9535
373.9 442.5 10.2 11.8 376.8 447.0 380.9 446.7 378.9 449.4 377.8 451.9 380.8 451.6 0.9535
72.6 437.6 8.4 10.8 74.6 442.6 78.3 442.9 76.0 445.0 74.6 446.7 77.4 446.9 0.9293
1010.7 501.9 12.6 43.2 1030.1 516.3 1039.4 516.3 1039.1 525.4 1029.2 533.7 1036.6 534.2 0.8253
564.4 440.6 7.8 9.0 566.2 443.4 569.3 443.6 567.3 445.5 566.4 447.3 568.7 447.4 0.8162
350.9 438.1 9.2 11.4 353.3 443.2 356.7 443.0 354.9 445.4 354.2 447.6 356.6 447.4 0.8073
388.9 446.7 7.3 9.3 390.2 449.8 392.9 450.0 390.9 451.9 390.5 453.7 392.4 453.7 0.7958
564.7 444.2 10.3 13.5 567.7 449.7 572.2 449.9 569.8 452.7 568.0 455.2 571.4 455.3 0.7332
