2--Demonstration/2_Demonstration_Demonstration_Or_Protest_2_276.jpg
26
870.2 397.0 63.4 89.5 879.5 431.9 894.0 437.0 872.1 449.7 879.1 464.7 888.8 468.0 0.9997
599.6 354.3 61.5 82.5 613.4 383.9 641.1 388.2 622.2 405.9 612.4 415.2 634.2 418.7 0.9997
203.8 207.7 15.6 23.0 214.6 217.2 216.4 216.4 220.0 220.6 216.4 225.3 217.2 225.1 0.9995
240.1 224.4 17.3 22.9 246.5 235.6 254.2 234.8 251.7 239.9 248.1 243.2 254.2 242.6 0.9990
513.9 204.5 15.3 21.4 516.1 212.9 522.4 213.2 517.9 216.9 516.7 220.9 521.7 221.1 0.9989
601.5 241.4 20.9 29.5 612.1 252.8 618.5 254.2 616.2 259.3 610.5 263.7 615.1 265.0 0.9989
500.1 204.4 13.9 17.9 504.0 210.1 510.5 210.2 507.3 214.3 504.6 217.7 509.8 217.8 0.9988
897.9 165.4 18.5 24.4 900.7 174.8 906.7 176.1 900.6 180.1 900.5 184.3 904.7 184.9 0.9987
903.8 242.8 15.0 19.7 908.7 250.1 915.6 251.5 911.5 255.2 907.8 257.8 913.2 258.9 0.9981
930.2 242.6 15.4 20.2 934.3 249.4 941.6 250.6 937.2 253.4 933.9 257.2 939.7 258.1 0.9981
550.9 218.0 16.9 20.1 555.6 226.1 562.6 227.2 558.4 231.0 555.7 233.9 560.5 234.7 0.9980
333.0 262.2 22.8 40.7 351.6 275.8 351.2 275.5 355.9 284.4 349.2 292.5 349.5 292.7 0.9979
814.8 327.5 23.1 35.2 818.5 340.8 822.7 340.7 815.6 346.6 818.8 354.4 821.6 354.0 0.9978
355.0 205.5 14.6 17.6 361.4 212.8 367.4 212.3 365.8 215.7 362.7 219.3 367.0 219.0 0.9974
265.4 407.0 47.5 78.0 302.9 437.6 302.2 437.9 300.5 456.3 287.9 466.4 288.3 466.7 0.9971
224.0 208.5 15.0 17.0 228.9 214.4 235.9 213.9 233.0 217.8 230.3 221.6 235.4 221.3 0.9963
135.9 206.4 14.9 16.4 140.1 211.7 146.7 211.7 143.4 215.1 140.9 218.5 146.0 218.4 0.9962
357.1 224.6 12.4 19.2 365.4 231.4 366.2 230.8 368.9 234.3 366.4 238.6 367.1 238.4 0.9961
631.7 259.0 23.1 30.4 635.0 269.3 641.1 270.3 633.7 275.2 634.8 281.5 638.9 282.0 0.9960
181.8 210.9 13.7 17.1 186.9 216.5 192.6 215.8 190.8 219.9 188.3 223.9 192.6 223.4 0.9950
93.0 209.8 15.4 18.1 98.7 217.0 105.3 216.6 102.9 220.5 99.9 224.1 104.7 223.9 0.9940
544.9 207.1 12.4 16.1 546.8 213.0 551.6 213.6 547.8 216.8 547.0 219.7 550.5 220.0 0.9886
469.1 248.2 20.9 21.8 475.6 257.8 484.2 256.9 480.4 263.0 477.8 266.8 483.4 266.1 0.9884
946.0 245.2 13.5 18.3 948.9 253.6 955.5 253.2 952.3 257.4 950.4 260.5 955.2 260.2 0.9813
394.4 234.8 17.0 24.5 397.1 241.3 400.3 242.2 395.4 247.0 396.5 252.4 399.2 252.8 0.8043
39.2 211.7 14.1 18.0 44.5 218.5 50.6 217.7 48.8 222.2 46.3 226.3 50.7 225.7 0.8039
