2--Demonstration/2_Demonstration_Political_Rally_2_462.jpg
57
504.9 574.0 28.0 35.2 513.2 584.1 525.4 585.4 518.6 593.4 512.3 597.5 523.4 598.5 0.9990
136.6 487.4 9.9 12.6 137.7 492.2 139.9 492.4 138.0 495.2 139.3 497.3 140.7 497.3 0.9989
66.8 480.4 9.6 13.0 67.6 485.4 69.6 485.4 67.0 488.0 68.5 490.6 69.8 490.4 0.9989
909.4 506.4 11.5 12.5 913.4 510.8 918.3 510.8 916.0 513.6 913.7 515.6 917.6 515.7 0.9987
255.1 524.9 11.9 14.4 259.4 530.4 264.6 530.0 262.8 533.1 260.4 535.9 264.4 535.6 0.9986
11.6 455.1 10.2 12.5 12.9 461.1 16.4 460.7 14.1 463.5 14.6 465.5 17.2 465.1 0.9984
995.4 475.0 9.1 11.8 998.1 479.7 1002.3 479.6 1000.4 482.0 998.5 484.0 1002.1 483.9 0.9982
95.9 552.2 14.0 15.9 100.4 557.1 106.6 556.9 103.9 560.6 101.2 563.9 106.2 563.7 0.9982
1009.5 495.0 11.7 13.0 1014.8 500.0 1019.6 499.9 1018.1 502.9 1015.4 505.2 1018.8 505.3 0.9979
56.1 438.7 9.7 12.3 57.1 444.2 60.7 444.1 58.0 446.8 58.1 448.8 60.6 448.6 0.9979
237.2 467.7 9.7 13.1 238.2 472.4 240.3 472.6 237.4 475.2 238.7 477.8 240.0 477.7 0.9978
225.3 508.9 9.0 13.7 231.1 514.4 232.6 513.9 233.7 516.7 231.4 519.3 232.5 519.2 0.9976
949.1 500.5 10.6 13.2 955.6 506.1 958.5 506.4 958.3 508.9 955.4 510.9 957.3 511.3 0.9974
888.1 532.6 10.4 12.7 894.0 537.7 897.2 536.9 897.2 540.0 894.9 542.8 897.1 542.4 0.9971
168.7 433.5 8.6 10.8 170.6 437.8 174.3 437.5 172.4 439.7 171.2 441.7 174.3 441.5 0.9962
732.2 540.5 10.7 13.6 737.6 546.1 741.4 545.8 740.4 548.8 737.8 551.3 740.5 551.2 0.9955
103.0 436.2 8.5 10.4 104.8 440.7 108.6 440.4 106.7 442.6 105.6 444.6 108.6 444.3 0.9951
950.8 470.6 10.2 13.2 955.6 475.5 959.6 475.5 958.5 478.3 956.1 480.9 959.0 481.0 0.9951
23.3 489.0 11.4 15.3 31.0 495.9 33.5 495.3 34.6 498.4 32.0 501.5 33.5 501.4 0.9948
771.2 465.3 9.6 11.2 776.9 470.0 779.7 470.0 779.3 472.6 776.6 474.3 778.4 474.4 0.9945
326.7 446.8 8.1 10.2 328.4 451.0 332.1 450.9 330.2 452.8 328.9 454.6 331.9 454.6 0.9945
278.9 450.1 8.7 12.0 281.6 455.1 285.5 454.9 283.9 457.4 282.2 459.6 285.4 459.5 0.9935
535.5 435.0 7.4 9.4 538.5 438.3 541.6 438.2 540.6 440.2 538.8 442.1 541.3 442.1 0.9922
712.9 502.6 9.2 11.4 718.8 507.4 721.0 507.2 721.1 509.8 718.6 511.8 720.0 511.8 0.9917
806.0 427.4 8.1 9.5 807.7 431.2 811.2 431.0 809.4 433.1 808.5 434.9 811.2 434.7 0.9894
856.1 483.2 8.1 10.0 860.7 487.6 863.1 487.7 862.6 489.8 860.6 491.4 862.2 491.6 0.9888
690.2 526.6 7.4 9.8 695.1 530.4 696.5 530.1 697.1 532.1 695.4 534.0 696.3 534.0 0.9886
978.5 440.2 8.8 11.6 981.7 444.3 985.5 444.6 983.8 446.7 981.7 448.8 984.9 449.1 0.9876
948.0 438.4 7.6 9.9 951.9 442.2 954.4 442.1 954.0 444.1 952.3 446.0 954.1 446.0 0.9857
30.4 508.2 10.5 12.7 38.2 513.1 39.6 513.0 40.4 515.9 37.4 518.1 38.0 518.3 0.9823
229.4 447.3 8.9 10.1 231.1 451.3 235.2 451.0 232.9 453.4 232.0 455.5 235.2 455.3 0.9811
869.9 456.6 7.5 10.3 874.7 460.7 876.7 460.8 876.8 463.0 874.7 464.9 876.0 465.1 0.9716
714.5 478.5 7.2 9.3 717.5 482.4 720.3 482.2 719.6 484.0 718.0 485.8 720.2 485.7 0.9714
503.4 450.8 6.4 8.0 507.0 453.6 508.8 453.6 508.7 455.3 507.2 456.8 508.4 456.9 0.9668
730.1 432.5 8.8 10.4 733.6 435.9 737.4 435.8 736.0 438.3 733.9 440.4 736.7 440.4 0.9658
881.9 421.7 6.8 8.4 885.5 424.9 887.6 425.2 887.1 426.8 885.3 428.1 886.8 428.4 0.9552
833.1 475.5 8.0 9.7 837.8 479.0 839.8 479.4 839.5 481.3 837.4 483.0 838.7 483.4 0.9494
959.9 455.4 9.5 10.8 963.3 459.2 967.7 459.4 965.7 461.9 963.4 464.0 966.8 464.2 0.9461
298.9 399.3 6.6 8.2 301.6 402.0 304.3 401.9 303.4 403.6 301.9 405.3 304.1 405.3 0.9452
276.6 436.2 7.9 8.3 278.7 439.3 282.1 439.6 280.1 441.3 278.8 442.9 281.3 443.1 0.9351
298.4 416.0 6.8 8.1 299.5 419.4 301.8 419.3 300.1 421.2 300.2 422.7 301.7 422.6 0.9326
683.9 452.0 6.4 7.8 687.4 454.8 689.2 454.8 689.0 456.5 687.5 458.0 688.8 458.1 0.9323
24.6 476.3 9.7 11.1 29.0 480.4 32.6 480.3 31.5 483.1 29.1 485.2 31.5 485.2 0.9294
501.2 427.4 7.4 8.4 504.9 430.2 507.4 430.3 506.8 432.2 505.0 433.8 506.7 434.0 0.8930
889.2 434.6 8.5 10.7 893.0 438.8 896.2 438.7 895.4 440.7 893.6 442.7 896.0 442.7 0.8881
700.8 462.9 7.2 7.9 703.9 466.0 706.6 465.8 705.8 467.7 704.4 469.2 706.3 469.2 0.8852
212.9 470.3 8.1 9.0 214.3 473.2 217.0 473.3 214.9 475.2 214.7 477.0 216.7 477.0 0.8356
63.7 553.4 19.3 27.3 299.5 520.4 305.4 521.0 301.6 524.1 299.8 526.5 303.9 526.9 0.7684
733.5 453.4 9.1 10.3 75.0 561.4 74.9 560.2 79.3 564.5 78.4 571.4 78.3 570.7 0.7125
611.3 487.2 9.6 10.9 738.5 457.1 741.0 456.9 740.6 459.3 738.4 461.2 740.0 461.2 0.7066
646.3 460.0 8.2 10.2 614.1 491.5 618.6 491.2 616.7 493.7 614.9 496.1 618.5 495.9 0.6947
650.5 557.8 9.7 13.3 650.1 464.5 653.0 464.6 652.2 466.6 650.3 468.4 652.4 468.5 0.6914
786.0 419.6 6.2 6.9 656.1 563.4 658.4 563.1 658.5 566.1 656.8 568.7 658.3 568.6 0.6434
847.8 455.2 7.5 9.8 789.2 422.1 791.1 422.2 790.7 423.8 789.2 425.0 790.5 425.1 0.6236
648.3 376.3 5.7 7.0 851.5 459.2 854.0 459.2 853.3 461.3 851.6 463.1 853.3 463.2 0.5552
864.3 644.2 16.3 19.7 649.4 378.6 651.9 378.8 650.3 380.1 649.5 381.6 651.5 381.7 0.5493
940.0 404.4 6.6 7.8 867.1 651.8 872.7 651.2 869.7 656.4 869.9 660.0 874.1 659.3 0.5221
