2--Demonstration/2_Demonstration_Demonstration_Or_Protest_2_903.jpg
22
313.5 271.2 106.1 165.9 382.1 341.8 409.3 341.5 414.1 374.7 370.7 397.1 392.0 399.3 0.9993
619.3 504.7 49.3 63.7 647.2 522.2 664.3 522.8 664.1 535.3 649.4 550.0 662.1 550.6 0.9993
836.9 622.6 74.8 118.9 888.0 667.2 896.4 666.1 912.1 689.1 889.6 712.1 895.8 712.6 0.9993
6.5 390.6 30.3 34.0 15.5 403.8 29.0 403.6 22.8 410.2 17.7 416.8 27.9 416.6 0.9991
460.0 497.1 39.4 46.1 475.7 513.5 493.8 512.5 487.6 524.2 479.1 533.4 491.4 533.0 0.9989
507.4 566.2 32.8 37.3 518.7 579.6 533.3 580.1 526.8 589.8 520.0 595.5 530.3 596.1 0.9986
648.2 411.3 22.7 30.5 661.6 422.0 666.6 420.7 669.1 426.9 664.0 434.2 667.5 433.6 0.9985
537.7 400.4 15.0 20.1 546.5 408.2 550.6 407.5 551.1 412.0 547.3 416.2 550.1 415.9 0.9978
514.1 396.1 13.4 14.8 522.5 402.4 525.0 403.4 523.6 406.9 519.0 408.0 520.0 408.9 0.9974
882.3 408.0 28.7 27.8 894.3 416.3 906.0 417.1 902.2 422.2 895.5 427.5 904.6 428.3 0.9963
703.8 409.1 16.8 18.4 710.4 415.9 717.6 416.6 714.6 420.9 710.6 423.8 715.6 424.4 0.9961
779.8 398.7 17.2 21.3 791.0 404.8 794.6 404.5 796.2 409.4 791.7 414.3 794.2 414.3 0.9945
964.2 423.4 19.0 28.7 974.9 435.1 980.3 434.2 980.8 440.2 976.4 445.7 980.9 445.2 0.9942
708.6 439.8 27.6 36.1 725.7 450.9 732.3 450.6 734.6 458.5 726.2 466.7 731.1 466.9 0.9934
820.1 406.8 14.6 21.2 827.9 415.5 832.1 414.6 832.4 419.0 829.3 423.5 832.5 423.0 0.9927
585.7 403.2 13.0 17.3 593.0 409.5 597.1 409.3 596.7 413.3 593.4 416.8 596.2 416.8 0.9925
835.6 402.2 12.6 17.3 841.7 408.6 846.0 408.1 845.6 411.3 842.9 415.3 846.1 415.1 0.9895
426.7 408.9 29.1 34.4 430.0 420.8 439.7 420.7 431.0 427.5 431.4 434.7 438.6 434.4 0.9860
39.6 394.1 16.8 22.3 44.8 402.4 52.3 402.7 48.6 407.4 45.3 411.5 51.1 411.8 0.9834
687.2 493.3 30.3 35.9 706.4 507.0 714.1 505.1 714.2 514.9 706.0 522.0 710.6 521.1 0.9751
521.3 734.5 74.1 37.0 542.1 761.4 573.4 769.6 552.4 782.1 537.3 794.3 562.4 800.4 0.9301
679.6 420.3 16.5 22.4 1027.5 541.8 1041.0 543.3 1042.7 558.6 1024.9 571.9 1035.4 573.6 0.6886
