2--Demonstration/2_Demonstration_Political_Rally_2_765.jpg
15
351.8 272.1 97.4 118.4 388.4 319.3 431.5 312.2 419.8 343.4 387.8 355.1 432.7 349.7 0.9998
572.1 416.8 86.7 117.9 602.7 465.5 642.3 467.6 625.2 491.5 599.8 500.2 639.0 502.0 0.9996
651.4 312.0 10.7 14.0 655.9 317.3 660.3 317.4 658.6 319.8 656.1 322.4 659.7 322.5 0.9996
623.5 307.7 14.7 18.4 633.7 313.8 636.4 313.2 638.1 317.4 634.2 321.4 635.9 321.2 0.9995
857.5 350.4 31.5 46.5 861.3 365.9 868.7 364.9 858.7 373.0 863.4 383.0 870.8 381.6 0.9986
39.6 284.8 11.8 14.0 45.9 289.5 50.0 289.1 49.8 292.3 47.2 295.5 49.8 295.3 0.9941
1015.0 329.3 8.7 13.2 1018.3 334.3 1023.6 334.6 1020.7 337.2 1018.6 339.6 1022.5 339.8 0.9870
694.5 326.2 13.2 14.7 699.4 331.8 704.4 330.2 703.8 333.6 702.4 337.6 706.0 336.4 0.9570
178.6 348.3 10.7 14.9 182.9 354.8 187.3 355.3 185.1 358.6 182.3 360.7 185.3 361.2 0.9056
160.9 306.6 12.4 17.5 164.6 313.4 168.4 312.5 167.3 316.3 166.6 320.2 169.4 319.6 0.8839
201.2 300.8 6.5 8.6 204.7 303.7 206.7 303.8 206.3 305.5 204.7 307.2 206.2 307.3 0.8635
88.7 292.1 14.5 17.1 92.9 296.8 97.4 297.8 93.9 301.1 92.3 304.3 95.8 305.0 0.8484
966.9 332.3 10.0 13.4 972.4 338.0 975.5 337.7 975.1 340.8 972.4 343.4 974.5 343.3 0.7235
485.9 309.7 10.1 16.2 488.5 315.2 489.5 315.6 487.0 318.6 487.8 322.1 488.5 322.2 0.5982
1.8 274.2 9.7 14.2 8.7 279.9 9.9 279.6 10.8 282.9 8.2 285.7 9.0 285.7 0.5476
