2--Demonstration/2_Demonstration_Demonstration_Or_Protest_2_887.jpg
32
18.9 395.9 54.4 63.7 54.8 417.2 62.6 413.3 74.2 426.8 60.5 443.1 65.0 441.1 0.9997
713.7 328.0 28.9 33.6 723.7 338.4 736.7 340.8 730.1 346.0 722.4 351.0 733.5 353.0 0.9996
178.8 361.9 43.5 54.9 197.7 385.6 215.3 380.9 213.5 393.3 204.5 405.2 217.8 401.8 0.9995
946.6 362.6 45.5 50.0 956.7 381.0 977.2 385.3 962.7 392.3 954.6 398.5 971.4 401.9 0.9995
444.2 411.4 42.6 48.5 473.3 433.3 479.4 434.4 479.0 444.6 465.6 449.2 469.5 450.6 0.9995
336.5 343.9 36.9 48.9 353.3 360.9 368.9 358.7 366.9 369.2 357.6 381.0 369.2 379.7 0.9995
439.2 330.6 27.2 39.0 449.5 343.6 461.5 344.7 457.7 350.1 450.4 357.8 460.5 358.7 0.9994
860.4 340.5 33.1 40.0 867.0 352.9 883.5 355.2 872.6 361.6 866.1 369.4 879.0 371.2 0.9993
454.9 452.1 62.3 87.9 483.4 485.6 505.8 479.4 503.7 497.7 495.2 518.9 511.9 513.6 0.9992
386.6 321.7 26.5 31.8 398.9 332.0 409.9 331.9 407.5 338.0 400.9 345.2 408.8 345.2 0.9991
636.4 325.3 35.0 45.8 641.2 340.2 654.0 341.2 641.3 348.2 639.8 358.4 649.8 359.0 0.9990
784.1 333.7 41.7 51.7 791.8 352.5 809.3 353.1 796.6 360.9 792.6 371.6 805.4 371.9 0.9987
206.8 346.7 31.0 40.9 216.6 363.1 230.3 360.9 225.4 370.9 219.7 378.3 230.5 376.5 0.9987
925.5 298.0 28.9 29.7 936.5 307.7 948.8 310.8 942.4 314.4 934.9 318.8 944.4 321.3 0.9986
571.5 377.3 36.1 48.7 584.0 394.2 600.8 394.3 594.5 403.8 586.2 413.6 598.9 413.7 0.9986
466.5 331.9 23.8 30.3 474.6 341.9 485.6 342.0 482.1 345.8 476.4 353.3 485.4 353.4 0.9983
322.5 298.5 18.8 21.0 326.8 306.9 335.0 305.3 331.4 310.4 329.1 314.5 336.1 313.2 0.9982
291.1 339.0 30.7 36.7 297.5 349.7 311.5 348.4 304.2 357.8 300.1 366.2 311.0 365.2 0.9970
753.2 292.4 17.1 25.4 757.7 300.6 760.0 302.3 754.4 305.8 755.8 310.9 757.3 311.9 0.9966
1000.1 335.0 22.1 41.7 1005.0 349.6 1020.1 350.5 1009.2 357.7 1005.3 366.2 1017.1 366.6 0.9957
965.6 291.2 20.3 24.5 971.2 300.4 981.1 300.9 975.9 305.6 971.3 310.0 979.4 310.5 0.9951
681.8 332.3 25.3 29.9 688.4 343.4 700.2 343.4 694.4 350.5 690.3 356.1 698.6 356.1 0.9946
427.1 304.9 17.9 21.7 432.9 312.4 440.9 311.4 438.1 316.2 434.7 321.0 441.2 320.3 0.9945
89.6 302.3 16.9 20.5 97.9 310.0 104.6 310.0 103.0 314.7 98.8 318.5 103.4 318.7 0.9835
193.8 317.1 20.4 23.9 199.4 325.6 208.2 326.2 203.2 330.2 199.5 334.8 206.2 335.3 0.9771
21.8 319.7 23.3 25.0 30.5 328.9 40.5 327.9 37.2 333.9 33.1 339.0 40.1 338.2 0.9557
694.2 305.2 20.2 22.5 701.0 312.5 710.4 313.0 706.4 317.4 702.0 322.0 709.0 322.4 0.9427
725.7 287.3 13.1 17.7 728.3 292.1 730.5 292.7 726.9 296.0 728.2 299.9 729.8 300.1 0.9240
834.1 287.8 13.5 17.7 841.2 293.5 845.7 293.4 844.5 297.3 841.4 300.8 845.0 300.9 0.8739
709.7 286.9 10.2 14.8 711.3 292.1 713.7 292.2 711.0 295.3 711.7 298.4 713.3 298.3 0.8556
403.6 297.5 17.1 21.7 408.1 306.0 415.7 305.7 411.9 310.5 409.4 314.6 415.2 314.3 0.8229
545.8 376.1 22.2 23.9 550.4 385.0 559.6 384.5 554.8 391.1 553.3 395.4 560.1 394.9 0.7318
