2--Demonstration/2_Demonstration_Demonstrators_2_214.jpg
17
219.7 231.8 59.7 49.0 259.1 256.7 262.8 262.5 256.4 272.7 238.0 268.0 239.7 272.9 0.9997
414.2 290.5 32.4 40.1 423.4 302.2 438.7 303.7 430.4 310.8 422.3 316.4 437.2 317.6 0.9997
263.3 288.4 31.6 39.4 275.7 302.8 289.7 301.5 285.5 309.7 277.3 316.6 289.9 315.7 0.9995
899.7 266.0 22.2 27.0 907.0 274.7 917.0 274.6 912.7 280.1 907.5 284.9 916.6 284.9 0.9993
581.7 252.0 21.0 28.7 586.7 262.4 596.4 261.6 591.5 266.7 587.5 271.8 597.2 271.0 0.9992
487.2 293.9 27.3 33.6 493.7 308.3 505.6 304.1 502.0 312.2 498.7 319.4 509.3 316.0 0.9989
443.0 325.9 35.2 45.8 451.6 342.3 467.0 341.4 459.4 350.2 454.2 359.3 466.7 358.6 0.9988
532.2 205.1 18.0 22.1 539.2 213.4 546.8 214.0 543.8 217.2 539.5 220.9 546.0 221.4 0.9987
331.4 266.9 20.7 28.8 341.5 278.7 349.5 277.1 349.0 282.8 344.1 288.9 350.5 287.8 0.9984
696.0 249.4 15.1 18.8 700.0 256.3 707.0 256.4 703.5 259.2 700.7 263.2 706.2 263.3 0.9983
102.3 209.8 19.1 24.6 107.3 219.7 115.8 219.5 111.8 224.1 108.2 228.5 115.3 228.5 0.9982
47.2 262.9 20.4 27.5 54.1 274.5 63.0 273.2 60.0 279.0 56.4 284.5 63.2 283.5 0.9980
804.9 270.4 15.3 25.0 815.2 279.0 816.7 278.5 819.2 283.7 815.4 289.0 816.6 289.0 0.9961
394.4 262.3 17.7 21.4 399.3 270.0 407.3 270.5 402.9 274.1 399.6 278.0 406.1 278.3 0.9960
186.2 224.9 21.3 27.0 192.2 236.5 201.4 235.7 197.1 241.5 194.1 246.6 200.6 246.1 0.9935
383.1 282.9 22.2 29.5 392.4 292.9 400.8 290.8 400.2 297.4 395.6 304.8 402.3 303.4 0.9745
603.3 261.3 15.2 20.5 607.8 268.4 615.4 267.7 612.5 271.8 609.1 276.5 615.5 276.1 0.9722
