2--Demonstration/2_Demonstration_Protesters_2_266.jpg
9
531.0 269.5 54.9 71.0 546.8 295.7 572.2 297.9 559.1 307.5 547.7 321.4 567.3 323.3 0.9996
792.7 212.9 92.9 98.1 825.9 248.4 867.5 255.8 847.7 268.3 823.6 285.3 857.2 291.0 0.9996
209.5 208.5 54.0 63.0 227.0 229.8 251.5 234.2 239.5 239.0 225.3 250.9 247.3 254.6 0.9994
344.1 286.7 43.9 55.3 356.7 302.6 376.0 308.3 362.1 314.6 352.3 324.5 367.4 329.0 0.9994
45.6 309.6 28.1 32.6 51.3 320.4 58.4 323.0 48.0 326.5 47.5 333.3 51.9 335.0 0.9979
79.8 320.3 36.1 39.3 95.8 332.6 110.1 338.2 102.2 341.5 92.1 347.2 102.9 351.7 0.9978
844.9 311.5 57.1 68.9 859.6 336.5 884.6 339.5 869.1 349.8 858.8 361.4 877.3 363.4 0.9906
30.4 299.0 22.2 26.1 39.3 307.4 49.7 307.3 46.6 312.9 41.5 319.0 49.3 319.0 0.8294
453.5 376.7 13.8 19.3 458.3 383.4 464.1 383.1 462.0 387.1 459.3 391.4 464.0 391.2 0.7637
