2--Demonstration/2_Demonstration_Protesters_2_424.jpg
11
838.5 132.5 75.1 67.9 850.2 154.9 887.0 151.6 860.7 148.9 848.2 175.2 882.2 172.6 0.9998
243.6 243.5 49.5 59.5 251.2 267.1 271.3 264.6 259.5 278.2 257.0 290.8 270.8 288.9 0.9996
298.9 212.0 35.5 43.9 302.3 229.3 315.9 228.8 303.9 236.2 303.5 245.7 313.8 245.1 0.9996
145.8 243.0 36.3 42.3 152.1 260.6 167.7 258.8 158.4 267.2 155.8 276.4 167.0 274.9 0.9995
189.1 216.6 31.1 34.4 193.9 229.1 207.6 227.8 198.6 233.6 195.8 242.1 206.6 241.1 0.9995
27.5 199.4 41.6 49.7 32.5 215.8 48.2 216.2 33.6 224.0 32.3 236.3 43.6 236.5 0.9993
353.9 257.4 71.9 92.0 365.8 296.7 399.6 293.0 379.2 309.7 371.5 330.4 396.5 327.4 0.9992
978.5 227.2 39.4 40.7 997.2 238.8 1012.8 239.3 1008.7 247.3 998.3 255.4 1010.7 255.9 0.9992
373.3 217.8 19.0 25.0 375.4 227.3 382.1 227.2 376.4 232.2 376.4 237.4 381.3 237.1 0.9697
97.9 251.0 20.1 26.6 101.8 262.7 109.2 263.2 103.8 268.1 102.2 272.7 107.8 272.9 0.9685
124.0 253.8 15.9 25.6 127.6 263.9 131.6 264.1 127.5 269.1 128.0 274.1 130.7 274.1 0.8132
