2--Demonstration/2_Demonstration_Demonstration_Or_Protest_2_190.jpg
19
395.7 201.0 59.1 73.1 411.3 219.4 440.4 219.3 426.4 220.6 414.7 247.0 438.6 246.9 0.9998
268.1 463.9 68.7 88.7 291.5 499.0 323.3 496.4 312.7 514.1 299.6 533.4 322.8 531.2 0.9995
418.2 523.2 65.6 52.8 435.1 554.9 466.3 553.8 451.3 571.1 441.1 581.9 463.5 581.1 0.9994
507.0 501.6 72.9 75.1 521.4 537.2 554.2 532.1 535.2 542.8 526.6 567.1 554.2 562.9 0.9987
61.9 505.3 38.0 49.0 74.6 527.7 91.1 527.6 83.8 537.6 76.5 544.5 89.3 544.4 0.9979
907.3 501.4 53.1 69.2 922.0 530.0 944.4 530.7 933.4 541.9 925.0 554.8 941.3 555.2 0.9976
877.9 445.0 39.7 51.2 890.1 463.8 908.5 463.3 900.1 470.9 892.8 482.5 906.4 482.3 0.9967
688.4 539.7 60.8 36.8 697.2 564.6 726.5 564.2 708.3 577.6 701.2 592.4 724.0 591.9 0.9950
84.8 469.9 23.1 34.1 101.1 482.9 104.2 481.6 108.5 488.1 103.8 496.0 105.9 495.4 0.9947
625.7 504.9 40.1 52.6 641.3 528.0 659.6 526.8 653.8 535.7 645.4 546.7 658.8 545.7 0.9943
707.4 448.8 37.0 47.6 716.6 466.4 732.2 466.2 724.1 476.4 719.9 484.9 731.0 484.7 0.9932
785.5 455.2 40.6 53.3 790.5 475.4 804.3 476.8 790.4 484.4 788.9 494.7 798.7 495.4 0.9915
738.6 477.1 49.0 58.7 751.9 496.9 772.8 494.5 764.0 507.8 757.8 520.5 773.1 518.6 0.9903
922.1 520.1 57.6 56.6 933.0 547.7 962.1 548.2 945.6 561.1 935.3 575.6 958.2 576.1 0.9791
0.0 504.3 28.5 49.5 -0.4 524.0 5.2 526.9 -5.5 533.6 -1.9 542.0 1.8 543.7 0.9620
97.3 463.3 28.2 38.6 106.0 480.2 116.7 480.4 112.1 487.8 107.4 494.0 115.5 494.2 0.9352
744.5 540.8 41.8 35.2 759.1 559.9 774.9 564.0 764.7 572.4 755.5 580.9 766.8 584.0 0.9040
627.9 554.5 42.8 21.5 643.2 576.3 662.4 574.3 656.2 585.1 647.1 596.2 662.7 594.9 0.8847
981.8 517.0 41.6 59.5 1004.4 562.6 1045.8 560.7 1027.0 583.0 1013.0 602.1 1043.5 600.4 0.5228
