2--Demonstration/2_Demonstration_Protesters_2_649.jpg
24
605.5 226.0 58.7 43.4 637.8 249.5 648.5 251.0 640.5 261.2 626.2 262.5 630.8 263.9 0.9996
465.5 479.1 66.3 88.4 510.3 512.3 519.9 507.1 531.0 525.7 515.0 545.8 521.0 542.5 0.9996
787.4 65.8 38.0 46.5 793.3 87.3 807.9 89.7 796.9 96.6 794.2 103.0 804.0 104.6 0.9995
938.1 267.9 38.0 68.9 949.2 291.6 950.6 292.1 939.2 302.0 944.1 318.3 945.8 318.0 0.9995
661.2 347.5 48.0 64.7 668.0 375.6 674.0 378.1 666.4 389.7 676.2 399.4 678.9 401.0 0.9991
644.4 24.0 33.0 41.5 648.9 35.5 655.9 36.2 645.7 45.4 651.4 54.7 655.8 54.8 0.9990
700.0 93.4 33.6 44.0 703.9 105.4 708.2 106.3 700.0 115.7 707.7 125.7 710.5 126.0 0.9986
406.0 320.9 51.0 64.2 442.4 346.0 449.3 343.8 456.4 355.2 444.5 368.2 449.0 367.2 0.9982
713.6 285.5 49.4 67.9 720.3 311.2 728.8 311.6 720.8 325.5 728.7 337.8 733.5 337.9 0.9957
783.5 21.2 21.3 28.8 787.5 32.6 794.3 35.1 787.0 39.3 786.1 43.2 790.8 44.9 0.9955
957.9 473.7 56.6 66.6 971.8 491.0 979.2 497.9 957.6 506.1 961.9 520.6 966.0 524.7 0.9948
435.4 84.4 34.9 37.2 445.7 95.8 460.1 97.9 451.4 105.5 445.4 111.8 455.5 113.4 0.9942
808.6 9.1 23.6 32.0 812.4 20.4 818.1 23.5 810.1 27.9 810.9 32.7 814.8 34.8 0.9928
824.6 33.9 20.9 32.1 828.7 44.5 830.5 46.0 823.8 50.7 827.4 57.3 828.8 57.9 0.9833
281.0 290.2 45.7 65.2 311.2 315.1 320.2 311.9 323.3 327.4 312.8 341.3 318.7 339.2 0.9726
869.0 58.6 32.7 32.7 874.0 71.1 886.2 70.9 878.4 79.3 878.8 84.6 886.8 84.4 0.9647
778.0 509.8 50.5 63.8 785.5 534.9 790.5 535.9 783.4 549.0 794.8 559.2 797.4 559.6 0.9495
269.0 191.4 47.7 64.5 298.8 214.3 307.3 209.1 310.9 223.2 304.1 238.9 310.5 235.2 0.9253
911.7 116.9 29.1 41.6 916.8 133.7 922.4 136.1 912.4 141.7 914.8 149.0 918.2 150.5 0.9202
836.5 628.1 42.2 54.5 843.0 654.2 843.3 656.0 836.7 668.3 844.9 682.8 845.3 683.9 0.9106
986.7 15.0 18.9 29.1 989.7 26.0 992.8 26.4 989.1 31.4 990.7 36.8 993.0 37.0 0.8967
915.6 51.9 29.9 35.0 920.9 65.4 931.2 66.8 923.0 72.7 921.1 77.3 929.0 78.3 0.8827
187.7 290.8 38.0 52.9 214.8 307.5 219.4 305.8 223.8 316.4 218.0 329.0 220.7 328.1 0.6427
933.1 370.2 55.4 77.2 949.8 394.0 964.1 404.4 946.7 414.0 938.7 424.0 948.5 431.2 0.6201
