2--Demonstration/2_Demonstration_Demonstrators_2_638.jpg
14
146.4 189.5 52.8 66.0 170.0 214.7 190.7 220.3 181.4 229.0 167.3 238.5 181.8 243.2 0.9996
826.3 242.7 15.9 19.2 832.9 249.8 839.2 248.8 838.2 252.6 835.1 257.0 840.1 256.3 0.9991
416.9 228.4 26.8 35.4 427.8 240.0 439.4 240.3 435.8 246.4 429.6 254.4 438.1 254.6 0.9990
953.3 236.5 17.5 22.5 955.2 245.2 961.8 246.1 956.3 249.5 955.7 253.7 960.3 254.1 0.9979
604.3 245.2 17.0 19.8 614.2 251.3 618.9 251.5 618.8 255.5 614.4 259.5 617.9 259.9 0.9970
329.4 260.7 18.0 23.9 336.6 269.8 344.1 271.0 340.7 275.5 336.3 279.0 341.9 280.0 0.9969
842.8 238.2 18.4 24.1 847.6 249.1 855.6 248.6 851.5 253.6 849.0 257.9 854.9 257.5 0.9968
216.9 236.5 26.0 41.4 237.0 250.3 238.6 249.7 243.7 258.4 237.1 267.1 238.2 267.1 0.9965
10.3 235.2 25.3 26.2 19.9 243.3 29.8 244.4 25.1 249.6 20.0 253.9 27.6 254.8 0.9816
672.1 214.2 29.5 42.3 691.7 229.8 696.2 228.3 699.9 238.1 692.7 246.9 695.5 246.2 0.9811
990.9 254.0 11.6 18.7 993.4 259.7 993.8 260.1 991.3 263.7 993.5 267.9 993.8 268.0 0.9690
514.3 247.9 14.8 17.3 516.8 254.1 523.1 254.2 519.0 257.5 517.5 261.1 522.2 261.2 0.9548
41.0 223.3 20.1 25.4 43.4 232.9 49.3 233.7 43.4 238.2 44.3 242.7 48.5 243.1 0.9444
358.5 252.5 18.0 31.9 361.3 263.0 362.7 263.1 360.3 270.0 363.8 276.4 364.7 276.5 0.7425
