2--Demonstration/2_Demonstration_Demonstrators_2_374.jpg
18
787.6 368.0 66.9 88.1 804.6 388.3 812.9 391.5 788.0 405.1 799.2 427.9 804.9 429.1 0.9998
86.5 314.8 29.2 34.4 100.8 327.4 104.0 323.9 111.3 328.9 110.7 339.4 112.5 336.9 0.9997
282.5 317.7 20.6 26.0 293.4 327.0 297.1 326.0 300.2 330.3 297.8 336.5 300.4 336.1 0.9967
584.1 308.8 10.8 15.9 587.5 314.2 592.3 314.2 590.2 317.2 587.9 320.5 591.7 320.5 0.9951
19.8 319.3 13.5 17.4 23.3 326.5 29.3 326.0 26.7 329.6 24.5 333.0 29.3 332.6 0.9940
966.7 301.2 10.1 12.9 968.1 306.8 970.5 307.0 968.2 309.7 969.3 311.9 970.8 311.8 0.9912
622.2 317.7 9.8 12.7 625.1 322.0 629.7 322.2 627.4 324.6 625.3 327.2 629.0 327.3 0.9877
2.1 317.9 15.1 21.6 6.5 327.0 12.7 326.4 10.4 331.2 8.7 335.7 12.9 335.2 0.9821
1001.3 294.3 9.2 12.4 1003.9 299.8 1007.9 300.2 1005.6 302.4 1003.9 304.4 1006.8 304.7 0.9649
780.7 311.0 7.3 10.1 783.5 315.0 786.4 314.7 785.6 316.7 784.1 318.8 786.5 318.6 0.9510
125.2 368.8 26.1 40.8 140.3 384.3 143.1 381.2 148.9 389.2 146.6 399.7 148.3 397.8 0.9227
531.4 306.8 13.7 18.3 538.4 313.1 542.7 312.6 542.6 316.2 540.0 320.7 543.2 320.4 0.8532
442.2 315.4 14.8 17.7 448.1 322.3 454.6 321.7 452.6 325.7 449.6 329.4 454.3 329.0 0.7686
185.8 323.9 21.6 29.3 196.8 334.4 204.5 334.6 202.7 340.3 197.0 345.7 203.8 346.2 0.7494
620.6 294.1 7.3 9.7 425.6 301.5 428.5 301.4 427.5 303.5 426.0 305.4 428.1 305.5 0.6986
935.5 295.2 7.9 9.9 623.4 298.1 626.1 298.1 625.0 300.0 623.6 301.9 625.8 301.9 0.6656
678.5 304.4 9.5 10.7 936.8 298.3 940.1 298.5 937.8 300.5 937.1 302.6 939.7 302.7 0.6569
660.0 294.5 8.9 10.7 680.9 308.1 684.9 308.2 682.8 310.7 681.3 313.0 684.3 313.0 0.5674
