2--Demonstration/2_Demonstration_Protesters_2_656.jpg
12
377.5 191.3 63.4 72.1 387.5 216.0 416.1 211.6 398.1 226.9 392.0 244.5 416.1 241.0 0.9998
133.8 191.3 29.3 33.0 142.3 204.8 155.3 202.1 151.0 209.2 146.9 217.1 156.6 214.9 0.9994
285.9 252.3 32.9 47.6 290.3 271.6 294.2 271.8 286.7 281.8 295.8 290.0 298.0 289.7 0.9992
193.3 355.6 53.0 78.0 205.4 383.1 209.2 384.7 193.9 399.0 203.9 415.0 205.9 415.5 0.9992
518.7 13.1 29.0 35.0 525.1 26.9 538.5 24.0 533.3 29.1 529.5 38.9 540.5 36.6 0.9990
27.6 194.5 26.9 30.6 33.9 206.5 46.1 204.2 41.1 210.7 37.8 218.2 47.2 216.3 0.9977
389.4 103.8 22.4 27.2 396.1 116.9 405.9 114.9 402.3 121.6 399.6 126.8 406.6 125.3 0.9975
347.2 213.9 43.7 62.4 357.7 238.6 378.7 233.9 371.1 244.4 365.4 261.3 381.7 257.4 0.9974
455.9 11.2 30.3 40.5 459.3 28.6 468.3 27.0 462.3 36.2 464.7 43.9 471.2 42.2 0.9973
160.9 333.9 50.1 64.5 178.7 356.7 201.1 353.8 194.9 365.4 186.5 381.6 202.8 379.2 0.9967
268.7 84.5 27.1 31.4 277.5 96.9 289.8 95.5 285.3 102.0 280.5 108.9 289.5 107.8 0.9953
276.0 125.6 28.6 35.5 280.7 138.9 293.4 138.1 285.8 144.6 282.8 152.5 292.5 151.9 0.9931
