2--Demonstration/2_Demonstration_Demonstrators_2_442.jpg
123
771.7 525.7 12.0 16.5 774.9 532.9 780.5 532.6 777.9 536.0 775.9 538.9 780.4 538.7 0.9992
726.7 528.1 12.4 15.4 729.5 533.3 735.7 533.5 732.4 536.5 730.0 539.8 735.0 539.9 0.9992
716.1 544.7 12.3 16.1 720.5 550.8 725.9 550.8 723.7 553.8 720.8 556.8 725.2 556.9 0.9991
628.8 563.9 14.9 18.1 632.8 571.2 639.5 572.2 635.5 575.2 632.4 577.7 637.8 578.4 0.9991
678.1 541.9 12.6 16.4 681.4 548.8 687.2 548.4 684.5 551.6 682.3 554.7 687.3 554.4 0.9988
585.8 549.5 12.9 15.8 592.3 554.9 597.0 555.5 595.5 558.5 591.8 561.1 595.3 561.7 0.9986
658.1 569.7 13.3 17.3 661.9 576.7 668.1 576.0 665.5 579.6 663.2 583.0 668.3 582.5 0.9986
816.1 582.2 12.7 15.9 819.1 587.7 825.1 587.6 821.9 590.6 819.9 594.3 824.3 594.2 0.9985
831.3 637.1 15.6 21.4 836.3 647.0 843.0 646.5 840.1 651.1 837.6 654.6 842.7 654.2 0.9985
495.0 481.7 10.4 13.1 497.1 486.5 501.7 486.8 498.7 488.8 497.1 491.4 500.8 491.6 0.9985
650.7 484.1 11.2 15.5 652.6 490.4 656.7 490.6 653.6 493.5 653.0 496.3 656.3 496.3 0.9984
456.0 544.4 12.2 15.5 458.0 550.9 463.6 551.4 459.9 554.6 458.3 556.9 462.6 557.1 0.9983
797.7 560.9 12.2 16.2 800.9 567.5 806.5 567.6 803.7 570.5 801.3 573.3 806.0 573.4 0.9983
821.7 546.9 12.8 17.2 827.6 554.9 832.4 554.3 831.4 557.9 828.7 561.0 832.4 560.7 0.9982
806.5 529.8 12.0 15.7 808.9 535.8 813.7 536.0 810.5 539.0 809.3 541.9 813.0 542.0 0.9982
163.7 573.5 13.7 18.5 169.5 581.2 175.3 580.7 173.5 584.7 170.4 588.0 174.7 587.7 0.9982
751.1 502.3 10.6 13.7 753.6 508.2 758.4 508.5 755.8 511.1 754.1 513.3 757.6 513.5 0.9981
81.7 649.6 15.7 20.9 84.7 657.7 91.5 657.1 87.7 661.6 86.0 665.6 91.5 665.1 0.9980
860.0 632.1 13.4 18.2 862.1 638.9 866.4 639.6 862.0 642.7 861.9 646.1 865.0 646.5 0.9978
128.7 537.6 12.5 15.8 132.2 544.0 137.7 543.9 135.1 547.1 133.1 550.2 137.3 550.1 0.9978
169.0 440.4 10.0 12.2 171.6 444.9 176.1 445.0 173.7 447.1 171.8 449.5 175.4 449.6 0.9975
195.8 453.0 9.6 12.6 197.5 457.9 202.1 457.6 199.7 460.6 198.6 463.2 201.9 462.9 0.9974
802.8 292.6 15.2 20.8 809.1 300.1 815.5 300.9 812.8 305.0 808.8 307.9 814.0 308.7 0.9974
911.4 382.7 17.1 22.6 916.4 392.0 924.4 391.9 920.7 396.8 917.6 400.6 923.6 400.5 0.9973
186.2 528.8 12.5 15.6 189.0 534.8 194.5 534.7 191.4 537.7 189.6 540.8 193.9 540.7 0.9972
389.8 413.5 9.2 11.8 392.4 417.9 396.7 417.9 394.6 420.5 392.9 422.8 396.1 422.7 0.9970
472.6 545.1 12.0 14.7 475.5 550.9 481.0 551.3 477.9 554.3 475.9 556.9 480.0 557.1 0.9969
975.3 560.4 13.6 18.8 978.9 568.4 984.8 568.3 981.9 571.6 979.7 574.8 984.6 574.7 0.9969
699.0 578.4 10.8 15.0 701.7 583.7 703.2 584.3 699.9 586.6 700.6 589.6 701.5 589.9 0.9966
161.1 505.4 10.9 13.9 165.2 512.1 169.8 512.2 167.8 515.3 165.4 517.1 168.7 517.2 0.9965
152.1 487.7 10.8 14.0 154.5 493.2 159.4 493.3 156.7 496.2 155.0 498.8 158.7 498.9 0.9959
597.4 573.8 10.5 15.7 605.1 580.0 606.9 580.1 607.8 583.3 604.9 586.2 606.0 586.4 0.9959
422.4 531.7 12.6 16.1 430.2 538.5 432.7 538.6 432.1 542.4 428.3 544.6 429.8 544.9 0.9959
672.0 399.3 8.3 10.9 673.0 403.5 675.8 403.5 673.4 405.7 673.6 407.8 675.6 407.7 0.9958
558.0 510.2 11.8 15.3 560.3 516.3 565.5 516.4 562.5 519.5 561.2 522.3 565.2 522.3 0.9958
180.8 407.5 9.2 12.0 182.8 412.5 186.7 412.4 184.4 414.7 183.4 416.8 186.5 416.7 0.9957
970.4 477.5 9.6 12.4 972.7 482.6 977.0 482.6 974.6 484.8 973.1 487.0 976.7 487.0 0.9957
362.5 423.3 9.6 12.0 365.2 427.7 369.7 427.9 367.4 430.0 365.4 432.3 369.1 432.4 0.9957
847.6 457.4 12.0 16.4 851.4 464.6 856.7 464.3 854.4 467.7 852.3 470.6 856.3 470.3 0.9956
610.6 601.9 12.0 16.2 612.1 607.9 615.8 608.2 612.2 611.7 613.1 614.7 615.5 614.8 0.9955
152.9 461.3 10.1 11.7 155.4 465.9 160.0 465.9 157.6 468.6 156.1 470.6 159.4 470.6 0.9954
449.6 463.5 10.7 15.0 451.4 469.7 456.1 469.7 453.2 472.7 452.1 475.4 455.6 475.3 0.9954
753.2 577.7 10.8 16.2 760.4 583.9 762.7 583.9 763.3 587.2 760.4 590.2 761.9 590.4 0.9953
806.2 505.8 12.3 15.9 810.1 512.4 815.8 512.1 813.3 515.4 811.0 518.5 815.2 518.3 0.9951
159.0 477.0 10.3 13.2 162.0 482.8 166.5 482.6 164.4 485.2 162.6 487.5 166.2 487.4 0.9942
476.3 464.1 9.6 12.9 477.8 470.0 481.6 470.0 479.0 472.7 478.8 474.9 481.3 474.8 0.9938
855.1 580.0 12.3 15.4 857.9 586.6 863.5 586.4 860.6 589.5 858.8 592.3 863.3 592.2 0.9938
895.6 387.4 12.0 16.3 898.2 394.4 903.7 394.4 900.6 397.9 898.9 400.6 902.9 400.6 0.9937
935.2 386.4 12.1 18.0 939.5 393.3 945.4 393.6 942.8 397.4 939.8 400.5 944.2 400.8 0.9933
475.3 492.3 12.2 15.1 478.4 500.5 484.1 500.0 481.5 503.7 479.7 505.8 483.7 505.5 0.9929
107.9 488.1 10.3 11.9 110.8 492.8 115.6 493.0 113.2 495.5 111.1 497.7 114.9 497.8 0.9926
991.8 511.3 10.0 13.5 994.2 516.6 998.7 516.6 996.4 519.1 994.5 521.6 998.3 521.7 0.9926
117.9 386.1 7.4 9.6 119.8 389.8 123.1 389.8 121.3 391.6 120.0 393.4 122.7 393.4 0.9922
766.6 579.2 11.3 15.6 771.5 585.3 776.1 584.7 774.9 588.3 772.4 591.7 775.7 591.4 0.9922
425.1 623.2 13.8 17.6 430.9 629.5 436.9 629.1 435.2 633.0 432.3 636.8 436.6 636.6 0.9919
946.1 533.5 13.0 16.4 949.8 540.2 955.9 540.2 953.1 543.6 950.9 546.7 955.2 546.6 0.9914
577.9 469.2 10.2 12.4 581.0 473.8 585.7 473.8 583.6 476.3 581.7 478.8 585.1 478.8 0.9910
742.1 414.3 9.8 11.9 744.0 419.0 748.2 418.5 746.0 421.4 745.3 423.9 748.3 423.5 0.9907
409.3 413.4 9.8 11.2 411.9 417.0 416.5 417.3 414.0 419.5 412.1 421.7 415.6 421.9 0.9879
93.8 395.2 7.7 9.6 95.4 399.4 98.9 399.2 97.0 401.1 95.9 402.9 98.8 402.7 0.9869
83.4 383.0 8.7 10.7 85.1 387.7 89.2 386.9 87.4 389.6 86.5 391.8 89.4 391.2 0.9862
785.0 588.9 11.1 15.3 787.0 595.4 791.6 595.6 788.5 598.7 787.3 601.4 790.9 601.5 0.9853
422.0 412.2 9.7 12.2 424.5 417.2 429.0 416.9 426.8 419.5 425.3 422.1 428.5 421.9 0.9846
772.9 385.7 8.8 11.5 774.3 390.0 776.8 390.0 774.5 392.2 774.8 394.4 776.7 394.3 0.9845
583.7 460.0 9.8 12.0 586.5 464.6 590.9 464.2 589.2 466.7 587.7 469.2 591.0 468.9 0.9838
792.7 405.1 8.4 10.7 794.0 409.4 797.2 409.4 795.0 411.5 794.6 413.6 796.9 413.5 0.9831
762.7 653.1 16.3 18.7 769.0 660.0 776.2 660.2 773.2 664.7 769.5 668.0 774.6 668.2 0.9829
583.3 389.9 8.5 11.2 585.2 394.5 589.1 394.2 587.1 396.6 586.1 398.8 588.9 398.6 0.9820
557.7 394.1 8.4 10.8 560.0 399.0 564.1 398.8 562.2 401.1 560.7 402.9 563.7 402.8 0.9794
383.4 374.8 8.1 10.1 385.6 379.0 389.1 378.9 387.4 380.9 386.0 382.6 388.9 382.6 0.9776
636.7 547.5 11.8 14.1 641.6 552.7 646.6 551.5 645.5 555.1 643.4 558.5 647.2 557.7 0.9747
178.0 494.3 10.7 12.8 181.0 499.4 185.6 499.0 183.6 501.8 181.9 504.4 185.5 504.2 0.9715
192.0 486.7 9.5 11.3 194.7 491.0 199.1 490.9 197.2 493.4 195.2 495.8 198.6 495.8 0.9675
151.4 556.0 11.2 13.3 154.1 560.8 159.4 560.9 156.5 563.8 154.6 566.1 158.5 566.2 0.9597
836.1 364.5 8.4 10.7 838.7 368.8 842.4 368.7 840.8 370.8 839.1 372.8 842.1 372.7 0.9578
846.7 354.3 7.3 9.1 849.4 357.8 852.3 357.5 851.3 359.4 850.0 361.4 852.3 361.2 0.9524
348.7 360.4 8.4 10.9 351.2 364.7 355.0 364.7 353.1 366.9 351.5 368.8 354.5 368.9 0.9405
827.4 520.1 11.4 13.6 832.4 525.4 837.0 525.6 835.4 528.6 832.5 531.2 835.9 531.5 0.9350
906.9 554.1 8.7 14.1 908.2 559.7 909.7 559.7 907.6 562.7 908.9 565.6 909.8 565.3 0.9272
119.6 508.5 11.1 13.3 121.4 512.2 125.4 512.9 121.9 515.4 121.4 518.1 124.2 518.5 0.9152
843.1 407.2 9.2 11.6 846.9 411.3 850.7 411.7 849.1 414.0 846.9 416.1 849.7 416.4 0.9031
414.5 372.1 7.8 10.0 417.2 376.1 420.6 376.0 419.2 378.2 417.6 380.1 420.3 380.1 0.9007
531.3 379.7 7.6 9.7 693.9 674.0 698.5 673.8 697.1 677.5 694.3 680.3 697.3 680.4 0.8949
319.1 397.9 8.7 11.1 533.8 384.0 537.0 383.8 535.7 385.8 534.3 387.6 536.9 387.5 0.8808
79.4 577.5 12.7 14.5 320.6 402.2 324.5 402.5 321.8 404.7 320.8 406.9 323.8 407.0 0.8797
170.5 342.4 8.0 9.9 82.8 583.1 89.0 582.5 86.3 586.2 84.1 589.4 88.7 589.0 0.8741
374.6 386.0 8.2 10.9 173.0 346.5 176.4 346.3 175.1 348.4 173.7 350.3 176.4 350.1 0.8634
936.7 500.4 9.2 13.5 376.5 390.0 380.3 389.9 378.2 392.2 377.1 394.4 380.1 394.3 0.8554
572.8 371.0 9.4 11.6 938.5 505.8 940.6 505.9 938.3 508.6 938.9 511.4 940.5 511.3 0.8537
878.8 503.3 11.2 15.6 575.9 375.5 580.3 375.7 578.1 378.2 576.1 380.3 579.5 380.5 0.8534
598.2 456.5 9.1 11.1 882.7 509.4 887.0 509.7 884.9 512.8 882.6 515.5 886.0 515.8 0.8502
236.5 562.1 11.2 14.4 599.8 460.0 604.2 460.2 601.5 462.5 600.0 464.8 603.3 464.9 0.8463
418.4 358.4 7.5 9.1 241.1 566.5 246.1 566.4 244.3 570.0 241.6 573.2 245.3 573.1 0.8417
804.7 588.9 10.3 14.7 421.0 361.9 424.5 362.0 423.0 363.8 421.3 365.6 424.0 365.6 0.8254
697.5 491.0 9.6 12.3 806.8 594.3 811.3 594.8 808.4 597.4 807.0 600.2 810.5 600.4 0.8183
134.9 512.1 10.3 12.6 699.5 495.7 702.7 496.0 700.2 498.6 699.7 500.8 702.0 501.0 0.8180
574.3 352.8 7.9 9.5 137.8 516.3 142.3 516.7 139.8 519.3 137.7 521.8 141.2 522.1 0.8089
933.7 453.5 9.7 11.4 576.5 356.6 580.0 356.6 578.3 358.4 576.9 360.2 579.8 360.2 0.7783
525.1 304.8 6.3 8.0 936.0 457.5 940.8 457.3 938.5 460.1 936.8 462.3 940.4 462.2 0.7641
146.9 378.7 7.1 9.0 527.2 308.1 530.0 308.0 528.8 309.6 527.6 311.1 529.8 311.1 0.7467
399.6 367.9 8.4 10.5 149.0 382.4 152.2 382.4 150.6 384.3 149.3 386.0 151.9 386.0 0.7236
885.2 471.9 8.0 11.5 401.2 372.2 404.8 372.1 402.7 374.4 401.9 376.3 404.5 376.2 0.7198
631.8 428.7 8.7 10.1 131.1 497.4 135.8 497.3 133.4 499.8 131.9 502.3 135.6 502.1 0.7135
454.3 355.9 10.7 13.2 886.5 476.3 888.7 476.5 886.5 478.8 886.8 481.1 888.4 481.0 0.7131
622.9 403.2 8.4 9.7 633.9 432.8 638.2 432.8 636.0 435.0 634.3 437.0 637.7 437.1 0.7080
209.9 494.6 11.2 13.5 457.1 362.7 461.6 362.5 459.4 365.2 458.1 367.4 461.3 367.2 0.7038
316.9 377.6 7.9 9.6 625.9 406.7 629.5 406.7 628.0 408.9 626.3 411.0 629.1 411.0 0.7004
748.8 343.1 7.4 9.4 214.7 499.5 218.7 498.6 217.9 501.9 216.1 505.1 219.1 504.5 0.6803
431.3 365.0 8.5 10.3 318.5 380.8 322.0 380.9 320.0 382.8 318.8 384.9 321.6 384.9 0.6795
540.2 384.5 7.0 8.2 750.1 346.6 753.0 346.8 750.9 348.6 750.2 350.4 752.5 350.4 0.6791
629.0 338.4 7.1 8.6 433.4 369.3 437.7 369.1 435.6 371.6 434.1 373.5 437.2 373.3 0.6695
772.6 314.3 6.6 8.6 541.8 387.5 544.8 387.4 543.2 389.2 542.4 391.0 544.7 390.9 0.6560
766.3 324.2 7.9 9.9 630.7 341.9 633.8 341.9 632.1 343.6 631.0 345.2 633.5 345.3 0.6551
438.1 336.7 7.1 9.2 456.7 460.9 460.4 460.7 459.1 463.2 457.3 465.3 459.8 465.2 0.6346
193.5 343.1 6.7 8.5 774.1 318.0 777.0 318.0 775.4 319.8 774.4 321.4 776.7 321.4 0.6321
410.1 397.0 8.2 9.2 768.7 328.6 772.4 328.7 770.6 330.8 769.0 332.5 771.8 332.6 0.6288
429.1 389.2 8.3 10.8 440.7 340.3 443.5 340.2 442.5 342.0 441.1 343.9 443.4 343.8 0.6144
62.8 448.1 11.4 15.3 197.0 346.6 198.9 346.4 198.7 348.2 197.4 349.8 198.7 349.8 0.5846
767.3 308.2 5.9 7.2 411.9 400.4 415.1 400.5 413.1 402.5 412.4 404.4 414.7 404.3 0.5722
525.0 391.0 6.9 8.4 433.0 393.7 435.8 393.8 435.0 395.8 433.2 397.6 435.3 397.7 0.5625
815.2 357.1 9.6 11.8 68.8 453.6 72.3 453.5 71.6 457.0 69.1 460.0 71.6 460.0 0.5240
739.8 342.1 7.0 9.0 524.7 558.4 528.9 557.8 528.1 560.9 525.9 563.7 529.0 563.3 0.5142
105.1 441.0 6.9 9.2 391.7 369.1 395.3 369.2 393.1 371.4 392.1 373.4 394.7 373.5 0.5117
