2--Demonstration/2_Demonstration_Protesters_2_468.jpg
32
371.3 113.9 12.2 15.8 374.7 119.9 380.3 119.9 377.4 122.9 375.2 126.0 379.8 126.0 0.9996
244.1 119.1 17.1 22.6 249.5 127.6 257.2 127.6 253.7 132.4 250.2 136.4 256.1 136.5 0.9994
950.9 144.7 17.7 22.1 955.8 152.9 964.5 152.7 960.4 157.3 957.1 161.8 963.7 161.6 0.9992
336.0 139.5 22.9 28.0 339.3 150.2 347.7 148.7 342.7 156.1 343.4 162.0 349.1 160.6 0.9987
599.4 137.9 16.2 20.5 602.8 145.0 610.4 146.2 605.4 149.6 602.5 153.2 608.3 154.1 0.9986
472.7 93.7 11.8 15.1 475.9 99.5 481.3 99.6 478.3 102.4 476.1 105.1 480.6 105.2 0.9984
870.5 169.9 15.9 18.4 877.5 177.1 883.9 178.2 881.2 182.0 877.2 184.6 881.4 185.6 0.9984
996.8 159.0 18.3 21.9 1002.0 166.1 1010.6 166.1 1006.5 170.4 1002.8 175.0 1009.8 174.9 0.9983
795.6 123.5 15.7 19.8 799.6 130.3 807.2 130.5 803.4 135.1 800.5 138.9 806.1 139.0 0.9981
575.0 109.4 10.9 14.0 577.7 114.6 582.7 114.9 580.0 117.6 578.0 120.1 581.9 120.4 0.9980
850.0 136.4 14.6 20.0 854.3 143.7 861.2 143.7 857.9 148.1 855.1 151.9 860.2 151.8 0.9976
928.0 150.7 18.8 23.6 932.4 158.9 940.5 159.8 935.5 163.9 932.6 168.1 938.7 168.8 0.9975
813.1 119.6 17.2 20.5 817.0 125.8 824.7 126.0 820.2 130.5 817.7 134.9 823.6 135.0 0.9970
626.0 129.5 11.0 16.1 628.8 136.2 634.0 136.3 631.3 139.6 629.2 142.4 633.3 142.4 0.9968
668.5 118.6 11.1 14.7 671.7 124.3 676.8 124.3 674.3 126.9 672.2 129.8 676.3 129.9 0.9968
338.0 111.3 9.2 11.8 340.7 116.1 345.1 115.9 343.2 118.4 341.3 120.6 344.9 120.4 0.9965
442.4 108.2 16.0 20.5 445.1 116.4 451.8 115.9 447.7 120.6 446.6 124.5 451.4 124.1 0.9957
392.4 98.9 10.5 13.6 395.1 104.0 400.2 104.0 397.5 106.8 395.7 109.6 399.5 109.6 0.9955
863.7 195.7 15.9 19.0 867.0 203.5 874.0 202.0 871.0 207.1 869.6 211.2 874.7 209.9 0.9950
893.0 114.7 12.4 16.9 895.6 120.7 900.8 120.9 897.7 124.5 896.2 127.5 900.4 127.6 0.9929
641.2 115.8 9.6 12.3 642.9 120.1 646.6 120.1 644.1 122.7 643.4 125.2 646.3 125.1 0.9877
536.9 105.1 9.5 12.1 538.6 109.8 542.7 109.5 540.3 112.4 539.5 114.9 542.4 114.6 0.9820
504.5 85.2 9.4 11.2 506.9 89.7 511.2 89.9 508.8 92.2 507.3 94.1 510.4 94.2 0.9660
305.8 100.6 10.3 14.8 308.4 107.2 313.2 106.5 311.3 109.8 309.8 112.7 313.4 112.2 0.9606
628.7 101.9 9.5 13.0 631.2 106.9 635.6 106.8 633.5 109.5 631.7 112.1 635.3 112.0 0.9380
679.8 63.5 6.8 8.4 681.3 66.9 684.3 66.8 682.7 68.6 681.8 70.2 684.1 70.1 0.9365
702.4 96.3 10.3 12.2 704.6 100.5 709.3 99.9 707.0 102.9 705.8 105.8 709.4 105.2 0.9186
616.6 59.0 6.7 8.4 284.8 135.4 286.0 135.4 284.2 139.3 287.8 141.5 288.2 141.3 0.8981
250.0 100.5 8.9 10.8 618.9 62.6 621.8 62.3 620.7 64.2 619.6 65.9 621.8 65.7 0.8287
771.3 103.0 9.4 12.1 252.2 104.9 256.4 104.8 254.4 107.1 252.8 109.3 256.2 109.2 0.7871
393.4 118.6 11.8 14.4 773.4 107.3 777.9 107.7 775.4 110.2 773.6 112.5 777.0 112.7 0.6804
682.2 87.1 9.1 11.1 397.6 124.5 402.1 123.0 401.0 126.7 400.0 130.2 403.2 129.1 0.5110
