2--Demonstration/2_Demonstration_Protesters_2_603.jpg
9
316.9 483.7 70.1 102.7 366.8 521.4 376.6 521.5 385.1 544.7 361.4 561.9 366.9 562.8 0.9997
51.4 411.0 110.2 141.7 125.1 458.4 147.9 460.3 159.8 488.5 126.9 517.3 141.3 519.1 0.9996
172.8 459.9 53.5 66.7 206.4 480.3 220.0 481.0 224.3 493.6 210.3 508.8 219.6 509.7 0.9988
607.4 543.8 38.7 51.1 630.8 560.0 642.3 561.4 642.0 571.4 631.2 581.3 639.1 582.7 0.9975
229.9 533.9 30.6 35.3 246.8 545.2 256.8 545.5 254.7 553.4 245.4 560.0 252.4 560.5 0.9963
690.3 566.2 28.1 37.3 708.2 578.0 714.8 578.8 714.8 586.9 706.0 593.8 710.8 594.7 0.9947
817.9 572.9 17.3 22.9 831.2 580.9 832.9 581.2 833.7 586.4 828.4 590.1 829.6 590.7 0.9669
773.4 562.0 17.7 24.2 785.3 569.6 787.9 569.6 789.9 574.4 786.7 579.8 788.5 580.0 0.9239
732.7 570.1 19.3 28.5 739.5 577.9 747.7 578.0 744.0 584.7 739.4 590.9 746.3 591.1 0.8428
