2--Demonstration/2_Demonstration_Protesters_2_858.jpg
17
632.6 349.9 23.2 27.4 636.5 361.2 646.1 360.1 640.2 366.6 639.0 371.9 646.0 371.0 0.9997
652.3 361.0 24.7 31.4 656.2 371.5 662.5 372.1 654.1 376.3 655.2 383.5 659.7 383.7 0.9997
701.8 370.2 14.0 15.2 705.5 377.3 710.9 373.9 710.5 377.9 709.8 382.4 714.0 379.7 0.9994
775.6 393.8 14.7 17.9 777.2 399.2 783.3 398.9 778.7 402.8 777.9 407.1 782.8 406.7 0.9993
380.5 363.4 21.3 28.1 383.2 373.3 388.1 373.5 381.8 378.9 384.5 384.5 388.1 384.3 0.9992
10.6 351.7 27.1 33.9 16.0 363.9 27.7 363.1 21.0 370.1 18.3 377.6 26.8 376.8 0.9988
801.5 379.6 15.3 17.5 808.4 384.6 814.7 384.6 812.9 388.1 808.8 391.9 814.0 392.0 0.9983
722.7 384.0 14.0 18.8 725.0 390.6 730.6 390.2 727.0 393.9 726.3 398.3 730.7 397.8 0.9983
99.7 347.2 22.6 35.1 102.3 361.6 109.4 360.4 103.1 366.8 104.1 373.7 110.4 372.5 0.9983
574.9 381.6 15.6 18.6 576.9 388.9 582.2 388.7 578.4 393.0 579.0 396.1 583.2 395.7 0.9983
520.5 358.0 18.2 31.1 523.7 368.6 525.3 369.5 520.9 375.3 524.2 381.4 525.6 381.7 0.9980
506.5 373.7 14.6 17.5 511.2 379.1 518.1 378.8 515.3 382.7 511.7 386.1 518.0 386.0 0.9978
422.4 346.1 21.3 28.2 427.5 355.6 432.2 357.8 424.8 361.6 425.1 366.8 428.2 368.3 0.9888
223.9 363.0 22.0 27.8 228.4 372.3 237.4 372.5 232.0 378.2 229.1 383.9 236.5 383.9 0.9214
287.9 367.0 17.0 24.2 292.5 377.8 298.1 377.3 295.8 382.1 294.7 386.4 298.5 386.0 0.9137
260.9 368.6 22.6 29.9 264.9 380.3 273.4 380.7 267.8 387.2 266.4 392.5 272.7 392.7 0.9118
600.0 386.7 10.0 13.7 602.3 391.7 606.6 391.8 604.2 394.7 602.8 397.2 606.4 397.2 0.8435
