2--Demonstration/2_Demonstration_Demonstration_Or_Protest_2_315.jpg
19
507.3 390.5 58.9 75.5 546.2 408.9 556.7 407.9 566.6 421.1 546.3 439.9 556.0 440.4 0.9997
39.7 442.8 104.9 147.5 67.1 507.5 113.8 498.1 95.0 532.6 83.4 562.4 116.3 554.2 0.9996
807.9 409.0 55.8 67.4 819.3 431.7 845.5 429.7 831.8 443.1 823.8 458.3 845.0 456.5 0.9996
772.2 334.1 28.6 32.5 781.2 344.1 794.3 343.6 789.1 349.4 783.6 357.7 793.7 357.3 0.9995
354.1 377.3 86.7 111.2 378.8 415.9 419.3 418.9 398.0 440.4 381.0 460.6 410.5 463.2 0.9993
122.5 346.0 21.4 25.2 128.6 355.9 138.6 355.1 134.3 360.2 130.6 365.3 138.4 364.7 0.9988
602.2 356.4 24.8 31.5 609.4 370.6 620.4 369.7 615.6 376.6 611.6 382.0 619.7 381.3 0.9986
930.7 351.6 32.8 31.1 936.7 364.8 949.3 363.7 942.1 372.4 942.3 376.8 950.6 375.8 0.9976
132.8 324.3 21.2 26.8 142.5 335.2 150.7 334.2 149.0 339.7 144.1 344.8 150.8 344.1 0.9974
631.2 320.7 18.1 20.9 636.0 327.9 643.4 326.7 640.1 331.7 637.9 336.3 644.1 335.4 0.9971
316.8 410.1 22.8 31.2 331.2 422.6 337.0 423.1 338.1 428.5 331.4 433.9 335.4 434.6 0.9943
865.7 363.4 24.8 22.0 882.3 374.3 884.4 375.9 882.2 381.2 874.3 381.3 874.2 382.9 0.9931
824.1 331.1 13.8 16.3 827.7 336.8 833.9 336.3 831.1 340.1 829.1 343.6 833.7 343.2 0.9922
716.6 344.8 19.8 25.9 721.4 353.1 729.9 353.0 725.4 358.0 722.4 363.7 729.3 363.6 0.9885
22.2 341.7 47.9 52.3 28.8 359.1 45.7 359.4 31.9 369.3 28.9 379.4 41.5 379.4 0.9778
892.4 326.8 21.6 24.1 902.3 335.4 910.4 334.3 908.6 340.3 904.3 345.2 910.2 344.5 0.9757
738.9 331.6 14.5 17.2 745.3 338.1 750.5 337.9 748.6 342.2 746.0 345.2 749.7 345.2 0.9311
576.8 428.5 28.4 48.4 581.9 446.2 584.1 446.9 579.0 457.4 585.7 466.5 587.1 466.4 0.8310
967.9 327.3 16.6 20.6 971.0 334.1 977.2 333.8 972.8 338.6 971.8 343.1 976.6 342.8 0.7337
