2--Demonstration/2_Demonstration_Political_Rally_2_76.jpg
14
375.6 316.6 22.1 29.2 377.6 328.1 383.6 327.9 377.7 334.0 379.8 339.8 383.9 339.2 0.9998
235.3 351.5 40.1 51.7 261.4 369.3 269.3 367.4 275.7 377.5 267.8 389.9 272.9 389.0 0.9996
802.4 233.3 21.2 24.1 810.2 241.5 819.5 241.5 816.1 245.5 811.8 250.9 819.0 250.9 0.9993
620.0 353.0 35.8 44.9 637.9 374.5 651.2 374.6 646.8 384.2 636.0 389.3 645.5 389.9 0.9992
664.3 243.7 19.6 24.6 675.6 252.6 682.0 252.7 681.1 257.7 675.6 262.2 680.4 262.6 0.9991
740.4 350.3 33.1 42.0 754.4 366.2 768.8 366.1 763.8 375.6 754.1 381.8 766.5 382.0 0.9990
496.3 335.3 41.1 54.0 522.8 361.6 533.7 355.8 535.9 367.3 526.1 379.2 533.5 375.3 0.9987
306.3 234.4 18.2 24.4 315.6 245.4 321.2 245.7 319.4 250.6 314.7 253.8 318.7 254.2 0.9983
62.4 294.3 26.9 30.1 78.0 307.2 84.7 308.4 82.2 314.9 73.9 317.5 78.6 318.9 0.9979
191.2 274.7 21.8 23.3 202.5 285.7 209.7 285.2 207.5 291.7 201.8 294.5 206.0 294.5 0.9973
745.0 239.3 19.9 25.2 749.3 249.4 758.1 249.2 753.2 254.1 750.5 258.9 757.1 258.7 0.9960
139.1 345.9 21.4 27.3 153.0 358.0 157.7 357.4 157.7 364.0 151.0 368.0 154.0 367.9 0.9950
248.8 296.7 27.1 28.3 257.4 304.6 267.4 304.5 262.1 309.5 258.4 315.9 266.0 315.9 0.9093
963.3 248.9 9.1 11.1 964.6 253.3 968.0 253.3 965.5 255.7 965.3 257.9 967.8 257.8 0.6015
