2--Demonstration/2_Demonstration_Protesters_2_448.jpg
13
349.4 686.4 61.4 82.1 360.2 716.3 370.1 721.0 349.8 736.9 361.7 751.6 366.5 754.3 0.9998
886.7 172.1 48.2 68.8 900.7 192.8 903.9 196.1 888.4 205.6 891.6 221.5 893.6 223.4 0.9997
471.9 409.3 45.8 64.6 479.0 428.7 484.0 432.1 471.3 441.1 477.2 454.8 480.2 457.0 0.9993
671.3 400.6 50.5 75.1 677.0 421.9 682.0 423.8 671.6 439.0 680.7 454.4 683.2 455.5 0.9983
898.2 383.5 45.8 68.1 907.9 402.8 909.7 405.7 896.1 415.0 903.9 430.9 904.5 432.6 0.9974
767.8 316.3 52.5 67.7 774.6 335.3 778.2 338.1 771.5 351.0 782.7 364.5 784.3 366.6 0.9973
955.5 0.1 40.5 52.8 961.3 16.0 972.2 18.8 957.8 28.3 961.6 39.0 968.3 40.8 0.9960
470.4 634.7 50.1 67.9 476.0 653.8 480.2 656.8 472.9 670.5 484.4 683.9 486.8 686.1 0.9958
116.3 200.4 56.4 66.5 155.9 227.8 162.3 227.5 162.4 243.5 147.5 251.9 151.6 252.3 0.9434
721.4 268.1 41.2 61.3 733.3 288.2 739.0 291.5 731.2 302.8 731.0 311.9 734.9 314.4 0.9157
719.6 34.6 28.9 45.8 740.7 50.1 742.6 48.3 747.2 57.5 742.1 68.3 743.8 67.2 0.8400
808.9 215.4 44.9 54.2 818.8 230.6 831.7 231.9 822.8 243.4 820.6 252.8 829.4 253.8 0.8076
193.7 474.6 56.3 40.6 898.2 115.5 904.1 117.0 899.0 127.5 900.9 137.9 903.7 139.1 0.5674
