2--Demonstration/2_Demonstration_Protesters_2_724.jpg
10
633.9 162.3 92.8 138.7 644.6 211.1 665.5 205.5 634.9 228.9 649.1 262.5 667.0 257.1 0.9998
490.2 272.5 75.8 106.9 498.9 305.0 526.9 297.6 503.8 321.0 507.4 349.2 530.3 342.7 0.9998
410.6 205.4 53.9 83.3 420.5 230.4 428.6 229.3 412.4 245.0 422.1 265.0 428.3 263.4 0.9996
808.9 113.2 39.6 49.8 813.7 131.7 827.7 128.8 816.7 140.2 818.3 151.2 828.6 148.6 0.9989
959.6 101.7 63.9 179.6 972.5 163.1 1009.5 157.5 971.9 191.4 982.9 232.2 1012.6 226.8 0.9986
581.6 247.7 31.2 48.3 586.7 261.3 589.5 262.1 582.8 271.1 588.4 282.6 590.1 282.9 0.9971
593.8 172.6 32.1 47.8 599.5 188.4 604.6 188.3 594.5 196.4 599.7 207.7 603.2 206.9 0.9958
54.1 286.2 16.3 20.0 63.9 292.1 67.7 291.4 69.0 295.8 65.6 300.4 68.2 300.2 0.9852
188.9 320.6 25.7 38.1 205.4 332.5 208.6 331.5 214.3 338.3 210.5 348.4 212.5 348.0 0.9852
57.5 320.1 15.2 20.6 60.0 328.3 63.1 328.4 60.0 333.1 62.2 336.7 64.2 336.5 0.9775
