2--Demonstration/2_Demonstration_Demonstration_Or_Protest_2_408.jpg
12
811.1 292.1 55.9 69.5 819.8 313.6 831.8 318.6 811.5 329.0 818.2 341.9 826.2 345.0 0.9999
925.4 257.0 37.7 55.4 935.7 273.3 940.3 277.4 926.5 283.3 929.6 295.6 932.9 298.2 0.9998
427.3 248.4 27.0 35.3 437.6 264.2 447.9 262.1 445.6 269.6 441.4 276.7 448.6 275.1 0.9881
780.0 271.7 32.9 39.8 785.1 286.9 799.4 286.2 789.7 294.1 786.9 302.4 797.0 301.8 0.9852
416.1 211.6 16.8 21.0 419.7 218.0 425.7 218.9 420.2 222.5 418.7 227.0 423.1 227.6 0.9737
471.1 206.2 14.6 17.4 474.9 212.9 481.1 213.5 477.2 216.7 474.9 219.8 479.6 220.1 0.9523
157.2 239.2 22.9 29.4 -11.9 499.9 -8.7 500.8 -14.3 518.1 -3.0 532.7 -1.1 533.4 0.8802
134.1 263.0 20.0 26.9 162.5 251.7 171.9 250.7 166.6 256.7 164.1 262.2 171.0 261.3 0.7965
176.0 278.9 24.4 27.5 137.8 274.4 146.9 275.1 141.2 280.3 138.3 284.5 144.8 285.0 0.7850
555.1 233.7 13.6 14.7 181.8 289.1 193.0 289.2 186.5 294.1 182.7 299.6 190.7 299.6 0.7551
496.1 191.3 11.0 12.7 559.0 238.5 565.7 238.5 562.5 242.0 559.9 245.2 564.8 245.2 0.5638
0.7 207.5 12.1 16.8 498.8 195.7 503.7 195.7 501.1 198.4 499.4 201.1 503.3 201.0 0.5381
