2--Demonstration/2_Demonstration_Demonstration_Or_Protest_2_565.jpg
11
129.0 0.0 103.7 124.9 190.1 39.3 221.8 37.3 229.4 64.0 200.4 93.0 221.7 92.0 0.9999
964.9 27.0 56.4 67.5 980.4 52.4 1006.3 53.5 992.3 63.8 982.0 77.0 1001.5 77.7 0.9996
368.3 43.7 66.9 91.7 402.5 84.6 427.7 78.6 427.3 98.0 410.3 117.0 429.3 112.1 0.9996
938.3 97.8 51.9 63.9 951.7 117.5 977.2 118.5 963.8 131.4 952.4 143.4 974.0 144.5 0.9994
632.6 53.7 62.1 96.4 663.9 86.3 681.5 83.4 689.8 99.1 674.9 124.3 687.6 122.4 0.9994
226.0 63.3 43.8 54.0 241.5 85.4 261.2 82.2 256.2 94.6 247.8 106.0 262.9 103.4 0.9994
879.8 52.9 27.0 29.3 897.5 66.0 902.5 65.0 902.5 73.3 894.1 76.9 896.2 76.7 0.9993
501.6 57.3 37.2 53.6 525.6 78.1 529.3 76.4 537.4 84.7 531.6 97.0 533.9 96.5 0.9992
817.6 49.3 46.1 61.1 838.1 70.2 856.1 72.9 848.1 82.4 837.1 93.1 850.7 95.3 0.9973
15.2 106.5 17.8 20.0 18.5 115.2 25.6 113.1 22.0 117.7 21.3 122.4 26.5 120.8 0.9968
931.9 42.1 8.9 11.3 994.2 314.8 1030.0 311.3 1011.1 331.5 1003.1 350.2 1030.5 347.0 0.5694
