2--Demonstration/2_Demonstration_Demonstrators_2_143.jpg
19
427.5 367.1 97.9 143.0 453.7 419.3 500.9 419.3 478.3 441.0 458.8 471.8 497.1 471.6 0.9997
131.2 335.7 58.6 75.8 161.7 367.7 183.0 364.0 182.9 377.3 167.8 394.2 184.2 391.2 0.9997
758.7 465.6 149.2 200.9 845.1 526.2 881.4 515.1 906.3 558.1 859.3 608.0 888.6 602.8 0.9997
716.4 345.9 78.3 86.1 730.3 376.7 762.3 375.8 740.1 389.6 733.4 409.1 756.3 408.7 0.9996
428.1 292.6 65.0 74.0 461.8 314.6 487.3 314.3 482.2 328.6 466.2 345.7 485.3 345.4 0.9995
196.9 318.7 45.2 56.5 212.2 340.0 232.5 338.1 225.4 349.7 217.0 361.6 232.3 360.0 0.9993
961.6 243.1 30.5 37.7 981.3 253.5 987.3 252.8 991.6 259.4 984.3 269.5 988.7 269.3 0.9990
672.5 285.3 35.0 43.1 680.6 299.7 696.5 297.4 688.7 305.1 683.4 316.0 696.9 314.2 0.9989
770.4 236.6 19.0 22.2 776.0 243.0 784.3 242.9 780.3 247.3 776.7 252.1 783.6 252.1 0.9988
515.2 259.1 23.4 29.2 519.8 270.6 529.6 270.5 523.5 276.6 520.8 281.8 528.5 281.7 0.9980
200.5 281.7 12.9 15.0 204.3 286.2 210.1 286.3 207.3 289.3 204.8 292.6 209.5 292.7 0.9971
908.0 292.0 61.7 78.6 939.6 321.3 960.8 321.4 958.2 335.0 944.0 351.2 958.8 351.7 0.9968
318.1 351.1 66.8 83.6 360.8 380.1 379.1 379.3 382.1 393.8 360.4 410.8 375.2 410.8 0.9965
995.4 247.7 20.0 26.3 1001.3 258.5 1009.7 257.2 1006.3 262.7 1003.4 268.3 1009.9 267.3 0.9965
130.9 293.4 52.7 56.6 156.4 312.6 175.5 310.9 174.8 320.5 164.4 334.7 178.0 333.8 0.9964
603.8 273.1 25.2 33.9 613.2 283.3 623.9 283.8 619.7 290.2 614.4 297.6 622.5 298.1 0.9908
484.6 258.1 30.8 41.4 495.7 274.6 508.3 273.7 503.9 280.6 498.6 289.0 508.3 288.4 0.9693
627.1 149.9 9.4 10.6 629.3 154.0 633.4 153.8 631.3 156.2 630.2 158.3 633.3 158.2 0.9263
515.0 321.7 31.9 41.7 523.4 339.3 534.9 338.5 529.2 345.7 526.8 353.3 535.6 352.6 0.6887
