2--Demonstration/2_Demonstration_Protesters_2_622.jpg
211
292.9 368.1 23.3 29.6 307.0 380.0 312.1 378.4 314.7 384.7 309.8 391.1 312.9 390.2 0.9997
178.5 404.3 24.5 30.7 191.4 415.7 196.4 412.9 200.3 418.7 196.9 426.9 200.3 425.1 0.9997
344.6 580.8 33.3 39.9 356.3 597.6 371.4 596.5 365.8 606.3 359.0 612.9 370.1 612.2 0.9995
308.5 278.9 16.9 22.3 316.3 287.9 323.1 286.5 322.2 291.7 318.6 296.4 323.6 295.5 0.9995
322.4 403.5 20.4 28.7 336.7 414.8 340.1 414.3 342.4 419.8 337.4 425.3 339.6 425.3 0.9995
561.8 536.8 27.1 37.5 579.0 549.1 585.0 548.3 587.8 556.3 579.4 563.9 584.0 563.7 0.9995
442.3 512.6 29.1 39.4 459.7 528.8 467.4 526.6 469.6 535.5 462.0 543.8 466.9 542.4 0.9994
375.5 277.2 19.1 23.2 381.7 287.3 390.0 285.3 387.7 290.9 385.1 296.0 391.2 294.5 0.9994
107.4 288.5 20.8 25.7 113.2 299.3 123.0 298.1 118.9 304.0 115.6 309.1 123.1 308.1 0.9994
457.5 201.7 13.9 18.6 462.0 209.2 468.5 208.8 465.9 212.5 463.0 216.1 468.4 215.8 0.9994
120.1 363.0 26.9 34.4 136.6 377.3 140.8 373.9 146.9 380.2 143.7 389.7 146.0 387.5 0.9994
281.8 300.9 20.1 23.7 288.3 311.3 296.8 308.7 295.0 314.0 292.1 319.6 298.7 317.6 0.9994
696.1 198.8 14.3 16.9 699.9 204.4 706.5 204.7 703.1 207.6 700.4 211.2 705.5 211.4 0.9992
628.5 636.2 32.3 46.7 649.4 656.6 655.3 653.3 660.6 663.1 652.4 672.9 656.2 670.9 0.9992
242.2 302.8 24.5 29.0 252.5 313.8 262.7 312.8 260.2 318.8 255.2 325.1 262.6 324.6 0.9992
466.9 633.8 33.2 41.2 485.4 648.8 492.8 646.2 497.3 654.5 492.8 665.0 497.7 663.3 0.9992
146.6 199.7 16.0 19.0 151.5 206.3 159.0 205.8 155.9 209.8 152.8 214.0 158.7 213.6 0.9992
424.5 217.3 14.8 18.4 429.3 223.9 436.2 224.4 432.7 228.0 429.3 231.5 434.9 231.9 0.9991
246.2 420.5 20.7 31.2 257.6 434.4 261.6 431.4 265.3 437.9 261.8 445.2 264.4 443.3 0.9990
145.5 489.3 30.8 41.7 162.9 506.7 166.9 502.3 173.8 510.1 170.7 521.3 172.9 518.3 0.9989
466.6 425.2 22.1 31.6 480.5 437.7 485.3 436.7 487.6 443.1 482.3 449.5 485.4 449.2 0.9989
192.9 331.9 21.7 30.0 204.7 343.9 211.6 342.4 211.8 349.1 206.1 354.6 212.0 353.7 0.9989
184.7 164.9 13.0 16.5 188.2 171.5 194.0 171.4 191.2 174.2 188.8 177.1 193.7 177.1 0.9988
355.7 270.4 16.6 21.8 361.0 279.6 368.6 278.3 366.2 283.1 363.4 287.8 369.2 286.9 0.9988
395.2 259.0 16.1 21.8 400.8 266.8 408.1 268.1 404.1 272.1 400.1 275.3 405.7 276.4 0.9988
155.9 267.5 17.5 24.4 164.9 277.1 171.6 276.7 170.7 281.7 166.3 286.4 171.1 286.3 0.9988
444.4 178.2 10.8 13.5 447.0 183.4 452.4 183.2 449.8 186.1 447.8 189.0 452.1 188.8 0.9987
393.4 156.8 11.5 14.9 396.8 162.8 402.3 163.0 399.6 166.0 397.5 168.8 401.5 168.9 0.9987
227.4 395.5 23.8 31.3 238.7 408.0 245.4 405.5 247.2 411.4 244.0 419.2 248.6 417.5 0.9986
216.2 518.3 28.2 37.5 233.1 534.6 240.1 531.7 243.1 539.8 236.5 547.7 241.3 546.0 0.9986
624.1 229.5 14.9 19.1 627.8 236.8 635.1 236.8 631.5 240.7 628.9 244.6 634.2 244.6 0.9986
103.6 267.3 16.7 21.5 110.5 276.1 117.9 275.9 115.5 280.4 111.6 284.3 117.1 284.2 0.9985
434.3 142.4 10.3 12.7 437.0 147.2 441.8 147.0 439.4 149.5 437.7 152.1 441.6 151.9 0.9984
311.2 197.0 14.0 15.8 315.0 202.5 321.3 202.5 318.2 205.6 315.7 208.8 320.8 208.8 0.9984
376.3 220.9 15.0 21.5 381.1 228.7 388.2 229.3 384.9 233.2 381.5 237.3 386.9 237.8 0.9984
137.5 177.2 14.1 18.3 142.9 184.1 149.4 184.1 147.3 187.6 144.2 191.4 148.9 191.4 0.9984
797.7 109.0 14.6 18.7 800.0 117.2 806.3 118.1 801.9 121.8 800.5 124.1 804.9 124.7 0.9984
170.2 194.6 13.6 16.5 174.7 200.7 181.0 200.3 178.6 203.7 175.7 207.0 181.0 206.8 0.9984
59.4 376.2 21.9 28.1 71.2 388.7 78.2 386.6 78.8 392.9 74.3 399.2 79.0 397.8 0.9984
114.1 238.5 16.9 20.3 118.4 247.4 125.9 245.0 123.6 249.6 122.0 254.8 127.4 253.0 0.9983
424.4 169.9 11.8 15.5 427.8 175.8 433.8 175.5 431.2 179.1 428.9 182.2 433.3 182.0 0.9983
792.5 464.8 22.2 30.3 805.2 478.0 811.8 476.5 812.5 483.0 806.9 488.7 811.6 487.9 0.9983
681.7 241.7 15.5 19.9 686.6 250.1 693.4 249.6 690.6 253.8 688.0 257.6 693.0 257.3 0.9983
336.6 319.2 17.8 22.2 340.3 328.1 348.5 327.3 344.6 332.2 342.2 336.8 348.9 336.1 0.9983
204.1 297.6 20.1 26.7 211.6 308.6 219.9 307.0 217.6 312.6 213.8 318.4 220.4 317.3 0.9982
176.2 233.4 16.7 20.6 182.8 242.1 190.1 240.6 188.5 245.4 185.8 250.2 190.6 249.1 0.9982
414.2 158.0 11.9 15.4 417.7 164.6 423.2 163.8 421.1 167.3 419.3 170.6 423.3 170.0 0.9981
382.8 452.9 25.0 32.2 394.8 465.7 401.7 462.6 403.7 468.9 400.1 477.2 404.7 475.1 0.9981
362.1 234.1 15.5 21.3 367.0 241.7 374.1 241.1 371.4 245.0 368.7 250.1 374.1 249.7 0.9980
110.5 207.2 17.2 21.2 117.1 215.4 124.9 214.4 122.4 219.3 118.9 223.9 124.6 223.3 0.9979
659.4 245.9 13.7 17.3 663.4 252.3 669.6 253.7 665.8 256.8 662.8 259.3 667.3 260.4 0.9979
195.8 359.5 21.9 28.0 206.6 371.4 214.1 368.8 214.4 375.4 210.4 381.6 216.3 379.8 0.9979
652.7 187.8 12.1 15.3 657.7 193.2 662.7 194.2 660.5 196.6 657.5 199.2 661.2 200.0 0.9979
647.3 240.3 13.2 17.0 650.4 247.2 656.6 247.0 653.3 250.8 651.4 254.1 655.9 253.9 0.9979
321.1 349.6 21.2 24.6 329.5 360.5 337.9 357.7 337.1 363.3 334.0 369.4 339.7 367.3 0.9978
347.4 198.4 14.5 18.6 352.2 205.0 358.6 205.0 355.9 208.8 353.1 212.5 358.1 212.5 0.9977
202.4 256.1 19.3 23.3 210.3 265.7 219.0 264.5 216.9 269.6 213.0 274.8 219.0 273.9 0.9976
708.4 211.9 14.6 17.4 711.9 218.0 718.2 218.8 714.1 221.2 711.6 224.4 716.7 224.9 0.9976
409.1 221.2 14.4 19.2 414.9 228.9 421.0 228.8 418.9 232.4 415.7 236.1 420.3 236.1 0.9976
346.4 141.8 11.1 14.5 348.2 146.8 352.9 147.1 349.8 149.7 348.4 152.6 352.2 152.8 0.9975
804.7 616.5 32.3 34.7 817.8 629.9 831.5 630.4 826.0 639.8 818.2 644.7 827.5 645.4 0.9974
451.5 152.2 10.4 12.3 454.9 156.7 459.6 156.3 457.9 159.0 455.9 161.7 459.7 161.4 0.9973
89.9 244.5 16.2 21.7 97.9 253.3 104.0 252.0 103.6 257.3 100.3 261.9 104.4 261.1 0.9973
2.2 275.0 18.8 23.8 11.4 284.3 18.8 282.9 18.1 288.4 13.9 293.8 19.3 292.9 0.9972
150.9 173.5 13.5 17.4 152.8 179.3 157.5 179.1 153.9 182.9 153.9 186.7 157.4 186.3 0.9972
534.3 151.2 10.9 14.4 538.1 157.3 542.9 157.5 540.7 160.5 538.3 162.8 541.8 163.1 0.9971
486.5 158.6 11.4 14.9 489.9 164.9 494.9 164.8 492.6 167.6 490.4 170.3 494.6 170.3 0.9971
429.5 242.8 14.5 18.0 432.9 249.0 440.1 249.1 436.4 252.8 433.5 256.5 439.4 256.6 0.9971
181.1 290.4 16.7 22.5 189.4 299.8 194.9 298.5 195.1 302.9 191.9 307.9 196.0 307.0 0.9971
661.0 218.2 14.0 17.2 663.9 224.7 670.2 224.8 666.6 228.3 664.7 231.7 669.7 231.6 0.9970
154.5 237.3 16.9 19.4 161.3 244.6 168.5 243.4 166.8 248.0 163.4 252.5 168.7 251.8 0.9970
81.9 163.1 12.1 14.8 85.0 168.7 90.6 168.4 88.0 171.4 85.8 174.4 90.4 174.2 0.9969
499.0 217.9 13.9 18.8 504.5 226.0 510.7 225.2 508.9 229.8 506.0 233.3 510.4 232.8 0.9969
35.8 499.4 31.2 35.0 50.5 510.4 55.8 507.4 61.1 512.7 59.5 523.3 63.3 521.5 0.9966
515.6 176.5 13.8 17.6 522.5 183.1 527.5 182.5 526.8 186.6 523.8 190.2 527.5 189.9 0.9966
20.9 195.0 14.8 19.0 25.9 204.1 32.7 203.3 30.2 207.5 27.5 211.1 32.2 210.6 0.9966
456.8 179.0 11.6 15.1 459.6 185.3 464.6 185.0 462.2 188.1 460.6 191.1 464.5 190.9 0.9966
333.9 295.4 19.5 22.2 339.7 305.3 348.0 302.7 345.6 308.3 343.2 313.5 349.6 311.5 0.9965
434.5 261.6 18.3 24.3 439.8 271.4 448.2 270.8 444.7 275.9 441.2 280.5 447.7 280.1 0.9965
696.0 230.6 13.7 18.9 698.5 237.8 704.9 237.3 701.4 241.6 699.8 245.5 704.7 245.1 0.9964
308.4 331.8 16.7 22.5 313.1 342.3 320.8 342.0 317.1 346.7 314.4 350.2 320.1 350.1 0.9964
56.3 222.6 15.9 19.9 60.8 231.0 68.2 229.2 65.8 234.3 63.8 238.9 69.1 237.5 0.9964
340.2 456.5 20.6 34.4 355.4 468.6 355.8 467.8 361.1 473.9 357.0 482.0 357.4 481.6 0.9964
500.2 475.1 19.3 31.6 513.5 486.2 515.2 486.2 517.9 492.3 513.6 499.0 514.8 499.3 0.9964
880.2 563.0 28.9 31.3 896.9 576.7 904.2 575.5 902.8 583.8 895.8 588.5 900.0 587.8 0.9955
388.0 573.6 26.7 40.7 392.4 588.9 403.3 590.8 394.1 598.2 392.8 604.9 400.5 606.2 0.9952
609.1 262.8 14.8 19.7 614.8 269.9 621.5 270.9 618.5 274.3 614.9 277.9 619.7 278.7 0.9951
375.4 149.9 11.5 14.4 378.5 155.9 384.0 155.7 381.4 158.8 379.5 161.6 383.5 161.5 0.9951
600.3 238.5 13.8 17.3 603.2 244.4 607.9 245.0 603.7 247.8 602.8 251.4 606.2 251.6 0.9946
444.2 203.7 10.9 14.5 447.5 209.6 452.4 209.6 450.1 212.4 447.9 215.0 451.8 215.1 0.9946
218.8 254.2 15.7 21.7 222.8 262.7 230.3 262.3 226.9 267.5 224.4 271.7 229.8 271.4 0.9944
37.7 260.5 18.6 23.3 41.8 270.0 49.9 270.9 44.7 275.4 41.6 279.2 47.8 279.8 0.9944
389.0 316.8 17.5 21.5 395.7 325.3 403.2 325.5 400.3 329.9 396.8 333.8 402.2 334.0 0.9941
315.5 182.1 11.3 14.5 319.1 187.9 324.1 187.7 322.0 190.7 319.9 193.4 323.9 193.2 0.9940
232.0 241.1 16.2 20.1 238.8 249.0 245.3 247.7 244.3 251.7 241.4 256.6 246.2 255.7 0.9939
9.8 257.6 16.3 19.8 17.4 265.4 23.8 264.2 23.1 268.6 19.9 273.2 24.4 272.4 0.9939
524.3 381.4 24.9 28.0 533.8 390.9 543.5 395.4 536.9 398.4 530.2 400.8 537.2 404.4 0.9937
531.8 176.2 11.6 15.3 535.7 182.2 540.8 181.9 539.0 185.2 536.5 188.3 540.6 188.1 0.9935
677.2 222.8 12.9 15.7 681.6 228.8 687.4 229.3 684.6 232.3 681.8 235.1 686.0 235.5 0.9933
499.7 580.4 31.0 39.7 515.8 596.2 525.2 596.3 522.8 604.8 515.8 611.3 522.4 611.8 0.9925
92.6 437.8 22.1 34.7 106.7 449.0 107.4 448.6 112.3 453.9 109.8 462.4 110.4 462.5 0.9922
477.3 147.3 9.1 12.1 479.4 151.7 483.6 151.9 481.1 154.2 479.5 156.5 482.9 156.7 0.9920
253.6 174.5 11.8 15.1 257.1 180.3 262.3 180.5 259.8 183.3 257.4 186.0 261.6 186.1 0.9916
338.7 229.6 12.4 15.8 341.8 235.1 347.6 235.5 344.4 238.7 342.0 241.8 346.4 242.1 0.9915
624.8 274.8 16.0 18.7 629.4 281.3 636.6 282.4 632.2 285.5 629.0 288.8 634.3 289.6 0.9915
602.6 522.3 26.1 31.1 611.1 534.8 622.4 534.5 617.4 541.7 613.1 547.1 621.3 546.9 0.9915
528.6 210.5 13.1 16.0 533.2 216.9 539.1 216.9 536.4 220.2 533.7 223.2 538.3 223.4 0.9913
332.3 262.6 14.7 18.2 336.0 269.0 343.0 269.0 339.4 272.9 336.6 276.7 342.3 276.7 0.9906
108.1 164.7 13.4 16.1 112.6 171.2 119.1 171.0 116.6 174.5 113.8 177.7 118.4 177.6 0.9906
636.9 198.8 12.1 15.4 641.4 205.3 646.1 204.7 644.7 208.0 642.6 211.1 646.2 210.7 0.9905
557.2 157.1 9.6 11.8 560.4 162.1 564.7 161.9 562.9 164.4 561.0 166.5 564.4 166.4 0.9903
393.5 310.0 17.2 21.6 399.3 319.8 406.0 320.0 403.1 323.9 400.0 326.8 405.1 327.0 0.9903
496.0 145.8 9.5 12.6 499.6 151.0 503.9 150.8 502.4 153.6 500.3 156.0 503.5 155.9 0.9902
569.3 158.6 10.5 13.0 572.1 163.7 576.5 163.8 574.0 166.3 572.4 168.7 575.9 168.8 0.9901
867.7 455.4 25.0 29.6 872.9 464.4 881.5 466.8 872.8 470.5 870.4 476.5 876.7 478.3 0.9899
378.2 336.0 18.6 21.9 384.2 345.4 392.1 346.7 387.6 350.7 383.7 353.4 389.5 354.4 0.9896
300.0 250.1 13.3 17.7 303.6 256.7 309.6 256.8 306.6 260.2 304.2 263.8 309.0 263.8 0.9891
358.4 386.6 21.0 25.4 368.7 398.0 375.3 395.2 376.4 400.9 373.8 407.4 378.2 405.4 0.9891
470.1 173.6 11.6 15.2 474.8 179.1 479.8 180.0 477.4 183.0 474.3 185.4 477.9 186.2 0.9891
709.2 248.7 16.1 19.9 714.7 257.5 722.3 256.8 719.5 261.6 716.5 265.3 721.7 264.9 0.9891
516.8 240.0 13.8 17.1 520.5 247.2 526.9 246.3 524.4 250.5 522.4 253.7 527.1 253.0 0.9884
535.5 614.7 31.8 41.0 555.6 630.2 563.1 628.7 564.4 638.3 556.7 646.5 561.4 645.9 0.9879
329.1 186.1 12.2 16.0 332.4 193.4 338.1 193.0 335.6 196.4 333.6 199.5 338.0 199.2 0.9878
244.5 613.5 25.7 40.2 259.0 626.7 265.4 625.4 268.2 633.2 262.7 643.6 267.1 642.8 0.9878
930.3 191.7 9.6 12.6 931.8 196.6 934.6 196.7 932.1 199.4 932.5 201.8 934.4 201.7 0.9871
550.7 245.1 13.7 18.7 556.8 253.4 562.7 252.7 561.2 256.9 558.3 260.4 562.4 260.0 0.9868
14.0 303.7 23.0 26.8 23.8 313.7 32.5 311.5 31.2 318.0 27.4 324.7 33.7 323.2 0.9862
785.6 509.2 21.4 27.8 790.7 518.4 794.6 521.6 787.7 525.1 788.8 529.4 790.8 531.6 0.9861
721.2 490.3 20.8 29.9 734.5 502.6 738.2 501.7 739.6 508.3 734.8 514.1 737.3 513.8 0.9827
317.4 130.1 9.1 11.5 320.5 134.6 324.4 134.5 322.8 136.8 321.0 139.1 324.1 139.0 0.9824
546.8 205.0 13.4 17.3 553.0 212.2 557.6 211.3 557.0 215.0 554.4 218.6 557.9 218.2 0.9812
49.6 166.8 12.6 16.0 54.5 173.4 59.9 172.8 58.3 176.5 56.0 179.7 60.0 179.4 0.9810
495.7 354.6 19.9 26.2 505.3 363.9 512.9 364.3 511.0 369.4 506.0 374.4 511.5 375.0 0.9810
273.3 465.2 21.4 33.9 287.6 480.3 289.7 478.4 294.1 485.0 290.0 491.8 291.4 490.9 0.9798
29.5 285.3 17.7 22.4 36.5 294.9 44.2 293.9 42.2 299.0 38.8 303.7 44.3 303.1 0.9777
22.9 224.3 12.2 17.1 30.6 229.5 32.1 229.0 34.2 232.5 32.3 236.8 33.4 236.7 0.9765
92.2 149.6 11.7 14.7 95.6 155.1 100.4 154.8 98.2 158.0 96.7 161.2 100.1 160.9 0.9753
253.2 210.7 16.0 21.5 259.0 217.5 266.8 218.0 263.4 222.4 259.4 226.8 265.4 227.2 0.9751
467.3 150.0 9.3 12.5 469.9 155.5 474.3 155.5 472.2 158.0 470.4 160.3 473.9 160.3 0.9750
278.8 150.4 11.9 14.8 282.8 156.3 288.3 156.5 285.7 159.8 283.3 162.5 287.1 162.7 0.9749
268.2 263.5 15.4 20.2 272.9 272.6 279.0 270.2 277.8 275.5 276.5 280.3 280.9 278.4 0.9732
324.1 237.8 14.7 16.7 329.1 243.8 335.7 243.8 332.8 247.4 329.7 250.8 334.8 250.9 0.9731
61.4 169.2 11.3 15.9 66.2 176.2 71.2 176.0 69.5 179.6 67.0 182.5 70.4 182.4 0.9725
574.6 262.8 16.5 19.2 580.2 270.0 587.9 271.0 584.1 274.3 580.7 277.7 586.1 278.4 0.9723
232.0 143.4 12.1 14.6 236.5 149.1 242.0 148.7 240.1 152.0 237.9 155.0 241.7 154.8 0.9717
128.7 434.0 24.4 34.5 143.5 448.5 148.1 446.4 151.8 451.8 148.7 460.4 151.9 459.2 0.9678
495.7 308.6 19.8 26.3 500.4 318.4 509.8 317.4 505.5 323.6 502.3 329.0 510.1 328.2 0.9648
106.1 186.3 12.9 16.0 109.8 192.1 115.0 193.8 111.2 196.3 108.5 198.4 112.4 199.7 0.9629
223.8 156.9 10.2 12.4 226.8 161.6 230.7 161.6 228.7 164.0 227.3 166.5 230.2 166.5 0.9616
85.1 192.6 15.3 18.6 91.3 199.4 98.2 199.0 96.0 202.9 92.8 207.1 97.7 206.9 0.9614
177.4 219.2 15.2 18.0 339.3 348.1 345.6 347.7 344.2 352.8 340.4 356.7 344.8 356.5 0.9588
628.7 191.3 12.0 14.9 181.5 226.1 188.8 225.4 185.9 228.9 183.3 232.9 189.0 232.4 0.9587
325.8 143.4 13.0 16.8 632.7 197.9 637.8 197.4 635.9 200.6 633.7 203.6 637.7 203.3 0.9570
201.9 194.1 14.0 17.8 330.8 150.2 335.7 150.0 333.8 153.2 331.5 156.3 335.4 156.2 0.9515
230.3 455.4 17.7 29.3 204.2 200.9 209.8 201.2 205.9 204.7 204.7 208.1 208.7 208.3 0.9514
151.2 158.3 10.7 12.3 241.0 465.6 243.3 464.9 246.0 470.0 243.0 476.4 245.0 476.2 0.9440
323.0 219.8 13.3 17.8 153.8 162.4 159.2 162.3 156.5 165.0 154.5 167.7 158.9 167.6 0.9410
114.0 121.6 10.1 13.0 326.4 227.0 332.8 226.5 330.1 229.8 327.9 233.6 332.8 233.2 0.9352
367.4 127.0 9.8 12.1 116.3 126.4 121.2 126.3 118.7 129.1 116.9 131.7 120.7 131.7 0.9342
208.9 185.6 16.6 19.6 370.2 131.7 374.6 132.0 372.3 134.4 370.4 136.5 373.7 136.8 0.9319
503.4 173.1 13.8 17.4 213.7 192.8 221.0 193.2 217.2 197.0 213.9 200.8 219.6 201.1 0.9293
778.7 113.6 11.1 16.4 507.8 180.1 514.5 179.8 511.5 184.1 509.0 187.4 514.0 187.2 0.9236
174.3 119.9 9.6 12.3 780.4 120.3 784.3 120.3 781.3 123.8 781.3 127.1 784.0 126.9 0.9211
286.6 624.4 27.9 42.5 177.8 125.0 181.8 124.7 180.4 127.2 178.7 129.6 181.8 129.4 0.9153
132.6 142.9 10.8 12.6 303.6 641.0 309.6 639.7 311.5 648.8 305.3 657.5 309.4 657.0 0.9151
0.0 461.7 22.2 39.4 135.1 147.3 139.7 147.8 136.6 150.1 135.1 152.5 138.7 152.8 0.9147
218.9 556.7 26.5 34.0 6.0 476.9 11.3 472.4 17.0 479.0 15.1 491.0 18.2 487.9 0.9137
297.0 180.9 11.1 13.5 368.8 378.7 376.5 377.3 374.4 382.9 371.1 387.1 376.6 386.2 0.9058
364.6 413.4 17.2 27.1 232.1 572.7 238.7 569.4 240.5 576.7 237.8 584.1 242.1 581.9 0.9037
262.1 163.3 11.1 13.6 299.9 186.7 304.9 186.5 302.5 189.5 300.8 192.1 304.6 191.9 0.9036
200.1 164.6 11.6 15.7 375.5 423.8 376.9 422.3 380.1 427.6 378.3 433.8 379.4 433.0 0.9005
340.6 124.0 8.4 10.7 265.4 169.0 270.3 169.1 267.9 171.8 265.8 174.3 269.6 174.4 0.8955
122.3 159.3 13.7 18.0 203.1 171.1 207.6 171.2 204.9 174.3 203.6 177.4 207.0 177.4 0.8883
76.4 150.3 11.2 13.4 343.8 128.3 347.1 128.3 345.8 130.4 344.1 132.5 346.7 132.6 0.8752
197.6 121.9 9.8 11.7 128.3 165.2 133.3 164.6 132.2 169.3 129.5 173.3 133.1 173.0 0.8717
429.5 316.3 21.0 24.5 80.2 155.9 85.4 155.5 83.5 158.4 81.5 161.2 85.0 160.9 0.8659
313.7 163.3 10.6 12.3 200.2 126.6 204.4 126.3 202.5 128.9 201.2 131.2 204.4 131.0 0.8512
38.3 324.8 18.5 25.0 434.0 324.2 444.2 323.6 439.1 329.5 436.1 334.6 443.8 334.2 0.8497
190.5 140.7 11.7 13.7 317.0 168.3 321.7 168.2 319.5 170.8 317.5 173.2 321.2 173.2 0.8445
371.1 179.9 14.2 17.1 41.2 334.6 49.4 334.4 44.5 339.8 42.7 345.2 49.0 344.8 0.8303
100.9 127.6 10.6 13.5 193.1 145.4 198.6 145.9 195.5 148.3 193.4 151.0 197.6 151.4 0.8275
46.5 186.0 14.0 16.5 373.0 186.6 378.6 186.6 374.8 190.5 374.2 193.8 378.1 193.7 0.8165
554.8 236.0 15.5 19.8 104.9 132.7 109.9 132.7 108.0 135.7 105.7 138.5 109.3 138.5 0.8151
1004.4 517.6 19.1 30.7 52.6 192.1 57.8 191.9 56.5 195.3 53.9 198.7 57.6 198.6 0.8095
255.7 304.6 14.9 21.7 560.0 246.2 566.0 246.0 563.6 250.0 560.7 252.8 565.1 252.8 0.7832
84.9 119.4 11.4 13.8 1017.5 529.6 1022.2 529.5 1022.8 536.1 1017.1 541.5 1020.5 541.7 0.7821
471.7 319.1 17.7 22.2 432.3 490.3 437.8 489.6 437.9 494.8 435.1 501.7 439.2 501.3 0.7711
51.8 136.1 11.0 14.8 19.8 337.8 28.7 337.7 23.6 341.9 20.3 347.2 27.0 347.2 0.7623
249.8 122.5 10.8 13.5 258.9 312.6 265.7 311.1 263.3 316.9 261.5 322.3 266.4 321.0 0.7513
969.9 572.3 23.7 29.8 87.9 124.1 93.4 125.3 90.0 128.0 87.5 130.3 91.4 131.1 0.7450
139.1 131.5 9.3 10.8 366.6 159.7 370.7 159.8 368.6 161.9 366.9 164.0 370.1 164.1 0.7415
228.9 177.0 10.9 13.3 476.5 328.1 484.5 328.3 480.4 333.2 477.3 337.0 483.3 337.1 0.7310
173.7 158.4 10.8 13.5 -0.6 177.1 4.9 177.3 2.0 180.6 -0.2 183.7 4.2 183.8 0.7245
266.6 199.6 12.4 14.2 698.7 516.1 708.8 518.6 702.9 520.5 696.4 525.9 704.6 527.8 0.6952
655.6 218.1 11.2 14.6 54.0 140.9 58.5 141.4 55.5 144.4 54.1 147.2 57.7 147.5 0.6882
744.5 114.0 11.9 14.3 253.2 128.1 258.0 127.5 256.1 130.4 254.3 133.0 257.9 132.6 0.6781
288.2 198.2 13.0 15.3 982.2 585.1 991.2 584.3 989.5 591.2 984.1 596.6 990.4 596.3 0.6740
10.2 399.8 18.9 26.9 141.9 135.5 145.9 135.6 144.0 137.7 142.1 139.8 145.4 139.9 0.6496
540.6 478.5 20.9 32.7 298.8 167.7 303.8 168.5 301.2 171.1 298.2 173.5 302.0 174.1 0.6466
109.9 148.2 11.4 13.3 232.0 181.9 237.5 181.6 235.3 184.7 233.2 187.7 237.3 187.4 0.6419
267.1 178.0 9.6 12.0 176.7 164.3 181.6 163.8 179.5 167.0 177.9 169.7 181.6 169.4 0.6312
351.0 99.3 8.0 10.0 403.4 146.4 407.8 145.6 406.2 148.8 405.0 151.3 408.0 150.8 0.6262
288.0 564.4 24.5 30.0 269.7 204.5 275.8 204.5 272.9 207.6 270.3 210.7 275.2 210.6 0.6063
176.8 183.0 11.0 12.6 660.5 225.0 665.9 225.2 663.5 228.5 660.9 231.1 664.7 231.3 0.5979
91.5 190.2 15.1 18.8 747.4 119.3 753.5 119.0 750.7 122.3 748.5 125.5 753.2 125.3 0.5774
330.7 208.0 11.9 14.1 680.6 284.8 687.4 284.4 684.1 288.6 681.8 291.5 686.9 291.2 0.5473
403.5 391.3 19.8 24.4 292.0 203.4 297.9 203.5 294.9 206.8 292.5 210.2 297.2 210.3 0.5440
902.4 183.5 10.4 12.1 578.3 376.2 586.0 377.9 562.6 425.5 588.5 466.0 591.7 466.7 0.5348
486.0 222.2 11.3 14.0 17.8 410.4 24.3 409.8 22.4 415.6 19.2 421.0 24.0 420.7 0.5174
348.0 175.0 11.6 13.7 757.0 620.2 757.6 619.2 760.7 624.4 760.9 631.5 761.3 630.9 0.5116
958.2 473.7 23.7 31.3 554.7 489.2 558.0 489.2 557.4 496.0 553.4 502.7 556.0 502.6 0.5002
