2--Demonstration/2_Demonstration_Demonstration_Or_Protest_2_260.jpg
19
892.2 247.9 37.9 42.2 907.5 260.8 924.4 261.1 919.1 270.1 910.3 279.4 922.8 279.7 0.9998
127.5 304.6 46.3 49.2 141.5 319.8 161.2 316.2 155.1 325.7 148.7 339.8 164.0 337.0 0.9997
556.0 322.1 35.9 41.6 570.8 336.3 586.2 334.7 582.8 343.1 575.3 353.3 586.8 352.2 0.9997
788.6 269.4 28.2 32.6 800.2 283.1 811.3 280.0 810.5 287.2 805.7 295.6 813.1 293.2 0.9997
359.0 269.0 42.0 48.9 375.1 282.5 393.1 281.6 387.3 292.3 379.3 304.5 392.8 303.7 0.9997
711.8 271.6 39.8 45.3 730.3 286.3 746.0 285.7 741.4 296.8 731.4 305.3 743.2 305.2 0.9996
223.7 294.2 28.1 35.7 232.1 307.5 245.7 306.7 239.8 313.6 233.2 319.8 245.6 319.2 0.9996
952.6 259.5 20.1 27.4 960.1 270.1 968.9 270.0 965.5 275.1 960.9 280.2 968.1 280.3 0.9995
993.7 279.4 27.9 33.7 1004.9 294.0 1016.2 291.0 1014.9 297.8 1010.1 306.2 1018.4 304.0 0.9995
47.8 301.9 30.7 39.0 65.1 316.6 75.0 315.4 76.8 322.4 68.8 331.3 76.0 330.6 0.9994
2.2 317.5 25.4 31.3 7.3 328.1 19.0 327.7 12.3 333.2 8.8 340.8 17.7 340.4 0.9993
537.6 290.2 34.1 41.3 548.8 308.8 563.8 307.2 558.0 315.1 551.9 322.4 563.6 321.1 0.9992
926.3 258.1 24.9 33.2 934.8 272.6 946.5 272.6 941.7 278.8 936.4 284.7 945.0 284.8 0.9987
188.2 319.9 35.3 35.7 200.7 331.5 215.9 329.6 211.4 338.2 205.2 346.1 217.0 344.6 0.9987
743.9 252.5 23.0 36.7 760.7 266.7 763.8 265.9 767.6 272.7 760.8 279.8 763.2 279.7 0.9983
474.7 289.7 22.6 27.7 482.6 298.8 492.7 298.2 489.0 305.2 484.5 310.6 492.4 310.1 0.9981
855.1 272.1 19.7 21.2 864.8 278.4 871.9 278.5 870.7 282.3 866.3 287.0 871.7 287.2 0.9937
283.0 309.1 19.4 26.2 292.8 317.5 299.5 318.5 299.1 322.0 294.5 327.7 299.6 328.6 0.9917
624.0 296.1 17.6 20.5 632.9 302.8 638.7 302.4 637.8 306.6 634.3 311.3 638.6 311.1 0.9852
