2--Demonstration/2_Demonstration_Protesters_2_836.jpg
74
804.1 383.6 76.5 103.0 825.6 427.4 861.5 424.6 846.3 447.5 833.9 465.8 860.0 463.6 0.9998
399.7 380.5 79.9 96.4 425.0 420.3 460.0 414.6 449.5 429.3 436.6 454.6 464.7 449.9 0.9997
236.3 105.3 52.0 60.9 250.2 124.5 273.8 124.6 262.0 138.4 253.3 150.1 270.4 150.1 0.9997
188.9 159.7 53.8 66.1 206.8 182.8 230.6 182.1 221.3 194.8 210.7 208.3 229.2 207.6 0.9996
713.9 295.9 74.3 98.1 735.2 334.9 769.0 331.2 755.7 352.5 743.0 370.6 769.4 367.6 0.9996
222.5 373.7 72.7 76.2 243.9 401.0 276.4 397.8 263.2 417.3 251.3 431.9 276.8 429.3 0.9996
922.2 457.2 84.3 110.0 947.6 506.4 984.6 496.4 974.8 520.5 963.4 546.0 991.1 537.8 0.9996
357.1 148.2 58.8 61.6 372.6 168.6 399.9 168.2 386.5 183.7 376.8 195.3 396.8 195.2 0.9996
490.3 101.2 54.8 69.2 504.8 130.7 529.2 126.3 519.7 140.0 513.2 155.4 531.2 151.5 0.9996
411.9 324.6 68.6 74.0 435.4 352.3 466.3 352.5 453.2 366.8 439.3 380.7 462.3 381.0 0.9995
601.1 334.3 70.3 91.0 616.3 374.4 649.5 368.9 633.3 391.2 626.0 408.7 649.3 404.2 0.9995
896.1 111.2 43.0 59.2 907.8 137.5 925.9 133.8 918.8 146.8 913.5 158.0 926.6 154.9 0.9994
73.6 128.6 45.8 61.0 86.4 152.3 108.0 152.6 97.5 164.6 88.4 174.8 105.3 175.1 0.9994
117.0 89.9 50.1 61.4 132.1 113.7 154.8 112.9 144.4 123.6 135.7 136.2 152.9 135.4 0.9994
467.2 490.0 84.1 85.4 488.3 523.8 530.1 526.0 508.5 549.1 493.4 567.1 524.2 569.0 0.9994
30.7 282.4 68.2 77.1 49.9 308.5 82.2 308.1 67.2 323.7 53.4 338.6 79.9 338.1 0.9994
755.1 0.0 47.1 43.8 767.6 8.8 789.0 6.5 779.8 17.6 773.0 30.3 789.5 28.2 0.9993
158.5 40.3 48.0 61.5 172.3 62.9 193.9 60.6 185.2 73.2 177.7 85.9 194.4 83.9 0.9993
439.4 72.5 49.5 56.9 457.1 90.5 477.6 88.6 470.8 100.5 462.6 113.7 477.9 112.1 0.9992
973.7 155.7 49.9 70.5 989.0 179.8 1014.8 177.4 1003.3 192.4 995.0 207.9 1014.9 205.7 0.9992
0.0 194.1 60.5 68.5 11.7 220.3 39.9 214.3 28.0 233.0 21.2 247.2 43.8 242.4 0.9992
366.1 58.0 34.7 47.3 375.5 76.1 392.6 77.2 383.8 86.7 376.4 94.9 389.2 95.6 0.9992
814.1 127.7 55.7 71.8 829.1 158.4 854.6 153.7 845.1 168.3 838.7 185.2 856.1 181.3 0.9992
987.6 50.9 36.0 66.7 1002.0 72.0 1025.8 74.1 1012.9 88.1 1002.4 98.8 1021.0 100.4 0.9992
872.7 269.1 73.8 81.1 894.2 296.4 926.6 289.6 916.9 305.8 907.4 328.0 933.4 322.1 0.9992
404.8 14.0 45.3 54.5 415.4 34.7 435.7 31.9 426.5 45.8 421.7 56.9 436.3 54.5 0.9990
814.7 65.2 52.7 58.1 828.0 89.8 852.6 87.2 841.2 100.1 834.2 111.7 851.5 109.4 0.9990
970.7 254.9 52.7 81.4 995.8 289.8 1025.3 284.1 1017.5 302.9 1007.6 320.5 1028.6 315.6 0.9990
575.9 105.3 46.8 58.6 588.0 124.9 610.9 122.9 601.1 138.8 593.5 149.9 610.5 148.0 0.9989
147.5 260.7 50.2 68.2 162.5 285.6 185.9 288.3 173.3 299.8 162.9 312.7 179.1 314.9 0.9989
258.1 273.3 66.0 84.0 278.3 308.4 306.2 304.3 296.3 325.0 287.4 339.2 308.7 335.9 0.9989
75.5 40.5 49.2 59.0 90.2 59.4 115.0 61.6 102.8 72.2 91.3 83.5 111.1 85.2 0.9988
102.7 292.7 58.6 76.2 116.2 320.5 143.4 315.7 132.5 333.7 126.3 352.2 145.3 348.2 0.9987
324.3 61.2 45.2 53.7 338.3 84.5 358.0 83.0 349.7 95.6 342.5 105.1 356.3 104.0 0.9987
17.3 130.5 55.1 63.9 34.9 155.8 59.9 155.5 48.9 168.2 39.5 179.8 57.2 179.6 0.9985
218.7 46.3 41.8 52.0 222.8 64.9 240.7 63.2 228.5 76.0 227.6 87.5 240.6 85.9 0.9985
0.0 12.7 31.2 50.2 2.0 32.1 19.5 29.6 12.7 42.6 7.1 52.5 19.8 50.6 0.9984
493.1 47.4 46.2 52.9 506.6 70.3 527.9 69.4 518.1 81.8 510.6 90.1 525.3 89.6 0.9983
547.6 478.7 68.0 92.9 571.2 513.5 602.0 520.8 584.7 534.6 567.5 547.5 589.5 553.5 0.9982
861.7 122.4 53.5 59.2 874.1 143.3 901.0 141.3 888.3 155.1 880.2 168.6 899.7 166.8 0.9981
525.3 0.0 42.5 49.2 535.6 14.9 555.1 12.7 546.3 25.0 540.1 36.3 555.7 34.6 0.9979
280.3 4.7 45.4 51.5 291.3 25.2 309.0 18.6 303.4 32.9 301.7 45.1 314.2 39.8 0.9979
35.1 67.5 41.7 55.9 46.8 91.4 65.4 90.9 56.5 99.8 48.8 110.1 62.9 109.8 0.9978
17.6 399.2 54.0 71.6 30.2 428.8 53.8 426.8 42.1 438.9 35.5 452.8 53.8 451.4 0.9974
825.4 16.8 44.3 52.1 836.9 36.6 856.9 39.0 845.6 47.0 837.7 56.0 852.5 57.8 0.9971
122.6 0.0 46.4 47.7 128.5 11.6 144.8 10.6 132.4 21.1 131.4 33.7 143.3 33.0 0.9971
922.7 0.0 46.9 50.7 931.6 20.9 951.3 18.3 940.9 32.5 937.8 41.8 952.0 39.6 0.9970
679.2 80.7 46.2 51.9 694.4 99.9 715.2 102.1 705.3 109.0 694.9 118.1 711.2 119.8 0.9968
331.5 8.7 46.8 51.0 344.1 28.4 364.4 28.0 354.8 38.9 348.6 47.3 363.0 47.0 0.9965
554.9 243.3 53.7 69.7 593.3 268.0 597.7 265.0 609.2 278.8 597.1 295.9 599.6 294.4 0.9965
667.2 166.8 57.1 71.3 681.1 197.2 706.4 197.5 693.0 210.8 685.0 221.7 703.3 222.3 0.9964
697.5 0.0 44.2 42.6 709.9 14.2 728.9 12.3 720.4 24.8 714.6 33.5 728.1 32.0 0.9957
249.9 211.0 57.1 65.8 274.7 231.8 299.1 233.1 291.4 245.7 276.9 258.8 296.3 259.8 0.9956
190.4 6.1 42.7 51.7 198.6 29.3 217.4 27.7 207.2 37.0 202.8 47.5 216.1 46.2 0.9953
834.3 198.0 51.7 62.3 845.4 220.9 868.0 223.6 853.5 235.9 845.5 244.9 862.1 247.0 0.9952
611.5 63.1 45.0 53.7 625.8 82.2 646.5 80.3 638.9 92.5 631.3 103.2 646.3 101.8 0.9938
12.5 76.8 41.8 53.6 24.1 101.5 43.8 99.0 35.9 110.6 29.8 121.1 43.7 119.1 0.9938
52.5 201.6 37.7 51.8 62.2 219.8 77.2 222.7 66.8 230.4 60.8 239.3 71.2 241.7 0.9936
589.9 13.8 42.1 47.0 602.9 31.4 621.4 28.7 614.6 40.3 608.3 50.7 621.7 48.8 0.9906
399.4 111.5 37.8 50.1 413.1 130.8 427.4 131.8 421.5 141.3 414.6 150.0 425.2 150.9 0.9855
169.0 527.9 78.4 46.9 197.7 571.1 231.8 564.1 221.7 586.7 208.5 602.9 232.6 597.7 0.9762
431.8 0.0 34.1 33.4 441.9 2.0 456.4 3.0 449.1 11.6 442.9 20.6 453.5 21.4 0.9761
936.6 53.1 35.6 42.6 942.6 66.8 957.0 66.6 947.0 74.8 944.7 84.5 955.2 84.1 0.9682
172.5 471.7 77.3 84.1 192.2 507.1 224.9 506.2 208.5 519.2 199.0 533.6 224.0 532.8 0.9586
717.1 196.1 38.6 55.4 729.1 214.7 744.7 218.9 734.8 226.4 727.2 234.7 738.8 238.1 0.9532
487.7 223.0 63.9 66.7 505.8 244.7 530.9 247.3 514.8 258.1 503.3 270.5 522.3 272.3 0.9468
517.2 193.2 45.8 52.9 529.0 212.1 546.6 213.6 536.1 222.2 530.0 231.3 543.3 232.5 0.9192
706.5 129.6 36.9 55.0 720.6 155.8 734.8 154.2 730.1 166.6 724.4 176.3 734.5 175.1 0.9172
987.8 350.2 35.8 68.4 679.6 154.5 696.3 152.0 690.5 162.3 684.6 172.6 696.7 170.6 0.8716
662.7 61.2 46.6 48.7 1013.1 376.8 1032.4 373.6 1027.9 390.2 1017.4 402.5 1031.5 400.4 0.8265
865.8 230.6 55.4 58.1 683.9 83.8 701.8 85.2 694.2 94.1 682.2 100.0 695.4 101.2 0.8121
335.0 139.2 38.2 51.8 873.0 249.3 894.6 249.5 879.4 261.4 876.4 270.7 894.2 270.4 0.7959
239.5 15.9 37.1 44.6 524.7 521.5 559.3 523.6 536.6 543.4 523.4 559.0 550.2 561.0 0.7782
440.8 173.0 50.3 56.2 344.5 160.8 359.4 161.0 350.4 172.8 347.8 181.9 357.4 181.9 0.5762
