2--Demonstration/2_Demonstration_Protesters_2_687.jpg
10
609.4 133.0 58.8 58.2 627.1 152.6 635.9 151.7 615.5 155.8 614.0 173.1 620.5 171.9 0.9995
787.6 155.5 30.9 37.8 790.1 169.3 799.5 165.8 790.1 173.4 792.0 183.6 799.8 180.7 0.9995
476.7 259.3 34.6 44.8 483.9 275.1 489.9 274.3 478.4 280.0 481.1 291.5 486.1 290.6 0.9993
923.6 167.3 35.0 32.9 929.4 180.9 943.9 175.9 935.8 180.3 934.6 192.2 945.1 188.2 0.9988
386.2 144.9 23.3 29.2 390.8 153.5 396.6 154.2 388.4 158.1 389.1 165.7 393.3 165.9 0.9985
272.0 258.3 17.7 24.1 274.7 266.9 280.6 267.1 274.8 270.8 274.4 276.1 279.1 276.1 0.9982
588.5 197.0 20.7 25.8 590.5 207.2 595.1 205.9 590.2 211.9 593.9 217.2 597.1 215.9 0.9975
355.3 200.9 20.7 24.2 360.3 210.3 369.1 209.9 364.2 212.7 361.3 218.4 368.2 218.1 0.9705
402.3 98.5 8.7 10.5 404.4 102.3 408.8 102.4 406.6 104.5 404.8 106.7 408.3 106.7 0.7907
90.6 97.8 10.4 12.0 94.7 102.0 97.9 102.6 96.1 104.8 94.4 107.1 96.6 107.6 0.7653
