2--Demonstration/2_Demonstration_Demonstrators_2_441.jpg
11
205.4 520.8 140.6 160.5 293.2 571.1 283.2 567.1 336.2 583.8 336.6 632.1 327.4 632.4 0.9998
563.8 543.5 96.5 137.5 629.0 611.1 632.9 600.1 657.8 620.2 648.0 663.3 650.9 656.4 0.9981
4.9 216.5 12.9 15.5 10.8 222.4 15.6 221.4 15.4 224.6 13.1 228.5 16.5 227.7 0.9963
930.5 45.9 29.7 36.1 945.5 58.4 954.2 55.9 954.2 64.3 949.1 72.8 955.2 71.0 0.9879
70.0 205.8 10.0 12.8 74.7 211.2 78.3 210.4 78.0 213.3 76.0 216.0 78.8 215.5 0.9861
761.1 119.8 39.5 48.3 767.7 135.5 782.9 136.0 772.2 145.9 769.5 155.4 780.2 155.7 0.9800
749.8 50.4 15.0 19.9 751.7 56.5 754.8 57.0 750.8 61.1 752.1 65.2 754.3 65.3 0.9731
557.6 159.1 42.9 49.5 566.1 176.0 584.4 176.6 572.9 187.5 568.0 195.8 581.3 196.2 0.8966
356.8 216.2 47.3 53.2 363.1 234.8 381.7 236.5 368.4 249.8 366.2 257.6 378.2 258.8 0.8711
952.2 118.1 55.3 60.7 961.8 138.4 988.0 137.6 972.2 152.1 966.6 164.0 985.4 163.3 0.8419
0.0 463.5 59.8 123.0 35.9 508.0 42.3 504.4 59.4 523.3 46.7 553.5 51.0 551.9 0.8125
