2--Demonstration/2_Demonstration_Protesters_2_394.jpg
8
715.7 261.4 30.9 30.9 723.7 271.6 737.6 269.1 732.3 273.1 727.8 283.0 739.0 281.0 0.9994
559.0 284.1 28.4 33.0 572.0 292.9 583.6 295.8 579.5 297.8 571.4 305.2 581.0 307.6 0.9977
669.6 391.3 19.8 23.9 673.9 400.2 683.5 400.2 678.2 404.1 674.7 409.4 682.3 409.5 0.9972
880.7 289.9 27.8 33.5 889.8 299.3 901.1 299.5 895.5 304.9 890.3 313.0 899.3 313.3 0.9744
349.6 300.7 24.5 32.4 357.5 312.0 367.9 315.0 361.0 320.4 355.5 325.0 363.0 327.3 0.8460
311.3 207.5 28.2 31.4 318.6 215.1 329.9 216.5 322.6 220.5 317.9 227.7 327.2 228.9 0.7757
830.2 366.6 15.9 21.8 833.7 373.1 837.7 374.1 832.5 376.9 832.0 382.1 834.9 382.6 0.6877
828.2 340.9 37.2 48.2 839.3 356.6 855.4 358.6 845.2 367.0 838.3 376.3 850.2 377.8 0.5023
