2--Demonstration/2_Demonstration_Protesters_2_511.jpg
14
619.1 296.1 21.9 25.8 624.5 305.1 634.2 305.5 628.8 309.8 624.9 314.6 633.2 314.8 0.9997
167.5 295.5 27.3 30.2 174.9 303.4 187.3 303.3 180.9 309.4 175.7 316.3 186.1 316.2 0.9997
825.7 288.5 25.2 27.1 830.9 296.8 841.9 296.1 836.1 301.9 832.7 307.9 841.8 307.3 0.9996
735.0 323.6 22.0 24.4 739.5 330.6 749.6 330.9 743.5 336.1 739.5 340.4 748.6 340.6 0.9996
674.7 291.4 21.0 25.4 679.4 298.2 689.0 298.4 683.7 304.0 680.1 309.3 688.1 309.5 0.9995
774.8 310.7 25.0 27.8 783.1 317.3 793.9 321.0 786.8 322.6 780.7 328.0 789.6 330.9 0.9995
251.1 279.4 23.7 27.0 259.0 287.3 269.6 287.9 264.5 292.9 258.9 298.4 267.8 298.9 0.9995
507.3 355.9 23.2 27.8 511.1 366.5 521.1 366.5 514.5 372.6 512.5 377.3 519.9 377.3 0.9994
489.2 315.0 21.0 22.6 494.7 321.1 504.6 322.2 499.0 326.0 494.4 330.0 503.1 330.9 0.9993
865.4 305.2 22.1 27.2 871.3 316.1 881.5 317.7 875.7 321.9 870.9 325.3 879.5 326.5 0.9992
424.3 304.5 17.1 20.1 429.3 310.7 437.2 310.7 433.5 314.5 429.8 318.6 437.0 318.5 0.9991
295.3 298.5 22.9 28.7 299.8 306.6 310.1 306.1 304.2 312.5 301.1 319.1 309.7 318.6 0.9991
353.3 279.2 21.4 25.2 356.2 287.1 365.1 287.1 358.2 291.2 356.4 296.9 363.8 296.7 0.9989
558.7 294.5 24.6 28.2 565.3 301.5 576.5 301.9 570.6 306.9 565.6 313.2 575.7 313.5 0.9988
