2--Demonstration/2_Demonstration_Demonstration_Or_Protest_2_110.jpg
243
292.5 422.5 37.4 48.3 297.8 446.1 314.1 443.8 304.7 456.3 303.4 462.0 316.8 459.9 0.9998
691.8 415.2 39.4 41.7 700.2 427.0 718.0 431.4 702.7 433.1 695.2 442.4 709.7 445.8 0.9998
43.3 550.5 61.8 74.4 75.4 584.2 94.8 574.1 100.4 591.3 86.9 609.7 101.2 602.4 0.9998
11.2 358.3 30.7 32.7 15.7 372.5 28.5 373.4 19.8 381.2 18.9 384.4 28.3 384.9 0.9997
388.7 248.6 19.3 26.2 390.8 258.0 395.3 259.3 389.1 263.5 390.4 268.3 393.6 268.9 0.9997
465.5 189.5 13.2 15.4 469.6 197.7 475.5 197.7 472.7 201.1 470.6 202.8 474.6 202.8 0.9996
755.4 616.2 59.4 67.4 776.7 650.6 803.1 653.7 790.7 669.0 773.5 676.0 796.9 678.8 0.9996
759.6 192.3 13.6 16.4 765.3 198.9 771.4 198.8 769.5 202.0 766.0 205.1 770.7 205.1 0.9996
339.6 355.8 29.0 37.6 349.2 371.3 362.9 369.3 358.5 378.5 352.4 385.6 362.8 384.0 0.9996
431.7 609.9 50.8 71.7 440.3 640.4 462.1 639.5 448.8 657.2 445.7 664.1 464.6 663.1 0.9996
227.5 512.7 46.2 49.2 231.7 530.1 247.1 530.7 234.1 542.7 238.1 551.4 248.8 551.1 0.9996
247.2 348.7 28.9 35.0 250.4 361.6 260.6 362.4 252.0 369.5 252.2 375.7 259.6 376.0 0.9995
479.5 158.1 10.6 12.6 481.4 162.0 484.8 162.6 480.8 164.0 480.6 167.0 483.0 167.4 0.9995
78.5 340.0 33.2 38.2 82.0 354.8 94.9 355.0 84.9 363.3 85.0 369.6 94.6 369.6 0.9995
450.2 253.3 19.4 26.6 453.8 264.0 459.8 265.0 454.1 269.4 453.5 273.9 458.1 274.5 0.9995
623.6 207.0 12.7 17.2 625.0 213.7 628.7 213.6 625.0 217.1 625.9 220.5 628.6 220.3 0.9995
257.8 639.6 58.1 44.0 266.3 660.9 286.7 666.0 266.5 678.8 264.8 691.2 278.9 695.2 0.9995
714.2 153.6 13.3 16.8 716.6 159.4 721.1 160.4 716.4 162.6 715.8 165.9 719.0 166.5 0.9995
773.0 181.3 12.6 15.2 774.4 185.7 777.4 186.1 773.5 189.3 774.9 192.6 777.0 192.7 0.9995
598.2 170.7 11.1 15.9 600.0 176.4 601.7 176.8 598.4 179.7 600.5 182.8 601.6 182.8 0.9994
974.0 130.0 11.0 14.5 975.6 135.5 979.3 136.2 975.5 138.5 975.3 141.1 977.8 141.5 0.9994
845.9 251.2 26.7 31.1 848.0 260.2 855.7 260.2 848.0 267.6 851.1 273.2 857.5 272.8 0.9994
656.5 223.0 17.6 21.5 659.7 232.6 666.7 232.1 662.5 237.3 662.0 240.7 666.9 240.2 0.9994
118.7 466.3 45.6 56.3 128.2 488.5 148.9 485.7 138.5 499.3 133.4 509.2 150.7 506.6 0.9994
631.1 165.4 10.7 14.0 633.0 170.4 637.5 170.3 634.6 172.9 633.4 175.7 637.3 175.6 0.9994
736.4 172.2 12.5 14.5 740.7 178.2 746.0 176.7 744.9 179.6 743.0 183.4 747.0 182.2 0.9993
460.3 208.1 11.9 15.4 461.8 214.2 464.6 214.4 461.6 217.5 463.0 220.3 464.9 220.3 0.9993
477.6 470.8 39.8 49.5 482.3 489.2 499.0 489.9 486.0 499.2 483.9 507.9 497.4 508.2 0.9992
765.7 220.4 17.0 18.6 769.8 225.6 776.8 227.4 771.4 229.3 768.7 233.1 773.8 234.4 0.9992
972.4 241.7 21.2 25.2 978.7 249.9 988.2 251.8 982.3 255.4 977.8 259.8 985.0 261.4 0.9992
803.8 193.6 14.9 19.2 806.5 200.6 812.7 201.8 807.8 204.2 805.9 207.7 810.6 208.6 0.9992
413.9 186.3 17.9 21.4 421.7 193.3 429.3 192.4 427.6 197.4 423.4 202.2 429.2 201.7 0.9992
794.4 222.3 15.9 19.6 798.7 229.4 806.3 229.6 802.5 233.4 799.3 237.3 805.0 237.5 0.9992
240.3 270.0 24.0 28.1 243.7 278.3 253.2 279.1 244.0 283.0 242.6 290.0 249.8 290.5 0.9992
801.5 419.9 37.8 46.8 812.0 433.2 828.3 436.9 816.4 443.4 808.1 451.3 822.2 454.2 0.9992
712.4 198.6 12.7 16.2 716.1 205.2 722.0 204.9 719.4 208.1 717.0 211.2 721.8 211.1 0.9991
826.4 197.8 12.4 18.9 829.1 204.5 830.6 205.4 826.6 208.1 828.0 211.8 829.0 212.2 0.9991
678.3 288.7 18.1 28.4 682.7 297.8 684.3 299.1 678.7 303.4 681.3 309.4 682.3 310.0 0.9991
809.2 156.4 10.8 13.3 810.5 161.5 814.9 161.8 811.6 164.6 811.1 167.1 814.1 167.2 0.9991
654.3 167.8 9.8 12.2 657.4 172.7 662.0 172.4 660.2 174.7 658.3 177.2 661.9 177.0 0.9990
683.4 192.1 14.0 14.6 686.6 196.1 692.2 197.4 687.5 198.3 685.4 201.4 689.7 202.5 0.9990
660.2 293.7 18.6 24.9 664.6 304.0 673.2 304.0 668.8 309.8 666.2 313.8 672.7 313.7 0.9990
520.7 143.8 9.7 13.1 521.9 148.6 524.7 148.9 521.7 151.6 522.5 154.1 524.2 154.2 0.9989
345.6 187.7 10.2 16.8 347.9 193.5 348.7 193.7 345.8 196.6 347.5 200.2 348.2 200.2 0.9989
754.0 120.8 9.2 12.0 755.8 125.0 759.0 126.2 755.5 127.9 754.9 129.9 757.0 130.8 0.9988
506.2 160.3 9.9 13.0 508.2 165.1 512.5 165.3 509.7 167.7 508.3 170.1 511.8 170.2 0.9987
715.7 120.4 9.5 12.7 720.3 125.0 723.8 124.6 723.2 127.2 720.9 129.8 723.8 129.7 0.9987
834.3 127.6 10.8 13.8 836.2 133.3 840.9 133.1 838.1 136.3 837.1 138.7 840.7 138.5 0.9987
787.5 160.7 11.9 15.0 789.2 166.8 794.3 167.3 790.6 170.4 789.7 172.8 793.1 173.1 0.9987
779.1 122.8 10.1 11.5 780.5 126.6 784.8 126.7 781.8 129.0 781.0 131.4 784.2 131.5 0.9987
620.1 162.3 10.4 12.3 623.0 166.8 627.6 166.3 625.8 168.7 624.2 171.6 627.8 171.2 0.9987
144.9 190.5 11.6 15.4 147.4 195.7 149.5 196.5 145.6 198.7 146.3 201.8 147.8 202.2 0.9986
527.2 156.5 10.4 13.8 529.2 161.2 531.9 162.0 528.4 163.9 528.6 166.6 530.4 167.1 0.9986
451.6 182.7 12.6 14.3 455.1 187.2 460.7 188.1 457.1 189.6 454.6 192.7 459.1 193.3 0.9985
298.7 270.1 19.1 23.9 301.4 278.7 308.1 278.9 302.4 283.2 301.9 288.2 307.0 288.1 0.9985
860.8 157.2 11.1 14.3 863.6 162.7 868.7 162.9 866.0 165.4 864.0 168.2 868.0 168.3 0.9985
922.9 477.4 31.7 45.4 927.8 489.7 930.0 490.7 922.1 498.8 929.2 509.1 931.1 509.4 0.9985
546.8 233.4 13.2 16.8 548.8 238.9 552.8 239.5 548.7 242.3 548.6 245.7 551.7 246.0 0.9984
870.1 122.7 11.1 13.7 871.6 128.0 876.4 128.3 873.0 131.1 872.2 133.6 875.5 133.8 0.9984
318.8 241.3 16.9 24.4 321.2 250.6 328.8 251.2 323.4 256.1 321.6 260.2 327.4 260.6 0.9984
652.8 148.9 10.5 12.1 654.7 152.1 658.4 153.1 654.6 155.0 654.1 157.5 656.5 158.2 0.9983
996.7 222.5 13.8 17.1 1000.6 227.4 1003.0 228.3 998.2 230.4 998.6 234.4 1000.3 235.0 0.9983
537.6 180.0 9.5 13.0 538.9 184.6 541.6 185.0 538.6 187.4 539.1 190.0 541.0 190.1 0.9982
516.9 202.2 15.5 19.6 521.1 208.8 527.8 209.7 523.7 212.8 520.7 216.0 526.5 216.7 0.9980
729.9 488.1 45.9 50.7 742.0 503.1 763.3 506.0 749.7 510.1 739.1 521.9 756.6 524.4 0.9980
854.9 194.0 12.2 14.6 858.8 198.3 864.3 199.4 861.1 201.5 858.4 204.3 862.7 205.1 0.9980
964.8 165.9 13.2 16.3 970.1 172.0 975.6 172.1 973.5 175.8 970.7 178.7 974.7 178.8 0.9980
72.3 274.8 21.5 25.9 83.5 283.1 89.6 281.4 90.9 287.1 86.5 293.8 91.0 292.6 0.9980
678.9 210.6 15.7 20.8 682.5 218.6 688.4 219.0 684.5 222.7 682.6 226.5 687.5 226.6 0.9980
550.4 184.1 11.0 15.2 552.0 190.4 555.7 190.4 552.9 193.4 553.0 196.2 555.7 196.1 0.9979
837.7 222.9 17.3 19.9 841.7 230.1 849.5 229.3 845.7 234.4 843.5 238.4 849.5 237.8 0.9979
850.1 163.0 11.9 14.0 854.9 167.8 859.7 167.9 858.2 169.7 855.8 173.0 859.5 173.1 0.9979
677.6 176.5 12.3 17.0 683.7 183.9 688.1 184.1 686.9 187.5 683.5 190.2 686.7 190.4 0.9978
991.5 131.7 11.0 12.1 994.9 136.0 999.8 137.1 996.8 139.2 994.6 140.9 998.0 141.7 0.9977
170.8 239.3 16.3 17.9 178.9 246.9 185.2 245.1 184.9 249.8 181.4 254.0 185.5 252.9 0.9974
441.6 282.8 20.9 26.7 444.1 292.4 453.1 293.0 445.8 297.1 444.2 302.9 450.7 303.2 0.9973
848.5 108.4 8.5 10.5 850.8 111.8 854.6 112.1 852.4 114.1 850.8 116.1 853.9 116.3 0.9972
1009.7 184.8 12.6 17.1 1017.4 191.4 1020.4 191.1 1020.9 194.6 1017.9 198.0 1020.1 198.0 0.9971
679.1 160.4 12.5 14.2 683.2 166.2 688.9 166.0 686.5 168.9 684.2 171.7 688.3 171.6 0.9970
411.2 159.9 12.0 12.9 413.3 163.7 418.3 164.3 414.1 165.8 412.7 168.9 416.3 169.4 0.9970
574.7 123.5 8.2 10.2 577.7 127.1 581.1 127.1 579.7 129.1 577.9 131.1 580.6 131.2 0.9969
290.3 308.0 21.0 28.9 292.6 320.0 300.7 320.4 293.9 325.7 293.3 331.1 299.1 331.1 0.9968
719.1 210.6 16.1 16.3 722.4 215.5 728.1 215.7 723.5 216.2 722.2 221.0 726.4 221.1 0.9967
112.0 222.2 16.6 20.0 114.6 228.8 118.5 229.2 113.7 233.0 115.0 237.4 117.6 237.5 0.9967
115.4 206.6 16.3 16.2 118.0 211.9 124.5 212.1 120.0 216.0 118.8 219.3 123.4 219.3 0.9966
988.7 184.0 15.1 16.9 992.7 190.1 999.2 189.5 996.3 192.6 994.1 196.6 999.2 196.1 0.9965
445.4 166.6 12.4 14.5 447.0 171.8 450.8 172.1 446.9 174.2 446.9 177.3 449.6 177.4 0.9964
661.2 108.1 8.6 10.7 662.7 112.0 666.3 112.1 663.9 114.1 663.0 116.3 665.9 116.3 0.9963
165.8 358.7 26.2 24.8 169.7 370.4 174.5 370.2 170.6 376.7 176.3 379.5 178.6 379.1 0.9957
135.7 181.0 11.7 13.4 137.6 184.7 141.6 185.2 138.0 187.6 137.5 190.7 140.4 190.9 0.9956
744.7 113.5 8.3 11.3 746.0 118.2 749.1 118.3 746.6 120.4 746.4 122.4 748.5 122.4 0.9955
560.0 198.7 13.1 14.8 562.2 204.3 567.7 204.3 563.8 207.2 562.7 210.0 566.6 210.0 0.9954
705.4 152.9 9.0 11.1 707.8 156.6 712.0 157.1 709.4 158.9 707.7 161.1 710.9 161.5 0.9954
266.6 394.5 20.8 28.5 271.6 402.1 272.9 403.1 266.2 407.3 269.3 414.7 269.9 415.0 0.9953
279.0 175.7 11.2 13.7 279.8 180.7 283.4 180.9 280.0 183.5 280.4 186.3 283.0 186.2 0.9950
683.9 109.9 8.2 10.2 685.1 113.5 688.9 113.6 686.4 115.6 685.4 117.6 688.5 117.6 0.9948
927.9 133.0 10.9 12.6 930.0 137.5 934.8 137.6 931.9 140.0 930.5 142.6 934.3 142.6 0.9947
489.8 175.1 10.3 13.2 491.9 180.1 496.8 180.0 494.0 182.8 492.6 185.6 496.2 185.5 0.9947
643.5 122.0 9.6 11.8 648.2 125.5 652.0 125.9 650.9 128.5 648.2 130.7 651.0 131.1 0.9946
702.4 189.6 10.7 14.4 705.3 195.2 710.0 195.1 707.8 197.9 705.9 200.7 709.8 200.6 0.9940
475.9 148.3 8.8 12.0 478.0 152.3 481.8 152.3 479.8 154.8 478.5 157.3 481.6 157.2 0.9938
529.9 115.5 7.9 9.4 531.9 119.2 535.5 119.2 533.6 121.2 532.2 123.0 535.0 123.0 0.9938
741.2 99.9 8.0 10.0 743.2 103.6 746.8 103.8 744.8 105.6 743.3 107.5 746.3 107.6 0.9929
144.7 282.6 15.5 25.5 147.4 292.3 146.6 292.5 143.4 296.8 148.0 301.6 146.8 301.4 0.9925
606.3 146.6 8.8 11.2 607.9 150.9 611.6 151.2 609.1 153.2 608.2 155.2 611.0 155.3 0.9925
824.1 156.8 9.1 12.7 829.5 161.7 831.2 161.2 832.0 163.7 830.3 166.5 831.5 166.3 0.9925
733.7 135.2 8.4 10.4 735.0 138.8 738.5 138.9 736.0 141.1 735.3 143.2 738.0 143.2 0.9924
675.1 107.4 8.2 10.7 677.0 111.3 680.8 111.5 678.6 113.6 677.0 115.7 680.1 115.8 0.9920
232.2 145.0 9.3 11.8 236.0 149.9 239.8 149.1 239.0 151.9 237.3 154.4 240.1 153.9 0.9918
915.9 99.3 9.2 11.6 917.6 103.5 921.5 103.5 919.0 106.1 918.2 108.4 921.2 108.3 0.9916
864.3 113.7 9.1 11.1 866.2 117.8 870.3 117.8 868.0 120.1 866.8 122.1 870.0 122.1 0.9915
613.4 123.1 8.2 11.9 614.3 127.3 616.2 127.7 613.6 129.8 614.1 132.1 615.6 132.2 0.9915
507.7 118.0 9.5 11.4 510.6 121.8 514.4 122.1 512.3 123.9 510.7 126.3 513.8 126.5 0.9914
180.0 155.7 9.5 12.5 185.6 160.1 188.1 160.0 188.3 162.6 186.0 165.3 187.7 165.3 0.9914
562.3 110.1 6.8 8.5 563.7 113.1 566.5 113.1 564.7 115.0 564.1 116.9 566.2 116.9 0.9914
383.3 190.1 10.1 13.8 390.6 196.2 392.1 195.8 392.9 199.1 390.2 201.4 391.1 201.3 0.9912
1002.5 119.5 9.0 10.8 1006.2 123.1 1009.9 123.2 1008.5 125.6 1006.3 127.6 1009.0 127.8 0.9910
658.4 122.7 9.7 12.0 661.7 127.0 666.2 127.0 664.3 129.4 662.3 132.0 665.6 132.1 0.9902
830.5 112.0 9.3 11.6 832.7 116.4 836.9 116.6 834.5 118.8 833.0 121.0 836.2 121.1 0.9900
762.6 104.8 8.5 9.7 764.6 108.4 768.5 108.5 766.4 110.4 765.0 112.2 768.1 112.3 0.9898
585.0 116.7 7.4 9.2 586.6 120.4 589.6 120.4 587.9 122.1 586.9 123.8 589.3 123.8 0.9893
530.9 127.4 7.7 9.9 532.0 130.5 534.5 131.0 532.0 132.8 531.8 134.8 533.7 135.0 0.9892
435.5 157.0 8.3 13.2 437.2 161.2 438.4 161.4 435.7 163.8 436.7 166.8 437.6 166.7 0.9891
157.7 156.0 8.9 11.1 159.7 160.2 163.6 160.4 161.4 162.3 160.1 164.5 162.9 164.6 0.9888
98.1 180.9 10.3 12.4 100.4 184.5 103.9 185.4 100.3 186.8 99.5 189.6 102.0 190.2 0.9887
728.3 118.1 7.9 10.4 731.4 121.8 734.6 121.7 733.4 124.0 731.8 126.2 734.3 126.2 0.9887
576.0 198.6 12.6 15.1 577.9 203.1 581.1 203.3 577.3 206.5 578.2 209.8 580.4 209.9 0.9886
597.5 157.6 10.0 11.5 600.6 161.9 605.1 162.2 602.7 164.4 600.6 166.4 604.2 166.6 0.9881
159.2 206.5 9.7 15.8 161.7 211.8 162.2 212.2 159.8 214.8 161.0 218.1 161.4 218.3 0.9876
318.3 277.2 18.5 24.5 321.5 285.0 328.4 285.7 323.0 290.1 322.0 294.8 327.5 295.3 0.9870
354.2 208.6 16.5 16.2 357.2 214.4 364.0 213.6 359.6 215.3 358.2 220.1 363.2 219.4 0.9864
925.9 117.7 10.2 13.0 928.0 122.7 933.0 122.9 930.2 125.5 928.5 128.0 932.2 128.2 0.9836
255.4 136.6 9.4 11.3 257.2 140.1 260.4 140.8 257.3 142.6 256.8 144.7 259.1 145.1 0.9832
723.4 105.8 9.3 10.8 726.0 109.5 730.1 109.9 727.9 111.6 726.1 113.6 729.4 113.9 0.9823
109.4 182.4 10.8 13.5 111.2 186.8 114.7 187.0 111.3 189.3 111.0 192.4 113.6 192.5 0.9820
558.0 131.8 9.2 12.5 561.7 137.2 565.9 137.2 564.4 139.8 562.1 141.9 565.3 142.0 0.9812
235.9 214.3 13.6 16.8 237.6 220.5 241.1 221.1 237.0 224.6 238.5 227.6 240.6 227.8 0.9807
637.5 106.7 7.0 8.8 638.9 110.5 641.8 110.6 639.9 112.3 639.1 113.8 641.4 113.9 0.9802
166.3 145.7 8.6 12.1 167.8 150.1 170.3 150.4 167.7 152.6 167.8 155.0 169.6 155.1 0.9795
499.6 143.0 9.0 10.9 501.9 147.7 506.0 147.3 504.1 149.6 502.8 151.8 505.8 151.5 0.9783
679.4 95.8 7.4 9.3 681.2 99.5 684.3 99.6 682.5 101.4 681.3 103.0 683.8 103.1 0.9775
582.5 138.8 9.0 11.4 583.8 142.4 586.9 142.9 583.9 144.8 583.6 147.4 585.8 147.6 0.9775
876.3 97.7 10.0 12.8 878.2 102.8 881.2 103.0 878.6 105.5 878.7 107.9 880.7 107.9 0.9764
805.8 175.5 11.5 13.9 808.1 179.8 812.5 181.3 808.6 183.6 807.2 185.9 810.1 187.0 0.9756
545.7 146.7 10.6 13.5 967.9 134.5 971.4 134.3 969.9 136.7 968.7 139.1 971.4 138.9 0.9736
262.4 153.0 9.7 12.0 547.7 152.7 551.9 151.8 550.0 154.8 549.3 157.6 552.6 156.8 0.9729
731.8 101.5 7.1 8.5 264.6 158.3 268.6 158.1 266.5 160.8 265.6 162.8 268.6 162.6 0.9702
696.8 112.5 8.9 11.2 672.9 302.3 678.1 302.1 673.6 307.5 673.9 312.8 677.8 312.4 0.9691
149.3 150.5 7.6 8.8 733.8 105.0 737.0 104.6 735.7 106.6 734.7 108.5 737.2 108.2 0.9690
689.0 96.5 7.8 9.4 698.3 116.6 702.1 116.8 699.4 119.1 698.7 121.3 701.5 121.3 0.9676
626.2 239.9 15.0 16.5 151.5 153.5 154.9 153.5 153.2 155.3 151.8 157.1 154.5 157.1 0.9646
149.8 266.9 20.2 25.0 690.4 99.7 693.8 99.9 691.6 101.7 690.7 103.6 693.4 103.7 0.9641
242.4 142.5 8.4 11.1 629.5 245.2 635.9 246.0 631.0 247.4 628.8 251.3 633.7 252.0 0.9608
794.2 151.3 10.6 13.4 152.5 277.0 156.5 277.0 151.2 281.5 153.3 286.0 156.1 285.8 0.9559
758.2 152.1 9.1 12.5 245.5 147.4 249.2 147.3 247.8 149.6 246.2 151.5 248.8 151.4 0.9557
822.7 118.3 9.4 11.8 796.7 156.7 801.2 157.0 798.5 159.5 797.0 161.8 800.4 161.9 0.9513
67.9 209.8 11.5 15.1 759.6 157.1 762.8 156.9 760.4 159.9 760.4 162.2 762.7 162.0 0.9500
780.5 263.5 15.7 24.2 825.9 123.3 830.2 123.3 828.4 126.0 826.5 128.1 829.6 128.1 0.9498
769.5 148.9 10.1 14.1 71.2 215.6 75.9 215.1 73.8 218.8 72.3 221.8 75.8 221.5 0.9484
810.9 109.0 8.4 11.2 785.6 271.9 785.7 273.0 781.3 276.0 782.5 281.3 782.2 281.8 0.9481
587.7 232.3 12.3 18.3 773.7 155.1 777.6 155.7 775.9 158.1 773.4 160.1 776.2 160.6 0.9422
364.5 104.7 7.1 8.5 812.8 113.7 816.2 113.6 814.1 116.0 813.3 118.1 815.9 118.1 0.9416
41.7 179.5 12.6 15.4 590.0 238.9 594.7 238.6 591.8 242.3 591.2 246.2 595.1 245.9 0.9372
496.3 108.5 7.6 9.5 365.5 108.0 368.6 108.0 366.6 109.9 366.0 111.6 368.3 111.5 0.9335
562.6 176.7 9.1 14.9 43.2 185.4 46.8 185.3 43.7 188.6 44.2 191.4 46.8 191.2 0.9316
550.1 99.7 6.2 8.0 497.9 112.3 501.4 112.5 499.2 114.4 498.1 116.2 500.8 116.3 0.9286
601.8 110.6 7.7 9.6 564.2 182.9 565.5 182.9 563.5 185.9 564.9 188.6 565.6 188.4 0.9226
607.2 122.9 6.9 8.8 551.2 102.9 553.5 103.1 551.7 104.6 551.2 106.0 553.0 106.1 0.9206
247.3 232.1 15.1 19.4 603.9 114.1 607.5 114.2 605.6 116.2 604.1 118.0 606.9 118.1 0.9135
821.9 130.6 9.7 12.9 608.7 126.0 611.7 125.9 610.0 127.8 609.2 129.6 611.5 129.5 0.9045
448.0 134.1 7.6 10.5 253.3 239.4 258.8 239.7 256.8 243.0 253.6 246.5 257.7 246.8 0.9036
929.0 265.4 20.3 29.6 823.4 136.1 827.3 136.1 824.9 139.2 824.2 141.4 827.0 141.4 0.9026
859.4 94.3 7.7 9.1 449.2 137.9 451.8 138.1 449.6 140.2 449.4 142.4 451.4 142.4 0.9013
472.0 119.9 7.7 9.8 933.2 276.8 938.3 276.7 933.3 281.8 933.2 287.7 937.0 287.4 0.8963
719.7 137.0 10.2 11.6 861.2 97.9 864.8 98.2 862.8 100.0 861.3 101.8 864.2 101.9 0.8948
260.7 211.3 12.8 15.8 756.0 251.8 759.0 252.2 755.0 255.3 755.9 259.6 758.2 259.7 0.8932
576.1 167.4 10.7 13.0 473.5 123.6 476.4 123.9 474.4 125.7 473.7 127.5 475.8 127.7 0.8876
351.1 104.7 7.2 8.8 721.4 140.9 726.2 141.2 723.0 143.7 721.5 145.9 725.2 146.0 0.8838
385.9 104.2 7.0 8.8 263.2 217.9 266.0 217.9 264.0 221.7 265.6 224.3 267.2 224.1 0.8788
53.3 238.6 19.7 24.2 577.8 171.7 581.3 171.3 578.5 173.5 578.6 176.7 581.2 176.3 0.8774
473.4 97.7 6.2 8.5 352.9 108.1 356.1 108.3 354.3 110.0 353.0 111.6 355.5 111.8 0.8766
926.6 152.2 9.9 14.4 387.5 107.8 390.6 107.8 389.0 109.6 388.0 111.3 390.4 111.2 0.8735
294.8 136.6 8.6 11.1 57.6 247.1 62.9 247.8 56.7 250.8 55.3 255.7 59.3 256.1 0.8724
132.3 143.5 7.6 9.8 474.7 100.9 477.0 101.0 475.4 102.6 474.9 104.2 476.8 104.2 0.8702
514.2 166.9 9.2 11.6 928.9 157.6 931.8 157.7 929.3 160.2 928.9 163.0 931.1 162.9 0.8634
706.7 93.7 7.4 9.0 296.8 141.0 300.4 141.1 298.3 143.2 297.3 145.2 300.1 145.2 0.8576
307.5 171.4 11.5 10.9 133.3 147.2 135.8 147.1 133.8 149.2 134.0 151.3 135.9 151.0 0.8553
342.3 220.0 13.5 18.0 516.2 171.2 520.1 171.1 517.8 173.5 516.7 175.7 519.6 175.6 0.8522
526.1 195.8 11.4 12.8 697.6 111.5 700.8 111.3 699.2 113.4 698.4 115.5 700.9 115.3 0.8476
44.9 202.8 11.6 17.2 708.3 96.9 711.3 97.0 709.5 98.7 708.6 100.3 710.9 100.3 0.8420
249.7 165.7 9.3 11.5 312.1 176.2 314.2 174.3 315.7 176.1 316.3 179.4 317.5 177.9 0.8420
523.0 97.2 7.1 8.5 345.5 226.8 350.8 226.7 347.8 230.1 346.2 233.5 350.5 233.4 0.8387
245.7 155.3 8.1 9.9 530.3 200.6 534.6 200.0 533.2 203.3 531.6 205.8 534.6 205.4 0.8348
509.7 105.8 6.3 7.9 46.5 209.4 48.1 209.8 45.5 213.1 47.3 216.2 48.5 216.2 0.8330
686.3 126.4 8.9 10.5 252.1 171.0 256.2 170.0 254.7 172.7 253.7 175.2 256.6 174.4 0.8261
299.5 128.7 8.0 9.7 525.2 100.5 528.4 100.4 527.1 102.3 525.7 104.0 528.2 103.9 0.8239
479.5 126.4 6.8 8.9 184.6 365.1 194.1 363.5 190.6 370.4 188.1 376.4 195.3 375.2 0.8165
286.7 171.2 9.6 11.6 248.3 159.6 251.9 159.3 250.4 161.6 249.0 163.6 251.8 163.5 0.8122
614.1 154.3 10.1 12.9 511.1 109.0 513.7 108.9 512.2 110.6 511.6 112.2 513.6 112.1 0.8098
651.9 104.1 7.8 9.6 688.4 130.0 691.8 130.2 689.3 131.9 688.2 134.1 690.9 134.3 0.7886
653.1 97.7 9.4 12.8 301.7 132.9 305.3 132.7 303.7 134.8 302.3 136.6 305.1 136.5 0.7863
839.9 109.4 8.5 11.6 480.9 129.4 483.2 129.7 481.2 131.3 480.8 133.0 482.5 133.2 0.7843
421.4 98.6 6.4 8.3 940.7 133.3 944.5 133.5 941.3 136.1 941.1 138.9 943.9 138.9 0.7832
357.4 133.1 8.8 11.0 290.4 175.2 294.0 175.2 292.7 177.5 291.1 179.8 293.8 179.8 0.7796
894.1 116.7 9.4 11.9 616.7 159.9 621.4 160.2 618.9 162.6 617.0 164.7 620.5 164.8 0.7733
806.7 88.0 7.3 8.5 377.8 250.8 384.8 250.9 381.6 255.9 378.4 260.9 383.8 261.0 0.7632
622.3 109.2 8.1 8.8 653.3 107.1 656.2 107.4 653.9 109.2 653.2 111.1 655.5 111.3 0.7624
691.3 87.9 6.6 7.8 655.0 102.5 658.3 102.8 655.6 105.1 655.0 107.5 657.4 107.7 0.7617
539.6 97.1 6.8 7.9 841.8 114.3 845.8 114.4 843.6 117.0 842.3 119.0 845.2 119.0 0.7588
867.8 134.6 10.0 10.9 422.6 101.9 425.1 102.0 423.4 103.6 422.8 105.1 424.7 105.2 0.7558
347.4 160.3 12.2 15.3 360.4 137.8 364.2 137.7 362.6 139.9 360.8 141.8 363.8 141.8 0.7386
561.2 144.0 8.9 12.3 896.2 121.0 900.7 120.9 898.2 123.6 896.8 126.2 900.2 126.0 0.7350
836.5 87.3 6.7 8.0 808.8 91.3 812.0 91.1 810.6 92.9 809.4 94.6 811.9 94.4 0.7144
608.1 97.7 6.5 8.2 624.5 113.1 627.9 112.9 626.2 114.9 625.2 116.6 627.7 116.5 0.7139
624.1 117.9 6.8 8.6 693.8 90.8 696.6 90.8 695.5 92.5 694.1 94.0 696.2 94.0 0.7095
128.1 167.0 9.1 12.4 542.1 100.1 545.1 99.8 544.2 101.6 542.9 103.4 545.2 103.2 0.6997
596.8 120.4 7.6 9.8 870.5 138.2 875.3 138.7 872.5 140.2 870.5 142.5 874.2 142.9 0.6971
149.1 134.7 7.5 8.9 349.5 165.4 354.9 165.5 351.5 168.7 350.2 171.9 354.3 171.9 0.6704
59.6 191.7 10.4 12.8 563.0 148.1 564.8 148.6 562.1 150.6 562.3 153.3 563.5 153.5 0.6634
486.0 115.3 7.1 8.4 378.1 109.1 381.1 109.1 379.4 110.7 378.5 112.3 380.9 112.2 0.6581
112.1 185.9 11.6 14.7 84.1 208.3 88.1 207.5 88.5 211.1 85.8 215.4 88.5 215.0 0.6577
177.7 259.4 13.8 18.5 838.2 90.3 841.2 90.5 839.5 92.0 838.3 93.6 840.7 93.7 0.6478
1006.3 136.3 10.0 12.8 609.5 100.9 611.9 100.9 610.3 102.6 609.9 104.1 611.7 104.0 0.6465
631.0 94.9 7.2 8.4 625.5 121.5 628.2 121.5 626.6 123.2 626.0 124.9 628.0 124.8 0.6421
900.8 122.8 10.4 13.2 131.1 171.6 133.7 172.0 132.0 174.4 131.4 176.7 133.1 176.9 0.6356
575.0 156.6 10.3 13.2 598.3 124.1 601.6 124.3 599.3 126.2 598.4 128.2 601.0 128.3 0.6304
0.0 163.9 9.7 15.2 150.9 138.0 154.3 138.1 152.3 139.8 151.1 141.6 153.8 141.7 0.6091
779.9 103.8 8.6 10.2 38.9 217.8 42.9 218.5 39.0 220.7 38.0 224.2 41.0 224.6 0.5992
780.7 90.1 7.2 9.2 797.8 106.7 800.0 107.0 798.0 108.8 797.9 110.5 799.4 110.7 0.5921
992.8 81.0 9.3 11.2 62.4 196.8 66.3 197.0 63.9 199.6 62.8 202.0 65.6 202.1 0.5889
267.5 135.3 8.6 10.6 487.5 118.5 490.6 118.5 488.8 120.2 487.9 122.0 490.4 121.9 0.5793
73.4 172.6 12.3 14.8 113.0 190.6 116.4 191.1 112.8 193.5 112.7 196.7 115.1 196.9 0.5784
702.2 139.3 7.0 9.1 180.5 265.8 184.0 266.2 181.3 269.5 181.4 273.2 184.1 273.4 0.5770
761.9 116.3 8.2 10.8 1008.6 141.6 1012.8 141.3 1010.4 144.2 1009.3 146.7 1012.4 146.4 0.5486
456.3 104.2 8.4 9.7 632.8 98.4 635.9 98.2 634.4 100.0 633.5 101.6 635.9 101.5 0.5479
401.8 110.6 6.6 8.2 904.1 128.0 908.8 128.7 906.2 131.1 903.9 133.1 907.3 133.6 0.5425
902.6 93.0 7.5 9.1 577.1 161.0 580.1 161.9 576.7 163.9 576.4 166.2 578.5 166.8 0.5380
214.0 153.3 8.7 11.9 517.8 209.2 523.7 209.5 521.3 212.7 518.0 216.4 523.0 216.7 0.5376
715.6 97.7 7.6 8.7 293.3 199.9 294.4 200.8 292.2 203.1 292.9 205.8 293.6 206.4 0.5346
1015.3 70.9 8.1 9.6 342.6 291.7 350.0 292.1 347.0 297.2 343.5 300.3 348.0 300.6 0.5327
496.6 182.7 9.5 13.2 1.1 170.8 6.9 170.0 4.9 174.1 2.7 176.9 6.9 176.3 0.5289
735.0 117.7 7.2 9.4 1004.9 179.4 1008.4 179.5 1006.8 182.2 1004.9 184.3 1007.3 184.5 0.5255
180.7 139.9 9.3 11.4 781.3 107.2 785.1 107.3 782.6 109.3 781.5 111.4 784.4 111.4 0.5205
