2--Demonstration/2_Demonstration_Demonstration_Or_Protest_2_659.jpg
15
875.5 284.3 27.9 34.1 886.0 297.3 897.8 295.1 895.5 301.3 890.6 310.0 900.0 308.3 0.9997
74.1 431.3 111.3 139.9 107.9 509.4 152.2 490.6 142.6 528.8 132.9 551.2 165.3 535.1 0.9996
715.0 363.7 97.6 128.3 740.0 414.9 787.1 409.9 767.0 438.4 752.5 465.3 786.2 460.8 0.9995
448.2 399.6 110.0 142.2 477.1 453.7 528.5 449.7 504.6 477.4 486.7 507.4 525.9 504.0 0.9995
811.9 285.8 33.6 40.4 830.2 300.8 842.7 299.7 842.2 308.4 833.1 317.2 841.8 316.6 0.9992
695.5 311.4 34.2 41.7 712.9 326.2 725.2 326.1 722.6 335.4 714.1 343.6 722.9 343.8 0.9990
800.1 353.0 61.6 86.2 826.3 385.4 855.1 386.3 847.9 399.5 830.7 418.5 852.6 419.1 0.9980
739.5 298.5 29.3 35.6 754.0 313.5 764.9 312.1 763.7 319.3 757.0 326.9 764.5 325.9 0.9978
958.2 415.1 65.2 91.8 1011.2 461.6 1028.4 454.7 1031.7 475.5 1011.7 491.6 1020.1 487.5 0.9972
961.9 282.2 26.3 34.4 978.1 295.0 985.1 294.8 985.9 300.9 978.8 307.8 983.8 307.9 0.9960
625.1 380.3 32.5 54.6 649.6 399.0 651.2 399.5 657.9 408.9 650.7 420.9 651.7 421.7 0.9950
610.2 317.2 25.5 33.1 621.1 330.5 631.3 330.1 628.8 336.2 623.8 343.0 630.9 342.7 0.9932
558.2 201.2 31.6 49.6 581.8 218.3 584.8 217.1 589.1 227.4 582.7 238.3 584.6 237.9 0.9895
986.6 319.1 35.1 41.3 1005.8 335.3 1017.4 333.3 1016.4 342.5 1009.3 351.0 1017.5 349.9 0.9703
503.9 305.1 26.6 37.2 511.3 319.9 522.2 318.3 518.0 326.2 514.8 333.8 523.3 332.5 0.9526
