2--Demonstration/2_Demonstration_Political_Rally_2_61.jpg
8
352.7 580.6 60.6 68.9 367.4 601.7 394.5 604.0 377.0 616.8 367.0 630.6 387.2 632.5 0.9995
673.1 584.4 33.8 59.0 697.7 606.2 698.8 605.4 707.3 615.8 700.6 628.8 700.6 628.6 0.9993
159.0 499.2 54.6 85.3 196.2 530.1 204.8 527.8 212.3 544.3 197.8 562.7 203.3 561.5 0.9976
569.1 499.3 51.6 99.1 612.5 539.4 612.1 538.2 621.3 558.0 609.3 576.4 609.2 575.9 0.9974
754.6 641.8 29.2 36.6 773.3 652.3 777.1 650.7 782.7 657.9 776.7 667.3 779.7 666.6 0.9929
242.5 617.4 37.2 55.4 268.9 634.6 272.9 633.4 280.8 643.9 271.9 657.6 274.7 657.4 0.9434
583.5 609.1 34.6 55.2 669.0 109.9 674.1 109.7 671.6 112.5 669.9 115.2 674.0 115.0 0.7886
819.5 654.7 11.7 17.9 600.0 633.0 606.3 630.3 608.2 641.5 604.6 653.0 609.5 651.3 0.6851
