2--Demonstration/2_Demonstration_Demonstrators_2_399.jpg
11
451.5 70.6 72.2 90.0 472.5 102.9 504.4 100.9 491.8 119.3 480.0 138.0 502.5 136.5 0.9998
178.2 163.0 18.7 26.0 180.9 172.4 184.2 172.8 179.1 177.2 181.4 182.3 183.6 182.2 0.9996
634.0 146.3 13.5 18.7 636.1 153.8 641.2 153.7 637.6 157.7 637.2 161.2 640.8 161.0 0.9984
674.9 147.3 14.8 21.7 684.3 155.7 686.4 155.1 688.4 159.1 685.8 163.6 687.2 163.4 0.9984
829.3 110.0 44.2 58.3 856.0 129.8 867.0 127.8 869.4 139.2 861.0 152.7 868.6 151.5 0.9949
316.6 157.5 17.3 20.5 321.6 163.3 329.1 163.2 325.6 167.9 322.5 172.1 328.7 172.0 0.9853
627.4 159.0 10.0 13.3 629.0 164.4 633.3 164.4 630.4 167.2 629.6 169.7 632.7 169.7 0.9804
728.7 150.6 50.9 58.7 749.3 172.7 767.6 167.0 766.0 180.1 759.8 193.4 774.1 189.2 0.9702
108.5 161.2 47.9 58.0 129.2 178.4 150.0 180.2 142.1 191.8 129.3 202.7 145.8 204.2 0.8907
614.7 152.6 11.6 15.7 621.9 158.3 624.8 157.6 625.3 161.3 622.8 164.8 624.8 164.5 0.8318
690.6 159.4 11.9 15.6 952.9 156.2 957.8 155.8 955.1 159.3 954.0 162.5 958.0 162.2 0.5337
