2--Demonstration/2_Demonstration_Political_Rally_2_202.jpg
11
627.9 131.3 34.5 47.8 650.3 148.3 657.3 147.3 661.0 157.1 652.0 167.5 656.5 167.3 0.9998
504.1 131.1 39.6 45.9 526.7 146.4 538.5 146.3 540.4 154.1 531.2 164.7 538.9 165.1 0.9998
578.5 152.2 32.6 42.3 600.2 166.3 605.8 164.4 611.4 172.6 604.8 183.5 608.7 182.4 0.9997
426.2 139.1 37.4 47.0 438.2 154.4 455.4 154.0 448.2 164.4 439.9 173.3 454.5 173.1 0.9997
256.7 170.8 37.1 41.3 266.0 187.2 283.1 184.5 275.9 195.6 270.6 203.4 284.1 201.2 0.9996
394.9 141.8 31.8 41.4 412.9 157.3 420.9 154.8 424.1 163.3 417.4 173.0 422.8 171.6 0.9996
204.0 241.5 33.6 39.3 209.5 253.6 224.1 252.7 215.0 262.0 212.0 270.5 223.7 269.7 0.9995
337.4 156.1 24.0 35.6 353.7 167.7 354.8 167.1 360.5 173.1 357.1 181.8 358.0 181.8 0.9981
675.8 152.2 37.0 42.1 695.7 166.5 706.7 166.5 705.5 175.5 697.6 183.7 704.9 183.9 0.9948
866.4 351.2 38.1 46.5 884.0 367.6 899.8 367.5 895.9 376.5 885.8 386.3 897.6 386.4 0.9870
343.5 161.0 29.8 38.5 360.9 174.9 366.3 174.4 367.9 181.0 362.3 188.9 365.7 189.0 0.9783
