2--Demonstration/2_Demonstration_Demonstration_Or_Protest_2_278.jpg
10
496.0 240.7 160.2 214.9 550.3 309.9 619.7 304.9 599.8 330.6 565.0 387.0 625.0 383.1 1.0000
396.0 296.0 78.5 103.7 419.6 332.2 452.9 326.5 441.2 347.2 431.7 372.9 455.9 368.0 0.9997
891.0 241.1 63.0 81.1 926.4 270.9 947.4 269.8 947.3 285.4 929.2 302.0 945.8 301.0 0.9997
75.1 272.7 40.7 44.1 92.9 286.1 108.8 284.7 105.8 293.2 98.7 304.0 110.8 302.7 0.9992
331.5 263.8 34.5 57.1 357.1 286.4 360.8 285.0 365.4 297.1 353.7 307.0 356.9 306.3 0.9987
129.2 275.4 100.2 132.9 160.6 321.0 210.6 316.7 192.0 357.4 168.4 377.9 205.5 374.4 0.9977
705.3 201.4 49.0 72.2 711.6 227.3 719.1 229.3 706.2 240.2 713.3 254.8 718.9 256.1 0.9941
1006.4 294.0 17.3 38.7 1010.0 307.2 1019.2 306.8 1011.5 316.4 1014.2 324.3 1020.6 323.7 0.9521
635.5 340.1 64.2 83.4 648.0 368.3 673.3 367.4 659.7 386.3 655.2 401.5 673.4 400.7 0.8688
43.8 309.2 25.7 30.8 54.2 321.4 64.8 320.7 61.3 327.4 56.4 333.3 63.9 332.9 0.8574
