2--Demonstration/2_Demonstration_Demonstration_Or_Protest_2_888.jpg
90
459.1 655.9 28.4 36.7 473.1 672.9 483.7 669.5 483.3 678.3 476.9 685.9 484.5 683.5 0.9996
855.0 492.4 14.1 21.0 857.1 499.8 859.2 500.9 854.8 504.2 856.6 508.0 857.9 508.6 0.9992
775.5 472.4 12.7 18.1 776.9 479.7 779.5 479.6 776.1 483.4 778.1 486.8 779.6 486.5 0.9990
745.0 531.7 17.0 17.8 748.2 541.2 750.1 540.4 749.0 545.5 753.8 547.4 754.4 546.6 0.9988
583.7 425.9 9.9 13.7 589.9 431.3 592.5 430.9 593.0 433.9 590.6 436.6 592.2 436.5 0.9986
936.8 641.6 26.1 38.3 955.4 658.8 959.8 657.6 962.3 665.6 953.8 672.3 956.4 671.9 0.9984
279.9 529.3 17.7 22.1 287.0 539.1 294.1 536.9 293.4 541.6 290.7 547.0 295.9 545.4 0.9983
0.0 542.8 18.7 25.7 1.0 551.1 8.6 551.7 2.3 556.9 1.4 561.9 7.0 562.2 0.9981
350.1 517.0 14.8 23.2 360.5 526.0 362.2 525.6 364.1 530.4 360.0 535.0 361.1 535.0 0.9978
898.1 540.1 16.6 23.9 910.5 549.4 912.2 548.8 914.1 554.2 909.2 558.6 910.4 558.4 0.9978
720.7 455.7 12.8 18.1 722.3 462.8 726.0 463.3 722.4 466.6 722.8 469.8 725.6 470.0 0.9974
243.1 661.4 24.6 32.1 247.2 674.9 250.5 674.6 246.9 682.7 252.8 687.6 254.8 686.9 0.9973
141.5 445.8 9.1 13.3 143.1 450.3 144.5 450.8 142.0 452.8 142.8 455.3 143.8 455.5 0.9970
817.1 475.7 12.3 17.4 818.6 482.5 820.2 483.0 816.8 486.3 819.1 489.6 819.8 489.6 0.9966
592.1 455.7 11.3 13.8 593.6 460.1 596.3 460.2 593.2 463.0 594.3 465.9 596.2 465.8 0.9962
93.3 468.9 13.5 18.2 100.8 476.6 104.6 475.4 105.2 479.3 102.6 483.4 105.2 482.6 0.9962
146.2 477.1 16.2 19.4 157.3 483.6 160.5 483.1 161.8 487.9 157.2 492.1 159.0 492.0 0.9960
559.1 439.3 10.8 14.7 565.3 444.9 567.7 444.2 568.9 447.0 566.9 450.3 568.7 449.9 0.9949
361.4 403.2 7.5 10.6 366.2 407.2 367.7 406.7 368.4 409.0 366.9 411.4 367.8 411.2 0.9940
393.1 385.9 7.2 9.1 394.2 388.8 396.5 389.1 394.4 390.8 394.3 392.6 395.9 392.7 0.9937
357.3 386.4 8.2 9.7 359.4 389.8 363.2 389.7 361.3 391.7 359.9 393.8 363.0 393.6 0.9935
396.3 498.1 11.4 17.5 397.8 504.3 398.9 504.9 395.6 507.8 397.7 511.2 398.2 511.4 0.9934
292.9 481.3 10.6 15.7 294.9 487.5 296.1 487.6 293.7 490.7 295.3 493.7 296.1 493.6 0.9914
97.5 498.7 15.7 22.4 107.2 508.0 109.6 506.6 112.0 511.0 109.9 516.3 111.3 515.4 0.9912
377.9 364.0 6.0 7.7 379.1 366.8 381.4 367.0 379.7 368.4 379.2 369.9 380.9 370.0 0.9911
506.2 568.6 17.2 23.6 516.8 575.7 519.6 574.5 522.1 579.5 519.0 585.6 521.2 585.0 0.9910
690.8 583.9 18.0 20.9 696.8 593.0 704.7 591.5 702.0 597.3 699.1 601.5 704.5 600.4 0.9907
539.4 437.0 9.4 11.7 540.6 441.2 543.4 441.2 540.8 443.7 541.4 446.1 543.3 445.9 0.9906
264.9 434.5 9.5 12.7 270.1 438.8 272.7 438.6 272.8 441.3 270.7 443.9 272.5 443.9 0.9899
920.3 404.4 10.0 12.8 923.3 409.7 927.8 410.1 925.4 412.7 923.4 414.6 926.7 414.9 0.9889
800.4 536.3 14.2 23.2 802.5 544.1 804.6 544.4 800.8 548.9 802.9 553.8 804.6 553.8 0.9871
497.3 467.6 11.4 16.8 500.1 473.4 501.9 474.0 498.6 476.6 499.2 480.0 500.6 480.3 0.9869
372.0 460.6 11.6 13.1 375.9 464.7 380.9 464.1 379.0 467.6 376.9 470.6 380.7 470.2 0.9868
356.0 364.8 6.7 7.9 357.6 367.5 360.5 367.8 358.6 369.3 357.6 370.9 359.8 371.1 0.9862
951.5 707.0 22.1 41.6 955.6 722.7 956.6 723.1 951.8 730.3 955.8 738.7 956.1 738.8 0.9845
292.5 391.8 7.6 9.1 294.6 395.1 298.0 395.1 296.2 396.9 294.8 398.6 297.6 398.7 0.9817
164.4 669.2 22.0 29.8 180.3 680.3 182.5 682.9 180.6 688.6 172.6 691.5 173.4 693.9 0.9816
94.5 424.3 10.1 13.1 99.8 430.5 103.1 429.8 102.7 432.6 100.9 435.1 103.2 434.7 0.9813
435.7 434.7 10.5 14.3 437.2 440.2 439.7 440.8 436.4 443.2 436.9 445.9 438.5 446.1 0.9804
683.6 450.8 10.6 15.6 690.3 455.6 692.3 455.2 693.6 458.4 690.9 462.0 692.5 462.0 0.9801
427.1 402.9 7.1 9.4 428.4 406.4 430.7 406.6 428.7 408.3 428.5 410.0 430.3 410.1 0.9756
864.1 462.8 12.4 17.3 867.2 468.8 869.5 469.9 865.4 472.3 865.5 475.7 866.9 476.3 0.9716
706.0 489.6 10.1 15.0 707.5 495.1 710.0 495.7 706.9 498.3 707.5 501.2 709.2 501.4 0.9643
435.0 409.0 7.0 9.7 436.3 412.9 438.1 413.0 436.3 414.9 436.6 416.9 437.8 416.9 0.9638
287.1 423.8 7.2 9.1 291.0 427.0 293.1 426.8 293.0 428.9 291.4 430.8 292.8 430.8 0.9621
708.7 456.8 9.6 13.6 710.0 461.2 712.8 461.7 709.7 464.0 709.9 466.8 712.0 467.0 0.9616
456.6 479.0 10.6 14.4 463.7 484.0 465.4 483.8 466.2 486.8 463.5 489.6 464.7 489.6 0.9604
338.6 394.1 8.7 9.5 340.6 397.4 344.4 397.4 342.4 399.4 341.1 401.4 344.1 401.4 0.9543
377.5 390.9 8.9 9.7 380.0 394.2 384.3 394.3 382.2 396.4 380.2 398.3 383.6 398.5 0.9483
139.9 408.7 8.5 11.3 141.2 413.0 144.1 413.3 141.6 415.5 141.3 417.8 143.4 417.9 0.9394
243.5 449.7 12.1 11.2 250.3 455.0 252.6 456.6 250.7 458.6 247.3 458.5 248.3 459.8 0.9361
887.5 467.9 11.3 15.7 889.9 473.4 893.2 474.1 890.0 477.2 889.7 480.3 892.1 480.6 0.9304
124.5 476.1 10.9 16.4 131.2 482.6 133.4 482.0 134.2 485.5 132.1 488.7 133.4 488.4 0.9217
267.0 375.7 6.6 8.8 270.8 379.4 272.6 379.2 272.7 381.0 271.2 382.7 272.5 382.6 0.9214
265.7 407.5 9.1 10.7 267.8 411.1 272.2 410.9 270.1 413.4 268.5 415.8 271.9 415.7 0.9155
344.0 370.6 6.3 7.8 345.1 373.3 347.6 373.5 345.7 375.1 345.2 376.7 347.1 376.8 0.8843
306.0 499.0 10.6 18.4 308.4 505.7 309.3 506.3 306.5 509.1 308.0 512.6 308.6 512.9 0.8773
321.1 360.8 7.5 9.9 322.7 365.0 325.8 365.0 323.9 367.0 323.1 368.9 325.5 368.8 0.8769
269.9 487.9 9.8 15.9 271.6 493.6 273.2 494.2 270.3 496.8 271.3 499.8 272.4 500.1 0.8749
319.1 395.5 8.6 10.1 322.1 399.6 325.8 399.1 324.6 401.4 323.0 403.5 325.9 403.2 0.8711
404.9 393.0 7.5 9.8 406.2 396.8 409.0 396.8 406.9 398.9 406.7 400.8 408.9 400.7 0.8519
107.5 394.9 7.2 10.2 108.7 398.7 110.7 399.0 108.6 400.8 108.7 402.9 110.1 403.0 0.8309
385.1 407.0 7.3 9.4 243.7 451.1 246.1 451.7 244.0 453.8 243.2 455.8 244.9 456.2 0.8114
97.8 439.9 11.1 13.1 388.6 410.8 391.0 410.7 390.4 412.7 388.8 414.5 390.6 414.5 0.7994
426.8 365.1 6.5 7.3 100.7 444.9 105.4 445.2 102.6 447.5 100.7 450.0 104.5 450.2 0.7949
234.8 388.3 7.3 9.5 428.2 367.8 431.5 367.8 429.7 369.5 428.5 371.0 431.1 371.0 0.7874
503.9 431.4 9.9 13.2 236.0 392.0 238.6 392.2 236.5 394.1 236.3 395.9 238.1 396.0 0.7849
381.7 377.9 6.7 7.8 506.0 435.5 508.8 436.2 505.7 438.2 505.0 441.2 507.0 441.6 0.7803
768.4 503.7 9.9 15.3 383.2 380.8 385.9 380.9 384.2 382.5 383.5 384.0 385.6 384.0 0.7653
372.3 391.9 6.5 8.3 770.4 509.1 773.0 509.5 770.3 512.2 770.4 515.1 772.4 515.3 0.7569
436.1 361.3 6.2 7.6 373.6 394.8 375.6 394.9 374.0 396.7 374.0 398.3 375.3 398.3 0.7503
304.6 389.4 7.1 8.9 437.5 364.0 440.1 364.1 438.5 365.7 437.7 367.3 439.8 367.3 0.7271
412.3 383.2 7.5 8.7 306.2 392.8 309.3 392.9 307.5 394.9 306.5 396.6 308.8 396.7 0.7266
462.4 358.2 5.6 7.1 414.5 386.9 417.6 387.0 416.0 388.7 414.6 390.4 417.1 390.5 0.7145
133.8 405.8 7.0 10.0 463.7 361.0 466.3 361.1 464.8 362.4 463.7 363.7 465.9 363.8 0.7132
455.3 373.0 6.8 8.6 137.4 409.7 139.7 409.5 139.4 411.6 137.8 413.7 139.6 413.6 0.6972
11.9 636.9 18.6 32.8 457.0 376.3 459.4 376.6 457.7 378.1 457.0 379.8 458.8 380.0 0.6895
409.9 365.6 6.2 7.3 26.7 647.1 27.7 647.1 31.5 653.6 26.3 661.0 27.5 661.4 0.6832
305.7 434.1 9.4 13.1 411.5 368.3 414.2 368.3 412.8 369.8 411.8 371.3 414.0 371.3 0.6765
878.1 402.6 6.1 9.0 307.0 438.2 309.4 438.2 307.0 441.1 307.6 443.9 309.3 443.8 0.6455
147.0 393.2 6.7 7.9 881.8 406.3 883.1 406.2 883.3 408.2 882.0 409.8 882.8 409.8 0.6155
162.4 385.0 6.8 8.3 149.9 395.8 152.4 395.4 151.9 397.3 150.7 399.3 152.5 399.0 0.6133
475.2 375.8 7.8 10.3 163.9 387.7 166.3 388.1 164.3 389.6 163.7 391.2 165.4 391.5 0.6077
386.4 425.1 8.6 11.0 478.0 379.7 481.4 379.5 480.2 381.7 478.6 383.9 481.2 383.8 0.5993
292.4 365.7 6.7 8.0 390.4 429.6 393.4 429.1 392.9 431.6 391.3 433.9 393.5 433.6 0.5531
227.2 357.5 6.6 8.5 294.2 369.0 296.9 369.0 295.4 370.6 294.4 372.1 296.5 372.1 0.5453
222.6 393.6 7.4 9.9 228.7 360.8 231.4 361.0 229.7 362.6 228.9 364.2 230.9 364.3 0.5447
68.2 385.7 8.6 10.1 224.4 397.1 227.1 397.3 225.3 399.3 224.5 401.2 226.7 401.3 0.5244
322.4 407.0 6.6 9.0 70.2 389.2 73.7 389.6 71.1 391.5 70.1 393.5 72.7 393.8 0.5216
1002.6 475.6 9.9 15.8 326.0 410.6 327.4 410.2 327.8 412.2 326.8 414.1 327.6 413.8 0.5178
