2--Demonstration/2_Demonstration_Protesters_2_877.jpg
9
343.5 127.2 198.1 273.7 398.2 207.2 484.6 192.4 457.0 213.8 430.5 307.3 503.7 294.6 0.9999
171.0 484.1 53.2 66.9 177.9 515.0 195.4 510.1 183.8 527.3 187.0 539.4 198.8 535.5 0.9996
688.8 234.0 74.5 86.8 703.6 268.1 732.3 252.9 722.2 274.7 724.4 302.0 745.1 289.2 0.9995
641.4 313.7 30.1 40.8 647.5 329.9 661.0 328.2 653.8 337.0 650.9 345.9 660.7 344.5 0.9986
543.2 331.2 22.3 25.9 548.7 339.6 559.1 338.8 554.1 345.9 550.9 351.3 558.7 350.5 0.9979
878.7 137.1 94.4 135.1 908.7 188.2 947.9 177.0 938.4 203.6 926.4 238.9 957.1 229.6 0.9974
807.1 255.6 25.2 29.0 811.9 268.7 823.0 265.9 817.8 272.7 816.3 279.3 824.2 277.0 0.9943
1009.4 174.4 14.1 36.7 1023.2 189.8 1032.7 186.6 1033.3 195.0 1029.2 203.2 1035.9 200.9 0.9705
67.1 502.0 62.6 72.8 108.4 531.3 109.5 527.4 126.8 544.7 122.8 572.6 123.7 570.6 0.8902
