2--Demonstration/2_Demonstration_Protesters_2_548.jpg
86
479.6 403.4 18.4 21.2 487.2 413.1 494.9 412.0 492.5 417.5 488.9 421.0 494.2 420.4 0.9996
826.0 585.6 27.9 33.1 836.0 599.4 848.4 599.2 843.4 606.7 837.2 611.7 846.7 611.5 0.9996
627.3 542.1 23.5 32.9 629.8 555.0 635.4 556.8 628.1 562.3 630.6 567.6 634.5 568.5 0.9995
869.2 468.8 24.0 26.1 879.7 478.7 889.5 479.0 885.7 485.8 878.5 489.0 885.8 489.6 0.9995
473.9 521.7 23.8 32.0 481.9 535.1 492.8 533.9 488.8 541.4 483.8 546.6 492.8 545.8 0.9994
157.0 371.6 16.0 17.4 160.7 379.4 167.7 378.4 164.4 383.2 162.9 386.1 167.9 385.3 0.9993
301.9 401.4 15.9 18.5 306.4 409.9 313.6 409.6 310.2 414.2 308.0 416.9 312.8 416.6 0.9993
96.1 354.3 15.6 20.2 101.8 363.7 108.3 361.5 107.0 366.7 104.4 370.6 109.7 369.0 0.9992
146.8 342.6 13.9 17.6 148.8 350.9 153.4 349.5 150.8 353.9 151.7 357.0 155.3 355.8 0.9992
132.3 421.4 18.0 23.2 141.5 432.3 146.8 430.1 147.7 435.4 144.5 440.3 148.2 438.7 0.9991
324.5 359.6 15.0 19.9 330.5 368.7 336.9 367.8 335.0 372.3 331.9 375.7 336.8 375.1 0.9991
454.9 320.5 13.1 15.9 459.9 327.4 465.6 327.0 463.5 330.8 460.9 333.5 464.9 333.2 0.9991
254.7 470.8 22.2 27.1 260.5 484.8 269.8 483.4 265.9 490.2 263.9 493.5 271.1 492.4 0.9990
758.4 542.3 25.2 32.0 773.5 557.0 780.4 557.0 779.3 564.4 770.7 568.2 775.0 568.5 0.9987
429.2 354.4 16.6 22.8 439.5 365.3 444.0 364.0 444.7 369.1 439.9 372.9 443.3 372.2 0.9986
436.1 581.1 17.7 28.4 448.9 590.3 449.3 588.8 454.2 594.8 450.3 601.9 450.5 601.1 0.9986
239.9 343.4 14.2 19.5 247.8 352.3 252.2 351.3 252.4 355.5 249.1 359.1 252.3 358.5 0.9984
10.5 508.1 17.6 23.5 21.0 518.9 23.9 516.2 26.7 521.6 23.7 527.0 25.5 525.1 0.9976
352.0 403.3 15.7 18.9 355.3 412.0 361.7 411.9 358.1 416.6 357.3 419.2 361.6 419.1 0.9976
289.9 369.8 16.7 18.9 298.0 376.8 304.0 375.9 302.9 380.2 299.1 383.8 304.3 383.2 0.9973
491.7 349.4 13.8 16.6 499.2 355.0 503.8 354.4 503.4 358.4 500.1 362.0 503.2 361.7 0.9966
599.7 619.1 21.7 34.5 605.5 629.5 605.7 630.4 599.7 635.3 603.4 643.7 603.1 644.0 0.9966
524.0 469.7 19.1 27.1 534.0 482.4 540.6 481.9 539.5 487.4 534.4 491.6 539.2 491.5 0.9962
484.2 472.8 16.1 24.4 496.1 483.5 497.7 482.5 499.2 487.9 494.5 492.2 495.6 491.7 0.9957
547.2 563.4 19.8 28.9 550.7 573.7 552.1 574.9 547.2 579.2 550.4 584.9 551.2 585.6 0.9946
59.6 316.0 11.4 14.5 65.0 322.5 69.6 322.0 68.5 325.5 65.9 327.9 69.1 327.7 0.9945
481.1 368.0 15.0 19.7 490.1 377.4 494.6 376.5 494.4 381.0 490.4 384.4 493.4 384.0 0.9940
373.8 343.7 17.0 20.3 378.8 351.6 386.3 350.9 383.1 355.9 380.2 359.8 386.0 359.2 0.9937
441.5 276.8 11.3 15.5 448.5 284.1 451.5 283.6 451.6 287.0 449.0 289.6 451.1 289.4 0.9934
49.7 332.3 14.5 17.0 54.5 339.2 60.5 338.2 58.3 342.6 56.3 345.9 60.9 345.2 0.9931
327.5 321.9 11.9 14.2 332.5 327.2 337.4 326.8 336.1 330.0 333.5 333.1 337.2 332.9 0.9922
941.6 508.5 22.3 25.0 953.3 519.1 961.2 518.3 959.6 524.6 954.2 528.8 959.5 528.5 0.9921
619.5 382.1 14.4 17.9 629.4 389.7 631.9 389.2 632.3 393.6 627.8 396.5 629.3 396.4 0.9920
596.7 468.4 16.4 22.9 608.2 477.7 610.1 476.6 612.2 481.6 608.0 486.2 609.1 485.7 0.9919
494.2 328.3 13.3 16.7 501.8 337.3 505.5 335.9 505.9 339.9 503.5 342.8 505.7 341.9 0.9909
609.0 344.8 12.4 18.1 617.2 353.0 619.7 352.2 620.7 356.2 618.0 359.6 619.5 359.3 0.9896
357.8 279.0 12.7 15.8 364.0 285.1 368.8 285.3 367.2 288.9 364.0 291.6 367.3 291.8 0.9894
195.7 646.5 32.3 27.0 205.6 659.0 219.8 657.8 213.5 665.8 208.7 669.0 218.1 668.2 0.9871
124.9 477.4 18.8 23.5 127.8 486.5 131.4 487.3 127.7 491.9 130.5 495.3 132.8 495.7 0.9867
271.9 333.5 15.0 16.5 275.3 338.6 281.5 338.7 277.9 342.3 275.8 345.6 280.7 345.6 0.9864
812.3 393.9 17.9 18.2 822.1 402.1 827.9 401.6 826.5 406.5 822.3 409.2 825.6 409.0 0.9856
373.2 282.6 10.8 11.6 378.4 288.0 382.3 288.2 380.7 291.1 377.9 292.5 380.2 292.8 0.9848
695.9 396.7 17.7 14.1 850.3 354.5 852.6 353.4 853.8 356.7 851.5 360.0 852.8 359.4 0.9819
655.9 429.8 17.1 17.7 703.1 404.2 709.1 403.6 706.9 408.2 704.1 409.6 707.5 409.2 0.9782
738.1 381.3 15.6 21.3 658.7 438.0 662.9 438.1 659.8 442.6 662.0 444.8 664.2 444.6 0.9776
609.0 419.4 14.8 26.4 742.1 390.8 749.2 391.1 745.5 395.5 742.9 398.6 748.1 398.9 0.9754
388.3 247.7 9.1 11.3 618.9 428.7 620.0 428.9 621.5 433.7 618.0 438.3 619.4 438.6 0.9718
219.0 226.8 9.1 10.3 390.9 252.3 394.9 251.6 393.4 254.5 392.2 256.8 395.1 256.3 0.9706
781.9 203.2 8.6 11.1 220.5 230.5 224.1 230.1 221.9 232.6 221.5 234.8 224.0 234.4 0.9659
636.3 271.6 9.4 12.6 895.0 375.8 900.7 377.1 897.4 381.5 891.3 382.8 894.8 384.0 0.9612
864.3 216.3 9.5 11.8 785.1 208.3 788.8 208.4 787.2 210.7 785.3 212.3 787.9 212.4 0.9604
981.8 303.8 10.3 15.6 638.1 275.5 640.7 276.2 637.9 278.2 637.9 280.8 639.8 281.2 0.9575
953.3 454.6 16.2 20.0 865.7 220.5 869.5 220.4 866.9 223.0 866.5 225.6 869.3 225.4 0.9527
346.6 652.9 30.5 25.2 984.8 308.4 986.1 309.1 983.1 311.4 983.4 314.8 984.3 315.2 0.9409
192.5 269.0 8.4 10.1 965.1 462.5 967.7 462.1 967.9 467.3 962.9 470.5 964.6 470.5 0.9371
341.8 250.1 9.3 12.1 358.1 668.3 369.5 664.3 367.3 672.4 364.1 675.2 371.1 672.4 0.9361
925.6 354.4 16.5 12.0 196.2 273.4 199.3 273.0 198.6 275.1 197.1 277.1 199.4 276.9 0.9348
76.1 471.5 16.8 26.4 346.3 255.0 349.6 254.9 348.7 257.7 346.5 259.8 348.7 259.7 0.9030
368.9 245.5 8.8 11.6 934.7 361.0 938.4 362.1 936.4 364.6 932.7 364.5 934.5 365.5 0.8931
14.3 255.2 9.0 12.1 87.3 479.7 88.4 479.1 92.0 483.7 89.1 489.8 90.3 489.7 0.8862
794.4 230.4 9.9 11.9 374.2 249.9 376.6 249.9 376.7 252.5 374.3 254.7 375.9 254.9 0.8773
945.1 259.2 9.6 13.1 105.1 253.0 109.7 253.0 106.8 255.6 105.8 258.0 109.3 258.0 0.8746
150.4 226.0 8.5 11.0 19.9 261.0 22.0 260.8 22.2 263.5 19.9 265.3 21.1 265.3 0.8728
931.9 281.3 14.5 15.7 610.1 432.6 614.6 432.1 614.2 436.8 611.1 441.2 614.4 441.0 0.8610
160.8 403.3 16.4 20.1 796.2 234.2 800.1 234.7 797.2 237.1 796.1 239.5 799.1 239.7 0.8585
894.4 363.3 15.4 18.0 947.2 263.5 949.8 264.0 946.7 266.1 946.4 268.8 948.3 269.1 0.8579
547.5 290.7 11.3 16.1 153.4 230.7 157.0 230.5 155.7 232.9 154.1 234.9 156.8 234.7 0.8152
318.8 310.0 12.1 13.5 939.1 286.7 944.7 286.5 943.1 290.2 939.5 293.5 943.6 293.5 0.8084
654.4 257.0 8.8 12.5 164.0 410.1 170.5 410.6 166.1 414.7 164.5 418.9 169.3 419.1 0.7646
716.8 417.8 14.1 18.7 903.3 372.8 907.4 371.8 907.3 376.6 903.5 379.5 905.8 379.0 0.7541
68.7 246.5 9.8 11.9 549.3 295.5 552.8 295.9 549.6 299.2 549.6 302.7 552.2 302.8 0.7486
766.7 218.4 7.4 8.7 321.9 315.0 326.9 314.6 324.4 318.0 323.1 320.5 326.6 320.2 0.7480
484.3 284.5 13.2 16.9 656.6 260.8 657.8 261.2 655.4 263.5 656.1 266.2 656.9 266.3 0.7211
891.0 331.4 14.6 17.2 720.1 425.1 720.9 425.6 719.3 429.8 722.7 432.5 723.0 432.6 0.7073
964.0 410.1 16.4 15.5 624.6 306.2 625.7 307.0 622.1 310.6 624.2 314.7 625.0 315.0 0.6970
400.3 451.5 17.0 15.0 70.7 250.6 75.1 250.6 72.6 253.2 71.3 255.7 74.8 255.7 0.6759
209.2 443.8 18.6 22.6 768.8 221.6 772.1 221.5 770.5 223.3 769.2 225.1 771.8 225.0 0.6543
983.9 269.9 13.3 15.7 486.4 291.0 492.4 291.3 488.8 294.8 486.7 298.0 491.4 298.2 0.6430
910.0 393.8 18.2 23.0 308.2 436.3 314.7 437.0 309.3 441.2 308.3 446.3 313.4 446.6 0.6158
938.9 304.3 13.4 18.9 894.0 338.5 900.0 338.4 896.7 342.3 895.5 345.3 899.9 345.1 0.6071
851.2 199.2 6.9 9.4 974.5 417.6 977.6 418.4 976.0 422.1 971.3 423.4 972.9 424.2 0.6027
746.3 269.2 10.8 15.7 406.0 458.4 412.2 459.0 408.7 462.7 405.8 464.2 409.8 464.6 0.5822
595.0 244.0 9.7 11.6 214.8 455.2 223.6 454.0 219.9 459.8 217.0 463.6 223.9 462.7 0.5643
553.8 340.5 11.9 13.6 987.2 276.7 992.8 275.4 990.8 279.3 989.6 282.8 993.6 281.8 0.5640
667.1 342.2 13.1 13.9 207.3 380.3 210.9 380.1 208.1 383.9 208.6 387.2 211.0 386.9 0.5535
610.1 300.5 10.4 13.7 99.0 313.6 101.7 313.7 100.0 316.4 100.5 318.2 102.3 318.2 0.5422
