2--Demonstration/2_Demonstration_Demonstration_Or_Protest_2_166.jpg
13
763.9 28.1 23.3 30.0 768.4 39.2 779.0 38.4 773.0 44.2 770.2 50.9 778.4 50.3 0.9992
806.8 64.0 16.7 23.7 809.2 72.7 811.7 73.0 807.7 77.8 811.4 82.2 813.1 82.0 0.9991
936.1 207.9 21.9 29.9 939.6 218.4 944.3 219.8 936.3 223.8 937.9 229.9 941.2 230.6 0.9990
50.4 74.0 25.0 27.6 54.6 86.8 64.1 86.3 58.1 93.0 58.2 97.3 64.2 96.7 0.9988
339.3 202.4 11.1 13.4 342.3 207.9 347.3 207.6 345.0 210.5 343.3 213.0 347.1 212.8 0.9977
412.9 203.2 9.3 13.0 415.6 208.6 420.1 208.4 418.1 211.2 416.3 213.4 419.9 213.3 0.9967
645.8 211.1 7.6 9.0 649.0 214.4 652.0 214.6 650.8 216.3 648.9 217.9 651.2 218.2 0.9652
250.8 215.2 11.5 11.0 252.9 221.3 255.8 220.2 254.7 223.6 256.6 225.2 258.1 224.2 0.9458
510.8 124.5 9.9 16.4 517.8 129.9 518.2 129.7 519.9 132.7 518.4 136.7 518.9 136.6 0.8922
580.8 147.3 7.2 10.8 585.3 151.4 586.8 151.3 587.2 153.5 585.5 155.6 586.5 155.6 0.8891
404.4 161.1 7.4 9.8 405.7 164.6 408.2 164.9 406.1 166.6 405.8 168.6 407.7 168.7 0.8693
0.0 7.9 13.2 44.9 155.8 62.5 165.4 62.3 159.5 67.8 157.1 73.0 164.6 72.8 0.8519
245.2 160.8 10.4 13.4 -12.6 23.0 3.7 22.8 -3.8 31.3 -10.3 40.0 3.0 39.9 0.6726
