2--Demonstration/2_Demonstration_Political_Rally_2_907.jpg
263
295.3 473.2 26.7 35.9 310.6 487.7 315.2 484.7 320.2 491.0 316.5 500.8 319.1 498.9 0.9996
535.9 520.1 28.2 37.0 552.1 532.7 559.5 531.9 562.4 537.9 555.8 547.0 561.4 546.8 0.9996
596.8 210.7 20.8 27.0 599.9 220.1 608.6 221.0 602.0 225.4 599.9 230.4 607.0 230.9 0.9995
248.6 22.5 17.1 21.5 255.8 31.2 262.7 30.8 260.7 34.9 256.9 38.9 262.3 38.7 0.9995
54.6 504.2 26.5 34.7 64.7 519.1 76.7 518.1 72.5 525.5 65.7 530.7 75.9 530.1 0.9994
876.5 451.7 26.1 34.9 887.6 465.5 898.6 463.6 896.6 471.3 891.1 479.0 899.0 477.6 0.9994
223.1 572.3 22.8 32.8 240.4 584.5 242.6 583.8 245.9 590.9 240.0 597.4 241.0 597.3 0.9994
736.1 78.3 18.1 22.0 743.4 87.0 751.1 87.1 748.5 91.1 744.6 95.3 750.2 95.4 0.9994
797.0 60.3 17.1 21.6 802.7 68.8 810.7 68.2 807.6 73.0 804.0 77.2 810.1 76.8 0.9993
238.7 382.3 25.6 32.7 253.2 394.5 259.2 392.9 262.5 398.2 257.7 406.7 262.0 405.7 0.9993
225.3 19.0 16.7 19.9 229.5 26.5 237.0 27.9 232.2 30.9 229.0 34.1 234.7 35.0 0.9992
503.6 257.5 21.8 29.3 510.6 268.0 520.6 267.6 516.3 273.8 511.7 279.2 520.1 278.9 0.9992
23.3 262.3 22.7 29.5 30.8 274.1 41.2 272.6 37.8 278.9 33.6 285.2 41.6 284.1 0.9992
552.3 214.1 20.0 25.7 562.6 223.4 570.1 223.4 568.8 228.7 563.5 233.6 569.1 233.8 0.9992
589.2 168.9 18.4 22.3 594.0 176.1 602.8 175.8 598.8 180.8 595.5 185.7 602.3 185.4 0.9992
388.6 457.2 27.9 32.6 404.0 468.0 412.0 466.3 414.2 472.7 409.0 481.2 414.5 480.1 0.9992
426.7 537.0 29.4 42.3 444.6 552.0 451.8 551.8 454.0 558.7 446.3 567.8 451.9 568.0 0.9991
916.3 4.3 14.0 17.2 919.4 11.0 925.4 10.8 922.0 14.3 920.2 17.6 924.9 17.4 0.9991
713.9 556.2 31.5 44.0 727.5 574.2 739.1 569.8 740.2 578.6 734.1 589.8 743.0 586.6 0.9991
0.8 27.9 16.9 21.9 7.7 37.9 14.8 37.1 12.7 41.5 9.4 45.6 14.6 45.2 0.9991
829.8 28.3 14.5 17.6 836.5 33.4 842.2 34.4 840.0 37.8 836.2 41.1 840.4 42.0 0.9991
103.3 522.8 30.1 36.6 114.5 537.2 127.3 534.3 125.5 542.3 120.3 551.7 129.3 549.4 0.9990
657.7 137.7 16.6 20.3 662.2 146.5 669.8 144.9 666.8 150.4 664.7 154.3 670.3 153.1 0.9990
790.7 168.8 18.5 25.1 796.5 177.6 805.0 176.8 801.8 181.4 798.1 187.2 805.2 186.6 0.9990
705.8 97.7 16.4 20.6 708.6 106.8 715.2 106.1 711.5 110.9 710.5 114.4 715.3 113.7 0.9990
202.0 265.4 21.1 26.9 213.3 276.0 219.8 274.2 220.9 279.5 216.5 286.3 221.3 285.2 0.9990
162.3 554.7 27.8 41.3 180.3 569.1 183.8 568.1 189.1 574.4 184.3 584.8 186.7 584.6 0.9990
769.2 30.3 15.8 20.3 772.9 37.2 779.5 37.8 775.2 40.9 772.7 45.1 778.0 45.5 0.9989
548.7 293.3 24.8 29.7 562.1 303.5 569.9 303.4 569.1 308.8 563.3 315.0 569.3 315.2 0.9989
302.7 412.1 24.9 34.5 318.1 426.7 324.0 424.2 327.3 431.3 322.6 439.1 326.5 437.5 0.9989
960.4 6.1 15.0 19.0 964.4 13.9 971.1 14.1 967.6 17.7 965.1 20.9 970.1 21.0 0.9988
599.4 277.2 22.5 30.3 606.8 289.8 617.2 288.1 613.7 295.1 609.6 301.4 617.7 300.1 0.9988
561.8 149.9 18.7 22.5 568.0 156.1 576.4 156.3 572.8 160.1 568.7 165.5 575.8 165.7 0.9988
841.6 415.8 28.7 35.1 853.6 428.0 865.9 426.7 863.4 433.0 857.1 442.0 866.4 441.0 0.9987
869.1 43.4 16.2 19.8 873.1 50.0 880.2 50.3 876.2 53.8 873.5 58.0 879.5 58.1 0.9987
108.7 302.5 22.5 26.8 120.5 310.5 128.6 310.1 127.8 315.9 122.1 322.2 128.0 322.1 0.9987
327.9 411.3 22.5 29.5 337.4 423.5 346.2 420.8 345.4 428.1 341.3 434.9 347.7 432.9 0.9987
251.5 520.5 27.3 38.1 266.3 536.2 273.1 533.7 276.9 541.0 271.9 550.2 276.2 548.6 0.9986
552.4 335.7 22.4 24.8 558.6 344.4 568.6 343.5 564.0 349.6 560.9 354.8 568.1 354.1 0.9986
851.2 314.9 21.0 23.9 861.0 321.4 869.6 321.5 867.3 326.2 862.4 331.8 868.9 331.9 0.9986
643.1 207.9 19.4 24.0 647.3 217.1 656.3 217.3 651.0 221.9 648.2 226.5 654.9 226.6 0.9986
740.2 339.2 26.5 33.6 752.1 350.8 761.3 349.0 761.5 355.4 757.2 364.3 763.5 363.0 0.9986
93.2 179.3 20.2 23.2 95.7 188.3 104.0 187.6 97.8 191.6 96.5 197.0 102.9 196.4 0.9986
897.6 133.1 20.6 28.9 903.7 142.9 913.3 142.5 908.8 147.8 904.7 154.2 912.7 153.9 0.9985
401.5 363.7 24.1 28.8 406.4 375.7 416.8 376.8 410.0 382.3 406.8 386.7 414.1 387.4 0.9985
56.3 14.9 14.5 20.0 62.9 22.2 68.8 22.1 67.3 26.6 63.9 30.6 68.2 30.6 0.9985
355.5 512.4 29.4 33.9 370.3 523.3 376.5 520.8 381.5 525.6 378.3 536.2 382.4 534.7 0.9985
748.9 59.7 17.4 22.0 753.8 68.5 762.1 68.8 758.1 73.5 754.6 77.3 760.7 77.5 0.9985
593.0 138.7 18.0 21.9 601.1 146.0 608.6 145.6 606.5 150.6 602.3 155.3 608.0 155.1 0.9985
126.8 281.6 21.3 26.9 136.0 293.5 144.9 291.7 143.0 298.4 138.5 303.3 145.1 302.1 0.9985
501.7 143.0 17.1 21.8 509.1 150.9 516.2 150.5 514.2 154.9 510.6 159.7 515.8 159.5 0.9984
180.7 109.7 19.7 25.7 190.1 119.2 197.3 118.1 196.7 123.2 192.5 129.2 197.7 128.6 0.9984
868.0 12.0 15.0 20.8 873.4 20.4 880.1 21.0 876.9 25.0 873.3 28.3 878.5 28.7 0.9983
623.3 144.2 15.7 20.7 628.5 152.3 636.0 151.3 633.4 156.1 630.2 160.4 635.9 159.8 0.9983
671.1 163.7 19.1 23.4 677.7 174.0 686.2 172.3 683.7 177.4 680.6 182.6 686.8 181.3 0.9983
68.4 75.1 18.0 23.6 75.2 83.5 83.1 83.6 80.3 87.5 76.2 92.1 82.6 92.3 0.9983
852.4 350.0 23.3 32.5 863.8 360.7 872.9 360.4 870.8 367.8 863.6 374.0 870.9 374.0 0.9983
205.9 2.2 15.7 21.2 209.6 9.8 216.6 10.3 212.4 14.2 209.8 18.2 215.3 18.6 0.9982
782.8 97.9 18.0 24.0 788.0 107.0 795.8 107.4 791.8 112.0 788.3 116.1 794.7 116.4 0.9982
941.4 163.2 21.1 25.2 945.4 170.0 954.5 170.0 948.8 174.9 946.2 180.6 953.6 180.6 0.9981
591.9 490.6 25.6 32.5 608.2 499.2 612.9 498.4 616.8 505.2 610.9 513.4 614.4 513.3 0.9981
961.7 296.2 24.4 29.8 974.5 307.4 982.5 306.1 982.3 312.3 976.9 318.6 982.7 317.9 0.9980
767.7 160.3 22.5 29.4 775.8 170.5 785.4 169.0 782.5 175.4 778.2 182.4 786.0 181.3 0.9980
0.0 178.2 17.0 25.7 3.1 186.7 12.2 186.9 8.5 191.9 4.2 197.1 11.2 197.3 0.9979
69.2 30.4 15.0 18.9 73.4 37.8 80.3 38.3 76.6 41.8 73.8 45.1 78.8 45.6 0.9979
355.0 396.1 23.3 30.7 368.4 408.2 374.5 405.9 376.9 412.5 372.3 419.8 376.7 418.3 0.9978
334.3 218.6 18.8 22.5 339.1 225.5 347.4 226.1 342.6 230.5 339.4 235.2 345.7 235.6 0.9978
87.9 69.3 16.8 21.9 92.9 77.8 100.8 77.9 97.1 82.1 93.8 86.4 99.9 86.4 0.9978
617.9 113.4 16.7 21.0 622.1 122.1 629.7 122.4 625.6 126.1 622.7 129.9 628.5 130.2 0.9977
909.2 50.5 17.9 23.8 911.1 60.4 917.6 61.4 911.8 65.3 911.6 69.2 916.0 69.9 0.9977
739.1 117.1 17.2 19.4 742.1 123.8 749.4 123.5 745.1 128.5 743.7 132.2 748.9 131.9 0.9977
113.8 336.3 22.6 28.5 125.3 347.9 132.8 346.4 133.0 351.7 128.8 358.5 134.3 357.6 0.9977
138.1 106.2 18.6 22.8 146.1 114.3 153.8 113.3 152.3 118.0 148.2 123.3 154.1 122.7 0.9976
942.8 134.0 18.7 19.9 947.7 140.2 956.0 140.1 951.9 144.7 949.0 149.0 955.1 148.9 0.9976
612.6 182.8 14.3 18.6 617.6 189.8 624.1 189.5 621.8 193.4 618.7 196.9 624.0 196.8 0.9975
722.4 10.4 14.4 16.2 724.7 17.7 727.7 17.2 725.5 21.5 728.5 24.0 730.0 23.3 0.9975
96.6 122.4 18.7 21.7 106.6 132.0 113.0 131.2 111.9 136.5 107.4 140.1 111.6 139.7 0.9974
167.0 424.3 24.5 34.2 181.2 437.2 186.4 435.6 189.9 441.9 185.3 450.4 188.5 449.5 0.9974
864.0 130.9 18.8 25.0 869.1 140.0 877.8 139.8 873.3 144.1 870.1 149.5 876.8 149.3 0.9973
524.6 109.9 17.5 20.4 532.0 115.4 539.2 116.0 536.8 119.6 532.5 124.1 538.4 124.6 0.9973
110.3 80.0 17.1 19.5 115.0 86.3 123.2 86.1 119.6 90.4 116.5 94.8 122.7 94.7 0.9973
861.5 268.9 20.9 27.1 873.7 279.5 879.7 278.9 880.3 284.6 875.2 290.1 879.2 290.0 0.9973
384.0 244.4 21.2 27.3 394.4 256.2 402.5 254.8 401.7 260.2 397.1 266.1 402.7 265.2 0.9972
36.1 145.8 19.7 26.2 45.3 155.5 53.4 155.0 51.5 160.5 46.9 165.7 53.0 165.5 0.9972
469.0 453.9 26.7 34.6 483.8 469.3 491.1 465.9 494.0 473.7 489.3 482.3 493.7 480.0 0.9971
165.9 161.7 18.6 21.0 173.7 167.7 181.2 167.6 178.6 172.3 174.3 176.7 180.3 176.8 0.9970
663.2 27.0 16.4 21.2 668.8 35.2 676.5 34.8 673.6 39.3 670.3 43.6 676.1 43.4 0.9967
664.9 70.0 17.2 21.3 668.8 76.6 676.8 75.9 672.7 80.3 670.1 85.4 676.7 84.8 0.9966
285.8 213.7 18.5 21.7 293.8 220.3 301.2 219.7 299.7 224.1 295.8 229.4 301.5 229.0 0.9963
848.9 57.7 14.8 19.6 853.1 64.7 859.4 65.2 856.1 68.9 853.2 72.4 858.2 72.8 0.9962
303.7 128.0 18.4 23.5 311.4 137.1 319.1 136.3 317.3 141.1 313.5 146.3 319.1 145.7 0.9960
302.3 187.8 21.0 25.3 310.0 196.8 318.9 195.1 316.6 200.1 313.2 206.7 320.0 205.4 0.9960
560.4 34.6 13.1 17.1 564.9 39.7 570.7 40.6 567.6 43.5 564.3 46.7 569.3 47.4 0.9959
627.0 306.6 24.0 30.5 638.5 316.3 648.0 315.6 647.1 321.2 641.5 328.9 648.5 328.4 0.9958
50.2 305.6 22.2 26.6 57.9 316.7 67.7 315.3 64.4 321.2 60.8 326.8 67.7 325.7 0.9958
272.6 7.6 12.7 15.6 276.0 13.9 282.0 13.8 279.1 17.3 277.0 20.1 281.3 20.0 0.9958
662.5 224.5 20.6 28.3 672.7 235.8 680.4 235.4 678.8 241.4 673.9 246.8 679.5 246.7 0.9957
963.2 345.3 23.9 30.3 972.9 355.7 983.7 355.0 981.2 360.1 975.6 367.4 984.2 366.9 0.9957
443.6 357.6 19.0 25.6 456.9 367.9 459.8 367.2 462.0 372.7 457.2 377.6 458.8 377.5 0.9956
854.8 599.0 25.8 32.7 871.1 610.2 874.7 608.4 879.3 615.2 875.1 623.5 877.3 622.6 0.9956
443.7 291.3 21.6 26.7 456.1 298.1 462.9 298.1 462.6 304.1 456.5 309.8 461.9 310.0 0.9955
933.4 599.1 26.9 38.7 951.3 611.6 953.9 609.9 960.4 617.3 956.2 627.7 957.5 626.7 0.9954
68.3 225.3 23.2 28.6 79.7 235.0 87.6 233.6 87.1 239.4 82.2 246.3 88.4 245.4 0.9954
167.0 332.4 24.9 30.5 177.3 343.4 186.8 343.0 185.0 347.6 180.6 354.8 187.5 354.5 0.9954
736.4 197.7 20.3 24.6 746.2 207.6 753.7 206.8 752.5 211.6 748.0 216.6 753.6 216.2 0.9953
491.0 594.6 32.5 44.6 512.9 610.2 516.9 608.1 523.1 617.7 515.4 627.9 517.8 626.9 0.9953
478.9 127.0 18.1 22.9 486.8 134.6 494.3 134.7 492.0 139.1 487.8 144.0 493.8 144.1 0.9953
540.2 36.7 15.3 19.5 543.3 44.9 550.3 44.0 546.8 48.5 545.2 52.6 550.4 51.8 0.9952
713.3 50.1 14.9 19.7 715.7 58.3 721.8 58.2 717.9 62.6 717.0 66.2 721.3 66.0 0.9952
304.2 36.1 16.8 21.4 310.9 43.6 318.7 43.3 316.2 48.0 312.2 52.5 318.2 52.3 0.9951
468.2 258.5 20.0 25.9 479.0 268.2 485.0 266.5 486.4 271.9 482.3 278.3 486.6 277.3 0.9951
981.4 430.9 22.1 26.6 994.6 441.1 999.9 439.4 1001.6 445.6 996.4 451.4 999.7 450.5 0.9949
642.0 53.0 16.1 19.8 646.3 58.8 653.5 59.5 649.0 62.0 645.8 66.5 651.9 67.1 0.9949
182.9 24.0 14.1 20.1 185.1 31.0 189.8 32.5 185.0 35.9 184.6 39.2 187.9 40.1 0.9949
331.7 373.4 26.6 26.9 339.2 382.1 350.9 381.7 345.0 387.0 340.7 393.1 349.3 392.8 0.9949
576.3 120.5 15.5 20.4 578.6 127.9 583.8 129.2 578.9 132.9 578.5 136.2 582.2 137.1 0.9948
252.2 199.5 18.2 22.6 258.7 210.3 266.7 208.7 264.4 213.8 261.6 218.6 267.3 217.4 0.9947
253.0 78.8 17.0 21.9 258.6 88.2 266.5 88.1 263.1 92.9 259.9 96.7 265.4 96.6 0.9947
69.4 144.4 16.6 20.9 77.0 152.6 83.2 151.3 82.8 155.4 79.3 160.3 84.1 159.5 0.9946
693.2 255.6 22.0 28.0 702.5 266.0 711.6 266.0 709.0 270.4 704.2 276.6 710.7 276.6 0.9944
467.9 230.6 20.0 22.0 474.2 237.0 483.5 236.7 479.5 241.8 475.5 246.7 482.7 246.5 0.9943
930.8 433.5 24.6 32.2 945.6 445.6 951.3 445.0 953.0 451.7 946.5 458.1 950.3 458.0 0.9942
286.2 11.8 15.3 19.4 289.8 18.0 297.2 18.2 293.3 22.5 290.6 26.5 296.2 26.6 0.9941
447.1 392.5 20.6 31.8 461.6 404.4 464.7 404.3 466.5 410.6 461.6 416.5 463.7 416.8 0.9940
562.3 117.9 15.4 20.1 569.7 125.2 575.9 125.0 574.3 129.0 570.4 133.2 575.3 133.1 0.9937
384.9 123.3 16.4 22.0 389.4 130.8 397.4 130.3 393.9 134.7 390.8 139.5 397.4 139.1 0.9936
48.3 183.6 20.2 24.3 52.2 191.7 60.4 189.9 56.4 195.5 54.8 201.3 61.7 199.8 0.9935
654.9 468.6 24.5 35.1 668.2 481.9 673.0 479.5 677.1 485.5 673.4 494.4 677.0 493.0 0.9935
220.6 93.5 16.0 18.4 223.1 99.9 230.0 100.6 225.2 104.8 223.8 107.9 228.7 108.3 0.9935
796.0 283.5 21.8 26.9 804.8 293.4 814.0 293.0 811.4 297.6 806.9 303.6 813.9 303.3 0.9930
483.7 390.3 20.5 26.6 489.6 399.7 498.9 398.2 494.8 402.4 491.5 409.8 498.9 408.6 0.9930
32.0 210.2 19.5 25.1 40.2 219.4 47.6 218.5 46.4 223.6 42.6 229.1 48.0 228.5 0.9926
235.9 58.3 16.0 19.5 243.4 64.3 249.2 63.4 248.3 67.8 245.1 72.4 249.6 71.8 0.9926
33.4 187.3 19.9 24.9 41.5 195.9 49.6 195.4 47.5 199.7 43.9 205.7 50.1 205.3 0.9922
893.3 79.6 16.1 21.6 900.9 88.6 907.2 89.1 904.9 93.7 900.5 97.1 905.1 97.5 0.9922
897.8 546.5 23.7 29.0 910.7 554.8 916.2 554.4 916.8 560.2 912.2 567.3 916.0 567.3 0.9920
85.4 251.8 19.8 26.7 93.6 261.9 101.8 261.5 99.3 267.1 94.8 272.4 100.9 272.2 0.9916
315.2 571.4 28.1 38.5 331.5 583.2 334.7 581.1 341.4 587.4 337.8 598.4 340.3 597.2 0.9914
701.4 65.6 15.0 19.7 705.5 72.9 712.6 72.4 709.5 76.6 707.0 81.0 712.3 80.6 0.9912
834.2 105.0 19.9 27.1 843.9 114.1 850.2 114.2 849.0 119.5 844.2 125.0 849.2 125.2 0.9912
321.5 541.0 25.0 30.5 324.9 550.1 331.0 550.4 323.0 556.1 324.2 563.5 328.4 563.3 0.9910
7.9 108.9 16.6 22.8 15.5 117.2 21.1 117.1 20.0 121.3 16.4 125.8 20.8 125.8 0.9910
212.5 132.7 18.5 24.9 220.8 143.0 228.5 142.4 226.6 147.4 222.2 151.9 228.1 151.6 0.9904
0.0 81.4 14.8 24.2 2.2 91.0 10.7 91.2 7.3 94.6 3.8 99.5 9.9 99.6 0.9904
165.4 51.8 17.7 22.3 172.2 58.1 179.5 57.5 177.4 62.0 174.0 67.6 179.8 67.2 0.9904
316.8 151.0 17.8 24.6 323.5 160.8 331.0 159.3 329.5 164.1 326.3 169.8 332.3 168.7 0.9903
191.2 470.2 25.6 32.9 207.1 480.5 211.1 478.6 215.8 485.0 211.8 493.7 214.5 492.7 0.9903
154.5 35.6 14.7 18.6 156.9 42.9 163.0 43.3 158.7 46.7 157.3 50.0 161.9 50.2 0.9901
154.8 93.4 15.7 20.4 161.6 100.6 168.1 100.9 165.6 105.3 161.8 109.0 166.6 109.3 0.9897
317.3 15.4 14.8 18.0 320.5 24.0 326.8 24.2 323.1 27.8 321.4 30.3 325.8 30.4 0.9895
665.7 190.2 19.3 25.3 673.5 199.2 682.0 199.8 678.4 204.4 673.9 208.9 680.5 209.4 0.9895
977.5 563.2 19.3 32.9 990.7 574.7 990.8 574.1 995.7 579.2 992.3 586.5 992.9 586.3 0.9894
788.5 80.9 16.5 19.5 794.9 88.5 802.1 88.1 799.8 91.6 796.4 95.9 801.9 95.7 0.9883
39.6 69.4 16.6 22.5 45.8 77.9 52.9 77.8 50.5 82.2 47.0 86.7 52.4 86.6 0.9883
901.4 108.4 18.5 23.3 908.0 117.4 916.0 117.2 912.7 121.7 908.9 126.2 915.2 126.2 0.9882
877.5 299.4 21.4 29.6 887.9 311.1 894.8 309.9 894.3 314.6 890.6 321.4 896.0 320.6 0.9882
731.6 224.1 19.3 24.5 739.8 233.9 748.2 232.6 746.4 238.0 742.1 243.2 748.8 242.3 0.9879
0.0 270.2 13.4 30.6 2.0 281.0 10.3 280.2 10.9 285.5 5.3 293.3 11.3 292.9 0.9878
487.6 371.7 21.4 25.7 491.4 382.4 499.9 383.2 493.8 387.3 491.3 391.3 497.8 391.9 0.9872
645.9 350.7 21.5 25.8 653.7 361.6 662.6 362.1 658.5 368.0 653.7 371.6 659.7 372.0 0.9869
617.3 544.5 21.0 30.4 630.5 554.5 634.2 553.6 636.8 558.7 633.4 566.5 636.0 565.9 0.9869
644.9 567.8 25.4 39.0 659.1 579.7 664.8 579.4 667.3 585.9 662.3 595.5 666.6 595.6 0.9867
821.5 5.3 13.6 15.5 826.8 11.9 832.7 13.2 829.4 16.3 826.1 18.1 830.0 19.1 0.9861
158.1 74.9 15.2 19.6 162.2 82.6 169.2 82.4 165.9 86.1 163.2 90.0 168.5 89.9 0.9860
272.5 258.5 22.9 29.1 282.3 268.6 291.6 268.2 289.8 273.2 284.4 279.5 291.7 279.3 0.9854
145.2 46.4 14.0 18.2 150.4 53.7 156.8 53.5 154.3 56.8 151.3 60.4 156.2 60.3 0.9852
160.4 190.2 20.5 25.4 169.1 199.2 177.1 197.4 176.3 202.7 172.3 209.3 178.3 208.1 0.9848
591.0 42.8 11.7 16.5 592.6 49.0 597.4 49.0 594.1 52.5 593.3 55.8 597.0 55.7 0.9845
352.1 121.9 16.7 21.7 356.1 130.1 363.3 131.6 358.3 134.6 355.3 138.2 360.7 139.4 0.9836
833.0 385.4 21.3 24.7 844.9 393.2 850.8 391.7 852.4 397.1 848.1 403.6 852.1 402.8 0.9836
788.6 23.8 14.5 19.1 790.7 32.9 795.7 32.7 792.4 37.0 792.9 39.8 796.3 39.5 0.9833
487.9 105.2 17.4 24.5 491.1 112.3 495.0 112.5 489.3 116.6 489.9 122.7 492.9 122.5 0.9831
126.6 70.4 13.5 17.6 129.4 77.4 135.8 76.2 132.9 80.3 131.4 84.3 136.3 83.4 0.9830
802.0 234.3 20.9 24.3 807.8 241.7 817.1 240.7 813.0 245.1 809.8 251.3 817.3 250.5 0.9821
1011.1 128.3 12.5 28.2 1015.1 139.4 1024.1 140.0 1017.9 144.6 1015.8 149.8 1022.9 150.1 0.9818
198.1 35.3 15.0 20.5 204.8 43.2 210.3 43.2 208.7 47.2 205.5 51.0 209.6 51.1 0.9801
72.4 453.3 24.0 31.9 85.9 462.8 90.9 461.7 94.5 466.3 90.5 475.0 94.5 474.3 0.9800
183.9 190.5 20.6 24.5 190.5 196.9 199.9 197.1 195.7 200.3 190.9 206.5 199.1 206.7 0.9791
1010.4 164.4 12.9 23.3 1022.4 174.3 1024.8 174.2 1026.3 179.0 1022.1 183.0 1023.5 183.2 0.9790
755.5 463.6 21.3 26.5 769.7 472.0 772.9 470.8 776.2 476.5 771.7 483.2 773.7 482.7 0.9787
967.6 139.2 16.2 22.4 973.3 148.6 980.6 148.6 977.6 153.3 974.1 157.3 979.4 157.3 0.9785
391.4 275.6 21.2 28.8 401.9 284.8 408.2 283.6 409.2 289.1 405.5 296.5 410.4 295.7 0.9781
461.7 35.4 13.8 17.1 465.0 42.9 471.1 42.8 467.7 46.2 465.7 49.0 470.5 48.9 0.9778
214.6 192.5 18.9 24.8 219.1 199.8 227.2 200.8 221.5 205.2 218.5 210.2 224.8 210.9 0.9767
966.1 182.0 17.0 22.4 968.7 190.7 973.8 192.0 968.4 195.5 968.0 199.5 971.5 200.3 0.9767
206.2 115.7 15.5 19.4 213.0 123.3 219.3 123.3 217.4 127.5 213.9 131.0 218.3 131.1 0.9767
245.5 301.9 22.0 27.9 255.8 312.9 264.6 312.0 263.1 317.2 258.1 323.3 264.8 322.8 0.9766
820.6 260.2 18.9 23.7 824.0 267.0 831.7 267.1 826.2 272.4 824.4 277.7 830.1 277.7 0.9760
159.5 228.8 22.5 29.6 171.0 239.4 178.9 239.6 177.2 245.4 171.5 251.1 177.4 251.3 0.9757
925.4 127.2 15.5 21.8 929.3 136.2 936.1 135.6 932.8 141.0 930.8 145.0 935.9 144.5 0.9750
44.3 104.8 18.2 22.3 52.9 112.4 59.8 112.6 57.7 117.2 53.5 121.2 58.4 121.5 0.9742
259.1 231.7 17.8 20.9 268.9 238.1 274.1 237.8 273.8 242.8 269.7 247.3 273.3 247.3 0.9733
178.7 360.6 23.9 34.8 189.2 372.6 198.0 373.8 194.1 379.2 188.1 385.0 196.2 386.1 0.9706
263.9 130.7 13.5 17.9 268.1 137.0 274.0 136.4 271.8 140.2 269.5 144.4 274.1 143.9 0.9702
1010.1 582.2 13.3 36.9 1028.9 595.2 1030.9 595.7 1031.9 604.2 1024.1 610.2 1025.7 611.0 0.9697
593.7 254.6 18.4 20.5 602.1 261.7 609.1 261.0 607.7 265.4 603.8 269.9 609.0 269.5 0.9692
748.9 180.9 16.8 20.2 755.8 187.1 763.0 186.7 760.7 191.5 757.0 195.8 762.5 195.6 0.9682
22.4 120.6 18.6 22.9 28.9 130.5 37.2 128.9 35.1 134.1 31.7 138.9 38.4 137.7 0.9660
107.5 100.9 17.2 20.9 113.5 108.6 120.8 107.5 118.5 111.8 115.9 116.8 121.4 116.0 0.9630
958.1 158.9 15.8 21.9 963.6 166.0 970.8 167.4 966.9 171.1 963.0 175.0 968.6 176.2 0.9627
1013.4 325.3 10.1 32.3 1027.0 337.4 1036.7 337.7 1034.0 344.1 1026.6 349.3 1034.2 349.8 0.9619
936.4 88.6 15.1 20.4 939.9 97.1 946.4 97.4 942.6 101.5 940.5 104.9 945.3 105.2 0.9616
367.3 161.6 18.8 23.8 375.5 168.7 383.5 168.3 381.4 173.6 376.6 179.2 383.0 179.1 0.9614
40.2 5.1 15.3 20.9 47.3 13.5 52.9 13.7 50.8 17.9 47.3 21.4 51.4 21.6 0.9613
65.3 403.4 19.4 29.4 78.4 413.5 80.9 413.0 84.0 418.4 80.3 424.9 82.3 424.9 0.9589
675.2 190.9 16.6 24.1 678.7 197.7 686.8 198.6 681.7 202.5 678.3 208.1 684.9 208.7 0.9571
367.7 207.3 17.1 22.2 376.0 215.4 382.9 215.7 380.6 220.7 375.9 224.8 380.8 225.2 0.9547
60.0 166.8 15.7 19.9 64.7 173.8 72.3 173.7 68.9 178.2 65.8 182.3 71.8 182.2 0.9537
814.7 485.1 28.7 35.5 824.5 500.3 836.3 499.8 831.5 507.3 826.8 512.7 835.4 512.4 0.9523
20.8 150.9 14.7 21.1 28.4 158.1 33.3 157.9 33.0 162.5 29.5 166.9 32.9 167.0 0.9505
646.7 22.1 12.8 18.5 650.0 29.4 656.0 29.4 653.0 33.1 650.7 36.7 655.4 36.6 0.9484
244.1 262.9 21.0 26.9 254.8 273.9 262.3 273.3 261.4 277.9 257.2 283.8 262.6 283.5 0.9483
6.4 67.6 16.1 20.5 12.1 74.6 19.3 74.7 16.5 78.6 13.0 82.8 18.8 82.9 0.9476
109.8 42.0 15.0 18.1 114.9 48.5 121.7 48.5 118.9 52.1 115.9 55.8 120.8 55.9 0.9453
346.8 98.5 14.2 19.7 354.1 105.8 358.6 105.7 358.1 109.8 354.6 113.5 357.9 113.6 0.9443
321.7 282.0 22.2 25.7 331.5 290.8 339.8 289.3 338.4 295.5 334.1 301.7 340.1 300.7 0.9408
284.0 53.0 18.8 25.4 288.8 61.8 294.4 62.6 289.8 67.2 288.4 71.7 292.8 72.1 0.9358
121.7 199.5 19.3 22.1 127.6 206.7 136.0 206.0 132.5 210.0 129.4 215.3 135.8 214.8 0.9343
849.0 217.1 16.9 23.0 857.2 226.4 862.6 225.7 861.1 230.2 858.1 234.8 862.4 234.3 0.9289
219.3 37.5 15.7 20.3 222.8 45.7 229.3 46.1 225.2 50.2 223.1 53.6 228.0 53.8 0.9280
370.8 2.7 14.6 16.5 373.9 8.2 380.5 8.6 376.7 12.0 374.5 15.0 379.5 15.2 0.9245
190.6 161.2 15.5 19.7 197.6 167.5 203.6 169.1 200.7 172.1 196.6 175.5 201.0 176.8 0.9219
199.4 350.7 26.3 39.6 218.0 365.3 221.9 364.8 225.1 372.1 218.1 380.8 221.1 380.8 0.9155
761.3 22.7 13.5 16.0 766.0 28.6 771.6 28.7 768.8 32.5 766.6 35.3 770.6 35.5 0.9139
145.9 612.5 25.9 27.2 162.6 628.5 165.9 626.7 170.6 632.1 166.9 640.4 169.5 639.5 0.9118
323.3 38.1 15.8 19.7 327.1 45.6 334.6 45.9 330.5 49.6 327.8 53.5 333.4 53.6 0.9099
139.3 403.8 21.0 27.5 149.0 413.8 157.1 412.5 155.9 417.5 151.5 424.1 157.9 423.2 0.9081
34.1 393.8 20.7 30.2 46.0 405.3 50.6 404.3 51.7 409.6 47.7 416.2 51.0 415.7 0.9012
889.7 21.5 11.3 14.2 897.8 26.7 899.4 26.4 900.1 30.0 897.0 32.8 897.8 32.8 0.8944
300.4 77.3 14.9 19.2 304.2 85.0 311.2 83.7 308.4 88.8 306.2 92.7 311.7 91.7 0.8911
284.0 83.6 14.5 19.0 288.4 91.1 294.5 91.5 291.4 95.1 288.8 98.4 293.4 98.7 0.8887
341.0 24.7 14.1 19.1 343.8 32.0 348.7 32.2 344.9 36.0 344.4 39.7 348.1 39.7 0.8852
470.6 195.8 18.7 21.8 476.1 205.3 484.4 205.5 480.3 210.0 476.8 213.9 483.1 214.0 0.8555
56.4 45.2 13.0 20.5 64.3 52.2 67.1 51.3 68.4 56.0 65.5 60.7 67.6 60.3 0.8538
301.1 255.6 13.7 19.2 305.1 262.2 311.6 262.7 308.4 266.3 305.5 270.4 310.4 270.7 0.8489
104.7 371.6 18.2 24.0 112.9 379.0 119.7 378.4 118.2 383.7 114.4 389.4 119.3 389.1 0.8464
39.8 438.7 17.4 30.1 53.5 448.6 54.4 448.7 56.0 453.8 52.6 460.1 53.6 460.3 0.8441
181.3 227.2 23.2 25.3 189.7 235.3 199.5 237.3 194.1 241.7 188.4 245.6 195.5 247.3 0.8306
678.5 514.9 31.1 34.9 689.9 526.6 703.3 527.4 696.6 533.8 690.1 540.6 700.0 541.3 0.8297
47.4 138.4 13.7 18.0 52.2 144.8 59.0 144.6 56.6 148.8 53.4 152.6 58.5 152.5 0.8274
156.2 136.3 17.2 21.1 163.8 143.5 170.2 142.8 169.1 147.1 165.7 151.9 170.8 151.5 0.8273
372.8 54.6 14.0 19.9 374.0 63.0 378.5 63.1 374.5 67.6 375.3 71.4 378.5 71.2 0.8146
277.5 52.9 15.5 20.6 284.2 60.8 290.5 60.7 288.2 65.4 285.0 69.4 289.9 69.4 0.7962
547.8 424.5 22.5 32.0 561.9 437.2 566.8 435.0 569.6 442.2 564.7 449.6 567.9 448.3 0.7647
399.5 207.8 20.3 21.6 406.0 213.6 414.3 214.1 410.1 218.3 406.6 222.8 413.0 223.2 0.7567
556.1 370.1 21.4 31.8 568.5 381.0 574.0 380.9 575.0 386.0 570.7 393.0 574.7 393.2 0.7471
621.9 272.7 20.5 29.9 632.0 284.4 637.9 282.8 639.0 289.0 635.8 296.0 640.0 295.0 0.7340
271.6 357.9 18.4 26.6 283.9 367.4 287.2 367.5 287.5 373.1 282.9 378.1 285.4 378.4 0.7194
946.2 530.4 23.9 30.3 959.5 542.9 966.7 542.5 965.9 549.4 960.8 554.7 965.4 554.7 0.7185
196.1 78.9 19.3 23.6 203.9 87.7 212.1 88.7 208.3 93.1 203.7 97.2 209.9 98.1 0.7143
594.1 425.7 25.3 35.7 607.3 440.9 615.1 440.2 614.2 446.6 608.9 453.1 614.7 452.8 0.7103
113.1 497.4 26.3 29.6 123.3 509.3 131.7 506.4 131.4 512.3 128.9 519.6 135.4 517.5 0.7058
393.4 55.7 17.0 18.9 398.7 61.5 406.1 61.5 402.6 65.5 399.7 69.4 405.3 69.4 0.7006
332.5 105.0 14.8 19.1 336.8 114.3 343.4 112.7 341.3 117.8 339.5 121.6 344.1 120.5 0.6728
387.0 319.7 22.7 28.6 394.8 327.9 403.9 325.9 403.1 330.2 400.0 339.2 407.0 337.7 0.6698
141.0 93.4 14.7 17.2 146.3 99.1 152.8 98.6 150.5 102.6 147.5 106.4 152.6 106.2 0.6669
772.3 220.3 14.6 18.8 776.9 227.7 783.4 226.7 781.2 231.0 778.7 235.1 783.8 234.3 0.6536
971.9 124.6 15.9 19.5 977.7 131.5 985.3 131.4 982.4 135.1 978.9 139.3 984.8 139.2 0.6255
258.9 456.1 21.6 25.5 269.4 464.9 277.1 463.6 276.8 469.0 273.3 475.3 278.8 474.5 0.6050
256.9 350.1 18.5 26.2 265.4 357.4 268.4 357.8 266.7 362.8 264.7 369.0 267.1 369.4 0.6007
504.7 219.6 15.8 22.1 512.0 228.4 518.1 227.4 517.3 232.5 513.8 237.2 518.2 236.7 0.5707
504.1 185.8 17.7 23.8 508.2 194.9 515.7 193.1 512.3 198.7 510.8 204.9 516.5 203.4 0.5206
864.9 578.9 20.7 25.6 874.0 587.0 880.1 586.2 880.5 591.8 877.3 597.8 881.5 597.4 0.5073
