2--Demonstration/2_Demonstration_Protesters_2_364.jpg
16
122.5 403.6 66.7 77.9 144.1 426.6 175.0 429.6 159.9 439.1 144.8 455.5 169.8 458.2 0.9996
375.2 410.3 78.4 100.9 389.9 451.7 424.2 447.0 404.8 467.8 399.2 489.7 423.7 486.2 0.9995
860.6 418.8 102.6 128.4 884.8 469.7 933.8 471.9 904.9 491.7 886.7 517.1 923.9 519.4 0.9995
16.3 521.8 20.0 27.2 22.4 532.0 32.1 532.1 27.7 537.5 23.3 542.7 31.0 542.8 0.9993
752.5 318.5 78.2 110.8 778.4 356.6 814.2 360.5 799.2 376.8 780.4 397.1 809.0 400.4 0.9988
932.5 137.5 17.6 23.4 935.4 147.1 936.9 147.1 935.1 152.9 940.3 156.2 941.2 155.9 0.9982
845.8 212.3 15.7 20.6 849.5 219.5 856.7 219.1 853.0 223.2 850.5 227.7 856.2 227.4 0.9962
802.2 221.5 16.1 22.0 804.4 230.0 807.3 230.2 803.9 235.0 806.8 238.8 808.7 238.8 0.9815
1007.8 116.7 15.9 27.0 1011.4 128.5 1013.2 128.6 1010.9 135.1 1017.1 139.0 1017.7 138.7 0.9776
470.0 338.9 8.0 10.4 472.1 342.9 476.0 342.8 474.1 344.8 472.5 346.9 475.8 346.8 0.9732
46.4 526.3 13.8 16.4 53.7 532.3 58.3 532.4 57.5 535.4 54.2 538.8 57.6 539.1 0.9597
759.9 255.6 13.4 16.6 762.4 261.5 767.2 262.1 763.4 265.1 762.5 268.1 766.2 268.5 0.9424
423.0 358.1 9.0 10.5 425.4 362.2 429.6 361.9 427.7 364.2 426.1 366.3 429.4 366.2 0.9283
530.6 331.9 9.9 11.1 533.0 335.9 537.0 336.0 534.6 338.5 533.5 340.7 536.6 340.7 0.7030
309.8 516.2 12.4 16.1 314.2 522.7 318.8 522.3 317.3 526.0 315.4 529.4 318.7 529.1 0.6942
504.9 330.8 9.9 11.8 506.7 335.7 510.3 335.1 508.6 338.3 508.9 340.5 511.3 339.9 0.6467
