2--Demonstration/2_Demonstration_Demonstration_Or_Protest_2_193.jpg
120
10.0 326.2 55.3 68.8 16.3 352.6 31.2 351.6 14.5 363.9 18.5 379.1 28.3 378.5 0.9997
510.0 414.6 59.9 84.9 522.5 441.5 539.0 444.6 517.2 454.8 516.5 474.7 527.9 477.1 0.9997
318.2 430.7 79.1 101.4 332.7 461.3 342.1 463.3 318.3 481.3 333.3 504.4 338.7 504.9 0.9997
910.0 353.5 46.3 77.3 918.8 380.9 927.4 381.6 912.0 395.6 918.0 411.0 924.4 411.3 0.9996
913.7 570.6 84.4 100.6 931.5 605.0 969.6 603.2 946.4 619.1 937.1 644.9 964.8 643.1 0.9996
624.8 449.6 100.2 141.1 656.9 495.7 664.7 504.4 633.0 515.3 634.7 547.6 641.7 552.9 0.9993
479.7 299.3 52.7 70.3 485.3 327.6 503.1 327.9 485.8 339.4 485.8 353.7 497.7 354.3 0.9991
917.2 215.2 18.2 25.2 919.1 224.4 925.4 224.3 920.0 229.4 920.2 234.4 924.9 234.2 0.9988
755.6 326.2 31.1 35.4 765.0 339.9 778.0 340.2 771.3 349.3 766.3 354.0 775.6 354.4 0.9983
352.5 179.1 13.3 16.1 355.4 184.7 361.6 185.2 357.8 188.1 355.5 191.2 360.3 191.6 0.9982
438.8 242.8 16.7 19.2 443.7 249.6 451.0 249.5 447.7 252.6 444.7 256.8 450.5 256.7 0.9978
240.7 332.1 49.7 72.1 254.6 355.0 260.9 359.1 246.6 365.5 245.9 381.9 251.2 384.5 0.9976
408.1 245.0 16.2 21.3 411.9 253.2 419.5 253.2 415.5 257.3 412.7 261.3 418.8 261.3 0.9973
366.9 302.4 28.6 41.3 372.0 316.8 377.1 317.4 368.2 324.1 370.9 333.3 374.0 333.4 0.9973
964.0 201.4 15.6 20.8 966.4 209.3 971.0 210.6 965.6 213.4 965.2 217.3 968.2 218.1 0.9968
220.7 180.6 12.3 16.0 222.6 186.5 228.4 186.4 224.8 189.6 223.3 192.9 227.7 192.8 0.9968
179.3 410.3 57.3 67.6 194.6 429.1 213.7 434.3 197.2 440.2 189.0 454.9 203.2 459.0 0.9959
467.9 225.8 17.9 20.9 472.8 233.1 480.7 233.9 476.0 237.1 472.8 241.0 478.8 241.6 0.9956
209.7 220.0 15.6 17.1 213.8 225.6 221.3 226.0 217.5 229.2 214.7 232.9 220.1 233.2 0.9955
303.5 159.6 11.7 13.8 306.6 164.3 312.0 164.2 309.3 166.9 307.3 169.9 311.4 169.9 0.9954
938.3 177.8 13.8 17.2 940.9 183.4 947.3 183.6 943.4 187.0 941.5 190.7 946.2 190.9 0.9949
475.1 384.9 47.4 75.4 485.6 414.6 498.4 419.4 483.1 428.9 482.1 442.0 490.9 445.4 0.9943
33.7 225.1 17.1 23.2 36.7 233.2 39.1 233.5 34.3 237.9 36.5 242.9 38.1 242.8 0.9943
533.7 164.9 11.6 15.8 535.9 170.7 541.4 170.6 538.2 173.5 536.4 176.9 540.9 176.7 0.9943
1007.2 218.8 13.6 18.9 1009.3 225.5 1013.0 226.0 1008.6 229.2 1009.0 233.1 1011.8 233.3 0.9925
843.0 230.7 19.5 23.5 848.0 238.4 856.8 239.2 851.7 244.0 848.3 248.2 855.0 248.7 0.9915
244.5 189.5 11.3 13.8 247.6 194.0 253.2 193.9 250.6 196.9 248.3 199.9 252.5 199.9 0.9914
1.0 170.8 12.1 15.1 3.6 175.2 9.4 175.2 6.2 178.5 4.3 182.0 8.6 182.0 0.9912
306.1 184.5 11.5 14.1 308.8 189.2 314.2 189.3 311.3 191.8 309.3 194.8 313.6 194.8 0.9905
260.6 169.7 12.4 14.4 262.9 175.2 268.8 174.9 265.3 177.6 263.5 180.8 268.1 180.6 0.9900
772.3 182.1 13.1 15.8 776.3 187.8 782.5 188.1 779.4 191.2 776.7 194.2 781.5 194.4 0.9898
264.8 221.9 11.1 17.0 266.6 227.2 267.6 227.6 264.6 230.9 267.0 234.5 267.6 234.6 0.9895
261.7 281.4 24.5 31.0 264.9 292.6 272.5 293.3 264.7 298.1 264.6 304.4 270.5 304.7 0.9888
439.5 177.0 12.2 14.5 443.4 181.5 448.8 181.0 446.8 184.0 444.6 187.5 449.0 187.1 0.9887
2.9 221.6 18.4 25.3 5.0 231.5 10.3 232.8 4.0 237.0 4.9 241.4 8.5 242.0 0.9880
642.0 400.9 67.3 90.1 653.4 433.2 671.4 439.3 647.6 449.4 647.5 467.2 659.5 471.4 0.9864
230.5 203.8 13.0 16.7 233.3 210.0 239.6 209.2 236.7 212.8 234.8 216.6 239.7 216.0 0.9858
246.0 270.6 18.2 22.0 252.0 278.8 260.8 279.3 256.8 283.6 252.6 287.5 259.2 288.0 0.9853
251.6 431.3 66.4 94.5 262.8 461.6 274.7 462.1 256.1 481.3 263.9 501.2 272.0 501.1 0.9852
403.7 172.4 13.8 17.4 406.1 178.6 412.3 178.8 408.3 181.9 406.4 185.7 411.1 185.9 0.9844
890.9 340.4 42.4 68.1 898.4 368.3 915.6 371.1 901.8 383.2 898.7 393.2 911.2 395.4 0.9840
416.8 130.6 12.2 13.6 420.1 135.2 425.5 135.1 423.0 137.6 421.0 140.7 425.2 140.6 0.9837
768.4 141.3 10.8 13.9 771.5 146.4 776.4 146.7 773.9 149.3 771.8 151.9 775.6 152.2 0.9825
356.0 159.4 12.4 14.6 358.5 164.0 364.1 163.3 361.1 166.3 359.3 169.8 364.2 169.2 0.9815
564.5 175.6 13.4 15.9 567.4 180.5 573.6 180.1 570.4 183.7 568.5 187.3 573.4 186.9 0.9800
155.6 204.1 13.4 16.1 159.4 210.2 165.6 210.6 162.4 213.9 160.0 216.7 164.5 217.0 0.9785
824.8 168.9 12.8 15.8 828.8 174.6 834.8 174.2 832.4 177.8 829.9 181.1 834.6 180.8 0.9782
0.0 416.1 56.0 96.2 -1.4 454.7 28.9 454.6 9.7 475.6 1.5 491.9 23.5 491.8 0.9771
301.8 225.4 18.1 19.2 307.8 231.0 316.1 231.7 312.0 235.6 308.0 239.5 314.0 240.0 0.9771
573.5 218.9 15.4 19.0 577.0 226.8 584.1 226.6 580.4 230.3 578.0 233.9 583.5 233.7 0.9748
894.1 139.0 12.0 15.0 897.8 144.6 903.2 144.9 900.5 147.8 898.3 150.6 902.1 150.8 0.9733
130.4 220.7 18.5 22.7 142.7 229.6 146.7 228.5 147.6 234.3 142.6 238.9 145.1 238.3 0.9721
480.4 138.8 8.6 11.7 483.1 143.2 486.7 143.2 485.1 145.5 483.5 147.6 486.4 147.7 0.9703
262.3 202.3 12.2 16.3 264.9 208.5 270.6 208.6 267.4 212.1 265.5 215.2 269.9 215.2 0.9703
865.2 209.2 20.3 25.1 875.0 218.0 882.2 218.1 880.4 223.4 875.6 228.0 881.2 228.2 0.9700
732.5 145.6 13.1 16.4 737.6 151.1 742.9 150.8 741.4 154.0 738.7 157.7 742.7 157.6 0.9692
980.6 164.6 12.0 14.6 983.5 170.4 989.1 170.3 986.1 173.2 984.1 176.0 988.4 175.9 0.9689
365.0 203.9 12.3 16.2 367.1 210.7 373.0 210.4 369.6 214.1 368.2 217.2 372.5 216.9 0.9675
625.5 191.3 18.9 22.1 629.8 198.1 638.1 198.0 633.4 201.6 630.6 206.7 637.5 206.6 0.9645
801.7 293.7 21.5 34.7 818.0 306.7 819.8 306.3 822.7 313.1 817.4 320.0 818.8 320.1 0.9641
449.9 139.3 10.7 14.2 453.4 144.8 457.8 144.4 456.0 147.3 454.3 150.2 457.7 149.9 0.9631
809.5 201.7 16.4 21.2 819.8 208.8 824.2 208.4 825.0 213.0 820.8 217.7 824.0 217.6 0.9616
325.7 280.0 21.8 29.8 328.0 290.5 333.1 290.7 327.3 297.0 329.7 303.0 333.3 302.7 0.9606
636.8 152.4 11.5 14.9 640.2 157.8 645.4 157.4 643.2 160.6 641.4 163.9 645.3 163.6 0.9597
395.4 134.5 10.0 12.4 398.3 138.5 403.2 138.7 400.7 141.3 398.6 143.8 402.5 144.0 0.9577
633.3 288.3 23.2 34.3 636.3 302.2 642.8 302.2 637.1 309.0 638.0 314.8 643.4 314.5 0.9543
489.6 185.8 11.3 15.7 491.7 191.2 495.3 191.5 492.1 194.4 491.7 197.5 494.4 197.6 0.9543
709.5 131.4 13.4 16.3 712.9 136.1 718.8 135.9 716.0 138.7 713.6 142.6 718.7 142.5 0.9488
596.2 166.9 13.7 15.8 599.0 172.2 605.1 172.2 601.6 175.4 600.0 178.8 604.5 178.7 0.9454
422.2 233.1 13.4 18.6 424.1 239.4 427.7 239.9 424.0 243.6 425.1 247.2 427.7 247.4 0.9445
996.0 170.8 13.0 15.5 999.0 175.8 1004.9 175.9 1001.5 179.0 999.3 182.1 1004.2 182.2 0.9428
322.6 164.0 10.5 12.7 324.6 168.7 329.6 168.5 326.9 171.2 325.4 173.9 329.4 173.8 0.9413
898.7 81.4 9.3 11.8 900.9 86.7 905.1 86.9 902.7 89.0 901.1 91.0 904.5 91.1 0.9298
465.6 376.3 36.8 63.4 472.4 399.6 475.4 401.2 467.5 411.8 471.4 425.0 472.4 425.9 0.9164
293.2 258.4 14.6 17.8 297.0 263.7 303.2 263.2 300.3 267.4 298.5 271.5 303.3 271.1 0.9145
214.4 305.6 25.3 35.9 218.1 318.8 222.8 319.6 216.2 325.4 219.1 332.2 222.7 332.5 0.9079
458.2 192.0 13.7 18.1 461.2 197.1 465.7 198.1 461.3 200.9 460.2 204.7 463.7 205.4 0.9060
865.5 126.4 12.3 14.6 868.4 131.7 874.1 131.6 871.2 134.6 869.1 137.6 873.5 137.5 0.9030
185.6 224.5 14.0 19.5 194.2 231.6 197.5 230.8 197.7 236.1 194.2 240.2 196.4 239.8 0.8901
430.3 202.0 12.2 16.4 432.1 208.7 436.9 208.4 433.7 212.1 433.3 215.2 436.9 214.9 0.8659
470.8 165.7 10.7 13.0 474.0 170.7 478.5 170.1 476.7 173.3 475.3 176.2 478.7 175.7 0.8652
279.1 187.6 11.5 14.1 281.8 193.0 287.2 192.9 284.3 196.0 282.5 198.8 286.7 198.8 0.8572
701.1 279.9 26.5 33.6 706.1 290.4 712.6 293.4 702.4 296.9 702.1 303.8 706.3 305.7 0.8420
549.3 607.8 71.0 60.4 582.0 629.8 582.7 639.1 569.1 631.6 563.1 631.4 563.3 638.0 0.8284
520.1 163.3 10.8 13.8 522.4 168.1 527.6 168.1 524.8 171.0 522.8 173.9 527.1 173.9 0.8257
535.1 271.7 21.9 27.4 540.8 283.8 549.4 283.7 544.6 289.9 542.2 294.0 547.9 293.9 0.8177
805.5 290.9 34.2 43.8 814.3 307.0 826.0 308.3 816.9 316.9 813.1 324.9 821.9 325.6 0.8157
397.3 167.8 11.2 13.1 400.7 172.2 406.0 172.5 403.3 175.3 400.9 177.9 405.0 178.2 0.8059
10.9 507.5 79.9 134.7 22.7 553.6 29.2 555.8 9.4 580.9 25.2 607.7 31.2 608.0 0.8045
294.1 211.7 13.1 16.5 296.1 217.7 302.5 217.8 298.5 221.4 296.8 225.0 301.8 225.0 0.8024
409.9 151.7 9.9 11.8 412.2 155.5 417.2 155.5 414.6 158.2 412.7 160.8 416.6 160.8 0.7722
668.8 358.6 45.7 60.4 676.9 380.5 687.4 381.6 674.7 390.2 676.7 402.2 684.6 402.7 0.7719
751.1 116.7 11.7 15.0 756.8 121.6 761.1 121.6 760.2 124.7 757.4 127.9 760.8 128.0 0.7656
816.9 157.4 10.7 13.3 819.5 162.4 824.3 162.9 821.2 165.3 819.3 167.7 823.0 168.0 0.7650
233.4 240.1 15.9 19.8 240.3 247.2 246.5 246.8 244.9 251.1 241.4 255.5 246.1 255.4 0.7645
198.8 297.0 18.7 24.4 202.7 306.6 209.6 307.9 204.0 311.9 202.6 316.1 207.4 317.0 0.7580
432.2 163.0 10.8 13.6 435.0 168.2 440.5 168.0 437.9 171.3 435.7 173.9 439.8 173.9 0.7472
191.3 189.8 10.3 13.2 193.2 194.4 197.2 194.4 194.4 197.2 193.8 200.0 196.8 200.0 0.7396
877.2 137.6 14.1 19.5 882.3 143.1 888.2 144.2 884.8 147.6 881.5 151.4 886.3 152.3 0.7359
203.0 191.4 11.0 13.9 207.8 196.8 211.4 197.0 209.9 200.1 207.4 202.3 210.0 202.5 0.7158
932.4 147.5 10.8 15.4 935.2 152.7 939.9 152.7 937.3 156.2 935.5 159.6 939.1 159.6 0.7108
724.8 71.9 9.7 12.8 726.5 76.3 728.8 76.5 726.3 79.1 726.8 81.6 728.4 81.6 0.7047
388.0 267.4 18.3 21.4 393.3 275.1 401.9 275.1 397.8 279.8 394.3 284.6 400.9 284.6 0.6804
1013.6 112.6 10.0 14.7 1016.0 117.4 1021.2 118.2 1017.6 120.7 1015.7 123.6 1019.7 124.1 0.6733
787.6 129.0 9.6 12.7 790.9 133.7 795.0 133.6 793.5 136.3 791.5 138.9 794.7 138.8 0.6695
943.8 103.2 9.4 10.8 946.7 106.9 950.8 106.9 948.9 109.2 947.2 111.5 950.4 111.5 0.6577
1014.5 160.2 8.9 22.7 1017.0 169.7 1020.8 169.5 1016.7 174.4 1018.3 178.3 1021.2 177.8 0.6505
239.5 173.8 10.4 12.2 242.3 177.7 247.1 177.6 244.8 180.2 243.0 182.9 246.6 182.8 0.6419
864.3 98.2 10.2 11.9 867.0 102.8 871.5 103.0 869.1 105.5 867.3 107.7 870.8 107.8 0.6408
789.3 154.0 9.6 11.1 792.5 157.8 797.0 158.0 794.9 160.3 792.7 162.6 796.3 162.8 0.6383
834.8 87.7 9.9 12.0 837.0 92.0 841.4 92.1 838.8 94.6 837.5 97.1 840.9 97.1 0.6380
644.8 133.1 8.9 12.0 647.0 137.9 651.0 138.1 648.6 140.3 647.1 142.5 650.3 142.6 0.6348
892.3 120.8 12.2 15.9 896.5 127.5 901.9 127.1 899.9 130.5 897.7 133.4 901.8 133.1 0.6189
615.7 128.6 10.8 13.5 618.1 134.6 622.9 134.5 620.1 137.5 618.9 139.9 622.3 139.8 0.6188
491.4 228.2 13.8 18.9 498.8 235.0 503.6 235.0 502.7 238.9 499.4 242.7 503.1 242.8 0.6173
858.0 126.1 13.1 17.0 862.2 131.9 868.7 131.7 865.6 135.7 862.9 139.2 868.3 139.1 0.6030
488.3 166.3 11.0 13.7 491.1 170.7 495.9 170.8 493.2 173.7 491.6 176.6 495.3 176.6 0.5909
577.5 122.0 10.8 13.5 580.7 127.1 585.7 127.2 583.1 129.7 580.8 132.4 584.7 132.5 0.5615
371.7 180.8 11.9 14.8 374.5 185.9 380.2 185.6 377.4 189.3 375.7 192.5 380.1 192.2 0.5134
540.0 313.1 29.0 41.3 554.0 329.6 560.8 330.6 557.5 338.4 551.2 344.7 556.0 345.7 0.5091
