2--Demonstration/2_Demonstration_Demonstration_Or_Protest_2_621.jpg
17
826.7 283.4 37.3 44.6 833.6 296.9 852.1 297.1 840.4 304.5 834.1 315.4 848.7 315.6 0.9997
395.0 270.1 37.7 43.6 405.9 285.5 422.8 282.7 417.0 292.9 411.5 303.5 424.2 301.3 0.9996
13.1 260.5 40.7 50.7 33.1 279.0 47.4 276.4 48.3 285.2 39.8 298.6 50.4 296.7 0.9996
723.6 275.9 39.4 48.4 733.2 290.2 750.5 295.7 737.8 303.1 729.8 308.8 744.3 313.0 0.9995
270.6 255.1 38.5 48.4 285.6 273.5 302.4 273.1 297.3 280.8 289.8 292.1 301.9 291.9 0.9995
920.3 293.7 36.6 45.7 932.9 308.8 949.5 310.9 941.0 320.7 931.9 327.6 945.1 329.2 0.9994
634.0 273.9 38.5 47.5 646.2 289.3 663.4 287.3 657.6 296.5 650.6 308.0 664.5 306.3 0.9994
325.3 262.5 34.5 44.6 337.1 282.2 352.5 279.0 348.5 287.6 342.0 297.2 354.5 294.8 0.9994
517.5 249.9 35.6 45.9 522.7 264.2 537.0 265.5 525.6 274.5 522.8 283.4 533.7 284.4 0.9994
870.9 275.0 28.3 37.0 878.9 287.1 891.7 288.8 884.0 293.2 877.9 300.8 888.8 302.1 0.9993
152.5 212.5 39.9 48.9 163.6 226.8 182.2 226.8 173.1 239.2 165.9 248.6 179.7 248.6 0.9993
439.7 251.7 33.6 46.0 448.1 268.6 463.6 268.3 455.6 275.3 449.6 284.7 462.8 284.3 0.9987
203.4 238.6 36.3 47.0 216.2 256.3 232.6 255.1 226.7 263.8 219.2 273.3 231.8 272.5 0.9940
998.6 292.8 24.8 44.4 1005.8 309.3 1018.5 309.7 1010.1 319.5 1006.9 327.3 1015.9 327.6 0.9556
793.9 286.0 29.6 37.7 803.3 299.4 816.2 300.6 809.5 307.8 803.8 314.5 813.1 315.4 0.8682
348.4 263.9 19.7 27.2 353.7 276.4 362.0 275.6 358.7 280.9 356.1 286.1 362.3 285.4 0.7950
103.9 243.9 31.0 33.9 114.2 256.9 127.9 258.6 120.6 265.4 114.1 270.5 124.3 271.8 0.6862
