2--Demonstration/2_Demonstration_Political_Rally_2_738.jpg
11
459.2 164.6 124.3 127.0 526.1 235.3 553.8 246.3 533.9 276.8 497.2 270.5 511.5 280.5 1.0000
768.9 182.8 112.5 148.3 782.4 249.4 815.2 242.5 788.7 278.6 804.3 299.6 829.3 293.4 0.9999
615.9 227.9 37.7 47.1 619.8 241.0 632.9 240.3 619.8 248.7 620.1 260.5 630.8 259.8 0.9997
157.9 240.3 45.0 60.2 178.5 260.6 197.4 261.1 193.2 272.0 180.7 284.3 195.5 284.8 0.9995
202.6 250.5 22.8 25.0 207.4 259.7 217.8 258.0 212.4 262.0 209.2 268.5 217.8 267.2 0.9995
222.2 248.8 18.9 23.4 225.8 258.8 233.3 257.4 229.2 262.1 227.9 266.8 234.1 265.7 0.9989
716.9 253.9 9.1 11.4 721.8 259.0 724.9 259.3 724.0 261.6 721.6 263.3 723.8 263.6 0.9981
1009.0 241.6 8.3 10.6 1012.6 245.7 1015.9 245.7 1014.8 247.7 1012.8 249.6 1015.4 249.7 0.9978
740.9 256.3 8.8 10.4 743.3 259.4 747.5 259.4 745.4 261.6 743.6 263.8 747.0 263.8 0.9888
338.8 227.0 37.8 47.7 351.5 247.5 367.8 246.5 361.3 254.8 354.6 264.1 366.6 263.4 0.9887
609.3 175.8 25.6 34.1 625.4 187.0 632.8 187.9 633.0 194.1 624.4 200.4 630.1 201.4 0.9873
