2--Demonstration/2_Demonstration_Protesters_2_9.jpg
87
264.7 453.1 56.4 66.5 276.8 484.0 280.2 483.9 276.0 501.1 295.1 506.0 297.0 504.8 0.9999
676.7 336.2 20.8 27.2 683.4 347.1 692.7 347.1 688.3 351.8 684.0 356.4 692.0 356.5 0.9999
529.8 339.5 21.7 26.8 540.2 348.8 548.5 348.7 546.5 353.7 540.8 359.1 547.7 359.2 0.9999
806.4 495.6 56.9 65.1 814.3 523.6 834.4 525.1 819.4 540.7 821.5 548.7 834.4 549.5 0.9997
703.4 322.5 14.2 19.2 707.2 330.1 713.7 330.3 710.2 333.5 707.4 336.7 713.1 336.8 0.9997
889.5 311.4 13.8 22.1 892.6 319.0 894.0 319.4 889.5 323.1 891.6 328.0 892.4 328.0 0.9997
422.3 378.7 35.9 44.3 425.7 395.7 432.6 396.1 423.8 405.5 430.7 412.7 435.3 412.4 0.9996
636.4 400.4 37.3 46.4 643.6 418.1 660.9 417.9 651.0 428.2 645.9 435.6 660.0 435.4 0.9995
157.8 329.5 32.4 41.2 161.7 346.8 173.7 344.7 165.6 354.1 165.2 361.3 175.5 359.4 0.9995
33.8 320.1 28.2 35.5 36.6 333.0 44.7 332.8 35.3 339.3 37.3 347.1 42.9 346.7 0.9995
590.7 327.9 22.4 28.3 598.2 340.0 608.2 341.0 603.3 346.0 598.4 350.2 606.0 350.9 0.9995
835.0 336.6 21.0 26.9 840.2 346.4 849.8 346.7 844.5 352.2 840.9 356.6 848.6 356.9 0.9995
773.8 322.4 13.0 15.2 779.7 328.4 785.2 328.5 783.3 332.0 779.6 333.9 784.2 334.1 0.9994
827.9 307.5 12.7 14.7 831.6 312.5 837.3 312.8 834.5 315.8 832.1 318.6 836.5 318.7 0.9994
743.3 310.3 13.6 15.6 748.8 317.8 753.8 318.2 751.3 322.0 748.2 323.5 751.3 323.9 0.9994
438.2 324.3 15.5 21.1 445.4 333.4 452.1 333.4 450.1 337.5 446.0 341.1 451.0 341.2 0.9994
645.6 325.7 17.4 19.9 652.6 332.0 660.3 332.0 657.4 336.7 653.2 340.6 659.0 340.6 0.9994
804.4 318.0 13.0 15.4 810.5 324.1 815.3 323.5 814.4 326.7 811.5 329.7 815.3 329.4 0.9994
333.1 314.9 9.6 12.3 335.7 319.7 340.0 319.7 337.7 321.9 336.1 324.3 339.4 324.3 0.9993
1002.2 326.6 17.5 18.8 1009.7 332.7 1016.7 332.6 1014.4 336.2 1010.8 340.2 1016.2 340.2 0.9993
732.6 329.8 15.9 20.6 741.0 337.8 745.8 336.7 746.0 341.4 742.7 346.0 746.2 345.5 0.9993
381.7 339.9 20.7 23.0 384.0 346.2 392.0 346.2 385.4 351.1 384.7 356.3 390.8 356.2 0.9992
487.7 363.5 22.7 29.8 501.7 373.9 507.9 372.8 509.1 379.6 502.8 386.1 507.3 385.6 0.9992
75.9 319.8 16.4 17.9 79.2 325.1 86.2 325.2 81.9 328.7 79.8 332.6 85.2 332.7 0.9991
238.9 308.1 12.5 15.8 241.0 314.7 246.1 315.0 242.5 317.9 241.2 320.6 245.3 320.7 0.9990
912.4 352.1 21.9 24.5 920.4 360.0 930.6 359.8 926.7 365.8 921.0 370.2 929.3 370.2 0.9990
777.5 363.3 22.4 26.4 783.3 373.8 793.7 373.9 788.3 379.5 784.0 383.3 792.5 383.4 0.9990
229.8 376.4 32.0 39.2 244.1 390.1 255.4 391.3 250.9 398.9 243.2 403.8 252.7 404.8 0.9989
683.1 314.8 11.6 14.8 686.1 320.8 690.8 321.1 688.0 323.9 686.2 326.4 690.0 326.6 0.9988
999.8 309.4 11.4 14.7 1006.6 315.3 1009.1 314.7 1010.1 317.5 1007.7 320.6 1009.4 320.3 0.9987
275.3 314.1 19.9 27.9 277.9 326.9 285.0 327.2 279.6 332.7 279.8 336.9 285.1 336.9 0.9987
509.0 324.0 16.5 24.9 519.3 333.5 522.4 332.7 524.2 337.4 520.7 343.0 522.9 342.6 0.9986
872.7 306.5 11.2 14.2 875.8 312.3 880.6 312.6 877.9 315.4 876.1 317.7 879.6 317.9 0.9986
120.4 333.1 19.9 20.7 126.7 340.6 135.7 340.8 131.6 345.4 127.4 348.7 134.5 348.9 0.9985
756.8 362.8 20.8 30.8 769.3 373.3 772.3 371.9 775.8 377.9 771.9 385.1 774.3 384.3 0.9984
493.2 307.2 16.8 22.2 501.4 316.7 507.6 316.3 506.2 320.7 502.2 324.5 506.9 324.3 0.9979
346.6 297.5 8.3 10.6 348.5 301.5 352.2 301.6 350.1 303.5 348.7 305.3 351.8 305.4 0.9978
665.5 307.8 11.0 14.2 669.0 313.3 674.0 314.4 671.1 316.9 668.6 318.9 672.1 319.8 0.9978
961.2 341.2 15.5 22.3 965.3 348.7 966.3 349.3 962.2 352.9 964.5 357.5 965.1 357.7 0.9976
1006.9 340.9 16.6 28.4 1013.6 349.9 1022.6 351.2 1017.3 355.4 1013.1 361.2 1019.9 362.3 0.9975
476.9 306.0 9.9 12.8 479.1 310.7 483.8 310.9 481.1 313.2 479.3 315.6 483.2 315.7 0.9974
555.2 345.5 13.8 17.7 557.2 353.0 563.1 353.0 559.2 356.9 558.6 359.8 562.8 359.7 0.9972
850.8 311.7 9.0 13.9 852.0 316.8 853.2 317.4 850.3 319.5 851.8 322.0 852.4 322.3 0.9969
0.0 354.5 17.9 40.9 -6.7 371.0 -1.6 372.1 -10.1 378.2 -6.6 385.3 -2.7 385.8 0.9969
206.9 289.7 9.8 11.5 208.9 293.9 213.5 294.0 210.8 295.9 209.2 298.3 212.9 298.4 0.9969
257.0 299.2 10.1 11.1 258.7 302.6 262.7 302.7 259.8 305.1 259.2 307.3 262.0 307.4 0.9968
461.5 299.6 8.7 11.8 465.4 304.5 469.1 304.5 468.0 306.8 465.9 308.9 468.4 309.0 0.9966
372.5 296.8 8.4 11.2 374.0 301.3 377.5 301.4 375.2 303.5 374.3 305.5 377.1 305.5 0.9955
855.8 333.0 12.3 16.0 859.9 339.8 865.3 340.4 862.5 343.7 859.8 346.0 863.6 346.5 0.9951
402.6 321.0 10.5 11.7 406.6 325.3 411.0 325.1 409.4 327.7 407.3 330.1 410.7 330.0 0.9948
595.1 309.2 10.6 13.0 596.5 314.8 600.7 315.1 597.6 318.0 597.1 319.9 600.0 320.1 0.9941
545.0 307.5 7.9 9.7 547.4 311.5 551.0 311.5 549.3 313.4 547.7 315.1 550.6 315.1 0.9940
364.8 286.7 6.7 8.2 366.7 289.7 369.6 289.9 367.9 291.4 366.6 292.8 369.0 293.0 0.9934
572.0 310.2 9.4 12.7 575.3 315.0 579.5 315.1 577.7 317.6 575.5 319.9 578.8 320.0 0.9928
964.2 318.9 12.4 13.8 967.2 323.5 972.8 323.5 969.8 326.8 967.9 329.6 972.0 329.5 0.9927
587.3 374.4 22.5 25.5 593.9 385.1 604.6 383.8 600.5 389.2 596.5 394.4 604.8 393.5 0.9824
923.5 311.3 14.5 16.7 929.0 316.1 935.3 315.9 933.1 318.9 929.9 323.0 934.9 322.9 0.9801
413.4 292.4 8.0 8.9 414.4 295.8 417.5 295.8 415.3 297.7 415.0 299.6 417.2 299.5 0.9795
582.7 304.4 8.0 9.6 586.7 308.2 589.3 308.1 588.8 310.0 587.0 311.8 588.9 311.9 0.9776
3.8 276.6 7.6 9.0 6.9 280.3 10.1 280.4 8.8 282.2 7.0 283.8 9.5 284.0 0.9737
329.8 294.8 8.5 9.4 334.1 297.8 336.9 297.4 336.7 299.6 334.9 301.8 336.9 301.6 0.9728
455.3 321.1 12.5 14.8 458.7 327.1 464.1 327.2 461.4 330.3 459.4 333.2 463.5 333.2 0.9700
90.3 309.9 13.1 17.6 93.6 316.2 97.7 316.7 94.6 320.1 93.8 323.1 96.9 323.3 0.9699
513.7 300.6 6.4 8.3 514.7 303.7 517.3 303.6 515.5 305.3 515.1 307.0 517.1 306.9 0.9650
23.6 280.8 6.7 9.3 27.2 284.6 29.4 284.6 29.0 286.5 27.3 288.2 28.9 288.3 0.9566
167.7 305.4 16.1 17.3 170.5 310.1 176.5 310.4 172.4 314.1 171.1 317.8 175.5 317.9 0.9562
734.3 305.7 8.9 11.2 737.7 309.4 741.2 309.5 739.7 311.8 737.9 314.1 740.5 314.2 0.9470
0.0 302.2 6.6 20.9 -9.0 308.2 -2.7 308.4 -7.6 313.0 -8.3 317.7 -3.6 317.6 0.9436
610.0 307.4 10.0 12.4 612.1 312.6 615.7 312.6 613.2 315.1 612.6 317.4 615.4 317.3 0.9289
659.5 329.7 13.9 18.0 662.3 336.4 668.8 336.9 665.0 339.9 662.4 343.4 667.5 343.8 0.9287
387.7 313.3 9.5 12.5 393.5 318.0 395.7 317.7 396.0 320.2 393.9 322.8 395.4 322.8 0.9260
448.9 291.7 7.4 8.3 450.9 294.5 454.2 294.7 452.5 296.3 451.1 298.0 453.8 298.0 0.9223
768.3 292.0 7.4 8.4 771.3 294.8 774.6 294.9 773.4 296.8 771.5 298.6 774.0 298.8 0.9128
822.3 301.4 9.2 11.8 824.6 305.7 828.9 305.8 826.6 308.1 825.0 310.5 828.3 310.6 0.8967
303.6 301.5 8.3 10.0 306.5 306.0 309.7 305.7 308.5 307.9 307.3 309.6 309.7 309.4 0.8894
770.3 305.2 9.0 11.9 771.9 309.7 774.4 309.9 771.9 312.2 772.1 314.4 773.9 314.5 0.8779
544.8 292.1 6.8 7.8 547.3 294.7 550.3 294.6 549.2 296.5 547.8 298.2 550.0 298.2 0.8308
554.2 302.1 7.5 9.3 556.8 306.1 560.1 306.0 558.7 308.1 557.4 309.8 559.8 309.7 0.8161
862.5 302.5 9.9 12.1 866.2 307.9 870.1 307.7 868.7 310.3 866.9 312.4 869.8 312.3 0.7522
275.0 297.4 11.4 12.4 280.2 301.2 284.5 301.0 283.5 303.9 281.0 306.4 284.2 306.3 0.7446
368.4 311.6 7.8 12.3 373.1 316.0 374.7 315.9 375.0 318.4 373.3 320.9 374.3 321.0 0.7392
185.1 292.6 7.5 8.8 186.4 295.8 188.9 295.9 186.9 297.7 186.7 299.5 188.6 299.5 0.7357
234.8 303.1 8.4 10.4 236.9 306.6 239.9 306.7 237.9 308.8 237.2 311.0 239.5 311.0 0.6919
706.7 292.5 6.8 8.6 708.9 296.2 711.7 296.1 710.5 297.9 709.4 299.5 711.6 299.4 0.6871
399.1 289.3 6.1 7.5 400.6 292.6 402.8 292.7 401.2 294.1 400.7 295.4 402.4 295.5 0.6582
385.5 285.1 6.4 7.6 387.4 288.1 390.2 288.2 388.7 289.7 387.5 291.0 389.7 291.1 0.6268
795.5 309.4 8.8 11.8 797.5 314.0 800.7 314.0 798.7 316.3 798.0 318.5 800.5 318.5 0.5840
