2--Demonstration/2_Demonstration_Protesters_2_58.jpg
31
109.5 407.1 32.9 38.8 113.7 423.0 126.2 422.9 117.1 430.7 117.4 437.6 126.4 437.2 0.9994
669.0 409.6 22.2 27.8 675.4 420.2 685.9 419.8 681.1 425.4 676.8 430.8 685.4 430.6 0.9994
961.0 386.0 28.0 31.5 973.6 399.1 984.2 399.5 980.8 405.1 974.1 409.8 982.3 410.3 0.9994
786.4 420.6 20.1 23.6 793.0 428.8 801.9 428.8 798.0 434.3 793.9 438.7 800.7 438.8 0.9993
332.7 414.9 26.2 32.1 340.9 425.3 353.2 424.2 348.4 431.2 342.5 438.1 353.2 437.3 0.9993
702.4 392.2 15.8 18.1 707.5 397.3 714.6 396.9 711.7 401.2 708.7 405.2 714.2 405.0 0.9992
414.5 425.8 29.5 36.5 421.5 439.1 434.7 438.7 427.7 446.9 423.5 453.4 433.6 453.1 0.9992
916.0 442.6 27.1 35.1 924.8 456.3 937.4 455.0 932.9 463.4 927.0 469.4 937.3 468.4 0.9991
634.6 389.5 16.9 21.1 637.4 397.1 644.4 396.6 640.2 401.8 639.0 405.9 644.3 405.4 0.9989
456.8 387.7 22.6 28.9 462.0 398.8 472.4 397.9 467.1 404.3 463.9 409.9 472.1 409.2 0.9987
803.8 390.3 17.2 21.2 809.2 398.4 816.5 398.2 813.2 402.4 810.1 406.3 816.0 406.1 0.9984
17.9 392.0 21.8 27.3 21.2 402.0 26.3 401.9 21.0 407.5 23.0 412.8 26.6 412.4 0.9984
580.1 429.2 27.9 30.6 598.1 442.3 603.6 442.9 602.8 450.2 594.7 453.9 597.4 454.8 0.9983
759.1 399.4 17.2 21.1 762.9 407.3 770.1 406.6 766.4 410.8 764.3 415.4 770.2 414.7 0.9981
684.7 371.9 13.2 17.1 688.0 378.6 693.9 377.8 691.2 381.0 689.3 384.9 694.1 384.3 0.9980
726.0 375.5 14.4 18.9 731.0 382.7 737.2 382.4 735.0 386.0 731.8 389.7 737.0 389.5 0.9980
673.4 444.3 25.7 31.0 684.3 455.8 694.2 455.8 690.9 461.9 685.0 467.5 692.8 467.7 0.9976
603.8 373.1 13.8 17.0 607.9 378.2 613.9 377.7 611.3 381.2 608.7 385.3 614.1 384.9 0.9975
831.8 436.5 33.7 34.4 845.3 447.8 859.1 446.9 854.3 456.0 848.0 462.8 857.7 462.2 0.9974
490.8 397.5 16.4 19.6 495.1 405.0 502.6 405.1 498.9 409.2 496.0 412.6 501.9 412.6 0.9972
224.9 416.2 26.8 33.7 227.8 428.7 237.6 429.0 230.0 436.3 230.5 442.4 237.4 442.4 0.9972
292.6 392.0 24.8 27.9 299.5 400.4 310.3 398.7 305.6 405.2 301.9 411.7 310.9 410.3 0.9963
0.0 413.2 17.5 36.4 -7.2 425.8 3.7 425.8 -4.2 433.6 -5.5 441.0 2.9 440.7 0.9961
870.5 397.3 16.1 19.3 877.6 405.1 884.1 404.2 882.7 408.8 879.4 412.7 884.2 412.1 0.9932
584.9 390.0 14.3 19.2 593.2 397.8 597.0 397.4 597.2 401.2 594.0 404.9 596.8 404.8 0.9602
534.9 405.8 18.4 20.2 539.2 412.8 546.9 413.0 542.3 417.3 539.8 421.3 545.8 421.4 0.9335
143.2 390.3 19.6 24.2 147.0 399.0 154.5 399.0 149.6 403.9 148.3 408.7 153.9 408.6 0.8279
918.7 410.7 18.0 22.3 925.9 418.8 932.9 418.3 930.8 423.3 927.1 428.3 932.3 428.1 0.7589
258.4 380.9 12.8 14.0 260.8 386.0 266.8 386.0 263.3 389.7 261.8 392.4 266.0 392.4 0.7589
408.6 390.9 15.5 18.1 411.7 396.5 418.9 396.3 414.8 400.4 412.8 404.6 418.5 404.4 0.6698
191.0 389.0 15.5 17.7 196.2 394.4 202.8 394.5 199.9 398.5 196.9 402.4 201.9 402.5 0.6385
