2--Demonstration/2_Demonstration_Demonstrators_2_333.jpg
18
173.8 355.5 61.4 82.1 206.9 384.6 227.7 383.7 229.1 395.7 213.3 414.9 229.4 414.7 0.9996
717.0 473.6 54.9 62.2 730.9 493.1 757.0 493.0 743.4 503.1 733.2 518.2 753.8 518.0 0.9996
536.9 608.6 50.5 52.3 551.8 625.6 575.4 625.8 564.3 635.4 554.4 646.8 572.7 647.0 0.9992
219.5 240.3 13.7 19.7 221.6 247.8 224.1 248.0 220.0 251.6 222.0 255.6 223.6 255.4 0.9991
88.5 237.1 13.8 19.8 90.0 244.6 92.2 244.5 88.9 248.4 91.2 252.4 92.8 252.1 0.9990
63.8 247.6 16.7 21.5 69.0 256.1 76.6 255.7 73.4 260.0 70.0 264.0 76.1 263.7 0.9989
833.7 117.0 20.3 27.9 841.9 127.8 850.8 128.0 847.8 132.7 842.8 137.8 850.0 138.0 0.9988
669.7 147.1 18.8 24.4 671.6 156.2 678.2 155.5 672.7 160.0 672.7 165.3 678.1 164.6 0.9987
0.0 471.3 29.3 40.5 2.1 482.6 17.4 482.0 8.0 487.5 2.8 498.7 15.8 498.2 0.9985
532.7 187.4 16.9 22.2 534.7 196.0 540.7 195.6 535.7 199.7 535.6 204.3 540.2 203.9 0.9984
894.5 116.8 19.8 25.7 903.7 125.4 911.3 124.9 909.5 129.6 904.8 135.5 911.1 135.3 0.9970
178.5 240.0 14.9 19.0 182.6 247.6 189.6 247.1 186.5 250.8 184.1 254.8 189.6 254.4 0.9968
752.7 169.1 18.5 23.3 757.3 177.8 765.8 176.3 762.2 181.3 759.4 186.5 766.6 185.4 0.9960
271.8 247.7 14.7 19.3 278.4 254.5 284.2 254.2 282.7 258.1 279.2 262.0 283.9 261.9 0.9937
608.0 154.5 11.3 19.9 616.8 162.2 617.7 161.9 619.7 165.6 617.0 169.4 617.4 169.5 0.9926
716.3 187.4 13.7 19.2 720.1 194.1 726.7 194.2 723.8 197.6 721.0 201.8 726.3 201.8 0.9741
192.9 245.6 12.2 16.7 196.2 252.3 201.7 252.5 198.8 256.1 196.8 258.9 200.8 258.9 0.9718
167.1 252.1 13.4 19.2 169.5 259.4 173.9 260.2 169.5 263.1 169.0 266.8 172.2 267.3 0.9040
