2--Demonstration/2_Demonstration_Demonstration_Or_Protest_2_280.jpg
20
74.2 192.1 19.7 26.7 88.1 201.4 91.3 200.9 93.8 206.9 87.8 212.2 89.9 212.3 0.9997
745.2 190.1 23.9 30.2 754.1 201.6 764.7 201.9 760.6 207.1 755.3 212.9 763.6 213.2 0.9997
887.1 191.9 30.3 34.6 899.7 203.6 912.5 204.1 908.2 210.2 900.9 216.8 910.9 217.2 0.9996
785.6 178.6 24.0 28.2 792.2 187.6 803.4 188.6 797.5 192.5 792.5 198.4 801.8 199.1 0.9996
228.3 193.2 15.7 21.3 239.0 201.3 241.8 201.2 243.4 205.6 238.8 209.5 240.5 209.8 0.9994
104.6 197.8 16.1 20.4 109.3 204.8 116.2 204.4 113.1 208.9 110.4 213.0 116.2 212.7 0.9993
997.9 185.0 25.3 29.6 1003.2 194.3 1015.2 194.9 1007.7 200.9 1003.7 206.8 1012.9 207.3 0.9990
959.3 189.3 29.7 30.7 965.6 199.2 978.2 199.9 970.1 205.8 965.7 210.9 976.2 211.5 0.9989
185.2 196.0 17.5 20.1 190.4 204.3 198.0 203.4 195.0 208.2 192.3 212.0 198.0 211.4 0.9983
670.9 183.8 17.5 24.5 673.8 193.1 681.4 192.2 676.5 196.8 674.8 202.3 681.1 201.5 0.9965
688.8 190.9 23.6 26.5 701.2 201.1 708.6 201.9 705.8 208.1 699.4 211.8 704.1 212.7 0.9964
917.5 194.5 20.9 25.7 921.0 203.5 929.2 203.8 923.2 208.5 921.3 213.7 927.1 213.8 0.9945
194.1 181.6 13.8 18.3 198.7 189.9 204.7 190.2 201.9 193.9 199.1 196.7 203.5 197.0 0.9942
1000.5 243.3 23.0 33.5 1017.3 257.9 1023.7 256.5 1024.3 264.3 1016.1 268.9 1021.4 268.3 0.9941
635.1 187.8 16.7 19.6 639.4 193.8 647.0 194.7 642.7 198.7 639.6 202.2 645.3 202.9 0.9938
13.2 188.9 16.8 21.7 18.5 196.7 26.5 196.0 23.3 201.5 20.0 205.8 26.1 205.4 0.9913
134.9 192.6 16.3 21.7 140.1 202.6 147.1 202.0 144.1 207.2 141.5 210.7 146.5 210.3 0.9908
302.4 191.3 19.4 26.4 315.0 200.0 318.4 199.4 321.0 204.7 316.8 210.6 319.4 210.5 0.9858
0.0 198.6 15.0 25.8 3.1 206.7 11.4 208.7 8.0 213.0 1.8 216.5 8.3 218.2 0.9657
623.2 197.7 17.4 26.6 636.0 208.3 638.9 208.2 640.4 213.7 635.9 218.7 637.7 219.0 0.8764
