2--Demonstration/2_Demonstration_Demonstration_Or_Protest_2_573.jpg
9
252.6 365.5 20.3 25.6 256.1 377.4 263.9 375.4 259.7 381.5 259.7 386.4 265.2 384.7 0.9988
317.8 370.9 18.2 22.6 321.1 377.8 329.0 378.4 323.7 383.1 321.7 387.2 328.0 387.7 0.9988
92.6 480.0 20.8 26.9 103.0 489.3 108.7 487.5 110.2 492.4 107.1 499.6 111.1 498.4 0.9987
688.0 153.9 14.4 17.5 689.6 159.5 694.1 159.6 689.9 163.6 690.7 167.4 693.6 167.3 0.9983
447.5 113.5 14.5 20.9 450.3 121.0 452.4 121.5 448.1 124.9 449.5 129.3 450.9 129.4 0.9983
171.0 436.4 14.7 19.6 177.8 442.5 183.0 442.8 181.9 446.1 178.3 450.4 182.5 450.8 0.9895
145.2 477.0 17.7 22.1 150.1 485.8 158.8 485.9 154.5 490.9 151.0 494.8 157.5 494.8 0.9875
793.4 144.2 15.1 16.6 796.1 149.2 802.1 150.1 797.4 153.2 796.1 156.6 800.3 157.1 0.9742
1010.6 466.7 12.0 18.9 791.4 158.0 796.6 158.6 791.8 163.4 791.9 167.1 795.2 167.4 0.6080
