2--Demonstration/2_Demonstration_Demonstration_Or_Protest_2_721.jpg
12
770.3 424.3 76.6 104.4 811.3 466.2 837.5 463.9 839.8 483.6 819.1 505.3 839.0 503.5 0.9999
922.1 421.2 101.4 140.6 968.9 482.8 1010.4 472.2 1009.6 502.4 986.0 532.8 1019.1 523.8 0.9998
694.7 315.3 70.9 92.0 717.3 353.0 750.9 352.0 738.1 370.2 723.9 388.4 747.8 387.3 0.9996
404.8 363.9 77.3 82.4 427.9 391.7 464.0 390.7 448.7 407.6 434.6 426.0 461.5 425.1 0.9996
169.8 270.0 69.5 82.1 190.8 304.6 222.2 298.5 212.3 314.1 203.0 334.7 226.2 329.4 0.9995
121.4 236.5 56.4 72.3 134.8 264.0 161.4 261.1 149.5 277.3 142.3 293.7 161.0 291.2 0.9993
21.0 153.0 37.8 48.7 35.5 171.4 51.9 169.8 46.9 180.1 39.5 190.5 51.7 189.1 0.9992
82.0 210.0 50.4 67.5 105.5 237.5 124.5 236.1 120.5 246.9 111.7 262.6 124.7 261.1 0.9986
154.3 132.4 36.3 45.6 165.9 150.1 180.5 150.0 173.7 158.4 167.5 166.4 178.7 166.4 0.9974
395.8 232.1 62.0 69.3 417.9 258.0 444.4 257.6 434.0 271.1 422.0 284.0 441.5 283.4 0.9971
47.5 109.8 30.6 40.8 58.2 126.7 71.8 126.3 66.0 134.1 59.9 141.6 70.3 141.3 0.9957
126.5 85.0 28.1 35.2 139.8 99.0 149.8 99.4 147.2 106.0 140.6 111.7 147.9 112.1 0.5558
