2--Demonstration/2_Demonstration_Political_Rally_2_575.jpg
8
425.3 191.1 27.6 36.4 440.5 205.5 449.1 204.8 450.1 210.5 444.4 218.8 450.5 218.4 0.9996
90.1 164.0 39.9 54.5 113.1 186.3 121.4 184.4 127.0 193.2 120.7 205.4 126.6 204.3 0.9996
593.0 26.5 46.1 67.1 604.2 54.0 625.5 50.5 616.3 64.1 610.2 78.2 626.5 75.3 0.9995
638.6 184.5 29.3 46.3 645.3 199.3 648.6 200.7 639.4 206.9 643.4 216.9 646.0 217.6 0.9992
231.8 89.5 23.7 31.3 235.3 100.1 244.1 99.5 237.2 103.9 235.7 111.5 243.3 110.9 0.9982
165.6 155.7 17.9 19.1 170.2 161.6 178.5 161.3 174.5 165.0 170.9 168.9 178.1 168.7 0.9922
695.0 166.4 37.6 58.9 704.6 183.7 709.2 186.0 697.1 193.9 700.0 207.7 703.9 209.0 0.9854
290.5 156.4 11.9 14.9 294.2 162.0 299.7 162.0 297.2 164.9 294.8 168.0 299.1 168.1 0.8250
