2--Demonstration/2_Demonstration_Political_Rally_2_28.jpg
46
975.2 344.8 36.3 39.7 994.6 357.1 1007.5 358.6 1004.4 367.1 992.9 372.9 1003.1 374.4 0.9998
742.0 350.8 33.6 41.6 749.4 365.0 765.2 366.2 755.6 375.2 749.8 381.2 762.9 382.1 0.9997
359.9 257.7 27.7 32.8 366.0 271.4 378.2 267.8 373.8 275.4 370.7 282.9 380.8 280.1 0.9996
191.7 279.7 31.4 35.0 201.0 292.2 215.7 289.5 210.4 299.1 204.9 306.7 216.4 304.6 0.9996
564.2 271.9 27.3 38.4 582.4 288.0 587.7 286.7 591.7 293.3 584.8 301.7 588.4 301.2 0.9996
182.5 362.9 34.0 35.8 192.4 377.5 208.0 373.4 203.3 382.0 198.0 390.5 210.4 387.3 0.9996
53.3 362.7 38.0 39.4 62.1 377.0 78.0 371.3 73.2 380.1 70.6 392.4 82.5 387.9 0.9995
431.3 314.6 35.0 50.6 446.3 333.1 460.7 331.0 458.2 339.7 450.2 351.9 461.9 350.2 0.9994
548.9 193.9 19.0 21.6 554.6 201.9 563.4 201.1 559.7 206.2 556.4 210.7 563.0 210.1 0.9994
55.1 275.5 33.0 37.3 64.2 288.0 78.3 285.4 72.6 295.2 68.4 303.7 79.3 301.6 0.9994
261.6 289.3 30.5 34.3 270.9 300.7 284.5 299.6 278.8 307.3 273.5 314.5 284.1 313.9 0.9994
506.8 272.1 28.0 34.9 515.3 287.7 528.2 287.7 522.3 295.6 516.6 300.0 526.9 300.0 0.9993
467.1 311.8 31.9 35.8 477.3 321.9 492.6 322.6 485.5 330.2 477.3 336.5 490.4 337.3 0.9992
341.0 334.9 28.5 33.7 349.9 346.6 362.9 344.5 358.4 352.6 352.9 360.0 363.4 358.3 0.9992
930.5 328.1 26.4 29.5 948.2 339.3 953.2 337.7 955.2 344.9 948.5 351.0 951.2 350.3 0.9990
827.4 338.3 31.0 38.2 847.5 354.2 853.3 352.6 855.9 361.0 847.4 368.1 850.9 367.3 0.9990
503.6 223.6 18.6 23.3 508.8 231.3 517.5 231.0 513.5 235.9 509.2 239.8 517.3 239.6 0.9989
438.7 193.1 19.1 23.1 442.3 200.2 450.0 200.8 443.4 203.4 441.0 209.5 447.0 209.9 0.9988
590.6 269.1 19.7 26.5 597.7 276.9 606.7 277.4 602.8 282.5 597.6 288.1 604.6 288.4 0.9988
580.2 186.4 16.9 19.8 586.3 193.1 593.7 194.0 590.1 197.9 586.4 201.2 591.8 202.0 0.9986
928.2 207.0 19.8 23.4 936.8 217.4 944.8 216.5 942.7 221.6 938.7 225.9 944.5 225.3 0.9985
467.7 245.5 19.5 25.1 475.1 253.3 484.1 252.8 481.0 258.7 475.9 264.1 483.4 263.9 0.9983
144.1 285.5 29.7 32.2 150.2 297.0 163.4 294.4 156.7 298.4 153.7 308.7 163.8 306.6 0.9981
660.9 376.4 25.7 31.5 676.3 386.6 684.0 385.9 684.0 393.5 676.5 400.3 681.8 400.0 0.9980
161.4 328.6 32.1 40.9 172.8 347.4 185.6 344.2 182.7 352.0 177.9 360.6 187.4 358.0 0.9964
462.5 206.3 13.0 16.2 465.9 211.9 472.2 212.4 468.8 215.9 466.2 219.0 470.8 219.4 0.9953
944.6 201.6 16.2 21.7 949.6 210.4 956.8 210.3 953.5 214.8 950.1 218.3 956.2 218.3 0.9947
428.5 289.8 30.2 34.2 438.3 303.5 451.4 301.9 446.1 307.6 441.2 315.6 451.0 314.4 0.9944
708.4 143.2 10.7 13.7 711.7 148.5 716.8 148.5 714.7 151.4 712.7 154.1 716.3 154.1 0.9896
958.6 244.1 23.1 25.1 968.7 252.5 977.5 252.3 974.6 258.1 969.4 262.7 976.1 262.7 0.9895
411.2 233.2 17.4 22.2 415.9 240.9 424.2 240.9 420.3 245.8 416.9 250.2 423.4 250.2 0.9880
785.2 179.2 17.5 22.2 794.1 189.7 800.0 188.9 799.1 193.9 795.3 197.4 799.3 197.0 0.9843
721.6 132.5 10.2 12.1 724.4 136.8 729.4 136.7 727.0 139.2 725.1 141.9 728.9 141.8 0.9800
289.4 135.0 9.7 11.3 292.5 139.6 297.0 139.4 295.0 142.0 293.2 143.9 296.5 143.9 0.9771
665.1 340.0 21.9 27.5 676.4 349.9 683.5 348.7 683.9 355.2 678.5 361.6 683.5 361.1 0.9671
583.9 224.8 20.1 21.8 590.6 232.2 599.4 231.6 596.1 235.8 592.6 241.2 599.2 240.8 0.9644
1011.8 242.6 11.6 24.7 1020.4 250.6 1029.4 250.0 1026.2 255.5 1021.2 260.6 1028.6 260.3 0.9643
135.6 241.6 23.8 27.1 140.4 249.5 151.1 250.2 144.5 255.6 140.8 261.2 149.0 261.7 0.9591
955.6 185.5 13.2 14.8 959.4 190.8 965.8 190.7 962.8 193.9 960.1 197.1 965.2 197.1 0.9551
427.9 184.7 11.2 15.8 433.4 190.6 437.6 190.3 436.8 193.9 434.2 197.2 437.2 197.1 0.9316
486.8 213.7 14.8 18.6 493.3 219.4 498.4 219.2 497.2 222.8 494.1 227.1 498.2 227.1 0.9176
742.7 122.0 10.3 14.0 748.0 127.6 751.5 127.4 750.8 130.6 748.7 133.4 751.1 133.4 0.9047
512.0 187.2 14.3 17.0 517.4 193.6 522.9 193.6 520.8 197.2 518.0 200.6 522.2 200.7 0.8825
1008.0 215.4 15.3 21.3 879.6 135.4 884.1 135.3 882.2 138.1 880.2 140.8 883.7 140.7 0.8246
353.7 149.2 11.3 13.6 1016.2 220.8 1024.7 220.4 1022.0 224.9 1017.9 230.4 1024.2 230.2 0.6874
961.0 129.2 10.2 12.7 585.5 284.1 595.3 282.5 593.5 288.9 588.8 295.6 596.8 294.3 0.6677
