2--Demonstration/2_Demonstration_Demonstrators_2_213.jpg
22
836.3 141.8 57.3 65.7 858.8 163.5 883.9 165.3 875.4 174.8 860.1 187.9 881.8 189.3 0.9997
352.0 192.4 47.5 57.8 364.2 211.3 386.4 212.8 373.7 221.9 364.9 234.1 381.8 235.5 0.9996
118.8 114.5 32.4 40.7 126.1 128.5 140.0 130.8 129.3 135.3 124.2 143.6 134.9 145.4 0.9996
173.5 137.9 63.0 80.6 180.3 168.9 205.3 167.1 185.1 180.5 181.8 197.4 203.0 196.2 0.9996
581.2 131.6 49.4 63.4 596.2 154.4 619.2 158.0 606.0 166.4 593.7 177.1 612.7 180.3 0.9995
324.4 164.6 31.1 41.2 330.6 182.1 344.8 181.9 336.8 190.3 332.5 196.4 343.8 196.2 0.9995
791.3 174.8 39.7 50.0 803.6 197.5 820.6 198.9 811.4 206.5 804.2 213.6 817.1 214.7 0.9994
448.8 119.4 60.3 78.2 468.2 150.4 497.4 149.1 486.6 164.6 472.2 179.1 496.6 178.0 0.9994
932.7 156.5 46.4 57.1 948.9 181.1 970.6 180.5 962.3 192.5 951.9 202.1 967.8 201.6 0.9993
906.7 133.8 37.7 48.5 915.8 151.1 932.8 150.7 924.0 157.0 917.9 168.5 931.5 168.3 0.9993
370.8 149.2 24.0 32.0 375.2 163.2 385.7 162.8 379.2 167.9 376.4 174.1 384.6 173.7 0.9993
0.0 160.0 36.8 46.9 5.8 173.8 24.3 173.3 14.3 181.0 8.4 193.1 23.0 192.6 0.9991
686.9 156.6 42.3 48.2 701.9 179.7 720.7 177.7 713.9 189.7 704.6 195.5 718.9 194.2 0.9991
496.3 122.4 37.2 52.1 503.4 143.2 518.5 142.6 508.6 150.4 505.7 161.4 516.6 160.9 0.9981
430.9 189.7 28.0 35.5 438.9 205.9 450.8 205.1 445.2 211.7 441.0 218.0 450.0 217.5 0.9980
660.5 161.9 15.8 20.9 670.5 168.6 674.3 167.7 675.4 172.9 671.7 177.7 674.2 177.2 0.9799
982.1 152.5 12.1 15.6 984.8 157.1 989.1 158.5 985.1 160.6 983.7 163.7 986.9 164.6 0.9485
633.5 157.9 14.6 18.5 635.9 163.4 642.5 163.9 638.2 167.9 636.4 172.1 641.3 172.3 0.8886
616.7 181.0 16.1 22.1 620.7 188.8 628.3 189.2 624.4 193.5 621.5 198.0 627.1 198.3 0.8485
727.9 164.2 11.8 15.3 731.7 170.4 736.5 170.4 734.2 173.4 732.2 176.1 735.8 176.1 0.7844
83.9 142.1 10.7 12.9 86.1 146.7 91.6 146.6 88.7 149.4 86.9 152.3 90.8 152.3 0.6604
543.9 164.8 19.6 23.4 1005.9 166.8 1010.4 166.5 1008.4 169.5 1006.9 172.5 1010.3 172.2 0.6252
