2--Demonstration/2_Demonstration_Demonstrators_2_255.jpg
8
198.5 328.9 44.5 52.1 211.9 344.0 232.8 344.5 223.8 350.2 213.9 363.5 231.8 363.9 0.9997
943.0 293.8 72.8 87.1 952.8 331.3 980.8 331.8 957.8 347.5 956.0 361.5 977.5 362.2 0.9996
848.6 288.7 69.7 83.8 874.0 317.5 905.4 317.3 895.8 327.4 878.4 347.0 906.7 346.8 0.9996
457.6 174.7 60.9 73.2 471.7 207.6 499.8 201.3 488.4 218.1 480.0 231.0 504.1 225.8 0.9994
624.6 283.2 48.5 61.5 640.1 303.1 661.4 304.6 651.0 315.4 640.1 326.4 657.7 327.6 0.9992
104.1 327.7 42.7 48.8 122.1 342.0 139.9 343.5 134.5 349.7 124.3 360.7 139.0 361.8 0.9989
12.7 359.8 42.6 55.7 22.5 380.7 42.2 378.7 32.9 388.7 26.4 400.5 43.3 398.7 0.9988
769.8 326.3 49.6 60.3 778.5 351.2 799.4 346.9 787.9 360.1 784.9 372.8 801.8 369.0 0.9987
