2--Demonstration/2_Demonstration_Demonstration_Or_Protest_2_921.jpg
47
397.5 166.4 15.7 19.3 401.5 173.4 409.6 173.7 405.3 177.7 402.0 181.5 408.6 181.7 0.9996
842.3 169.2 16.4 20.1 846.8 177.0 854.4 176.8 850.6 181.4 847.6 184.7 853.7 184.6 0.9996
777.9 169.8 17.2 19.7 783.4 176.6 791.1 176.1 787.7 180.9 784.9 184.9 790.5 184.5 0.9996
202.4 158.7 15.9 19.3 208.7 164.7 215.6 165.3 212.6 169.8 208.8 173.1 213.8 173.6 0.9995
448.3 211.5 20.0 24.4 453.9 223.2 462.6 220.9 459.6 227.3 457.1 231.6 463.8 229.8 0.9994
298.3 174.1 14.6 16.9 301.3 180.3 307.7 180.2 304.1 183.7 302.2 187.1 307.3 186.9 0.9994
83.7 172.8 14.8 19.7 92.0 181.7 95.7 180.1 97.2 184.3 94.5 188.4 97.1 187.3 0.9993
447.0 156.3 15.8 20.3 452.0 164.8 459.2 164.6 456.0 168.8 452.5 171.9 458.6 171.8 0.9992
504.9 165.1 14.4 17.7 508.4 170.4 515.3 170.6 511.5 174.1 508.5 177.7 514.4 177.9 0.9992
145.3 194.2 19.5 23.2 155.5 203.5 162.3 201.7 162.3 207.6 157.3 212.8 161.8 211.6 0.9991
163.1 156.4 16.2 18.1 166.5 163.3 173.8 162.5 170.3 167.3 168.7 171.1 173.8 170.3 0.9991
243.0 160.1 16.2 21.6 245.3 168.9 250.0 168.9 246.3 173.5 247.2 177.1 250.5 176.9 0.9991
904.2 150.0 17.3 21.1 906.6 156.5 913.1 157.6 907.3 161.2 906.3 165.4 910.9 166.1 0.9990
352.7 177.3 15.9 20.1 357.0 184.3 364.3 184.6 360.5 189.0 357.5 192.8 363.0 193.0 0.9988
729.8 170.4 15.9 19.4 736.5 178.0 743.4 177.4 741.4 181.8 737.9 185.7 743.0 185.3 0.9988
620.6 169.7 14.9 18.4 623.3 177.6 629.6 177.3 626.0 181.6 624.9 184.8 629.3 184.4 0.9988
872.2 155.8 14.0 16.8 875.1 162.0 881.3 162.5 877.4 165.7 875.2 168.7 880.1 169.0 0.9987
977.3 167.8 18.1 23.3 980.2 177.7 987.7 177.7 982.7 182.5 981.5 186.3 987.2 186.1 0.9987
322.6 150.2 12.7 16.3 327.1 156.6 332.8 156.8 330.0 159.8 327.2 162.6 331.8 162.9 0.9987
468.7 150.3 12.6 15.8 472.0 156.6 477.8 156.9 474.7 159.7 472.0 162.3 476.9 162.6 0.9986
580.6 169.3 15.5 18.3 585.7 175.9 592.7 175.5 589.8 179.8 586.8 183.4 592.0 183.1 0.9985
233.7 139.5 13.6 16.8 236.3 146.3 242.9 145.8 239.3 149.6 237.7 153.1 242.3 152.8 0.9983
279.2 147.2 15.3 18.7 282.9 154.0 290.0 153.8 286.2 157.4 283.4 161.1 289.3 161.0 0.9982
970.5 141.6 14.0 17.5 975.2 148.3 981.7 148.8 978.5 152.1 975.1 155.1 980.3 155.5 0.9982
368.7 150.9 12.6 16.8 372.3 158.0 378.3 158.3 375.2 161.3 372.5 164.1 377.4 164.3 0.9975
357.4 130.9 9.4 11.9 359.5 135.3 363.8 135.5 361.3 137.8 359.8 140.1 363.2 140.2 0.9964
152.4 119.2 9.8 12.1 156.8 123.9 160.6 123.9 159.5 126.4 157.1 128.6 160.0 128.7 0.9954
126.0 118.7 10.3 12.9 127.9 123.8 132.7 123.7 130.0 126.4 128.8 129.0 132.3 128.8 0.9944
192.6 129.4 9.9 13.1 196.4 134.5 200.8 134.4 199.3 137.1 197.1 139.7 200.4 139.6 0.9938
160.9 133.8 11.4 13.5 163.7 138.9 169.2 139.4 166.0 142.0 163.9 144.4 167.8 144.8 0.9936
632.5 129.5 10.1 13.6 635.0 135.2 639.4 135.1 637.0 137.7 635.5 140.2 638.9 140.1 0.9935
596.8 146.5 14.0 18.0 598.7 152.7 602.9 153.6 598.5 156.3 598.4 159.7 601.6 160.2 0.9933
497.1 143.0 9.9 14.1 503.0 148.6 505.7 148.4 505.8 151.3 503.3 153.9 505.2 154.0 0.9925
202.0 102.1 9.6 11.5 204.5 106.2 209.4 106.0 207.1 108.9 205.3 111.3 208.9 111.1 0.9886
85.7 128.3 10.5 12.1 86.6 132.6 90.2 132.6 87.4 135.5 87.4 138.0 89.8 137.9 0.9859
540.6 161.4 12.7 15.6 546.6 166.4 551.5 166.2 550.3 170.0 547.3 173.3 550.9 173.3 0.9849
815.2 130.2 9.2 13.5 817.0 135.6 818.0 135.7 816.2 138.6 818.1 141.0 818.7 140.9 0.9832
110.4 160.7 10.1 13.6 116.1 166.4 118.2 165.4 118.9 168.6 117.4 171.6 118.7 170.9 0.9562
33.2 136.8 13.6 16.5 41.7 142.8 45.3 142.5 45.6 146.4 42.0 149.6 44.3 149.7 0.9491
348.2 129.2 8.5 10.2 350.4 133.0 354.4 132.9 352.5 135.2 351.1 137.4 354.1 137.3 0.9174
119.1 149.7 12.9 14.1 123.5 155.9 129.3 155.4 127.0 159.4 124.9 161.8 128.8 161.5 0.9115
904.0 134.8 13.8 15.5 907.2 139.2 913.7 139.1 910.3 142.6 908.1 146.0 913.0 145.9 0.9058
367.3 100.2 6.7 7.9 368.9 102.8 372.1 102.8 370.4 104.6 369.2 106.3 371.7 106.3 0.8906
380.9 130.2 10.3 13.1 140.4 176.8 146.6 177.0 143.1 180.3 140.9 183.0 145.6 183.1 0.7883
223.9 124.3 10.6 12.7 152.2 148.2 157.2 147.3 156.6 151.5 153.8 155.4 157.3 154.8 0.7870
809.1 133.0 14.5 18.6 384.2 135.4 388.6 135.4 386.7 138.0 384.7 140.6 388.2 140.6 0.7742
493.2 122.0 9.2 11.1 225.9 128.9 230.9 129.2 227.7 131.8 226.0 134.5 229.9 134.7 0.5772
