2--Demonstration/2_Demonstration_Demonstration_Or_Protest_2_411.jpg
10
834.1 220.0 87.7 98.5 854.9 254.5 894.7 248.8 876.2 272.8 864.4 293.6 897.5 288.9 0.9997
263.1 267.4 95.7 118.2 286.3 314.8 332.7 311.0 312.5 335.9 298.4 361.7 332.2 358.2 0.9996
524.6 191.0 86.1 95.5 563.5 224.1 596.4 216.6 595.4 237.4 579.7 263.7 603.7 257.5 0.9996
722.2 326.5 43.8 56.2 735.9 350.1 756.5 346.4 750.0 357.9 741.6 369.8 758.6 366.8 0.9993
430.1 221.7 89.8 110.8 459.3 270.2 500.6 263.8 488.0 287.7 471.2 310.2 502.2 304.9 0.9992
402.4 438.2 47.7 75.4 409.1 467.8 429.0 465.4 414.7 481.6 413.0 496.6 427.9 494.7 0.9991
812.1 144.5 71.9 84.1 828.6 172.7 861.7 174.3 841.5 190.5 829.8 206.1 853.9 207.8 0.9975
227.7 198.0 82.7 100.2 250.5 228.9 290.7 230.4 270.5 251.9 253.8 271.5 283.4 272.5 0.9970
967.5 194.7 54.4 107.6 981.3 235.5 1017.3 236.4 991.1 257.1 984.2 278.4 1009.6 279.0 0.9960
765.4 308.9 70.8 90.5 783.3 342.1 813.6 347.0 793.3 362.7 782.9 377.3 803.5 380.9 0.9629
