2--Demonstration/2_Demonstration_Demonstration_Or_Protest_2_296.jpg
12
703.0 404.9 49.8 72.1 710.5 432.1 717.9 434.0 703.0 445.7 713.1 459.3 718.1 460.0 0.9997
786.8 421.4 52.4 70.2 797.2 443.5 804.0 447.2 786.4 458.7 795.8 473.1 799.6 475.1 0.9996
696.1 334.6 61.3 74.1 722.5 365.5 748.7 364.5 741.6 378.0 727.2 392.0 746.7 391.2 0.9996
982.1 352.3 41.4 73.4 992.1 373.5 997.9 373.5 981.8 387.9 995.8 404.8 999.7 403.5 0.9995
883.1 347.8 51.3 64.4 891.2 369.8 911.3 371.7 895.6 382.0 890.1 393.8 906.3 395.6 0.9994
580.1 413.4 45.3 54.0 591.4 435.1 611.7 436.5 600.3 444.9 593.2 454.4 607.5 455.7 0.9989
0.0 506.4 30.7 64.1 -9.4 529.5 4.7 528.6 -6.0 543.8 -0.4 554.3 10.3 552.9 0.9916
86.3 510.1 40.3 56.0 94.2 527.4 109.0 529.9 96.5 538.2 93.1 550.1 103.6 551.9 0.9891
125.4 461.1 36.1 54.6 130.5 485.1 141.7 483.9 132.2 495.4 135.0 504.9 142.9 503.7 0.9862
0.0 451.9 31.6 58.4 -12.7 472.0 2.9 472.3 -12.5 482.1 -11.9 495.2 -0.3 495.2 0.9829
915.0 571.6 85.0 60.4 952.6 612.5 968.2 613.7 957.1 628.7 951.3 621.8 958.3 622.8 0.9586
350.9 381.1 38.6 73.3 356.0 405.1 356.7 405.3 352.7 420.6 361.2 436.4 361.6 436.5 0.8744
