2--Demonstration/2_Demonstration_Protesters_2_216.jpg
35
257.4 230.5 26.6 29.4 261.8 240.6 272.7 239.4 266.3 246.8 264.6 252.5 273.5 251.4 0.9998
418.2 270.1 59.5 86.1 435.7 303.4 462.1 296.8 454.2 315.4 441.5 331.1 467.1 325.5 0.9997
161.6 286.1 68.1 78.0 189.6 323.2 217.4 311.5 215.6 333.5 198.2 347.1 223.3 337.9 0.9997
936.5 281.3 62.1 72.4 951.8 309.6 980.4 311.1 964.1 324.8 952.5 335.4 975.8 336.6 0.9996
542.5 197.6 42.3 56.7 558.9 217.9 575.2 214.5 574.1 222.2 567.2 238.4 579.6 235.5 0.9996
378.0 291.0 32.0 33.8 384.4 300.5 398.1 301.3 387.9 305.4 383.3 314.4 394.0 314.9 0.9995
287.2 183.3 21.9 26.3 293.7 193.0 304.0 192.0 300.2 196.8 295.9 202.7 304.4 201.9 0.9995
963.2 203.9 45.6 46.3 969.0 217.1 984.4 219.3 968.5 227.1 967.2 236.4 978.8 237.9 0.9995
624.6 183.8 19.9 24.2 630.9 193.6 640.0 194.7 635.2 199.2 630.7 202.1 637.9 203.0 0.9994
825.7 253.4 48.2 49.9 839.9 268.4 860.2 278.2 844.0 284.4 832.6 286.8 848.8 294.4 0.9993
125.7 203.7 28.9 31.7 134.6 217.0 145.8 212.3 144.8 217.0 142.3 227.8 150.6 224.2 0.9992
590.3 179.3 19.9 26.0 595.7 188.7 605.1 189.1 600.3 194.2 596.0 198.8 603.9 199.1 0.9991
207.4 194.9 18.4 22.1 214.3 203.9 221.8 201.4 220.9 206.8 218.1 212.2 223.5 210.4 0.9991
896.4 175.1 18.1 22.9 902.4 184.2 910.3 185.2 906.2 188.9 902.3 192.5 908.2 193.4 0.9990
891.0 237.9 30.8 36.9 895.9 249.5 906.2 252.5 894.3 257.0 893.1 264.5 900.2 266.5 0.9989
414.1 165.1 13.0 15.9 418.2 170.6 424.5 170.6 421.7 173.7 419.0 176.9 423.9 176.9 0.9988
170.9 198.8 31.0 34.9 179.9 208.9 194.1 207.5 188.8 212.7 182.9 222.1 195.0 221.0 0.9987
783.4 199.5 26.1 31.9 797.4 214.9 805.9 214.1 803.9 221.3 795.7 225.4 801.7 225.1 0.9987
263.8 172.5 10.9 13.7 265.7 178.2 270.3 177.4 267.8 180.6 267.1 183.5 270.6 182.8 0.9986
0.0 208.0 41.1 43.5 15.0 226.5 30.9 219.7 30.4 230.4 25.1 242.5 37.0 237.3 0.9983
125.6 157.9 22.6 24.7 131.4 167.7 140.5 164.9 137.5 170.1 134.7 175.9 142.8 173.7 0.9982
360.8 213.7 23.3 27.8 363.3 224.5 372.5 221.2 366.5 227.5 367.0 235.0 374.2 232.2 0.9980
680.9 165.5 11.9 16.7 682.8 171.9 685.4 171.8 682.5 175.2 683.9 178.5 685.6 178.3 0.9980
440.3 182.3 17.0 22.1 444.7 191.1 453.0 191.2 448.7 195.5 445.3 199.6 452.2 199.7 0.9973
300.5 172.3 14.3 18.7 -8.7 270.8 10.4 271.7 -2.0 279.1 -7.9 289.8 7.5 290.6 0.9954
75.0 195.8 17.0 19.5 305.1 179.6 311.8 179.3 309.0 184.0 306.3 187.4 311.1 187.3 0.9936
863.9 209.8 25.6 27.1 80.8 203.7 88.6 202.6 86.0 206.5 82.6 210.6 88.9 209.8 0.9932
187.4 164.2 10.9 11.9 871.1 216.5 882.8 219.0 875.1 222.5 869.7 228.3 878.7 230.2 0.9588
456.3 230.3 23.1 31.8 191.4 169.0 196.2 168.5 194.6 171.1 192.7 173.6 196.1 173.3 0.9569
492.5 186.2 14.8 21.6 468.0 240.5 475.0 239.8 474.1 246.2 469.3 253.0 475.2 252.7 0.9556
510.4 170.5 12.1 16.8 497.8 194.0 503.1 194.9 499.9 198.2 497.0 202.2 501.0 203.0 0.9381
572.9 177.3 14.2 19.2 514.3 176.1 519.8 176.9 517.1 179.8 514.2 182.9 518.6 183.4 0.9232
212.1 153.4 9.6 11.6 575.5 185.0 580.3 184.5 577.1 188.2 576.7 192.2 580.6 191.7 0.9176
250.2 155.4 8.7 11.4 214.6 157.9 219.1 157.3 217.2 160.1 215.7 162.6 219.2 162.1 0.7680
106.8 160.7 10.7 12.5 188.8 162.1 197.4 162.2 193.6 166.7 189.3 171.1 196.4 171.2 0.7362
