2--Demonstration/2_Demonstration_Demonstration_Or_Protest_2_730.jpg
16
167.1 318.8 112.5 167.7 246.9 380.2 259.1 377.0 282.6 410.3 252.9 445.2 260.4 443.9 0.9999
312.0 236.8 42.3 63.1 321.8 260.3 325.8 262.5 312.1 270.7 318.0 283.9 320.6 284.9 0.9996
506.4 281.6 62.9 85.2 523.5 313.2 551.9 314.6 536.4 333.0 525.0 345.2 547.1 346.4 0.9996
409.8 177.7 49.3 64.4 414.5 201.9 429.6 203.5 411.7 212.1 415.0 225.1 427.0 226.0 0.9996
231.0 137.8 50.6 63.9 236.4 155.5 252.8 155.1 236.2 168.7 238.7 183.3 251.7 182.6 0.9991
32.7 97.5 38.7 44.6 48.2 114.5 64.5 112.6 61.6 122.1 53.9 132.0 65.6 130.6 0.9991
896.2 96.9 68.7 90.5 920.2 130.6 951.3 131.9 937.4 151.1 922.6 167.0 944.5 168.0 0.9990
685.7 117.5 23.8 34.9 688.7 128.8 698.1 129.2 689.7 135.1 689.3 143.1 696.6 143.2 0.9978
519.6 168.8 35.5 48.9 525.8 184.0 542.1 185.0 530.8 193.5 526.1 203.4 539.3 204.1 0.9966
706.9 117.6 43.3 51.6 713.6 138.5 727.9 139.7 716.1 149.4 716.9 157.9 726.4 158.5 0.9958
767.5 203.3 44.6 54.2 778.6 224.7 798.0 226.9 786.2 235.1 779.2 244.9 793.2 246.6 0.9906
206.7 144.1 27.9 35.7 209.9 157.6 218.7 157.4 210.8 165.5 212.8 172.7 218.6 172.1 0.9884
851.5 76.9 19.6 24.6 863.2 86.2 868.5 85.7 868.8 91.1 864.0 96.2 867.8 96.0 0.9810
193.9 119.1 29.3 39.4 198.8 136.4 210.5 136.3 203.3 144.7 202.0 150.6 210.3 150.3 0.9639
186.1 135.7 18.8 29.3 188.7 148.5 196.4 148.5 191.1 155.0 190.4 159.4 196.4 159.2 0.9247
275.8 96.0 17.1 19.0 26.3 80.5 31.5 80.8 28.4 83.4 26.8 85.8 30.6 85.9 0.8512
