2--Demonstration/2_Demonstration_Demonstration_Or_Protest_2_801.jpg
75
447.5 389.1 28.7 38.8 450.3 406.8 458.4 407.9 451.0 415.6 453.8 420.4 459.9 420.9 0.9996
566.8 520.3 32.5 41.9 588.0 539.2 595.1 536.0 598.5 546.0 588.7 554.0 593.1 552.1 0.9996
162.1 296.4 21.8 28.8 165.2 308.9 174.5 308.8 167.8 313.8 166.0 318.9 173.3 318.8 0.9995
568.5 244.4 13.2 19.2 570.7 251.4 573.9 252.2 569.9 255.5 570.7 258.9 573.1 259.2 0.9994
663.7 490.3 29.6 32.9 672.4 502.0 686.4 503.0 679.1 511.1 672.9 515.4 683.4 516.2 0.9993
318.7 397.0 25.6 35.6 324.9 411.4 336.7 412.8 329.5 420.0 325.3 424.5 334.1 425.5 0.9992
836.4 565.5 34.5 41.7 845.1 579.5 860.9 583.4 850.1 590.1 843.0 595.0 855.8 598.1 0.9992
888.7 430.7 25.4 37.4 908.0 445.2 909.8 444.0 914.3 451.8 906.9 459.2 908.1 458.7 0.9991
706.4 417.5 28.8 41.7 711.8 432.2 715.9 434.1 706.0 439.8 710.4 448.3 713.1 449.3 0.9991
548.7 253.8 15.9 20.3 551.6 262.0 558.1 263.2 553.3 267.0 551.8 269.8 556.4 270.7 0.9991
595.2 220.4 12.6 15.4 599.6 226.5 605.1 226.3 602.9 229.1 600.2 232.0 604.7 232.0 0.9989
774.9 373.2 19.5 25.4 777.3 383.7 783.6 383.9 778.0 389.1 778.5 394.0 783.1 393.9 0.9989
834.4 340.4 16.4 22.4 844.1 349.7 848.1 348.5 849.5 352.7 845.7 357.5 848.6 356.8 0.9988
297.0 290.8 21.7 28.7 301.2 303.3 310.9 303.3 305.2 309.0 302.5 313.0 310.5 313.0 0.9987
368.6 262.2 16.3 20.9 377.7 271.9 381.2 269.7 383.7 273.9 381.3 278.9 383.4 277.4 0.9986
730.1 274.5 15.5 24.6 731.6 282.2 732.1 283.5 727.0 287.4 730.7 292.5 730.7 293.0 0.9986
13.7 399.6 21.0 24.8 24.4 409.0 32.6 407.9 31.2 414.4 25.8 419.5 31.2 419.0 0.9983
569.5 270.4 15.4 20.9 571.1 278.9 576.6 279.2 572.1 283.2 572.3 286.7 576.3 286.7 0.9983
355.3 281.5 14.5 23.4 365.3 291.1 367.0 290.3 369.3 294.8 365.5 299.5 367.0 299.2 0.9981
600.3 289.4 16.1 24.0 601.8 297.5 603.4 298.5 598.4 302.8 601.8 307.7 602.4 308.0 0.9981
669.3 240.9 11.7 18.2 676.9 248.0 679.3 247.9 679.9 251.4 677.1 254.8 678.7 254.9 0.9980
119.5 339.1 25.4 32.3 131.0 350.7 140.0 349.1 139.5 355.4 134.8 363.2 141.3 362.0 0.9977
887.9 264.7 11.5 16.2 889.6 270.1 891.7 271.1 888.1 273.6 889.1 276.7 890.4 277.2 0.9973
436.7 234.4 14.8 18.3 443.1 243.6 449.2 242.6 447.6 247.0 444.7 250.0 448.9 249.4 0.9973
860.3 248.1 14.7 17.0 864.8 256.8 871.2 256.4 868.4 260.6 865.9 262.7 870.4 262.5 0.9973
662.7 344.7 22.1 30.4 675.5 359.0 681.7 357.7 681.3 365.1 675.1 369.6 679.4 369.0 0.9971
991.2 417.4 27.0 34.3 994.1 431.0 1004.7 433.1 995.2 439.2 995.1 444.2 1002.5 445.6 0.9968
665.0 388.7 19.0 29.2 678.2 398.3 681.2 397.9 682.9 404.7 676.4 410.3 678.7 410.5 0.9955
797.1 247.6 13.2 17.5 799.2 254.5 803.0 255.9 798.5 258.4 798.5 261.2 800.9 262.1 0.9949
695.8 273.4 14.0 18.7 698.6 280.0 700.8 280.7 696.4 283.9 697.8 287.7 699.1 287.9 0.9945
859.9 380.0 21.6 27.7 871.3 392.1 878.3 391.1 877.0 397.3 872.0 402.2 876.7 401.4 0.9942
990.4 381.1 22.2 30.9 994.8 392.3 999.4 394.8 992.2 399.0 993.2 404.4 996.0 406.0 0.9917
728.5 206.3 8.1 11.3 733.3 211.0 735.2 210.6 735.7 212.8 733.9 215.0 735.1 214.8 0.9916
409.8 620.2 27.1 45.7 430.8 638.9 431.3 636.3 438.0 644.8 432.4 655.0 432.6 653.5 0.9911
855.0 212.7 10.6 14.1 858.2 218.7 862.9 218.6 860.7 221.8 858.8 224.0 862.5 223.9 0.9907
891.5 307.5 13.4 17.9 893.1 313.6 895.8 314.0 892.1 317.8 894.1 321.4 896.0 321.4 0.9893
911.2 201.3 10.1 12.8 914.7 206.2 918.8 206.1 916.9 208.8 914.8 211.1 918.1 211.1 0.9876
694.5 306.2 13.3 20.7 697.0 313.6 698.3 313.5 695.8 318.1 698.6 322.3 699.6 322.0 0.9855
925.5 210.4 9.4 11.0 927.1 214.3 930.7 214.7 928.0 216.9 927.3 218.9 929.9 219.2 0.9830
419.8 303.5 11.9 21.3 428.2 311.5 428.4 310.9 431.6 314.8 429.7 319.5 429.9 319.3 0.9790
919.2 224.5 10.8 12.8 921.2 228.2 925.7 228.9 922.2 230.9 920.7 233.5 924.3 234.0 0.9727
372.0 226.1 10.2 14.3 373.5 232.1 376.2 232.4 373.8 235.5 374.9 238.0 376.4 238.0 0.9645
55.9 191.9 17.3 23.5 60.5 201.2 68.5 200.2 65.0 205.4 62.5 210.4 68.4 209.7 0.9643
366.8 343.7 14.3 26.4 375.8 352.3 377.5 352.0 379.3 356.7 377.6 362.5 379.2 362.5 0.9632
810.0 209.9 8.7 9.4 812.5 213.1 816.4 213.0 814.4 215.1 812.9 217.1 816.0 217.1 0.9629
936.4 224.7 9.8 11.5 939.7 228.8 944.4 229.2 942.1 231.6 939.8 233.8 943.2 234.2 0.9608
613.0 227.4 10.2 15.0 614.8 232.9 616.3 233.3 613.7 236.1 615.1 239.0 616.2 239.1 0.9508
873.5 217.0 9.9 13.7 875.6 221.9 877.9 222.6 875.3 225.0 875.2 227.4 876.9 227.7 0.9332
925.4 244.2 14.1 17.4 928.7 252.2 934.9 251.5 932.1 255.6 930.6 258.6 935.1 258.0 0.9312
697.5 213.7 8.8 10.8 702.5 217.8 704.9 217.6 704.6 220.2 702.3 222.2 703.8 222.2 0.9180
722.5 218.6 8.6 12.5 728.0 223.3 729.8 223.2 730.1 225.9 727.8 228.3 729.0 228.3 0.9163
674.8 316.7 19.3 20.8 678.4 327.0 683.6 327.1 680.5 331.7 682.2 334.1 685.3 334.0 0.8946
1006.0 208.7 10.6 12.5 549.7 262.1 555.3 262.8 552.7 266.1 549.5 268.3 553.3 268.9 0.8869
472.1 302.6 20.2 19.7 1008.2 213.2 1012.9 214.2 1009.5 216.4 1007.9 218.4 1011.2 219.1 0.8867
947.0 237.2 11.4 16.3 477.4 310.2 486.2 309.4 482.4 315.0 479.9 318.3 485.9 317.7 0.8857
751.1 215.2 10.2 12.3 948.5 243.5 952.2 244.1 948.7 247.0 948.5 249.7 951.5 250.0 0.8839
570.8 231.9 11.5 11.6 754.3 220.4 758.6 220.0 756.9 222.7 755.4 225.1 758.7 224.8 0.8838
767.4 247.0 11.3 16.5 575.1 237.0 579.6 237.0 577.7 239.8 575.5 241.9 578.8 242.0 0.8803
532.5 234.5 10.6 15.9 770.4 252.3 771.7 253.2 768.2 255.5 768.6 259.1 769.5 259.5 0.8658
804.9 298.3 10.6 18.1 534.4 240.7 535.9 241.1 533.5 244.2 535.2 247.2 536.0 247.3 0.8493
757.9 236.5 13.7 17.5 811.6 304.3 813.6 304.0 814.0 307.8 811.7 311.8 813.5 311.8 0.8310
809.0 226.5 10.7 13.7 762.3 242.8 767.6 243.4 764.6 246.5 762.3 250.0 766.2 250.4 0.8193
665.9 224.7 12.1 15.8 811.4 231.1 815.7 231.6 812.8 234.2 811.4 236.8 814.7 237.2 0.8121
881.1 194.4 7.9 9.1 672.2 232.8 675.5 232.1 675.5 235.7 673.8 238.3 675.7 238.0 0.7771
884.1 234.8 9.8 13.9 883.6 197.9 887.2 197.8 885.5 199.8 884.0 201.8 886.8 201.7 0.7588
964.2 231.6 12.2 15.9 886.3 239.7 888.2 240.3 885.8 242.7 886.2 245.5 887.5 245.7 0.7468
792.4 271.3 10.7 17.7 967.0 237.2 973.0 237.4 969.7 240.5 967.4 243.8 972.2 244.0 0.7390
924.2 279.7 13.7 18.0 794.6 277.3 796.2 277.7 793.5 281.1 794.5 284.8 795.7 284.9 0.7114
593.7 271.3 11.7 16.7 926.5 285.0 930.1 285.8 925.8 289.0 926.1 292.8 928.5 293.2 0.7108
970.8 259.5 12.2 14.4 595.8 275.9 599.4 276.0 596.7 279.6 596.9 283.3 599.9 283.2 0.6610
957.3 197.7 10.4 13.2 974.8 264.2 980.1 264.4 977.7 267.7 975.1 270.9 979.2 271.0 0.6319
517.8 268.3 12.1 18.7 960.2 203.1 964.7 203.1 962.4 205.8 960.7 208.2 964.1 208.1 0.6046
606.7 609.6 23.5 43.4 521.4 274.1 522.4 274.3 519.7 277.5 520.7 281.8 521.5 281.8 0.5930
121.6 300.7 20.0 24.3 613.0 622.3 613.3 623.2 607.7 630.2 610.2 639.9 611.3 640.3 0.5283
993.9 168.1 7.4 9.1 126.4 309.1 136.4 309.0 131.2 314.2 127.4 319.4 135.5 319.3 0.5278
