2--Demonstration/2_Demonstration_Political_Rally_2_3.jpg
123
940.5 457.9 50.9 57.5 956.1 481.1 978.4 477.8 970.3 492.9 961.5 502.9 979.0 500.0 0.9996
308.1 493.3 53.3 67.1 321.7 517.2 344.9 512.6 335.8 528.5 327.8 541.9 348.7 538.0 0.9996
461.7 491.3 31.9 35.1 468.7 510.2 480.2 503.5 477.3 515.1 477.8 521.6 486.3 516.2 0.9996
705.1 486.9 66.2 87.3 747.2 513.3 764.6 514.1 766.4 533.3 742.5 548.4 755.7 550.2 0.9996
416.2 523.7 48.4 72.4 446.5 550.1 456.2 549.2 462.2 562.1 450.0 577.5 457.0 577.1 0.9994
1.3 509.0 59.3 58.0 17.5 532.7 44.8 528.3 34.6 533.8 25.4 551.0 47.7 547.1 0.9994
787.8 449.6 43.8 55.5 804.9 468.5 823.7 469.9 816.1 480.7 803.2 488.6 819.8 489.9 0.9992
556.6 482.4 29.8 44.1 560.9 498.9 565.5 499.4 557.8 508.0 564.0 515.8 567.4 515.7 0.9991
967.6 399.3 26.6 32.8 981.2 410.4 991.1 410.5 989.2 416.3 982.1 422.7 990.4 423.0 0.9990
833.0 533.5 62.7 84.6 859.0 570.5 883.5 568.3 877.2 583.6 866.7 599.7 884.2 597.8 0.9990
896.4 372.6 9.9 14.2 897.9 377.8 900.6 378.1 897.8 380.8 898.3 383.5 900.3 383.6 0.9987
452.0 443.5 15.0 21.8 454.4 452.4 456.7 452.7 453.1 456.6 455.7 460.3 457.4 460.2 0.9986
197.1 469.6 14.3 19.4 204.2 476.0 206.5 475.0 209.2 477.8 207.9 483.2 209.6 482.7 0.9984
961.5 365.7 13.2 15.2 966.0 370.4 972.1 369.6 970.2 373.0 967.4 376.7 972.3 376.1 0.9983
234.2 448.3 15.8 20.7 235.9 456.8 239.6 456.2 236.2 461.0 238.5 464.7 241.3 464.0 0.9982
858.8 419.0 11.8 13.7 861.8 424.4 866.9 423.4 864.8 426.1 863.2 429.2 867.4 428.5 0.9981
145.0 459.2 18.1 30.2 158.2 470.4 159.0 469.7 163.2 475.4 159.0 481.6 159.7 481.5 0.9977
118.9 406.5 10.6 13.6 121.0 412.2 125.6 411.6 123.4 414.2 122.2 417.1 125.7 416.5 0.9977
387.9 439.3 16.8 22.7 397.4 448.2 401.6 446.9 403.4 451.1 400.1 456.5 403.2 455.7 0.9976
563.0 398.1 14.4 21.2 571.8 405.5 571.9 404.5 576.3 408.1 575.6 413.4 575.4 413.0 0.9976
867.2 354.2 10.6 12.7 869.3 360.2 874.1 359.2 872.0 362.4 871.2 364.9 874.6 364.1 0.9968
631.3 413.0 16.9 21.1 634.9 421.5 641.8 420.7 637.9 424.8 636.3 429.2 641.6 428.5 0.9968
891.0 421.4 11.6 13.4 894.1 426.2 899.4 425.6 897.1 428.8 895.3 431.7 899.3 431.3 0.9965
985.1 320.9 11.5 14.5 989.5 326.2 994.7 326.0 992.8 329.3 990.4 332.3 994.1 332.1 0.9962
874.6 371.3 12.8 16.6 879.0 379.6 884.1 377.8 882.9 381.9 881.6 385.4 885.3 384.0 0.9960
948.0 310.7 11.0 12.6 951.4 315.4 956.8 314.9 954.8 317.8 952.5 320.6 956.5 320.2 0.9956
829.8 399.5 11.0 12.4 833.2 403.7 838.4 403.7 836.0 406.7 833.9 409.3 837.6 409.3 0.9953
378.9 485.2 26.6 35.9 396.5 499.3 401.4 497.3 404.6 505.6 398.3 513.4 401.3 512.3 0.9953
998.8 347.2 12.4 14.3 1002.7 352.6 1008.4 351.6 1006.5 355.0 1004.4 358.4 1008.6 357.7 0.9949
911.0 394.2 12.5 14.2 914.0 400.3 919.4 401.7 915.6 404.1 913.7 405.8 917.2 406.8 0.9945
791.9 396.1 11.3 14.6 795.0 402.1 800.1 401.1 798.2 404.7 796.8 407.9 800.5 407.1 0.9938
841.9 335.2 10.4 13.6 843.3 339.8 846.9 340.0 843.8 342.8 843.7 345.6 846.2 345.5 0.9921
878.5 321.2 9.7 12.3 880.3 325.9 884.4 325.6 882.0 328.4 881.2 330.9 884.3 330.6 0.9913
939.7 284.2 8.4 10.6 941.0 287.9 943.9 288.1 941.5 290.1 941.3 292.3 943.5 292.3 0.9908
922.8 240.6 8.4 10.3 924.7 244.2 927.3 244.5 925.0 246.3 924.7 248.2 926.6 248.4 0.9907
896.7 355.0 10.4 12.6 899.7 359.5 904.3 359.2 902.4 361.8 900.7 364.6 904.1 364.3 0.9902
965.9 340.6 11.1 12.5 969.4 345.1 974.4 345.0 972.4 347.1 970.2 349.8 974.0 349.8 0.9901
819.6 416.7 9.6 14.4 821.4 422.1 823.2 422.6 820.7 424.9 821.4 427.4 822.7 427.6 0.9894
713.5 415.6 18.2 19.9 716.0 422.3 722.1 422.1 717.2 426.6 717.4 430.9 721.5 430.5 0.9889
831.3 359.7 8.4 11.7 832.9 363.6 834.8 363.9 832.6 365.9 833.0 368.2 834.4 368.3 0.9870
912.9 318.0 9.3 11.4 915.5 322.8 919.8 322.2 918.1 324.9 916.8 327.3 920.1 326.9 0.9860
929.1 369.6 12.0 14.4 932.4 375.5 937.8 374.5 935.7 377.9 934.0 381.0 938.3 380.2 0.9853
812.3 373.2 10.6 13.2 814.6 378.8 819.1 377.5 817.2 380.7 816.4 383.8 819.8 382.7 0.9840
1011.4 363.7 12.1 22.3 1014.5 373.4 1020.7 373.0 1016.8 378.0 1015.9 382.0 1020.3 381.5 0.9823
874.7 339.7 9.8 11.9 876.7 344.5 880.8 343.7 879.0 346.5 878.2 349.0 881.4 348.3 0.9804
733.4 352.1 7.8 9.7 735.1 356.3 738.3 356.1 736.6 358.2 735.8 360.0 738.3 359.8 0.9802
855.5 400.0 11.4 12.9 858.0 405.2 862.2 404.8 859.8 407.8 859.4 410.4 862.5 410.0 0.9796
1004.8 274.5 10.9 12.3 1007.6 279.5 1012.4 278.5 1010.5 281.7 1009.3 284.4 1012.6 283.7 0.9785
442.7 417.9 9.2 11.4 444.7 421.9 448.1 422.0 445.8 424.1 445.1 426.3 447.8 426.3 0.9766
874.7 241.6 7.5 8.4 876.5 244.9 879.7 244.6 878.2 246.5 877.3 248.3 879.8 248.0 0.9720
851.2 318.0 9.0 11.3 852.4 322.7 855.1 322.7 852.7 325.1 853.0 327.1 854.9 327.0 0.9719
711.9 369.9 9.8 13.4 713.2 376.1 716.4 375.9 714.1 378.9 714.7 381.2 716.8 380.9 0.9686
931.0 212.3 7.6 10.0 933.0 215.9 936.7 216.0 934.8 218.0 933.2 219.9 936.3 220.0 0.9681
658.8 399.8 9.9 13.0 660.5 404.8 663.1 404.7 660.6 407.4 661.3 410.1 662.9 409.9 0.9679
929.4 332.1 10.9 13.2 932.5 337.3 937.4 336.6 935.5 339.7 934.1 342.6 937.6 342.1 0.9632
776.5 320.4 8.8 10.6 779.0 324.5 782.6 324.6 780.7 326.4 779.2 328.4 782.1 328.5 0.9580
761.0 402.0 9.9 12.1 764.1 405.9 766.9 406.3 764.8 408.5 764.0 411.0 766.0 411.3 0.9543
585.5 379.2 8.8 11.3 586.9 383.6 590.0 383.6 587.7 385.9 587.5 388.1 589.8 388.0 0.9465
609.1 335.6 8.7 10.8 611.6 340.6 615.4 340.3 613.7 342.6 612.4 344.5 615.3 344.3 0.9442
774.6 283.3 7.6 9.2 776.6 286.7 780.0 286.6 778.4 288.5 777.2 290.4 779.9 290.3 0.9416
928.1 347.7 10.5 11.3 931.3 351.4 936.1 351.4 933.8 354.0 931.8 356.2 935.5 356.2 0.9409
765.2 365.0 10.0 11.7 767.1 368.6 770.7 369.1 767.5 371.0 766.8 373.5 769.5 373.8 0.9360
904.4 252.9 9.5 11.1 906.7 257.2 910.9 257.3 908.5 259.5 907.0 261.7 910.4 261.8 0.9336
880.2 287.7 9.0 10.7 881.8 291.6 885.6 291.5 883.4 293.8 882.5 295.9 885.4 295.8 0.9315
715.5 342.8 8.3 9.1 717.1 345.9 720.4 345.9 718.4 347.8 717.6 349.7 720.2 349.6 0.9314
911.3 224.6 9.7 11.4 914.3 229.4 918.2 228.3 917.3 230.7 916.1 233.3 919.1 232.4 0.9278
644.1 334.4 8.3 10.6 645.8 338.9 648.9 338.9 646.7 341.1 646.3 343.1 648.6 343.0 0.9246
499.2 430.0 8.9 11.9 500.6 434.8 503.2 434.7 500.8 437.2 501.3 439.5 503.1 439.4 0.9236
935.6 186.2 7.9 9.2 938.1 189.4 941.6 189.2 940.1 191.1 938.7 193.1 941.5 193.0 0.9172
333.5 450.1 9.5 11.2 336.2 453.7 340.4 453.9 338.1 456.1 336.3 458.4 339.6 458.6 0.9153
928.6 419.4 19.5 21.3 934.4 428.3 943.0 427.6 939.0 432.4 936.2 436.6 942.3 436.1 0.9130
239.7 475.8 15.1 21.7 242.3 483.3 243.8 483.9 240.8 488.2 244.0 492.3 245.0 492.5 0.9025
960.9 185.9 7.4 9.3 962.3 189.8 965.0 189.7 963.2 191.6 962.8 193.2 964.9 193.1 0.8926
837.6 436.6 13.3 19.4 845.3 442.1 848.4 441.4 849.3 445.8 846.3 450.7 848.8 450.3 0.8782
672.1 372.4 8.3 10.6 674.0 376.5 676.9 376.7 674.7 378.6 674.1 380.5 676.3 380.6 0.8764
794.3 419.0 14.2 16.4 797.5 425.0 804.0 425.0 800.4 428.5 798.3 431.7 803.3 431.7 0.8731
632.7 376.5 9.1 10.9 634.5 381.0 637.5 380.9 635.3 383.1 635.2 385.2 637.4 385.1 0.8684
414.1 422.4 8.9 11.7 419.6 426.4 421.7 426.2 422.0 428.7 420.0 431.1 421.3 431.2 0.8679
990.3 224.2 9.1 11.9 992.1 228.7 995.6 228.9 993.0 231.2 992.4 233.6 995.1 233.6 0.8649
716.5 296.7 7.7 8.9 718.8 299.9 722.1 300.0 720.5 301.7 719.1 303.5 721.8 303.5 0.8575
944.0 247.3 8.2 10.2 946.0 251.5 949.8 251.4 947.8 253.6 946.6 255.5 949.5 255.4 0.8572
911.2 287.4 9.9 11.8 913.7 292.3 918.5 291.6 916.4 294.3 914.9 296.8 918.5 296.3 0.8549
962.2 294.3 10.5 12.2 965.5 298.6 970.6 298.7 968.4 301.4 966.2 303.9 969.8 304.0 0.8535
664.1 387.6 8.6 10.8 665.4 392.1 668.8 392.1 666.5 394.5 666.1 396.6 668.5 396.5 0.8478
710.3 357.2 7.1 8.7 711.7 360.5 714.6 360.5 712.7 362.2 712.0 363.9 714.3 363.9 0.8478
808.8 306.4 7.7 9.5 810.9 310.3 814.3 310.0 812.8 312.0 811.6 313.9 814.3 313.7 0.8468
787.3 281.8 8.1 10.0 789.1 286.0 792.5 285.9 790.6 287.9 789.6 289.9 792.4 289.7 0.8456
758.3 384.5 8.6 10.1 759.8 387.6 763.3 387.6 761.1 389.9 760.5 392.2 763.1 392.1 0.8414
744.1 421.8 11.2 13.8 745.7 426.6 749.3 427.1 746.0 429.8 745.9 432.5 748.4 432.7 0.8357
908.4 305.6 9.7 10.8 911.5 309.7 915.7 309.3 914.0 311.8 912.5 314.2 915.7 314.0 0.8352
800.0 241.4 7.0 8.5 801.5 245.2 804.7 245.1 803.2 246.9 802.2 248.5 804.7 248.4 0.8336
597.6 409.8 10.6 12.7 599.6 414.0 603.7 413.7 601.2 416.6 600.6 419.4 603.7 419.1 0.8313
777.5 251.9 7.1 8.5 779.5 255.3 782.9 255.2 781.2 257.0 780.0 258.7 782.6 258.6 0.8295
663.6 328.9 7.3 8.6 665.3 331.9 668.7 331.8 667.0 333.5 665.8 335.3 668.6 335.1 0.8205
1008.3 305.6 9.9 12.2 1010.1 309.8 1014.5 310.1 1011.8 312.8 1010.5 315.2 1013.6 315.4 0.8153
736.9 311.8 7.2 9.1 811.4 362.4 815.6 362.5 813.5 364.7 811.8 366.9 815.1 366.9 0.7921
856.6 256.8 8.0 10.5 738.4 315.3 741.6 315.3 739.7 317.2 738.8 318.9 741.2 318.9 0.7892
533.2 413.2 8.5 11.3 857.5 260.6 860.5 260.7 858.1 263.0 857.9 265.1 860.1 265.1 0.7803
996.7 242.4 10.1 13.4 535.6 417.1 538.0 417.4 536.1 419.5 535.7 421.7 537.3 421.9 0.7784
925.3 395.5 13.8 15.9 999.7 247.3 1004.5 247.5 1002.2 250.0 1000.3 252.7 1003.9 252.8 0.7754
674.9 358.1 9.0 10.8 927.2 401.2 932.2 400.2 928.8 404.4 928.8 408.0 932.3 407.1 0.7721
971.1 244.4 8.8 9.3 677.0 361.6 680.6 361.8 678.4 364.2 677.2 366.5 680.0 366.6 0.7685
843.4 380.1 10.0 13.3 974.0 247.4 977.6 247.2 976.1 249.1 974.6 251.2 977.5 251.0 0.7605
989.0 294.3 8.9 10.4 845.1 384.2 849.1 384.7 846.1 387.3 844.9 390.1 848.0 390.5 0.7449
963.1 278.1 11.7 13.1 990.9 299.1 994.7 298.8 992.7 301.3 991.8 303.3 994.7 303.1 0.7402
317.5 430.2 7.6 8.4 966.9 284.0 972.0 282.8 970.4 285.9 968.7 288.7 972.6 287.8 0.7235
684.2 345.3 7.9 10.4 319.7 433.1 323.2 432.9 321.6 434.9 320.3 436.9 323.0 436.8 0.7158
637.9 354.9 7.3 8.7 685.5 349.3 688.5 349.3 686.4 351.4 685.9 353.5 688.3 353.4 0.7066
747.5 284.6 6.8 7.8 639.5 358.0 642.5 358.2 640.5 359.9 639.7 361.6 642.0 361.7 0.7055
857.4 244.2 6.8 8.2 749.4 287.1 752.6 287.1 751.1 288.6 749.7 290.3 752.2 290.3 0.7033
806.1 278.1 9.4 11.2 858.7 247.5 861.0 247.5 859.3 249.1 859.1 250.6 860.8 250.6 0.6897
733.4 402.0 11.1 12.8 807.9 281.9 812.0 281.7 809.5 284.1 808.6 286.6 811.8 286.4 0.6788
763.9 331.7 9.3 10.4 735.5 407.8 739.8 406.3 738.2 409.5 737.9 412.3 741.2 411.1 0.6319
255.4 390.4 11.7 14.0 766.6 335.3 770.4 335.3 768.3 337.5 767.0 339.7 769.9 339.7 0.6243
690.1 280.4 6.9 8.3 257.9 396.5 263.5 396.3 260.7 399.3 259.0 402.0 263.2 401.8 0.6225
787.1 376.3 9.8 12.1 692.3 283.5 695.4 283.4 694.1 285.3 692.7 287.0 695.1 286.9 0.6112
816.8 252.8 6.3 7.8 789.9 380.8 794.4 380.3 792.4 383.5 790.9 386.0 794.2 385.7 0.5887
750.7 318.1 8.3 10.0 818.9 255.8 821.7 255.6 820.7 257.4 819.5 259.1 821.6 258.9 0.5805
757.3 309.1 7.7 8.5 62.5 422.0 64.7 421.8 65.0 424.8 62.4 427.5 63.7 427.5 0.5399
962.1 239.0 8.7 11.0 753.9 321.1 757.2 321.3 755.8 323.4 754.0 325.6 756.6 325.7 0.5361
645.2 384.9 9.5 11.6 759.6 312.1 762.9 312.2 761.4 314.0 759.9 315.6 762.5 315.6 0.5284
508.3 434.2 8.5 11.1 964.1 243.2 967.2 243.2 965.2 245.6 964.6 247.7 966.8 247.7 0.5149
619.2 416.4 10.9 13.7 254.2 403.9 259.4 403.5 256.6 407.0 255.9 409.5 259.5 409.1 0.5052
