2--Demonstration/2_Demonstration_Protesters_2_540.jpg
14
722.4 283.1 21.3 23.3 726.9 289.6 736.1 290.0 730.5 295.0 727.6 299.5 735.0 299.8 0.9996
846.4 270.6 21.6 26.8 853.4 281.1 863.2 280.1 859.8 284.6 855.6 290.6 863.7 289.8 0.9994
889.1 264.9 19.4 26.5 894.3 276.1 903.1 275.3 899.0 280.8 896.1 286.0 903.3 285.4 0.9990
583.7 293.7 18.7 22.3 588.4 300.7 596.8 301.1 592.2 305.0 588.7 309.4 595.8 309.6 0.9987
333.4 286.9 19.3 21.2 337.4 292.5 345.4 292.5 340.3 296.8 337.9 301.7 344.4 301.7 0.9972
542.0 277.0 17.9 22.2 544.6 283.5 551.7 284.4 546.2 288.5 544.5 292.9 550.1 293.5 0.9959
150.4 270.3 17.0 18.8 153.1 275.8 157.9 276.1 153.2 279.7 153.3 283.6 156.9 283.6 0.9898
512.5 278.4 17.3 22.4 516.8 287.4 524.5 287.1 520.6 291.3 517.8 295.4 524.2 295.2 0.9851
199.3 278.8 15.5 17.8 202.0 284.2 208.2 284.8 203.8 288.4 202.2 292.0 206.7 292.4 0.9716
13.9 267.9 18.2 22.2 16.9 274.5 22.2 275.2 16.7 279.0 16.5 283.7 20.5 284.0 0.9660
560.3 295.6 16.7 19.6 563.6 302.0 569.6 302.6 565.4 306.7 564.0 310.3 568.4 310.6 0.9633
125.4 285.8 14.6 16.8 128.1 291.2 134.6 291.0 130.9 295.5 129.4 298.9 134.0 298.7 0.9511
583.4 268.1 16.8 19.7 217.8 287.6 220.9 288.7 217.4 291.7 217.0 294.5 219.1 295.2 0.7664
252.5 271.1 12.7 15.3 586.2 275.7 593.0 275.7 588.6 280.4 587.3 284.0 592.1 284.0 0.7451
