2--Demonstration/2_Demonstration_Demonstration_Or_Protest_2_290.jpg
19
183.9 206.4 96.0 139.6 249.1 265.2 267.6 260.6 281.9 286.7 253.5 313.6 267.0 310.8 0.9999
8.8 111.3 89.1 104.6 59.5 150.4 71.6 145.3 91.9 160.6 80.1 187.4 88.8 184.9 0.9998
437.7 154.8 49.2 65.9 466.7 181.4 476.3 178.6 485.7 188.7 475.9 205.0 482.6 203.3 0.9996
340.7 186.8 41.7 56.9 365.9 210.1 377.5 207.2 380.9 218.3 370.7 230.7 379.2 229.0 0.9996
857.4 168.8 17.9 21.9 859.5 177.5 866.4 177.6 860.7 180.8 859.8 185.5 865.0 185.5 0.9994
463.7 252.8 68.1 81.7 487.5 282.5 515.5 273.9 510.2 296.5 502.9 315.8 521.7 308.7 0.9993
877.8 148.8 16.1 22.3 879.6 158.4 885.4 158.1 881.0 162.8 881.3 166.8 885.4 166.5 0.9993
207.3 134.9 40.7 51.1 218.2 156.7 236.5 155.8 227.8 165.4 222.2 175.2 235.2 174.2 0.9992
301.9 147.1 37.0 50.1 315.4 169.2 332.0 169.3 325.5 177.6 317.8 186.6 329.9 186.8 0.9982
822.9 166.3 19.5 27.2 826.4 177.1 834.0 177.2 828.8 181.9 827.0 187.0 833.1 187.0 0.9977
273.1 264.0 48.0 69.0 299.7 289.7 310.6 284.5 318.2 299.1 307.9 317.1 315.4 313.7 0.9975
819.8 149.1 15.8 18.7 822.2 157.6 827.9 157.5 824.0 161.7 824.0 164.8 827.7 164.6 0.9971
604.2 196.9 40.9 46.8 621.6 212.5 637.3 212.6 632.5 220.5 624.0 229.5 635.8 229.8 0.9830
246.3 174.4 24.8 35.3 260.2 191.1 268.4 189.3 268.6 197.0 262.8 203.8 268.2 202.8 0.9699
939.3 157.2 20.5 25.5 945.1 166.0 953.6 166.8 948.7 171.2 945.1 175.8 951.7 176.4 0.9428
67.0 192.4 35.5 51.6 81.8 211.0 94.2 209.1 92.2 219.0 84.9 230.6 95.1 229.3 0.8842
267.6 173.2 20.2 24.4 271.5 183.8 280.6 184.1 275.2 189.1 272.7 193.3 279.2 193.5 0.8381
959.3 168.2 23.1 33.3 967.6 190.6 973.4 190.4 971.9 194.1 968.5 198.2 972.8 198.1 0.7623
588.8 161.1 8.9 11.7 966.6 179.4 976.9 179.6 972.3 185.9 967.9 193.0 975.6 193.3 0.7200
