2--Demonstration/2_Demonstration_Demonstration_Or_Protest_2_229.jpg
38
56.9 424.2 123.7 138.2 109.7 478.1 157.5 468.9 152.4 494.3 126.8 530.0 163.0 522.2 0.9998
542.3 362.1 18.3 29.2 545.0 374.0 548.0 374.5 543.5 380.1 546.3 385.0 548.4 385.1 0.9995
420.1 538.6 92.7 124.7 430.2 591.6 468.3 591.4 440.6 618.8 439.4 637.7 467.3 636.9 0.9995
769.4 348.1 23.8 32.3 783.7 361.9 790.5 361.2 790.8 367.7 784.1 373.4 789.3 373.2 0.9994
703.5 373.8 41.2 51.1 710.3 391.7 728.3 395.0 713.6 402.3 708.6 412.1 721.5 414.5 0.9994
617.7 367.4 29.4 37.9 626.6 382.0 640.4 381.3 634.9 388.2 629.5 396.5 639.7 396.0 0.9990
252.0 364.1 24.7 31.7 255.2 375.8 265.3 377.2 256.9 382.3 255.3 387.8 262.8 388.8 0.9989
505.0 373.6 20.6 23.9 513.0 382.1 521.8 382.1 518.5 387.6 513.9 391.9 520.4 392.0 0.9981
550.2 317.8 13.1 15.3 553.6 324.3 559.5 324.7 556.2 326.8 553.9 329.6 558.3 329.9 0.9974
940.5 347.3 18.4 17.7 951.4 355.6 955.4 356.4 953.7 360.8 948.0 361.9 949.9 362.8 0.9966
379.7 352.4 24.1 31.9 384.2 364.0 392.8 365.9 384.2 369.5 382.4 376.2 388.6 377.3 0.9963
489.1 326.9 18.1 24.2 493.0 337.3 501.6 337.0 497.1 342.0 494.2 346.5 501.2 346.3 0.9960
173.2 335.5 18.0 23.5 175.4 344.7 181.0 345.2 176.0 350.3 177.3 354.5 180.9 354.6 0.9954
266.2 315.6 15.9 21.0 269.2 323.8 275.0 324.9 270.0 328.3 268.9 331.8 273.0 332.5 0.9949
905.1 342.8 16.8 28.5 917.8 353.1 919.0 352.5 921.2 358.5 916.6 364.4 917.5 364.1 0.9931
920.2 329.3 14.9 19.2 927.2 336.3 932.6 337.4 930.4 340.6 926.6 343.7 930.7 344.6 0.9927
870.8 326.0 15.6 18.9 876.5 332.5 883.5 332.8 880.7 336.4 877.1 340.2 882.5 340.5 0.9921
683.8 364.5 23.7 29.9 691.7 375.2 701.9 374.4 697.6 380.0 693.4 386.7 701.1 386.1 0.9914
964.8 378.8 20.2 24.0 977.9 386.4 982.1 386.2 984.2 390.3 979.3 396.0 982.4 396.2 0.9883
884.0 316.7 12.1 15.5 888.1 323.9 893.3 323.4 891.3 327.2 889.4 329.7 893.0 329.3 0.9872
424.5 333.4 19.4 27.5 429.3 344.0 437.2 344.1 432.6 349.2 430.3 354.5 435.9 354.5 0.9831
399.2 333.5 16.1 21.5 408.4 343.4 413.5 343.5 412.3 348.3 407.7 351.5 411.0 351.8 0.9811
7.2 320.9 17.3 19.2 12.6 327.5 20.5 328.1 16.6 331.5 13.2 335.4 19.0 335.9 0.9796
968.1 626.7 55.4 56.7 1010.6 667.1 1020.2 663.6 1027.1 679.2 1013.9 697.2 1019.7 695.5 0.9787
738.3 314.9 12.0 16.2 744.8 321.8 748.5 321.4 748.0 324.9 745.2 327.8 747.7 327.6 0.9777
679.0 333.6 17.3 24.1 683.2 343.1 689.9 343.2 685.5 347.9 683.7 352.5 688.7 352.5 0.9704
898.7 315.6 9.5 11.7 901.6 319.8 906.3 319.5 904.3 322.4 902.6 324.9 906.0 324.7 0.9647
287.3 306.8 11.5 16.0 289.6 313.2 294.1 313.1 291.3 316.3 290.3 319.5 293.7 319.4 0.9587
937.7 316.5 12.5 16.7 939.5 321.9 943.4 322.2 939.7 325.5 939.7 328.9 942.8 329.0 0.9536
373.3 325.0 11.6 14.7 379.3 330.3 383.4 329.9 383.2 333.3 380.6 336.6 383.3 336.4 0.9185
440.8 345.3 13.9 17.8 446.1 351.9 450.8 352.4 448.4 356.1 445.7 359.0 449.0 359.4 0.8586
743.8 308.4 10.2 13.0 746.3 313.5 751.2 313.6 748.6 316.6 746.8 319.2 750.4 319.3 0.8274
234.4 324.1 12.9 16.1 236.0 329.1 240.6 329.2 236.9 332.7 236.6 336.3 240.1 336.2 0.8122
59.2 363.3 30.7 33.1 63.3 374.0 73.5 374.4 64.8 381.6 65.5 388.3 73.2 388.4 0.7886
822.4 339.7 13.1 18.0 825.6 346.8 831.8 346.8 828.6 350.7 826.4 354.2 831.1 354.1 0.6970
373.2 296.0 14.4 18.2 378.4 303.5 384.5 303.8 381.9 307.4 378.6 310.7 383.4 311.0 0.6842
957.0 313.0 11.2 13.0 959.5 316.4 964.6 317.6 961.2 319.9 958.9 322.3 963.0 323.2 0.6788
436.9 317.5 18.0 19.7 442.2 323.6 450.6 324.1 446.4 328.4 442.5 332.4 448.9 332.8 0.6097
