2--Demonstration/2_Demonstration_Protesters_2_550.jpg
12
95.6 492.3 28.8 34.2 112.2 501.6 120.7 500.9 121.4 508.4 113.7 516.3 120.5 516.3 0.9994
635.2 457.0 13.3 20.5 637.6 463.7 639.3 464.1 635.6 468.0 637.6 472.3 638.9 472.4 0.9990
856.5 430.6 15.7 22.6 866.4 440.1 870.1 439.6 871.2 444.2 866.9 448.3 869.5 448.2 0.9985
247.8 490.6 18.0 29.1 262.1 503.1 262.6 502.8 265.1 509.3 259.1 513.9 259.2 514.1 0.9974
675.1 416.2 12.6 15.7 676.9 422.0 681.3 422.4 677.3 425.0 677.0 428.1 680.1 428.3 0.9960
888.2 565.3 19.5 31.5 892.8 575.9 894.8 576.8 889.2 582.1 891.5 588.7 892.9 589.0 0.9955
186.2 413.4 11.1 14.3 192.9 419.4 195.8 419.4 195.8 422.1 193.0 424.5 194.9 424.7 0.9950
530.0 404.5 12.2 16.0 537.7 410.4 540.3 409.9 540.5 413.9 537.6 417.1 539.2 417.0 0.9675
75.0 394.0 10.4 12.4 79.9 399.0 83.6 398.6 83.1 401.4 80.9 403.8 83.6 403.6 0.9569
155.5 393.9 9.5 10.9 158.8 398.2 162.8 398.0 161.2 400.4 159.4 402.6 162.5 402.5 0.9053
648.4 401.2 9.6 13.8 653.4 406.5 656.0 405.8 656.3 408.8 654.5 411.8 656.4 411.4 0.7381
214.6 388.3 8.1 9.8 217.5 392.5 220.7 392.3 219.5 394.4 218.0 396.2 220.5 396.1 0.7127
