2--Demonstration/2_Demonstration_Protesters_2_545.jpg
163
581.6 415.7 18.5 24.4 586.1 425.0 593.6 424.8 589.4 429.3 587.1 433.9 593.4 433.7 0.9998
475.0 466.7 22.5 25.4 480.3 475.5 491.0 475.0 486.0 480.3 482.1 485.7 491.0 485.3 0.9998
855.4 534.1 27.6 32.5 862.9 547.5 875.9 548.2 869.2 554.7 864.1 559.9 873.5 560.4 0.9996
516.9 467.2 21.1 23.6 521.2 475.0 531.6 475.1 525.7 480.2 522.1 485.2 530.5 485.2 0.9996
680.2 479.1 25.8 31.3 685.7 493.2 697.0 489.6 692.8 498.0 690.6 504.3 699.6 501.5 0.9996
444.6 471.0 23.4 29.0 449.5 481.8 460.4 480.8 455.1 486.7 451.6 492.7 460.8 492.0 0.9996
671.4 401.8 22.4 25.7 676.2 413.7 685.8 411.7 681.4 417.9 679.1 422.2 687.2 420.5 0.9996
322.1 451.6 23.2 26.2 328.9 458.7 340.2 459.4 334.6 465.6 328.7 469.7 338.6 470.3 0.9995
485.6 422.9 18.5 22.3 490.6 430.6 499.5 430.2 495.2 435.0 491.8 439.8 499.1 439.5 0.9995
283.2 379.0 12.9 14.8 285.9 383.6 291.8 383.9 288.1 386.6 286.3 389.9 290.7 390.1 0.9995
510.8 502.1 22.8 27.2 518.4 511.1 528.8 511.3 523.9 516.3 518.8 521.5 527.7 521.8 0.9995
639.1 482.2 24.3 31.5 644.2 496.8 655.6 494.4 650.4 501.7 647.2 507.1 656.8 505.1 0.9995
838.7 406.2 15.9 18.1 843.1 411.6 850.7 411.4 847.3 414.1 844.4 419.1 850.3 418.9 0.9995
426.1 397.5 16.6 18.3 430.3 403.4 437.9 403.1 434.1 406.6 431.4 410.8 437.4 410.6 0.9994
186.7 408.0 16.4 19.2 189.9 414.4 196.7 413.8 192.5 417.4 190.9 422.2 196.2 421.7 0.9993
952.5 524.0 29.3 30.2 962.8 534.7 976.3 533.4 971.4 541.4 965.0 546.6 976.3 545.7 0.9993
636.0 541.8 26.4 31.0 641.6 552.4 654.4 553.1 647.0 559.8 642.4 565.4 652.2 565.8 0.9993
307.0 412.2 15.7 20.6 310.4 419.8 318.1 419.3 314.2 422.9 311.7 428.0 317.6 427.7 0.9993
858.1 405.0 15.0 17.7 862.6 411.1 869.5 410.7 866.6 414.6 863.9 418.5 869.2 418.3 0.9993
391.9 532.8 27.4 34.7 400.7 547.6 412.6 545.5 408.7 552.4 404.6 560.1 413.3 558.5 0.9993
536.7 427.6 17.9 21.4 540.9 433.8 549.0 433.1 544.8 436.9 542.0 442.6 548.7 442.1 0.9992
971.8 450.5 22.7 26.2 977.5 460.1 988.1 459.2 983.2 463.7 979.8 470.4 987.5 469.7 0.9992
396.0 467.1 23.0 25.6 404.7 474.7 415.4 475.0 411.5 480.0 405.2 485.2 414.4 485.4 0.9992
248.1 375.5 12.7 14.5 251.5 380.5 257.8 380.3 254.9 383.4 252.5 386.6 257.2 386.5 0.9991
352.4 392.9 17.3 19.4 357.3 399.2 365.2 399.0 361.5 403.2 358.7 407.6 364.3 407.5 0.9991
289.5 426.9 15.8 19.9 293.4 434.9 301.0 435.0 296.8 438.7 293.9 442.4 300.1 442.5 0.9990
598.1 494.8 26.3 28.9 606.7 503.7 618.7 503.5 613.5 510.1 607.9 515.9 617.7 515.8 0.9990
519.8 384.8 10.2 12.8 522.7 389.4 527.6 389.5 525.2 391.9 523.2 394.6 526.8 394.7 0.9990
470.9 387.8 10.9 14.8 473.7 394.2 478.8 393.5 476.7 396.3 475.1 399.4 479.1 398.9 0.9989
563.8 414.4 15.5 19.5 565.6 421.8 571.9 420.8 567.9 425.6 567.8 430.0 572.4 429.1 0.9989
256.1 442.2 18.2 18.8 261.0 448.2 269.7 449.2 264.9 452.6 261.1 456.0 267.6 456.8 0.9989
502.1 405.2 14.6 17.9 505.7 410.9 512.6 410.8 509.1 414.6 506.6 418.7 512.0 418.5 0.9988
568.8 490.7 19.7 26.6 572.2 500.2 581.9 499.9 576.2 504.9 573.5 510.5 581.4 510.1 0.9988
517.3 418.2 18.0 21.5 522.2 424.9 530.8 425.0 526.4 429.4 522.8 434.0 529.5 434.1 0.9988
134.0 483.6 22.6 27.7 139.8 492.5 150.4 492.7 144.9 499.0 140.7 504.2 149.1 504.4 0.9988
556.6 441.7 19.8 21.9 561.1 449.6 570.1 448.9 565.5 451.4 562.6 457.7 569.4 457.1 0.9988
349.9 370.9 10.9 13.5 352.9 376.0 357.9 376.0 355.3 378.9 353.3 381.4 357.1 381.4 0.9988
591.1 390.6 14.3 15.5 594.1 395.8 601.0 395.6 597.3 398.5 595.2 402.4 600.4 402.2 0.9988
489.3 373.1 11.1 13.0 492.0 378.1 497.0 378.1 494.3 379.8 492.5 382.7 496.4 382.7 0.9987
579.6 369.1 11.1 12.3 581.7 373.2 586.5 372.7 583.8 375.6 582.7 378.4 586.3 378.1 0.9986
446.3 360.8 8.6 11.1 448.9 364.8 452.9 364.7 451.0 367.0 449.3 369.2 452.5 369.2 0.9986
251.8 401.4 13.2 15.8 255.1 406.7 261.6 406.1 258.6 409.5 256.2 413.3 261.3 412.9 0.9986
993.5 372.7 11.1 13.7 996.4 378.9 1001.1 378.3 999.1 380.9 997.7 383.6 1001.3 383.1 0.9986
1014.7 378.7 8.9 13.2 1018.3 383.3 1023.6 383.3 1021.3 385.9 1018.9 388.8 1023.0 388.8 0.9986
839.7 460.1 23.0 26.9 844.7 469.5 855.0 469.3 849.6 474.5 845.9 479.9 854.6 479.7 0.9985
611.2 408.4 13.9 15.4 614.4 413.5 621.1 413.3 617.5 415.8 615.0 419.3 620.7 419.1 0.9984
359.9 456.9 21.6 24.6 366.8 463.5 376.8 464.6 371.7 467.3 366.9 473.5 374.6 474.4 0.9983
273.2 410.0 17.1 22.1 278.1 417.5 286.0 417.2 282.5 420.8 279.4 426.4 285.4 426.2 0.9983
267.8 381.4 13.0 14.1 271.2 385.6 277.6 385.6 274.5 388.4 271.9 391.5 277.0 391.6 0.9982
745.4 443.5 16.6 22.8 751.7 452.0 759.2 451.7 756.9 456.1 753.1 460.8 759.1 460.7 0.9982
638.6 400.8 15.1 20.6 642.6 408.2 650.0 408.1 646.5 411.2 643.3 415.7 649.7 415.6 0.9982
9.1 362.9 10.6 13.6 11.9 368.5 16.6 368.7 14.1 371.1 12.4 373.5 15.8 373.6 0.9981
383.9 357.1 10.5 11.5 387.3 360.8 392.1 361.0 389.8 363.6 387.7 365.9 391.2 366.1 0.9981
265.2 401.4 12.3 14.8 267.7 406.4 273.0 406.4 269.9 409.2 268.1 412.2 272.5 412.2 0.9981
397.4 425.2 17.2 24.0 401.6 435.5 408.8 434.5 405.5 439.4 403.5 444.0 409.2 443.2 0.9980
850.2 372.7 11.0 12.0 852.8 376.6 857.9 376.6 855.2 379.0 853.4 381.7 857.2 381.7 0.9980
545.7 474.5 19.9 24.5 550.9 482.4 559.7 482.1 555.4 486.2 552.2 492.1 559.3 491.9 0.9979
803.1 492.8 22.3 26.2 809.1 501.0 819.6 501.1 814.4 506.6 809.9 511.7 818.8 511.7 0.9978
217.0 387.6 11.1 14.1 219.4 392.9 224.3 392.7 221.9 395.6 220.3 398.6 224.3 398.4 0.9976
482.6 391.2 11.9 15.5 485.0 398.1 490.7 397.9 487.7 401.3 486.1 404.0 490.3 403.9 0.9976
413.9 379.5 10.5 12.4 415.9 384.4 420.6 384.1 417.7 386.6 416.4 389.3 419.9 389.1 0.9975
385.6 395.6 15.4 17.0 389.8 401.4 396.5 401.2 393.3 404.7 390.5 408.1 396.0 408.0 0.9975
678.2 359.7 9.2 12.6 681.3 364.4 685.8 364.5 683.9 367.0 682.0 369.5 685.2 369.6 0.9974
756.8 520.0 27.6 29.0 763.5 531.1 776.2 531.5 769.3 538.3 764.6 542.1 774.5 542.4 0.9974
917.3 405.2 14.0 16.0 921.5 410.2 927.8 410.2 924.9 413.1 922.2 416.9 927.2 416.9 0.9973
201.4 428.0 15.8 21.6 206.0 436.9 212.7 435.9 209.8 440.7 207.5 445.0 212.8 444.2 0.9972
648.6 376.2 10.7 12.7 651.0 381.0 656.4 380.8 653.8 383.6 651.8 386.3 656.2 386.1 0.9972
144.5 425.2 16.1 22.1 150.1 433.6 157.5 434.1 154.0 439.0 150.3 442.6 155.7 443.1 0.9971
191.1 365.1 10.6 13.0 193.4 369.7 198.5 369.5 195.9 372.6 194.3 375.4 198.1 375.2 0.9968
310.6 380.5 11.0 11.7 313.0 384.0 318.2 384.1 315.3 386.8 313.5 389.3 317.4 389.4 0.9966
565.0 390.1 10.9 13.8 567.8 396.0 572.9 395.9 570.5 398.7 568.4 401.3 572.5 401.2 0.9965
14.0 440.1 15.8 18.6 17.8 445.9 25.3 446.6 20.9 449.8 18.0 453.9 23.5 454.3 0.9964
948.4 402.0 14.0 16.0 952.2 407.2 959.1 406.5 956.4 409.7 954.1 414.1 959.0 413.6 0.9962
822.8 378.7 10.1 13.8 825.8 383.9 830.5 384.2 828.2 386.5 826.1 389.2 829.7 389.4 0.9959
412.6 361.1 9.7 10.8 414.7 364.8 419.2 364.8 416.8 367.1 415.3 369.4 418.8 369.3 0.9951
173.8 439.1 17.9 20.1 178.1 445.5 186.4 445.6 182.0 449.0 178.8 453.7 185.5 453.7 0.9951
39.6 384.4 13.2 15.6 42.3 389.7 48.6 389.5 45.1 393.1 43.4 396.4 48.0 396.3 0.9943
48.2 476.9 19.8 21.1 56.8 486.9 65.1 485.9 62.3 492.2 57.7 495.6 62.8 495.0 0.9937
896.3 408.1 13.9 16.4 902.3 413.6 908.3 413.4 906.4 417.5 903.0 420.9 907.3 420.8 0.9935
394.6 381.5 11.1 14.4 397.0 386.5 401.6 387.0 398.6 389.7 397.4 392.4 400.7 392.7 0.9932
788.7 370.5 11.8 12.6 791.5 374.9 797.4 374.4 794.7 376.8 792.8 380.0 797.4 379.6 0.9930
951.3 391.6 10.0 12.0 954.4 396.5 959.3 396.5 957.0 399.1 955.0 401.4 958.6 401.4 0.9929
799.5 398.9 13.5 16.3 804.2 404.0 810.1 404.2 807.5 407.4 804.7 411.0 809.2 411.1 0.9922
416.8 433.0 23.0 25.4 422.4 441.7 433.2 440.9 428.0 446.8 424.5 452.5 433.1 451.9 0.9918
603.3 368.0 9.6 10.9 605.9 372.2 610.5 371.8 608.5 374.0 606.9 376.5 610.4 376.1 0.9907
233.5 429.9 16.6 23.8 242.8 438.1 245.9 437.2 247.0 442.2 243.5 447.4 246.1 446.9 0.9907
983.1 480.2 21.5 23.8 994.3 488.5 1001.7 487.7 1001.1 493.3 996.0 498.7 1000.8 498.4 0.9899
295.1 377.2 9.8 13.3 298.0 383.2 302.8 382.9 300.6 386.0 299.0 388.5 302.3 388.3 0.9898
988.0 441.8 19.3 24.2 997.3 448.6 1005.3 449.2 1003.3 453.4 998.2 459.1 1004.3 459.6 0.9891
888.8 485.7 23.4 27.0 895.8 494.5 906.0 493.5 901.8 498.5 898.2 505.3 906.2 504.5 0.9887
638.2 359.9 8.1 9.9 640.1 363.9 643.4 363.8 641.5 365.8 640.7 367.6 643.3 367.5 0.9865
626.8 429.7 16.4 19.9 631.3 436.2 638.9 435.9 635.5 439.9 632.6 444.2 638.7 444.0 0.9863
595.7 461.3 22.9 24.8 600.6 468.8 611.4 468.3 605.7 474.0 602.4 479.8 610.8 479.4 0.9852
564.6 369.7 9.4 11.4 567.1 373.2 571.9 373.2 569.6 376.2 567.8 378.6 571.2 378.7 0.9836
496.8 366.9 8.5 11.0 499.2 371.1 502.9 371.1 501.0 373.2 499.5 375.2 502.5 375.2 0.9827
1004.7 423.8 14.5 16.2 1010.0 428.9 1016.7 429.2 1013.8 432.4 1010.5 435.9 1015.5 436.2 0.9824
449.1 348.1 7.5 8.5 451.0 350.8 454.4 350.7 452.7 352.4 451.3 354.2 454.1 354.2 0.9824
201.9 456.3 15.0 19.9 205.0 463.6 211.7 463.2 207.8 467.4 206.0 471.6 211.1 471.2 0.9819
614.0 437.7 18.8 21.9 620.0 444.0 628.9 445.3 624.1 449.0 619.8 453.2 626.7 454.3 0.9810
265.5 369.0 9.7 11.2 268.9 372.5 273.3 372.8 271.3 375.0 269.1 377.3 272.4 377.5 0.9810
327.0 396.2 14.4 16.3 330.2 401.1 337.1 401.2 333.2 404.1 330.6 408.1 336.1 408.1 0.9788
550.8 415.1 12.2 16.1 555.7 421.6 560.5 421.4 559.1 424.7 556.4 427.8 560.3 427.7 0.9780
624.6 354.3 10.1 11.8 627.2 357.7 631.9 357.8 629.5 360.1 627.6 362.8 631.5 362.9 0.9778
233.5 392.3 13.8 15.3 236.7 398.3 243.7 398.0 240.4 400.6 237.4 403.6 243.4 403.5 0.9774
352.7 357.8 9.3 10.6 354.8 361.5 359.2 361.5 356.9 363.8 355.3 366.1 358.7 366.1 0.9771
857.1 450.8 20.6 24.9 1006.0 407.0 1011.8 406.9 1009.8 410.9 1006.1 413.8 1010.2 413.8 0.9770
580.5 344.5 6.7 8.6 860.7 458.3 869.2 458.4 863.7 463.7 861.3 468.9 867.6 469.0 0.9766
75.6 364.4 12.1 12.9 582.0 347.9 584.8 347.9 583.1 349.6 582.4 351.2 584.5 351.1 0.9710
700.4 359.5 9.3 10.2 77.6 369.2 82.9 368.5 79.6 371.1 78.6 374.3 82.4 373.7 0.9704
662.4 474.3 15.9 22.1 702.8 363.4 706.9 362.8 705.1 365.4 704.1 367.5 707.0 367.0 0.9676
821.0 462.1 16.3 19.6 666.4 481.2 673.5 481.3 669.7 486.5 667.0 490.9 672.6 491.0 0.9576
15.6 389.9 12.2 13.6 551.2 413.9 557.5 413.9 554.5 417.2 551.8 420.3 557.0 420.3 0.9563
132.3 395.2 13.9 17.8 828.3 469.6 835.4 468.6 833.4 474.2 829.6 478.4 834.4 477.9 0.9536
746.3 370.1 11.0 13.6 17.2 394.7 22.3 394.6 18.7 397.7 17.9 400.4 21.7 400.2 0.9499
1006.2 349.7 8.5 9.9 136.4 402.4 141.7 402.9 138.5 406.1 136.6 409.0 140.5 409.3 0.9488
403.5 350.9 7.9 9.4 749.5 374.9 754.4 375.0 752.0 377.4 749.9 380.0 753.9 380.0 0.9484
987.0 349.1 9.4 11.2 1008.8 352.9 1012.6 352.9 1010.8 355.0 1009.1 357.0 1012.2 357.0 0.9423
200.2 406.8 13.9 16.4 405.2 354.3 408.8 354.3 406.7 356.2 405.6 358.2 408.4 358.1 0.9404
814.8 353.3 7.3 9.2 988.6 352.9 992.2 353.4 989.3 355.3 988.5 357.5 991.3 357.8 0.9398
236.7 354.2 9.4 11.3 203.8 413.2 210.1 412.9 207.0 416.8 205.0 419.8 209.6 419.6 0.9327
846.7 354.3 7.4 8.6 816.5 356.6 819.8 356.4 818.2 358.3 817.1 360.2 819.9 360.0 0.9327
288.5 363.4 7.1 8.9 238.5 358.6 242.4 358.4 240.1 360.6 239.2 362.9 242.1 362.7 0.9316
186.1 354.7 9.3 11.6 848.6 357.3 851.8 357.4 850.1 359.1 848.9 360.7 851.5 360.8 0.9279
864.9 390.7 10.1 11.0 290.2 366.6 293.4 366.7 291.6 368.4 290.5 370.0 293.0 370.1 0.9117
695.6 349.9 7.4 8.8 188.7 359.7 192.8 359.8 190.6 362.0 189.0 364.0 192.0 364.0 0.9045
635.1 375.4 8.7 10.4 868.1 394.6 872.2 394.6 870.2 396.8 868.6 399.0 871.6 399.0 0.8986
947.1 355.8 6.6 8.4 697.8 353.0 701.1 353.0 699.6 354.8 698.1 356.6 700.8 356.6 0.8984
196.8 356.0 8.8 10.6 638.1 379.5 641.7 379.3 640.3 381.6 638.7 383.5 641.5 383.4 0.8946
487.9 361.7 7.7 9.1 948.9 359.1 951.9 359.3 950.2 360.9 948.9 362.4 951.3 362.6 0.8940
176.5 353.0 8.4 9.8 198.9 360.7 202.5 360.7 200.5 362.9 199.5 364.7 202.2 364.6 0.8844
979.5 372.5 9.8 11.1 490.2 365.1 493.8 365.0 492.3 367.0 490.7 368.8 493.5 368.8 0.8837
332.1 370.8 10.0 10.2 178.6 356.2 182.5 356.1 180.6 358.2 179.2 360.3 182.3 360.2 0.8781
474.3 349.8 7.9 9.1 981.6 375.9 986.0 376.4 983.1 378.4 981.6 380.7 984.8 381.1 0.8756
263.9 361.0 8.6 10.1 975.0 432.1 983.2 431.3 978.6 436.2 976.5 440.5 982.7 439.9 0.8684
680.5 348.0 7.6 9.1 335.9 374.8 339.9 375.7 337.6 377.7 335.3 378.8 338.0 379.6 0.8636
933.3 380.9 8.8 10.1 757.4 356.8 760.8 356.7 759.0 358.7 757.8 360.6 760.5 360.6 0.8610
726.1 357.5 9.2 11.9 476.2 352.9 479.8 352.7 478.0 354.7 476.8 356.7 479.7 356.6 0.8560
731.6 369.7 9.2 11.0 266.1 364.4 270.3 364.4 268.2 366.5 266.6 368.6 269.9 368.6 0.8416
279.9 369.5 9.4 12.1 682.6 351.5 686.1 351.5 684.4 353.4 682.9 355.2 685.7 355.2 0.8404
856.6 365.1 8.3 9.6 808.7 428.6 814.4 428.3 814.0 433.1 810.1 437.5 814.1 437.4 0.8275
353.5 342.0 6.5 8.0 935.9 385.3 939.7 385.2 937.9 387.4 936.4 389.2 939.4 389.1 0.8040
227.5 342.0 8.3 10.1 730.0 363.2 733.6 363.0 732.4 365.6 730.6 367.7 733.3 367.7 0.7864
548.7 402.8 11.3 12.8 9.2 395.8 13.2 395.3 11.7 398.8 10.4 401.7 13.3 401.4 0.7789
960.3 361.5 7.3 8.3 733.5 373.6 737.8 373.7 735.3 376.2 734.0 378.1 737.2 378.2 0.7697
173.7 389.5 10.5 14.0 795.1 400.2 800.1 400.5 797.7 403.5 795.3 406.6 799.2 406.8 0.7653
686.4 384.0 10.6 12.2 282.2 374.5 286.5 374.4 284.1 377.0 282.6 379.2 285.7 379.1 0.7652
974.8 365.9 9.8 12.4 859.7 368.5 863.1 368.3 861.9 370.4 860.3 372.4 863.0 372.3 0.7436
516.2 355.9 7.6 8.9 678.8 388.1 682.6 388.3 680.8 390.5 679.0 392.5 681.9 392.6 0.7386
1011.5 444.4 12.0 20.2 817.8 393.4 822.8 393.3 821.3 396.4 818.4 399.6 822.3 399.6 0.7101
922.2 433.2 12.0 15.7 382.1 435.1 390.3 436.0 385.6 439.9 381.4 444.7 388.7 445.5 0.7075
804.2 349.4 8.3 9.1 355.4 345.3 358.4 345.2 357.0 346.8 355.7 348.3 358.2 348.3 0.7074
341.6 351.7 7.1 7.9 926.9 363.4 930.4 363.3 929.2 365.5 927.4 367.5 930.1 367.5 0.7065
816.0 415.0 14.4 17.6 502.3 474.3 510.0 474.6 505.5 479.1 502.8 482.8 508.4 483.0 0.6996
689.6 399.3 12.9 17.4 229.3 346.1 233.1 346.3 230.8 348.3 229.5 350.2 232.4 350.3 0.6633
444.2 338.2 7.2 9.1 551.5 407.8 556.9 407.5 554.3 410.5 552.5 413.3 556.7 413.1 0.6565
865.4 366.4 8.4 10.7 962.3 364.5 965.6 364.3 964.1 366.2 962.9 368.0 965.5 367.8 0.6453
205.1 369.9 9.2 10.6 176.4 394.9 180.5 394.8 178.3 397.5 177.0 400.3 180.2 400.2 0.6404
487.7 342.5 6.3 7.7 689.7 388.7 694.7 388.6 692.5 391.2 690.4 393.7 694.0 393.7 0.6115
868.4 384.0 9.7 11.9 978.1 370.4 983.0 370.4 980.9 372.5 978.6 375.2 982.5 375.3 0.5917
457.0 434.3 17.4 20.1 518.3 359.5 521.8 359.4 520.2 361.3 518.8 363.1 521.6 363.0 0.5886
614.3 373.3 8.0 10.0 828.3 378.9 833.8 379.1 831.3 382.1 828.5 385.0 832.9 385.2 0.5841
777.6 366.6 8.5 10.9 1015.1 451.6 1023.4 451.9 1018.5 456.6 1016.1 460.5 1022.1 460.6 0.5803
211.0 358.7 8.1 8.9 927.5 440.1 932.3 439.2 931.5 443.1 929.1 446.4 932.5 445.8 0.5338
