2--Demonstration/2_Demonstration_Political_Rally_2_689.jpg
27
1.4 510.4 45.5 53.2 5.7 525.1 17.8 525.2 3.3 536.0 10.4 548.5 19.4 547.7 0.9996
316.8 454.8 26.7 29.4 333.7 466.2 340.5 467.1 339.0 474.4 330.1 477.7 334.5 478.8 0.9996
805.1 380.7 25.3 32.7 812.0 393.2 823.4 394.0 817.3 399.2 811.7 403.8 822.2 404.5 0.9994
93.1 430.1 22.8 24.9 98.3 437.9 109.1 437.2 103.7 443.3 99.4 447.2 109.6 446.6 0.9992
803.4 449.8 26.6 36.6 807.0 463.9 812.5 463.7 804.9 470.2 808.3 477.5 812.9 477.0 0.9991
516.9 396.8 22.0 29.3 525.1 409.3 534.9 408.6 531.5 414.4 526.4 419.1 534.7 418.6 0.9985
539.4 397.8 16.1 24.1 541.8 407.0 544.3 406.8 540.1 411.1 542.5 416.2 544.3 415.8 0.9981
971.0 423.0 19.8 26.1 986.1 431.5 988.2 430.0 992.5 435.7 988.2 441.8 989.1 441.1 0.9976
380.3 548.5 22.1 37.6 396.4 560.7 396.8 560.0 402.4 566.3 399.4 576.1 399.3 575.7 0.9976
346.0 415.9 18.7 27.2 348.3 426.5 354.8 426.7 349.3 432.2 349.2 437.1 354.2 437.0 0.9950
538.7 379.9 16.2 19.4 545.7 387.2 552.3 386.6 550.7 390.7 547.2 395.0 552.1 394.7 0.9941
866.6 430.8 28.6 36.3 870.8 441.5 878.8 441.3 870.6 447.2 870.9 455.8 877.5 455.4 0.9872
252.0 425.4 11.9 19.4 260.4 431.5 261.1 431.3 263.4 434.9 261.3 439.3 261.9 439.3 0.9835
577.1 389.5 15.3 20.2 579.2 397.1 584.4 396.5 581.0 401.7 581.9 405.4 586.0 404.8 0.9725
792.7 364.0 12.4 16.5 796.0 370.0 801.7 370.2 798.7 373.8 796.4 376.8 800.8 377.0 0.9654
470.4 421.5 25.1 25.6 479.3 430.6 487.3 434.1 480.1 436.1 474.8 438.8 480.2 441.4 0.9464
210.5 412.3 16.0 24.3 221.1 421.4 222.5 420.2 226.0 425.1 223.2 430.7 224.2 430.1 0.9372
460.8 415.7 18.8 26.8 471.0 426.1 476.0 424.3 477.5 429.8 474.2 436.2 477.9 435.1 0.9343
461.9 454.1 20.6 29.7 385.9 467.1 388.6 468.1 384.5 472.2 385.3 476.9 387.2 477.4 0.9055
231.6 402.9 17.6 20.9 465.7 464.8 471.3 465.4 465.7 471.1 465.6 476.9 469.6 477.0 0.8916
266.9 400.1 13.1 18.2 233.8 410.2 239.3 411.0 233.9 415.3 234.1 419.2 237.8 419.6 0.8865
592.1 401.3 19.3 27.0 271.1 406.9 274.9 407.5 272.0 410.8 270.9 414.3 273.7 414.7 0.8741
220.8 386.1 13.7 16.7 595.9 410.2 600.8 411.3 594.7 415.6 595.1 421.0 598.4 421.5 0.7411
322.6 399.0 11.6 14.2 934.7 361.9 936.8 360.5 939.9 365.7 937.2 371.7 938.9 370.8 0.6707
942.9 422.5 16.2 21.5 228.2 391.4 231.8 390.7 232.6 394.3 230.1 398.6 232.6 398.3 0.6486
41.0 306.8 8.2 10.5 10.4 460.9 16.9 459.7 16.4 466.4 12.6 472.0 17.2 471.4 0.5931
229.3 306.8 7.9 11.4 328.2 404.1 331.6 403.3 331.6 406.7 329.5 409.9 332.0 409.4 0.5534
