2--Demonstration/2_Demonstration_Demonstrators_2_515.jpg
21
726.3 341.2 68.3 86.9 747.9 366.9 756.9 377.3 729.6 381.2 734.1 398.7 742.5 405.5 0.9999
723.5 154.9 26.4 27.9 729.0 169.8 738.3 166.9 735.1 175.5 736.4 178.9 742.8 176.5 0.9998
340.5 135.6 31.7 46.6 362.0 150.8 367.7 150.4 372.0 159.4 361.4 169.1 366.0 169.3 0.9997
230.5 151.9 39.5 44.6 254.0 164.7 265.9 163.0 267.6 172.9 255.1 183.3 264.6 182.6 0.9995
2.7 154.0 51.4 63.1 22.9 178.5 45.7 177.3 39.5 188.8 27.6 201.7 45.2 200.7 0.9994
95.1 131.3 44.3 46.9 112.7 148.4 128.1 143.0 128.6 152.4 124.1 166.4 135.5 162.3 0.9994
625.3 331.6 36.1 39.2 629.3 346.1 639.4 348.3 629.3 357.6 634.3 363.1 640.3 364.2 0.9994
544.6 156.9 27.9 32.1 552.4 169.8 565.0 169.6 558.9 175.7 553.8 181.0 564.1 180.9 0.9992
643.1 151.0 24.7 28.3 648.2 159.3 657.3 160.6 648.9 162.8 645.9 170.3 652.7 171.2 0.9992
972.3 139.3 29.8 36.9 977.5 152.6 991.1 153.7 981.5 159.1 977.8 166.8 988.0 167.6 0.9987
776.6 129.2 23.9 36.8 780.5 143.1 781.2 143.4 777.9 151.1 784.9 157.6 785.1 157.7 0.9985
194.3 137.0 24.1 33.6 207.1 150.2 215.2 149.5 214.6 155.7 209.2 162.8 215.0 162.4 0.9984
982.2 191.1 41.3 66.8 986.9 217.2 1003.5 214.2 990.5 230.6 994.6 243.0 1007.5 240.2 0.9972
710.9 160.1 20.4 28.3 716.2 172.1 725.6 171.8 720.3 177.4 717.0 181.9 724.6 181.7 0.9963
866.8 136.7 22.4 28.1 871.0 146.9 881.3 145.6 875.0 149.1 872.2 156.8 880.7 155.6 0.9940
33.9 130.0 30.4 38.9 48.6 142.6 60.3 141.9 58.8 149.4 51.1 158.2 60.3 157.7 0.9930
671.0 162.3 19.0 23.4 675.0 169.1 682.4 169.5 676.4 172.8 674.0 178.4 680.0 178.6 0.9926
164.2 165.6 20.2 29.9 178.7 178.2 180.8 177.9 183.4 184.0 178.4 189.4 179.5 189.5 0.9922
291.9 141.1 17.8 30.9 304.7 150.6 306.0 150.3 309.3 155.2 306.9 163.0 308.0 162.9 0.9643
380.5 158.9 16.7 30.1 393.7 168.9 395.0 169.1 396.8 175.3 391.8 180.8 392.9 181.3 0.9158
640.4 152.9 13.4 19.5 644.4 160.9 650.6 160.2 647.6 164.5 645.6 168.8 650.3 168.3 0.8584
