2--Demonstration/2_Demonstration_Protesters_2_475.jpg
27
250.5 464.1 27.8 33.8 259.6 476.2 272.4 477.5 266.0 483.1 259.5 488.5 270.0 489.5 0.9994
168.9 431.1 46.6 43.4 190.9 444.0 201.8 442.0 207.8 446.4 203.5 459.5 210.8 458.3 0.9992
356.1 472.6 21.6 25.6 361.3 482.3 371.1 480.9 366.7 484.8 363.4 491.2 371.5 490.1 0.9991
0.0 392.6 43.5 57.4 23.9 415.0 40.4 416.4 38.1 426.3 25.5 437.2 37.0 438.3 0.9990
831.0 488.8 26.4 31.7 836.6 500.3 848.0 500.9 840.2 505.5 836.3 511.5 845.7 511.9 0.9990
552.1 466.9 27.0 30.8 555.8 477.7 567.0 477.1 559.3 483.2 557.1 490.0 565.9 489.4 0.9989
392.9 474.5 23.3 30.7 396.1 484.9 404.1 485.2 396.0 489.9 395.8 497.0 401.9 497.0 0.9989
916.3 470.5 39.1 46.0 926.6 488.7 943.3 489.2 933.8 498.1 928.0 505.2 940.9 505.6 0.9988
781.5 482.1 26.3 29.3 789.1 492.5 801.0 494.1 794.1 497.0 788.6 502.6 798.3 503.9 0.9988
731.0 475.0 23.1 29.7 737.6 487.9 748.3 487.2 743.5 493.1 739.4 498.3 748.0 497.9 0.9980
398.1 452.8 21.4 24.8 405.1 464.9 414.2 462.6 411.6 467.8 408.7 472.8 415.5 471.1 0.9956
65.1 444.3 24.7 32.8 70.6 459.3 80.7 457.5 76.0 464.6 73.4 469.9 82.1 468.4 0.9954
89.8 444.6 23.0 27.5 93.7 452.1 103.7 451.5 97.5 457.4 94.6 464.3 103.0 463.8 0.9929
328.2 479.5 21.4 26.4 333.9 487.1 343.9 488.7 338.0 492.4 333.3 498.0 341.3 499.3 0.9908
790.9 456.2 21.0 25.0 794.4 466.0 803.4 467.1 796.5 470.8 794.1 475.4 800.5 476.1 0.9893
280.7 462.9 20.9 28.0 286.7 474.8 295.4 475.0 290.9 480.7 287.6 485.6 294.2 485.6 0.9856
159.0 349.6 17.2 21.8 169.4 358.6 174.4 358.7 173.1 364.0 167.8 367.3 171.2 367.6 0.9826
210.5 354.9 13.6 19.6 212.4 362.5 216.6 363.0 212.6 366.7 212.4 370.4 215.2 370.7 0.9788
585.6 469.6 19.5 22.5 591.7 477.7 601.3 478.0 596.7 483.3 592.4 487.4 599.6 487.7 0.9627
361.8 454.5 17.0 22.9 373.0 464.4 377.3 464.1 377.5 468.9 373.3 472.9 376.1 472.9 0.9153
312.2 463.5 13.7 16.6 315.0 469.1 321.0 469.0 317.3 472.0 315.5 475.9 320.1 475.8 0.8916
438.1 460.8 16.8 22.2 444.4 468.4 452.1 468.4 448.9 472.7 444.8 477.3 450.9 477.3 0.8491
868.9 470.0 28.1 33.8 878.0 482.4 890.2 481.0 885.9 487.8 881.6 495.5 891.0 494.3 0.8273
756.2 484.2 17.6 24.0 762.3 493.4 770.0 493.8 766.2 498.6 762.4 502.5 768.4 502.9 0.8070
810.9 478.9 17.9 23.3 816.3 487.0 824.1 486.8 820.6 491.8 817.3 496.7 823.5 496.6 0.7593
6.1 374.0 34.1 40.1 19.5 391.3 33.5 391.4 29.1 399.1 21.1 405.4 31.9 405.6 0.6652
759.8 468.1 14.2 15.5 763.5 473.8 770.5 473.6 767.2 477.4 764.6 480.7 769.9 480.6 0.5738
