2--Demonstration/2_Demonstration_Political_Rally_2_737.jpg
11
579.7 356.5 51.4 62.0 604.7 375.8 625.4 379.1 620.7 388.3 605.2 400.3 621.9 403.1 0.9995
520.1 376.9 32.3 38.0 535.8 389.9 548.4 389.2 546.8 397.3 539.3 405.9 547.9 405.4 0.9994
431.0 338.8 45.3 61.2 441.2 362.8 462.5 360.7 452.6 372.8 445.6 385.3 463.0 383.6 0.9994
665.5 388.0 64.9 77.4 706.1 417.9 720.2 418.0 719.4 435.6 697.2 445.5 706.5 446.7 0.9993
625.0 320.0 28.8 39.5 636.8 334.6 649.0 334.0 646.0 340.8 640.0 349.9 648.9 349.5 0.9988
982.1 245.3 41.6 94.1 1025.4 278.5 1028.0 279.3 1036.0 297.0 1020.3 313.9 1022.7 315.5 0.9973
509.0 340.8 28.4 30.2 525.8 348.7 533.4 348.8 534.9 354.1 527.8 361.1 533.6 361.4 0.9949
99.5 318.9 42.3 53.9 110.4 334.1 130.6 334.2 120.3 345.5 113.1 358.0 127.3 358.3 0.9900
482.2 355.8 10.3 14.1 519.8 288.7 526.1 289.0 526.6 293.6 520.0 299.3 524.7 299.8 0.9196
50.8 348.2 22.0 33.1 122.5 332.7 148.2 332.2 134.3 347.2 125.1 360.8 144.4 360.4 0.7775
122.7 299.6 73.8 91.6 472.3 304.5 476.1 303.8 473.7 311.3 478.8 315.2 481.2 314.4 0.7757
