2--Demonstration/2_Demonstration_Demonstration_Or_Protest_2_666.jpg
309
61.1 551.8 28.6 30.3 70.4 565.9 82.2 560.9 79.9 570.0 76.8 576.8 85.5 573.0 0.9997
144.9 482.3 16.4 21.6 154.7 490.7 157.6 489.4 160.3 493.6 157.9 499.0 159.7 498.2 0.9997
163.3 520.6 25.5 29.6 170.6 533.7 181.4 529.8 178.8 537.2 176.3 544.4 184.2 541.4 0.9996
173.8 593.2 24.2 29.1 180.9 607.8 190.9 603.5 188.7 611.2 186.3 617.2 193.9 613.9 0.9996
249.8 482.9 18.8 22.4 259.4 491.7 266.5 492.2 264.5 496.4 259.2 500.0 264.5 500.5 0.9996
439.2 585.2 26.0 34.3 452.1 600.2 462.3 599.5 459.9 607.1 453.1 612.6 460.5 612.4 0.9995
1.4 421.9 18.7 22.4 6.7 431.2 14.8 430.2 11.3 434.6 8.5 439.0 14.8 438.3 0.9995
447.9 512.5 19.9 23.6 453.1 524.1 461.3 521.2 458.6 527.9 457.2 532.5 462.9 530.2 0.9994
798.3 596.3 25.1 23.2 809.3 603.1 815.3 609.2 807.2 608.8 802.3 610.4 806.0 615.0 0.9994
592.3 434.4 16.0 20.2 599.2 441.5 605.7 442.2 603.1 446.1 599.1 449.5 603.9 450.1 0.9994
529.4 597.9 23.4 28.7 538.0 609.8 548.8 607.7 546.0 613.9 541.2 620.1 549.6 618.5 0.9993
955.6 343.3 13.2 14.9 958.4 349.6 964.0 348.8 961.4 352.2 960.1 355.2 964.1 354.5 0.9993
260.8 560.2 23.4 27.3 269.5 572.0 279.7 570.3 276.5 577.6 271.8 582.0 279.3 580.7 0.9993
1.6 649.6 34.2 31.2 9.5 665.9 24.7 663.2 17.9 673.0 14.6 679.2 25.5 677.1 0.9993
176.2 343.8 14.3 17.7 180.0 352.4 186.6 351.8 183.5 355.9 181.5 358.7 186.2 358.3 0.9993
951.9 466.7 18.0 23.9 960.2 477.8 967.1 477.8 964.8 482.6 959.9 485.6 965.5 485.8 0.9993
308.5 286.1 10.4 13.3 311.5 291.5 316.3 291.2 314.1 293.8 312.2 296.3 316.2 296.1 0.9992
391.2 527.0 18.7 23.9 399.5 537.4 406.8 535.4 405.9 541.3 402.2 546.6 407.3 545.2 0.9992
470.0 307.9 12.7 16.6 472.8 314.4 478.5 313.9 475.6 317.5 473.7 320.5 478.5 320.2 0.9992
611.6 618.9 24.8 29.8 621.1 630.6 631.7 629.1 628.9 635.7 623.5 641.7 631.8 640.6 0.9992
342.5 535.3 19.8 23.8 353.5 544.9 359.5 543.2 359.7 548.8 355.2 554.2 359.3 553.1 0.9992
790.5 362.0 12.2 16.0 794.4 368.8 799.8 369.3 797.1 372.1 794.1 374.5 798.6 375.0 0.9992
404.2 453.8 14.3 20.4 407.2 460.7 410.7 462.7 405.4 465.2 405.1 468.5 407.6 469.9 0.9991
281.4 397.7 16.1 22.5 287.8 407.1 294.5 407.7 291.8 411.5 288.0 414.8 293.3 415.3 0.9991
453.5 421.2 17.9 23.2 459.1 432.3 467.2 431.8 463.8 436.8 460.7 440.3 466.6 440.0 0.9991
766.1 466.7 16.6 19.9 771.4 473.5 778.8 475.8 774.0 479.2 770.0 481.5 775.5 483.4 0.9991
907.8 397.4 12.8 15.7 914.8 403.0 919.2 403.0 918.6 406.6 915.4 409.8 918.2 409.9 0.9991
192.4 333.3 13.9 18.1 197.0 341.5 203.4 341.0 200.9 344.6 198.3 348.0 203.0 347.7 0.9991
109.3 423.2 18.4 22.4 115.4 432.9 123.4 432.2 120.2 437.6 117.3 441.5 123.1 440.9 0.9991
631.6 466.8 16.8 20.7 640.0 474.5 646.5 474.7 644.6 479.4 640.0 483.3 644.5 483.6 0.9990
35.8 453.8 18.4 21.5 39.6 463.0 47.5 460.4 44.6 465.8 43.2 470.9 49.4 468.8 0.9990
540.0 502.8 18.6 24.8 552.7 513.5 555.9 512.4 557.4 517.9 551.7 522.5 553.9 522.0 0.9990
683.8 456.6 17.4 16.6 690.4 463.6 697.8 465.9 693.0 469.2 688.8 470.1 693.2 472.0 0.9990
745.2 292.4 9.5 12.5 747.6 297.4 751.0 297.6 748.8 299.7 747.8 301.8 750.5 301.9 0.9990
229.3 336.0 14.6 18.3 232.2 343.7 238.5 342.5 235.4 347.1 234.2 350.7 239.1 349.7 0.9990
384.3 562.9 23.4 28.9 391.0 575.8 400.9 572.9 398.0 580.3 395.6 586.3 402.8 584.0 0.9990
587.2 406.2 14.9 19.6 592.6 415.6 599.1 415.4 596.3 419.6 593.3 422.6 597.9 422.5 0.9990
729.3 467.0 17.2 22.3 734.1 475.2 742.3 476.2 737.7 479.7 733.5 483.5 740.4 484.2 0.9989
479.0 408.0 15.6 20.5 485.5 416.8 491.9 417.0 489.5 421.2 485.8 424.4 490.4 424.6 0.9989
220.3 532.3 19.1 22.3 227.3 540.7 236.2 539.9 233.1 545.8 229.1 550.0 235.5 549.5 0.9989
153.1 294.1 13.4 15.9 157.3 300.4 163.0 299.9 160.7 303.0 158.4 306.1 162.9 305.8 0.9989
862.9 410.5 15.3 18.1 870.1 418.2 876.1 418.2 874.3 422.3 870.5 425.2 874.6 425.3 0.9989
171.1 430.2 16.1 20.7 178.8 438.3 185.1 438.4 183.4 442.6 179.4 446.2 184.1 446.4 0.9989
116.9 616.4 24.8 31.0 127.2 629.5 137.6 627.2 135.5 634.1 130.7 641.1 138.3 639.3 0.9989
334.6 444.4 16.6 21.5 342.3 453.7 349.2 452.7 347.8 457.8 343.8 461.7 348.8 461.1 0.9989
596.4 381.7 13.9 17.8 604.8 389.8 608.7 389.8 608.2 393.7 604.3 396.1 606.6 396.3 0.9988
978.4 325.4 12.2 14.1 981.8 331.0 987.3 331.5 984.3 334.0 982.0 336.4 986.1 336.8 0.9988
372.9 313.5 13.4 15.9 376.9 319.5 382.8 319.4 380.2 322.3 377.6 325.4 382.5 325.3 0.9987
765.3 427.6 13.8 18.4 768.6 435.1 775.2 434.6 772.2 438.2 769.6 441.6 775.3 441.2 0.9987
897.9 363.5 13.7 17.5 901.9 370.7 908.2 370.6 905.3 373.9 902.6 377.1 907.5 377.0 0.9987
575.5 561.5 20.4 27.1 582.2 572.6 591.7 572.1 587.8 578.0 583.7 583.0 590.9 582.7 0.9987
743.7 426.3 12.6 17.8 752.4 432.9 755.0 432.8 755.9 436.3 752.3 439.6 754.2 439.8 0.9987
219.4 626.4 25.6 32.3 226.0 641.3 238.0 640.6 232.1 647.4 227.5 651.7 237.4 651.2 0.9986
967.4 388.6 12.4 15.1 970.9 394.3 976.6 394.4 973.8 397.2 971.3 400.0 975.9 400.0 0.9986
369.8 368.9 13.4 17.8 374.4 376.0 379.9 375.8 377.6 378.8 375.0 381.9 379.8 381.8 0.9986
533.1 428.0 17.5 23.9 537.4 438.2 545.5 439.2 540.7 443.3 537.5 446.6 543.5 447.3 0.9986
826.7 325.2 11.7 14.9 830.1 331.1 835.4 331.3 832.8 334.3 830.6 336.8 834.7 337.0 0.9986
232.8 397.6 13.2 17.7 237.9 405.0 243.3 404.2 241.9 407.9 239.5 411.5 243.8 410.9 0.9986
774.0 319.3 11.9 15.1 777.6 325.2 783.2 325.1 780.7 328.1 778.2 331.1 782.5 331.1 0.9986
935.8 339.4 13.7 15.1 940.6 344.6 946.3 346.0 943.1 348.6 940.0 350.9 943.9 352.0 0.9985
18.3 375.1 16.2 19.8 26.7 383.6 32.6 383.0 31.8 387.0 27.7 390.6 32.2 390.4 0.9985
328.6 577.4 20.3 28.5 336.7 588.9 344.7 588.9 341.7 594.1 337.2 599.1 343.7 599.3 0.9985
606.3 293.2 11.9 15.3 610.7 299.6 615.8 299.4 614.0 302.2 611.6 305.1 615.5 304.9 0.9985
639.7 351.9 12.2 18.9 647.0 360.8 650.4 360.6 650.3 364.6 646.5 367.4 648.6 367.4 0.9984
238.5 313.8 13.7 17.7 241.8 321.7 247.9 321.1 245.0 324.8 243.3 328.0 248.2 327.4 0.9983
93.1 438.0 17.4 20.4 98.0 445.7 105.4 444.1 102.8 449.1 100.7 453.9 106.3 452.7 0.9983
278.2 308.4 12.3 16.0 282.5 314.6 287.8 314.4 285.8 317.6 283.4 320.6 287.6 320.5 0.9983
886.8 309.7 10.6 13.3 889.1 315.2 893.7 315.2 891.1 318.0 889.9 320.4 893.1 320.4 0.9982
259.6 292.7 10.4 12.4 262.3 296.8 267.1 296.9 264.6 299.3 262.7 301.9 266.6 301.9 0.9982
713.4 600.5 21.8 28.6 721.5 612.5 731.1 612.9 727.1 618.8 722.1 623.0 729.1 623.4 0.9982
429.8 295.1 12.1 15.4 434.2 301.1 439.5 301.0 437.5 304.0 434.8 306.9 439.1 307.0 0.9982
529.8 405.4 15.2 19.0 535.6 413.7 542.0 413.6 539.5 417.8 536.5 420.9 540.8 420.9 0.9981
282.1 466.1 15.4 18.6 285.9 475.1 292.6 472.3 290.9 477.2 289.8 481.7 294.5 479.6 0.9981
784.6 518.3 15.6 20.0 788.6 524.2 792.4 525.5 787.0 528.3 787.0 532.8 789.2 533.6 0.9981
391.8 412.1 14.7 20.1 396.8 420.2 403.4 418.9 401.5 423.2 398.7 427.7 404.1 426.8 0.9981
633.2 527.9 17.3 21.6 635.7 535.3 641.9 537.5 635.7 540.7 635.1 544.1 639.4 545.5 0.9981
130.6 271.9 13.1 14.7 136.5 279.0 140.7 276.8 141.3 280.1 139.9 284.0 142.7 282.4 0.9980
111.6 243.0 10.5 13.0 114.6 248.1 119.4 248.0 117.1 250.8 115.3 253.3 119.0 253.2 0.9980
218.4 312.9 14.7 17.0 221.7 321.5 228.0 319.1 226.1 323.7 225.1 327.3 229.7 325.5 0.9980
224.2 422.8 16.7 19.6 228.6 431.2 235.9 429.2 233.5 433.6 231.9 438.6 237.1 437.0 0.9980
840.3 473.9 20.4 24.0 848.7 483.6 857.4 484.2 854.0 489.1 848.9 492.7 855.4 493.3 0.9980
968.3 355.9 12.7 14.5 971.1 360.1 976.4 361.8 972.0 363.9 970.1 366.2 973.9 367.5 0.9979
730.7 306.0 10.0 13.1 733.1 311.2 737.5 311.2 735.1 313.6 733.5 316.0 737.2 315.9 0.9978
282.5 527.5 19.0 21.6 292.1 537.6 298.4 535.6 297.8 541.8 293.9 545.8 297.8 544.4 0.9977
716.5 370.2 11.7 15.7 720.3 375.6 725.5 376.7 722.6 379.4 719.8 382.0 723.9 382.8 0.9977
52.9 362.4 12.8 15.5 55.3 368.1 60.9 368.7 57.0 371.6 55.4 374.4 59.5 374.8 0.9977
1011.7 421.6 11.7 20.8 1018.2 429.4 1025.7 429.4 1023.1 433.3 1019.2 437.4 1025.0 437.5 0.9977
333.5 400.7 14.5 19.4 338.7 408.4 345.2 408.6 342.2 412.7 339.0 415.9 343.8 416.2 0.9976
141.9 332.6 12.1 15.5 144.8 338.9 150.4 338.3 148.0 341.6 146.3 344.6 150.8 344.1 0.9976
297.6 627.4 23.6 29.3 305.0 641.8 315.9 639.0 312.7 645.9 308.8 651.3 317.3 649.2 0.9976
778.7 292.1 9.8 11.9 781.8 297.2 786.3 296.9 784.4 299.4 782.6 301.6 786.1 301.4 0.9975
759.9 302.1 9.5 11.5 763.4 306.6 767.7 306.9 765.7 309.1 763.3 311.1 766.7 311.4 0.9974
843.9 438.0 17.3 17.5 850.7 442.7 858.4 444.8 854.1 446.7 849.2 449.6 855.3 451.4 0.9974
665.2 534.6 20.3 24.7 672.8 543.8 681.9 543.5 679.1 548.0 674.9 553.5 681.6 553.3 0.9974
693.6 379.9 13.2 15.5 699.8 386.8 704.7 387.0 702.8 390.7 699.3 392.8 702.6 393.1 0.9974
807.9 320.7 10.2 12.9 810.2 324.9 814.7 326.0 811.5 328.1 809.6 330.3 812.9 331.1 0.9974
507.6 315.2 12.8 17.2 512.2 322.5 517.9 322.0 515.7 325.6 513.2 328.9 517.5 328.6 0.9974
19.1 351.1 12.6 15.2 22.7 357.5 28.6 356.5 26.3 360.0 24.5 363.2 28.9 362.5 0.9974
439.3 269.6 10.6 13.4 441.3 274.7 446.0 274.6 443.2 277.2 441.9 280.0 445.4 279.9 0.9973
585.9 315.5 12.0 13.9 589.4 321.4 595.0 320.6 592.9 324.0 590.9 326.7 595.0 326.1 0.9972
210.1 406.4 13.9 17.9 211.5 413.8 216.7 413.8 212.8 417.9 213.1 421.1 216.4 421.1 0.9972
906.5 327.8 11.0 13.1 909.1 332.8 914.2 333.0 911.4 335.6 909.6 338.0 913.4 338.1 0.9972
219.7 261.0 10.3 13.2 223.5 266.5 227.7 266.1 226.3 268.7 224.3 271.3 227.7 271.1 0.9971
915.0 509.5 19.1 23.7 922.1 516.8 930.5 517.7 926.9 521.1 922.1 525.9 928.9 526.7 0.9970
98.3 331.6 12.6 14.9 100.8 337.0 105.8 336.9 102.3 339.4 101.2 342.7 104.8 342.6 0.9969
858.5 330.4 11.0 13.0 862.8 335.3 867.4 335.8 865.3 338.2 862.5 340.4 866.2 340.8 0.9969
443.4 321.4 12.4 14.5 449.7 327.0 454.1 327.8 452.3 330.8 448.8 332.8 451.8 333.6 0.9969
265.0 248.6 10.8 14.4 268.0 254.5 272.8 253.8 270.8 257.0 269.2 260.0 272.9 259.5 0.9968
854.2 308.1 10.0 13.3 857.0 313.3 861.8 313.3 859.4 316.1 857.7 318.7 861.2 318.7 0.9968
656.9 307.6 10.3 12.3 659.6 312.0 664.3 311.8 661.8 314.4 660.1 317.0 663.7 316.9 0.9967
268.2 229.9 7.9 10.0 270.3 233.9 273.8 233.6 272.3 235.5 270.9 237.4 273.8 237.3 0.9966
255.9 260.5 10.5 14.4 259.8 267.2 264.5 267.1 262.5 270.0 260.3 272.3 263.7 272.3 0.9966
458.2 243.7 8.4 10.9 460.9 248.1 464.4 247.9 463.0 249.9 461.4 251.9 464.3 251.8 0.9965
245.3 449.4 14.5 20.5 252.0 457.9 257.4 457.0 256.1 461.7 253.2 465.9 256.8 465.3 0.9965
1015.6 389.0 7.9 16.5 1020.0 395.3 1026.3 395.7 1023.3 398.7 1020.2 401.5 1025.2 401.8 0.9965
110.4 283.6 9.7 12.6 113.6 289.0 117.7 288.7 116.1 291.1 114.4 293.4 117.7 293.2 0.9964
420.2 336.5 11.7 15.6 424.1 342.8 429.4 342.6 427.2 346.0 425.0 349.0 428.7 348.9 0.9964
96.6 287.0 10.8 15.3 103.4 293.5 105.9 293.1 106.7 296.0 104.2 298.9 105.7 298.9 0.9964
918.0 313.8 11.6 14.1 920.3 319.0 925.8 318.8 922.6 321.9 921.2 324.9 925.6 324.7 0.9963
352.0 293.4 11.6 14.6 356.0 300.3 361.0 299.1 359.4 302.8 357.7 305.7 361.2 304.9 0.9963
632.9 430.1 15.3 18.1 637.9 438.8 644.6 438.2 641.8 442.6 639.4 445.5 643.9 445.1 0.9963
960.9 322.1 9.5 12.1 962.9 326.9 967.4 326.8 965.0 329.3 963.6 331.7 966.9 331.5 0.9962
170.2 294.3 10.5 13.4 173.3 299.9 178.1 299.7 176.0 302.4 174.0 304.9 177.9 304.8 0.9961
833.2 365.3 11.1 13.8 836.1 370.2 841.6 370.0 839.0 373.2 837.1 376.2 841.2 376.0 0.9961
750.6 376.1 10.0 12.4 752.8 380.7 757.7 381.1 754.8 383.5 752.7 385.8 756.7 386.0 0.9961
773.2 344.6 12.5 15.1 777.4 350.6 783.2 350.6 780.6 353.5 777.8 356.2 782.5 356.2 0.9960
346.6 276.1 11.1 14.9 351.7 282.9 356.4 282.8 354.8 286.0 352.1 288.3 355.5 288.3 0.9960
204.9 288.6 13.4 16.3 208.5 295.9 213.9 295.1 211.7 298.6 210.2 301.9 214.0 301.3 0.9960
789.5 282.2 9.0 11.7 791.9 286.8 795.9 286.7 793.9 289.0 792.5 291.3 795.4 291.2 0.9959
130.0 353.3 13.4 15.3 134.8 360.8 140.1 358.7 139.4 362.8 137.8 366.2 141.5 364.6 0.9959
487.1 246.6 9.9 11.9 489.7 251.2 494.4 251.0 492.3 253.7 490.5 256.0 494.2 255.9 0.9959
185.9 259.7 11.4 14.2 188.7 266.2 193.6 265.7 191.2 268.7 189.9 271.3 193.4 271.0 0.9958
25.0 490.7 16.9 20.7 34.4 499.3 37.3 497.0 40.4 501.6 38.3 506.9 40.1 505.4 0.9958
568.3 302.6 10.6 14.1 571.1 308.7 576.2 308.2 573.9 311.0 572.3 313.9 576.1 313.5 0.9956
548.8 322.1 11.3 15.2 552.7 328.4 558.1 328.3 555.9 331.6 553.4 334.4 557.3 334.4 0.9956
39.1 529.4 21.4 28.1 49.5 541.8 56.1 541.1 55.0 547.4 51.0 552.3 55.6 552.0 0.9955
403.2 280.0 10.0 11.6 407.1 285.2 411.3 285.9 409.3 288.1 406.9 289.4 409.7 290.0 0.9954
681.0 263.4 9.1 11.8 682.7 268.5 686.7 268.6 684.3 270.9 683.1 272.9 686.3 272.9 0.9953
188.8 483.5 17.1 19.0 195.1 493.0 202.4 491.8 200.2 496.9 197.1 500.1 201.9 499.3 0.9953
948.5 278.7 10.7 14.1 950.7 285.2 955.5 285.2 952.9 288.1 951.5 290.3 955.0 290.3 0.9952
803.3 305.3 9.2 11.9 805.7 309.9 810.0 309.8 807.9 312.1 806.1 314.3 809.7 314.3 0.9951
561.8 272.6 9.1 11.9 564.5 277.3 568.6 277.2 566.6 279.4 564.9 281.6 568.3 281.6 0.9951
934.3 320.0 9.6 12.0 937.3 324.9 941.7 325.1 939.5 327.5 937.6 329.6 941.0 329.7 0.9949
577.8 267.6 9.1 10.9 579.7 272.5 584.0 271.9 582.1 274.4 581.0 276.6 584.1 276.0 0.9949
283.2 271.8 10.6 12.8 286.2 277.2 291.1 277.0 288.9 279.7 286.9 282.0 290.9 281.9 0.9948
18.3 294.2 13.1 14.9 23.0 302.3 28.3 299.8 27.6 304.2 26.3 307.3 29.9 305.4 0.9945
531.2 263.2 9.6 12.7 534.4 268.4 538.6 268.3 536.8 270.7 534.9 273.1 538.2 273.1 0.9945
731.8 273.5 9.4 12.3 734.9 277.9 739.5 278.4 737.2 281.0 734.9 283.1 738.3 283.5 0.9944
727.9 359.2 10.1 13.8 731.1 364.4 736.0 364.7 733.8 367.5 731.6 370.1 735.1 370.4 0.9944
747.7 261.2 9.4 12.0 750.6 266.0 754.9 266.4 752.7 268.7 750.9 270.8 753.9 271.0 0.9943
181.5 278.9 9.6 12.7 185.3 283.7 189.3 283.4 188.1 285.9 186.1 288.6 189.1 288.5 0.9943
997.0 341.5 11.0 13.9 1002.6 347.2 1006.6 347.5 1005.5 350.2 1002.6 352.6 1005.3 352.9 0.9942
787.1 256.4 9.9 10.8 790.1 260.1 794.4 260.2 792.4 262.7 790.6 264.7 793.8 264.8 0.9940
0.0 334.8 11.2 15.4 2.3 340.5 8.3 340.6 5.6 344.0 3.0 346.9 7.6 346.9 0.9939
412.5 298.1 11.7 15.3 417.5 305.3 422.0 305.3 420.3 308.3 417.9 310.8 421.1 310.8 0.9938
389.6 297.3 11.0 14.5 392.0 303.0 397.1 302.5 394.8 305.4 393.1 308.3 397.4 308.0 0.9938
534.0 282.6 9.6 12.0 537.8 287.0 541.4 287.0 540.1 289.5 538.1 291.9 541.0 292.0 0.9937
423.9 258.7 8.9 11.7 426.5 263.6 430.5 263.5 428.7 265.8 427.1 267.9 430.2 267.8 0.9936
734.9 248.9 8.7 10.5 738.3 253.1 742.0 253.0 740.6 255.2 738.7 257.1 741.6 257.2 0.9932
489.2 506.5 13.6 18.5 497.2 515.1 500.7 513.9 501.4 518.0 498.6 521.8 500.6 521.1 0.9931
182.0 318.9 12.5 14.3 185.7 326.1 190.9 323.9 189.7 327.8 188.7 331.1 192.6 329.4 0.9928
594.6 274.1 9.8 13.2 597.0 279.2 601.7 279.3 599.2 281.8 597.2 284.1 601.1 284.2 0.9928
292.4 231.7 8.8 11.1 295.3 235.8 299.3 235.6 297.7 237.9 295.9 240.1 299.1 240.0 0.9926
885.3 361.3 11.6 15.7 891.7 367.8 895.4 367.6 894.9 371.0 892.0 373.8 894.6 373.8 0.9924
956.6 422.1 11.1 15.3 959.5 427.2 962.8 428.8 958.8 430.8 958.3 433.3 960.4 434.4 0.9924
211.0 250.1 11.1 14.7 215.4 255.9 220.2 255.8 218.3 259.2 215.8 261.9 219.4 261.9 0.9919
943.4 294.8 9.2 11.2 946.3 298.7 950.5 299.5 948.1 301.4 946.0 303.2 949.2 303.8 0.9919
684.8 296.0 9.7 11.7 687.0 300.6 691.3 300.5 689.1 302.9 687.7 305.1 691.0 305.0 0.9917
848.6 291.7 13.0 15.8 854.0 298.1 859.2 297.9 857.4 301.3 854.6 304.2 858.5 304.2 0.9915
690.7 309.0 10.2 13.1 693.2 313.9 697.6 313.6 695.4 316.4 694.0 319.1 697.5 318.9 0.9914
133.4 230.5 9.7 12.2 135.4 235.5 139.7 235.0 137.5 237.9 136.6 240.3 139.8 239.9 0.9912
661.2 276.5 9.5 11.4 664.1 281.0 668.3 280.9 666.4 283.3 664.8 285.4 667.9 285.3 0.9911
84.6 351.3 12.4 15.0 88.1 357.2 93.8 356.9 91.1 360.4 89.2 363.5 93.3 363.2 0.9909
356.6 219.9 9.1 11.5 358.6 224.9 362.8 224.9 360.6 227.3 359.3 229.3 362.3 229.3 0.9908
726.4 294.7 9.0 11.5 729.0 299.0 733.1 299.2 730.9 301.3 729.1 303.4 732.4 303.5 0.9903
850.2 347.5 9.7 13.6 852.3 353.1 856.4 353.6 853.6 356.0 852.4 358.3 855.2 358.7 0.9903
921.4 273.8 11.3 13.5 925.4 279.3 930.4 280.1 927.9 282.8 925.2 284.6 928.8 285.3 0.9900
124.5 296.0 10.6 12.8 128.0 301.2 132.9 301.4 130.6 304.0 128.2 306.3 132.0 306.5 0.9900
501.7 233.4 9.8 12.3 504.8 238.8 509.2 238.8 507.1 241.2 505.2 243.4 508.6 243.4 0.9900
321.6 306.2 9.7 12.7 323.9 311.2 328.3 311.2 325.9 313.7 324.3 316.1 327.9 316.1 0.9896
201.1 233.9 10.1 12.6 203.0 239.0 207.7 238.9 205.0 241.4 203.7 243.9 207.1 243.8 0.9891
955.2 298.9 10.3 12.3 957.5 303.5 961.9 305.0 958.3 306.5 956.6 308.3 959.5 309.4 0.9886
250.4 241.5 8.7 11.2 253.8 245.6 257.6 245.6 256.2 247.9 254.1 250.2 257.2 250.2 0.9885
613.8 281.2 8.7 11.2 617.4 285.5 621.0 285.2 619.9 287.7 618.1 290.0 620.8 289.9 0.9876
504.9 288.7 10.9 14.2 506.8 293.8 511.8 293.7 508.9 297.0 507.7 299.9 511.4 299.8 0.9873
654.3 251.5 10.0 11.8 657.8 256.3 662.3 256.7 660.2 258.9 658.0 260.8 661.2 261.1 0.9873
346.7 261.7 9.5 12.0 349.4 267.1 354.1 267.1 351.9 269.6 350.1 271.7 353.4 271.7 0.9866
711.6 280.8 9.7 12.3 714.1 285.4 718.4 285.8 715.8 288.0 714.0 290.2 717.4 290.5 0.9859
466.2 289.9 12.0 14.4 471.4 296.1 476.1 296.1 474.4 299.0 471.6 301.4 475.1 301.5 0.9858
992.7 282.9 10.1 12.4 996.3 287.4 1000.4 287.4 998.8 289.7 996.7 292.2 1000.0 292.2 0.9856
452.3 232.2 7.4 9.2 454.3 235.6 457.7 235.7 455.9 237.4 454.5 239.2 457.3 239.2 0.9852
1006.8 357.6 9.8 11.5 1011.9 362.1 1015.1 362.5 1014.0 365.2 1011.6 366.9 1013.5 367.3 0.9850
706.1 330.6 9.9 14.3 713.0 336.3 714.6 336.0 715.5 339.0 713.2 341.9 714.2 341.8 0.9850
431.5 383.0 11.2 15.3 434.0 388.8 438.8 388.9 435.9 391.7 434.3 394.7 438.3 394.7 0.9849
685.2 246.5 9.2 12.0 687.1 251.2 691.1 251.6 688.4 253.8 687.1 255.9 690.2 256.1 0.9840
656.1 290.6 9.5 12.1 658.4 295.6 662.9 295.4 660.6 298.1 659.1 300.4 662.4 300.3 0.9835
1005.0 313.0 10.6 14.1 1007.9 318.0 1012.7 318.9 1009.7 321.5 1007.6 323.7 1011.1 324.3 0.9825
402.5 313.6 10.3 14.2 405.3 319.1 409.6 319.0 407.5 321.8 405.9 324.6 409.3 324.6 0.9814
154.7 246.6 9.3 12.5 158.1 251.5 162.0 251.0 160.8 253.8 159.2 256.4 162.0 256.1 0.9813
762.3 258.8 8.0 9.7 765.9 262.5 769.2 262.6 768.0 264.8 765.9 266.7 768.4 266.9 0.9810
556.4 249.3 8.4 10.8 558.1 253.5 562.1 253.5 559.9 255.8 558.7 257.9 561.5 257.9 0.9809
244.0 219.6 8.6 10.7 247.8 223.8 251.1 223.6 250.2 225.8 248.4 228.1 250.9 228.0 0.9794
522.5 259.6 7.9 10.6 524.6 264.1 528.2 264.1 526.3 266.3 524.9 268.3 527.8 268.3 0.9794
232.1 280.7 9.5 12.2 233.9 285.2 237.7 285.1 235.3 287.7 234.5 290.3 237.5 290.2 0.9791
524.7 241.5 11.0 14.4 526.5 247.8 531.3 248.0 528.2 250.9 527.2 253.3 530.8 253.4 0.9789
809.8 266.7 9.3 10.6 813.2 270.7 817.2 271.3 815.2 273.2 813.0 274.7 816.0 275.2 0.9780
221.5 217.6 9.3 11.4 223.7 221.7 228.1 221.8 225.8 224.2 224.3 226.5 227.6 226.5 0.9777
473.8 223.5 7.7 9.8 475.9 227.2 479.1 227.3 477.2 229.2 476.0 231.1 478.5 231.2 0.9766
878.9 262.6 8.6 10.7 880.8 266.7 885.1 266.9 882.7 269.1 881.0 271.1 884.4 271.2 0.9764
877.0 343.2 10.9 14.2 879.5 348.1 883.7 349.4 880.2 351.4 878.6 353.8 881.5 354.7 0.9757
802.0 243.8 8.2 10.3 804.4 248.3 808.1 248.2 806.3 250.3 804.9 252.1 807.8 252.0 0.9752
490.1 229.5 7.4 10.0 492.2 234.1 495.2 233.7 493.9 235.8 493.1 237.6 495.4 237.3 0.9750
54.5 329.2 10.5 14.1 57.5 335.4 62.0 334.1 60.8 337.4 59.5 340.7 62.9 339.7 0.9747
535.1 232.0 8.4 10.3 537.2 236.1 541.0 236.1 539.0 238.2 537.6 240.1 540.6 240.1 0.9744
293.9 254.3 9.4 11.2 295.8 258.2 300.0 258.4 297.4 260.7 296.0 263.0 299.4 263.1 0.9742
345.7 248.6 8.5 10.6 347.9 252.9 351.9 252.8 349.9 254.9 348.4 257.0 351.7 256.9 0.9741
655.7 351.4 11.3 15.6 659.0 358.4 664.2 358.5 661.6 361.8 659.5 364.3 663.2 364.4 0.9720
517.0 308.7 11.5 15.4 519.5 315.2 524.5 314.5 522.3 318.0 521.1 321.2 524.8 320.7 0.9714
611.4 259.4 8.6 10.8 614.3 263.8 618.1 263.6 616.6 265.8 614.8 267.9 617.9 267.9 0.9711
510.9 246.8 7.9 10.3 514.2 250.9 517.2 250.7 516.5 252.8 514.9 254.8 517.2 254.7 0.9706
437.7 496.8 18.1 20.7 446.0 502.3 452.6 502.8 449.9 506.8 445.9 511.3 451.0 511.8 0.9685
0.3 210.2 8.6 10.9 3.4 214.4 7.2 214.4 5.7 216.7 3.9 218.7 6.7 218.8 0.9661
717.6 246.0 8.1 9.6 719.7 249.8 723.3 250.0 721.2 251.8 719.8 253.5 722.7 253.6 0.9659
286.6 179.3 6.8 9.4 290.2 183.1 292.0 183.2 291.7 185.0 290.2 186.7 291.5 186.8 0.9647
686.8 357.7 11.7 14.1 688.7 363.5 693.2 363.8 690.0 366.8 689.4 369.3 692.4 369.4 0.9640
396.9 237.4 8.5 10.7 400.4 241.4 403.7 241.5 402.4 243.4 400.6 245.4 403.2 245.5 0.9631
435.8 249.7 8.2 10.2 437.8 254.1 441.2 253.8 439.5 255.9 438.6 257.8 441.2 257.6 0.9614
255.7 207.1 7.9 10.0 258.1 211.3 261.6 211.2 259.9 213.1 258.5 215.0 261.4 214.9 0.9610
629.5 402.3 10.0 14.3 296.5 397.4 301.6 397.0 299.8 400.4 297.6 403.4 301.2 403.2 0.9548
691.5 405.9 14.0 14.1 631.1 407.7 633.5 408.1 630.6 410.9 631.3 413.8 632.9 414.0 0.9529
300.7 349.3 11.6 15.1 695.8 411.8 702.1 412.9 698.3 416.0 695.3 417.6 699.5 418.5 0.9521
727.3 327.1 10.5 12.8 303.4 354.5 308.6 354.7 305.5 357.5 303.6 360.6 307.8 360.7 0.9491
537.3 373.0 10.3 14.8 733.9 332.9 736.8 332.4 736.8 335.6 734.1 337.8 735.8 337.6 0.9467
151.7 220.0 9.7 11.6 543.9 379.3 545.4 379.0 546.1 382.0 543.8 384.5 544.7 384.5 0.9422
829.1 284.8 9.8 11.8 153.9 224.8 158.1 224.4 156.1 227.1 155.1 229.5 158.1 229.1 0.9421
299.1 218.5 8.4 10.5 832.9 289.3 836.9 289.8 835.0 292.0 832.6 293.8 835.7 294.2 0.9419
397.2 253.7 9.0 12.7 301.4 222.6 305.4 222.5 303.5 224.7 301.9 226.8 305.1 226.7 0.9402
569.0 229.6 8.3 10.8 399.1 258.3 402.9 258.5 400.8 261.1 399.6 263.6 402.5 263.7 0.9377
904.6 260.9 8.6 10.4 571.6 234.2 575.2 234.2 573.5 236.2 571.9 238.1 574.8 238.1 0.9367
863.9 277.7 8.2 11.0 907.5 264.5 911.4 264.7 909.5 266.8 907.7 268.8 910.8 268.9 0.9362
552.3 207.9 9.5 12.5 866.4 282.4 869.9 282.4 868.3 284.7 866.8 286.7 869.5 286.7 0.9348
1018.1 288.1 5.4 14.5 555.9 213.0 560.1 212.9 558.6 215.5 556.4 217.9 559.7 217.9 0.9339
907.9 273.8 10.2 12.2 1021.8 294.5 1026.6 294.1 1024.8 297.2 1023.0 300.0 1026.5 299.7 0.9311
894.7 285.5 9.3 11.6 909.8 279.6 914.5 279.1 912.1 282.3 911.2 284.5 914.3 284.0 0.9289
572.8 192.3 9.3 12.5 897.6 289.1 902.0 289.2 899.9 291.7 898.0 294.2 901.3 294.3 0.9272
160.1 209.1 8.3 9.9 575.8 198.4 580.1 197.6 578.6 200.9 577.3 203.2 580.2 202.7 0.9271
312.3 317.5 11.5 12.9 161.4 213.0 164.2 212.8 162.2 215.0 162.2 217.0 164.3 216.8 0.9232
886.6 243.3 8.2 9.9 316.8 322.2 322.1 322.0 320.2 325.0 317.7 327.6 321.6 327.5 0.9213
483.4 267.3 12.5 14.4 890.2 247.1 893.4 247.3 892.2 249.3 890.1 251.0 892.5 251.3 0.9182
982.0 306.4 9.2 11.7 627.4 327.8 632.5 327.9 629.0 331.2 628.1 334.0 631.6 334.0 0.9168
212.2 229.9 7.8 10.5 486.0 272.1 491.4 272.1 488.1 275.3 486.6 278.7 490.8 278.6 0.9132
380.6 235.3 9.0 11.6 985.3 310.8 989.2 310.9 987.5 313.2 985.4 315.4 988.5 315.6 0.9123
182.4 228.3 9.9 12.4 215.1 234.4 217.9 234.0 217.1 236.2 215.9 238.3 218.0 238.0 0.9096
595.9 247.6 9.3 12.0 382.8 239.5 387.0 239.5 384.8 242.2 383.4 244.5 386.6 244.4 0.9071
371.0 268.4 9.7 12.1 185.1 233.3 189.5 232.9 187.5 235.6 186.3 238.1 189.8 237.8 0.9038
373.3 216.3 7.8 9.6 598.9 252.3 602.6 252.3 600.9 254.8 599.3 257.2 602.2 257.2 0.9030
873.2 247.4 8.8 10.5 373.6 273.4 377.8 273.9 375.3 276.0 373.4 278.1 376.6 278.5 0.8914
939.3 235.8 7.3 8.0 376.1 219.8 379.3 219.6 378.1 221.7 376.6 223.7 379.2 223.6 0.8895
595.1 218.8 9.4 11.0 875.6 251.1 879.6 251.5 877.5 253.6 875.7 255.4 878.7 255.7 0.8881
925.0 238.7 8.9 10.7 941.2 238.3 944.6 238.5 942.7 240.2 941.3 241.8 943.9 242.0 0.8760
347.7 169.6 8.0 9.7 597.6 222.9 601.8 222.9 599.6 225.0 598.0 227.1 601.4 227.1 0.8747
578.2 213.4 8.8 10.2 927.2 242.4 931.6 242.5 929.3 244.9 927.7 247.0 930.8 247.1 0.8730
0.0 266.7 4.5 14.9 486.1 587.4 490.4 588.2 485.1 592.7 486.0 598.0 489.0 598.3 0.8694
510.9 284.1 10.6 15.1 349.5 173.5 352.8 173.4 350.9 175.4 350.1 177.3 352.6 177.2 0.8676
306.6 247.8 10.6 12.9 580.6 217.0 584.9 216.9 582.9 219.2 581.2 221.4 584.7 221.3 0.8631
524.9 437.7 11.0 19.1 -3.1 272.5 1.6 272.2 0.0 275.1 -2.2 278.2 1.5 278.0 0.8623
266.0 162.5 8.0 9.4 513.3 290.8 517.4 290.7 515.2 293.8 514.0 296.7 517.1 296.6 0.8616
528.5 212.3 8.3 10.7 309.4 251.8 314.4 251.7 311.9 254.6 309.9 257.5 313.9 257.4 0.8476
824.4 291.6 11.9 14.9 533.0 443.0 533.4 442.8 535.4 446.5 533.4 451.2 534.0 451.3 0.8450
238.3 269.4 10.0 11.9 268.3 166.2 271.7 166.0 270.0 168.1 268.9 170.0 271.6 169.8 0.8444
857.9 242.6 6.9 8.8 530.4 216.5 533.4 216.3 531.6 218.7 531.0 220.8 533.4 220.6 0.8399
904.0 243.5 8.6 9.7 827.6 297.9 833.2 298.4 830.1 301.6 827.7 303.9 831.7 304.4 0.8365
614.1 206.3 7.4 8.9 240.7 274.3 245.4 273.5 243.3 276.5 242.1 279.1 245.5 278.5 0.8272
57.3 453.4 14.3 16.7 860.0 246.9 862.9 246.8 861.7 248.6 860.5 250.2 862.8 250.1 0.8159
472.0 264.8 8.5 11.8 906.1 247.4 910.0 247.3 908.1 249.4 906.7 251.3 909.8 251.2 0.8120
118.1 422.9 14.6 18.0 616.0 209.5 619.5 209.6 617.7 211.5 616.3 213.3 619.1 213.3 0.8017
604.3 235.3 9.0 11.3 60.1 459.0 67.1 458.9 63.4 463.3 61.4 466.9 66.3 466.8 0.8013
510.5 225.3 7.6 9.7 477.0 269.4 478.8 269.3 479.1 271.7 477.2 274.0 478.3 274.1 0.7945
537.0 206.2 8.2 10.6 850.4 269.2 853.9 269.5 851.4 271.7 850.6 273.9 853.2 274.0 0.7909
624.6 222.2 9.0 11.3 350.1 389.1 354.5 389.2 350.0 393.5 351.0 398.1 354.2 397.9 0.7833
930.4 252.1 8.0 9.5 290.6 403.9 296.4 404.5 293.6 408.1 290.3 410.4 294.7 411.0 0.7824
967.2 251.5 8.1 10.1 118.9 431.4 125.5 430.5 121.9 435.2 121.3 438.7 125.7 437.8 0.7809
350.8 399.9 14.2 13.5 606.9 239.4 610.9 239.2 609.0 241.9 607.8 244.3 610.6 244.2 0.7803
672.4 235.7 7.4 9.3 512.2 229.3 515.2 229.2 513.5 231.2 512.7 233.1 515.0 233.0 0.7767
626.8 197.2 7.0 8.9 540.3 210.0 543.6 209.9 542.6 212.2 540.7 214.3 543.2 214.4 0.7649
449.1 259.2 8.4 9.9 627.4 226.8 631.2 225.9 630.2 228.6 629.1 231.2 631.9 230.5 0.7576
824.1 237.6 8.0 9.5 932.9 255.2 936.6 255.1 935.0 257.3 933.5 259.3 936.4 259.3 0.7564
700.1 259.9 7.1 9.3 969.0 255.4 972.7 255.4 970.6 257.6 969.5 259.5 972.4 259.5 0.7441
438.0 561.9 19.9 21.7 353.9 405.7 359.3 405.7 356.0 409.1 355.4 410.9 359.1 410.8 0.7193
998.4 421.0 11.7 14.6 674.4 239.5 677.7 239.4 676.2 241.3 674.8 243.0 677.5 242.9 0.7139
285.1 212.2 7.7 9.8 628.8 200.8 632.0 200.9 630.4 202.6 629.0 204.2 631.6 204.3 0.6909
708.9 248.6 7.6 9.1 452.0 263.3 455.5 263.1 454.1 265.3 452.7 267.2 455.3 267.1 0.6843
197.1 226.9 8.0 10.6 826.6 241.3 830.3 241.4 828.6 243.4 826.9 245.2 829.8 245.3 0.6658
207.6 177.4 8.1 10.3 78.7 446.7 83.8 446.8 81.1 450.2 79.2 453.8 83.3 453.9 0.6634
550.7 311.5 9.4 12.8 702.2 263.3 705.2 263.3 703.8 265.3 702.5 267.2 704.9 267.2 0.6607
698.1 231.3 7.8 9.6 346.5 347.1 352.3 346.9 350.1 350.5 347.3 354.0 351.9 353.9 0.6486
603.2 204.7 8.2 10.0 446.8 571.2 453.9 570.9 451.8 575.9 448.1 578.8 452.8 578.8 0.6331
372.6 200.0 8.3 11.1 999.7 426.8 1003.5 427.4 1000.1 430.6 1000.4 433.1 1002.9 433.5 0.6242
368.2 243.4 8.6 11.6 566.0 250.7 569.3 250.8 567.7 252.9 566.4 255.0 568.9 255.0 0.6137
90.8 270.6 10.3 12.7 191.0 455.3 197.1 455.5 194.2 459.3 191.2 462.9 196.2 463.1 0.5579
47.9 254.4 9.6 12.2 287.2 215.8 290.8 215.8 289.2 217.9 287.7 219.9 290.5 219.9 0.5524
148.6 232.6 8.4 10.1 711.5 252.2 714.9 252.3 713.3 254.2 711.7 256.0 714.3 256.1 0.5464
642.3 191.4 6.7 7.9 200.7 231.1 203.5 231.0 202.7 233.3 201.1 235.3 203.0 235.3 0.5389
727.0 238.6 7.7 10.1 209.1 181.7 212.6 181.7 210.5 183.8 209.6 185.8 212.3 185.7 0.5327
795.9 429.2 13.8 15.7 554.6 317.3 557.9 317.0 557.0 319.6 555.3 321.9 557.7 321.7 0.5301
509.9 259.8 8.9 12.2 699.9 234.6 703.7 234.7 701.6 236.8 700.2 238.7 703.2 238.7 0.5300
471.4 288.3 8.4 11.2 605.8 208.6 609.5 208.5 607.9 210.6 606.3 212.7 609.3 212.7 0.5244
600.7 512.7 15.6 19.6 375.9 204.8 379.4 204.9 377.9 207.2 376.0 209.0 378.6 209.1 0.5241
122.6 308.3 10.0 13.7 370.5 248.2 374.6 248.2 372.5 250.7 370.9 252.9 374.2 253.0 0.5048
