2--Demonstration/2_Demonstration_Demonstrators_2_636.jpg
22
54.4 350.5 31.5 44.1 76.7 369.0 81.1 367.7 84.8 376.2 76.0 384.4 79.4 383.9 0.9993
259.3 316.9 37.2 43.7 266.6 331.9 283.6 327.9 275.6 336.8 272.0 349.3 285.4 346.1 0.9991
162.7 493.4 31.3 35.3 165.9 504.2 177.6 504.9 167.3 512.9 167.3 520.3 174.7 520.5 0.9990
592.3 330.9 29.3 37.7 604.2 344.2 617.4 343.7 614.0 351.3 606.9 359.4 616.9 359.2 0.9989
74.5 338.3 27.8 36.3 79.0 353.1 86.4 353.1 80.9 360.4 81.9 366.5 86.8 366.4 0.9982
804.6 323.6 23.5 31.1 811.0 335.3 822.1 335.3 816.8 341.8 812.2 347.1 821.1 347.0 0.9981
419.2 320.8 25.5 32.1 428.3 335.0 439.4 334.4 434.9 340.9 430.0 346.5 438.1 346.1 0.9975
385.3 314.0 21.4 29.1 398.2 322.7 403.2 322.8 404.1 328.8 398.5 334.9 402.1 335.4 0.9975
954.4 341.9 23.4 28.6 964.6 354.5 973.8 353.2 971.4 359.4 967.2 364.6 973.7 363.7 0.9974
979.2 288.5 22.9 29.9 984.6 299.4 995.0 299.4 989.3 305.0 985.7 311.0 993.8 311.0 0.9967
353.5 290.4 18.1 23.2 357.5 297.6 365.8 297.8 360.8 301.5 357.7 306.8 364.7 306.9 0.9953
244.1 339.1 22.5 32.1 252.2 349.8 262.1 349.9 258.6 355.6 253.3 362.6 261.1 362.8 0.9901
188.2 338.8 30.4 37.1 197.6 351.2 210.9 350.4 204.8 357.7 199.4 365.8 210.4 365.2 0.9852
394.4 311.6 19.1 24.0 401.3 320.0 409.1 320.5 406.1 325.3 401.6 330.2 407.5 330.7 0.9783
940.9 299.7 15.8 20.8 944.6 307.6 951.1 307.6 947.2 311.8 945.3 316.0 950.5 316.0 0.9768
432.0 361.7 27.7 37.9 445.7 375.6 453.5 375.3 451.4 381.6 446.8 389.3 452.3 389.2 0.9754
392.9 275.5 19.5 24.1 397.7 285.3 407.4 285.2 402.5 290.4 399.1 295.0 406.0 294.9 0.9696
338.4 339.3 23.0 35.2 350.5 353.2 358.2 354.0 355.7 361.6 349.0 367.1 354.8 368.0 0.9694
920.5 280.0 13.3 16.0 926.3 285.8 931.5 285.8 929.9 289.2 926.7 292.4 930.6 292.6 0.9243
469.6 284.6 16.4 19.2 474.6 292.2 482.1 292.7 478.2 296.7 475.1 299.9 480.2 300.3 0.9054
435.1 301.4 15.2 18.7 31.0 374.3 34.6 373.4 36.9 379.6 32.2 385.8 34.7 385.6 0.5805
812.5 302.4 12.7 15.4 -2.7 340.1 8.2 339.6 3.7 345.9 -1.3 352.4 6.9 352.1 0.5759
