2--Demonstration/2_Demonstration_Political_Rally_2_557.jpg
16
359.3 621.6 16.2 21.5 367.1 629.8 373.4 629.4 372.3 633.8 368.4 638.2 373.0 638.0 0.9990
390.5 607.4 10.4 13.0 391.7 612.3 394.9 612.1 392.1 614.9 392.7 617.6 395.1 617.3 0.9951
992.3 643.6 16.6 23.0 994.7 651.9 997.7 652.4 993.1 656.5 995.1 661.1 997.2 661.2 0.9920
806.1 572.2 7.0 8.8 807.4 575.6 810.0 575.6 808.1 577.4 807.9 579.1 809.9 579.0 0.9768
270.8 563.4 8.6 12.7 276.0 568.2 277.8 568.5 277.8 571.0 275.7 573.2 276.7 573.5 0.9748
776.8 600.6 8.9 13.5 778.4 605.6 780.3 605.8 778.0 608.4 778.8 610.9 780.0 610.9 0.9737
414.4 622.9 11.5 17.9 422.8 628.2 424.5 627.9 425.6 631.9 422.7 636.1 424.1 636.0 0.8842
458.4 629.7 7.7 9.9 463.0 634.0 464.7 634.3 464.3 636.4 462.5 637.8 463.4 638.2 0.8738
446.6 587.4 6.8 7.8 447.5 590.7 449.8 590.3 448.3 592.2 448.6 593.9 450.2 593.5 0.8464
286.0 606.7 10.1 15.5 292.4 613.3 294.4 612.8 295.3 616.0 293.0 619.1 294.3 618.9 0.7971
549.4 616.3 7.2 11.4 551.0 620.8 552.6 620.9 551.0 623.0 551.4 625.1 552.4 625.1 0.7385
1003.8 575.9 9.4 10.8 1005.4 579.5 1009.2 580.0 1006.3 582.1 1005.4 584.4 1008.2 584.6 0.7204
671.1 601.8 11.2 14.5 673.0 608.6 673.9 608.2 672.6 611.4 675.2 613.9 675.7 613.4 0.7102
472.1 585.3 6.5 8.0 474.9 588.5 477.4 588.4 476.7 590.2 475.3 591.8 477.2 591.8 0.5476
638.3 610.4 7.5 9.1 640.4 613.8 643.7 613.6 642.2 615.7 641.0 617.7 643.4 617.6 0.5116
794.4 572.7 6.6 8.1 796.2 575.9 798.4 576.1 796.8 577.7 796.2 579.2 797.9 579.3 0.5066
