2--Demonstration/2_Demonstration_Demonstration_Or_Protest_2_424.jpg
33
651.0 1074.1 106.7 163.9 727.5 1134.4 742.0 1134.9 759.5 1164.0 728.0 1197.4 739.0 1198.7 1.0000
404.3 842.1 39.8 54.3 407.9 863.9 422.0 864.0 408.6 873.9 410.8 884.1 421.0 883.8 0.9996
717.5 932.1 90.0 111.5 739.7 981.0 777.2 974.4 760.8 997.6 752.8 1020.3 779.8 1014.6 0.9996
353.4 808.7 21.3 24.9 358.9 820.2 367.3 818.5 364.0 824.9 362.2 829.1 368.6 827.7 0.9993
90.4 862.5 30.9 38.6 97.1 880.1 111.3 877.5 104.7 885.9 100.0 892.2 112.5 890.2 0.9993
695.9 797.1 35.3 45.4 699.1 816.0 711.5 817.1 699.1 824.2 699.7 832.7 708.8 833.2 0.9993
683.5 840.7 47.5 58.2 689.5 865.8 708.2 861.3 697.4 874.8 697.8 886.3 713.1 882.3 0.9993
601.3 888.4 72.0 99.5 621.4 929.3 656.0 928.0 640.9 948.9 626.9 964.8 653.8 963.9 0.9988
618.8 806.0 20.5 26.4 627.0 815.7 635.8 815.1 633.0 820.8 628.8 826.3 635.4 826.0 0.9986
826.7 750.8 16.2 20.2 829.4 759.9 836.4 758.8 832.4 762.9 831.3 767.0 836.6 766.1 0.9985
618.5 779.6 21.6 23.9 624.8 789.8 634.2 788.5 630.5 794.2 627.3 798.8 634.5 797.8 0.9984
545.8 780.5 16.8 19.0 547.7 786.5 553.8 786.7 548.8 790.7 548.5 794.8 553.1 794.7 0.9966
430.5 789.9 17.8 24.4 433.3 800.7 440.2 800.5 435.8 805.8 434.9 809.8 440.2 809.5 0.9949
853.3 751.2 23.7 27.3 857.7 766.7 865.7 763.1 862.7 770.9 864.3 775.4 869.6 772.4 0.9944
785.0 815.8 25.7 29.2 789.9 826.1 800.4 826.0 794.0 830.8 791.2 836.5 800.0 836.3 0.9938
566.3 797.8 17.9 21.6 571.2 809.1 578.8 808.9 575.1 813.8 572.8 816.6 578.0 816.4 0.9914
716.8 1072.7 76.0 127.4 754.1 1127.9 776.8 1120.1 780.4 1147.6 759.1 1171.9 777.1 1166.5 0.9897
392.7 778.5 12.5 17.1 395.1 785.5 400.3 785.2 397.3 788.6 396.1 791.8 400.3 791.5 0.9893
521.0 781.7 14.8 19.3 524.7 790.2 531.2 790.2 527.7 794.1 525.6 797.2 530.3 797.1 0.9878
557.4 852.9 32.0 43.8 563.8 869.7 578.3 866.3 572.1 875.9 569.1 886.7 580.2 884.0 0.9861
583.0 813.9 18.2 21.9 588.6 824.3 596.6 822.8 593.6 827.3 591.1 832.1 596.6 831.0 0.9818
530.6 749.1 8.9 11.0 533.0 753.9 537.0 753.7 535.1 756.1 533.8 758.0 536.8 757.9 0.9800
536.7 818.8 15.9 23.0 544.2 827.3 550.4 826.5 549.2 831.6 545.7 836.5 550.4 836.1 0.9779
417.2 786.7 16.2 22.6 426.8 795.8 432.4 796.0 431.4 800.8 426.9 804.7 430.7 805.1 0.9767
802.9 769.9 17.7 20.6 813.0 776.3 818.1 775.7 817.5 780.9 813.5 785.1 817.0 784.8 0.9719
582.4 789.3 14.6 19.9 585.8 798.6 592.2 798.0 589.0 802.8 587.5 806.2 591.9 805.8 0.9706
682.9 948.1 46.9 62.1 693.3 973.6 714.1 974.8 701.5 985.3 694.9 995.9 710.1 996.9 0.9701
523.6 765.3 17.8 22.3 527.9 772.9 535.6 773.0 531.2 777.7 528.7 782.2 534.7 782.3 0.9628
900.5 893.2 72.7 87.4 921.5 924.9 951.5 921.9 939.1 939.9 929.9 958.1 950.9 956.1 0.8974
588.6 766.7 14.7 19.7 593.2 776.7 600.0 776.2 597.2 781.0 594.5 784.2 599.3 783.9 0.8957
603.1 755.5 12.4 14.5 606.4 761.4 612.0 761.0 609.4 764.3 607.6 767.3 612.0 767.0 0.8758
585.6 752.7 10.3 13.0 588.0 758.2 592.5 757.7 590.4 760.8 589.2 763.4 592.6 763.0 0.8570
719.2 742.4 12.9 17.4 722.7 750.3 728.0 750.0 725.4 753.6 723.8 756.8 728.0 756.5 0.8200
