26--Soldier_Drilling/26_Soldier_Drilling_Soldiers_Drilling_26_6.jpg
24
274.1 270.3 17.8 22.9 276.9 280.0 284.0 279.5 279.5 283.7 278.2 288.1 283.8 287.7 0.9990
710.3 267.1 15.3 21.2 712.4 276.1 718.1 275.4 714.3 279.9 714.1 283.9 718.5 283.2 0.9988
308.8 278.3 12.4 15.2 312.3 284.0 317.8 283.9 315.1 287.2 313.0 290.2 317.3 290.1 0.9959
425.1 266.4 11.5 14.1 426.5 272.6 430.6 271.8 427.9 275.6 428.7 278.3 431.4 277.5 0.9913
662.6 268.1 14.1 17.8 665.0 275.2 671.0 274.5 667.6 278.7 666.5 282.3 671.0 281.6 0.9911
225.2 273.1 14.4 17.7 228.3 280.5 234.1 280.6 230.4 284.0 228.9 287.2 233.4 287.3 0.9884
120.2 283.1 11.0 14.6 121.7 288.7 123.9 289.0 121.0 292.1 122.5 294.8 123.8 294.9 0.9877
750.0 276.6 9.8 12.5 752.1 281.4 756.7 281.3 754.2 284.0 752.8 286.5 756.4 286.4 0.9790
799.4 276.1 9.5 12.2 801.8 280.4 806.4 280.6 803.9 283.4 802.3 285.8 805.6 285.9 0.9681
402.9 274.2 9.6 11.1 404.1 278.1 407.1 278.3 404.4 280.7 404.7 282.9 406.7 282.9 0.9674
555.7 272.8 11.6 15.2 557.4 277.8 560.0 278.4 557.0 281.3 558.1 284.4 559.7 284.7 0.9651
864.8 264.9 14.3 16.9 867.4 270.7 873.5 270.7 869.8 274.3 868.2 277.9 873.0 277.8 0.9651
813.9 272.9 10.0 12.5 814.7 277.5 817.6 277.1 815.0 280.2 815.9 282.8 817.8 282.3 0.9636
359.0 278.0 10.3 12.7 361.4 282.9 366.0 282.8 363.5 285.4 362.0 288.0 365.7 287.9 0.9530
784.1 277.6 10.5 13.7 786.6 282.7 790.9 282.6 788.7 285.4 787.3 288.1 790.6 288.0 0.9506
841.7 273.7 9.6 11.8 842.6 277.2 845.6 277.7 842.8 280.3 842.9 282.7 845.0 282.9 0.9387
762.8 273.0 10.9 13.3 766.1 277.3 770.8 277.3 768.6 280.3 766.7 283.0 770.4 283.0 0.9175
344.2 279.4 9.9 12.5 346.4 284.1 350.9 284.0 348.5 286.7 347.2 289.3 350.7 289.2 0.9057
374.8 274.1 9.4 12.1 375.7 278.5 378.7 278.4 376.2 281.2 376.6 283.8 378.6 283.5 0.8963
324.7 276.0 10.1 11.9 326.9 280.0 331.4 279.8 328.9 282.5 327.6 285.1 331.2 285.0 0.8382
650.4 279.9 9.3 12.3 652.7 284.2 656.5 284.3 654.2 286.9 653.0 289.5 656.0 289.5 0.7700
213.8 285.6 8.8 12.4 216.3 289.7 219.7 289.9 217.7 292.6 216.5 295.3 219.0 295.4 0.6806
258.4 272.1 10.6 12.4 260.2 276.7 264.4 276.6 261.7 279.4 261.1 282.1 264.2 281.9 0.5414
197.0 276.2 9.7 11.4 198.2 280.9 202.7 279.8 200.4 282.7 199.8 285.6 203.2 284.7 0.5186
