26--Soldier_Drilling/26_Soldier_Drilling_Soldiers_Drilling_26_270.jpg
12
850.2 139.1 52.5 61.7 875.8 159.6 897.0 159.7 893.3 169.9 880.1 184.6 896.8 184.7 0.9997
513.3 109.7 57.1 64.4 535.7 132.5 560.9 133.3 552.3 141.3 539.2 155.9 559.2 156.5 0.9996
305.2 218.1 35.1 41.1 316.9 230.7 332.0 230.5 326.2 237.3 319.7 247.5 331.2 247.3 0.9994
259.8 245.2 30.9 33.1 268.2 255.8 281.7 255.9 274.6 263.4 269.6 269.8 279.8 269.8 0.9992
375.0 246.9 31.4 35.6 383.0 258.2 397.3 257.9 390.0 265.1 384.9 273.1 395.8 272.9 0.9992
213.6 258.6 27.9 31.7 224.1 269.2 235.9 269.6 231.0 276.1 224.9 282.2 233.8 282.7 0.9989
128.4 295.1 21.1 24.1 135.3 303.2 144.8 302.7 141.2 306.9 137.2 312.8 144.8 312.4 0.9988
180.8 272.0 24.9 30.2 190.2 280.8 200.4 280.8 196.3 286.5 191.2 293.0 199.5 293.1 0.9979
151.6 284.8 23.6 26.8 160.9 293.2 169.5 292.4 167.1 298.4 163.0 304.3 169.5 303.7 0.9972
95.5 309.4 19.1 22.4 103.2 316.5 111.4 315.8 109.0 320.3 104.9 325.8 111.2 325.4 0.9895
113.6 303.6 15.0 20.2 119.0 311.5 126.0 310.6 123.7 315.2 120.9 320.0 126.0 319.4 0.9089
63.0 334.3 16.3 18.6 926.6 265.0 928.6 266.6 923.6 270.2 924.8 275.5 926.6 276.4 0.7832
