26--Soldier_Drilling/26_Soldier_Drilling_Soldiers_Drilling_26_90.jpg
22
249.2 202.3 14.2 17.3 252.2 208.7 258.2 209.5 254.2 213.0 252.4 215.8 256.6 216.4 0.9972
233.7 229.1 15.7 18.3 237.1 235.2 244.4 235.1 240.4 239.7 238.4 243.3 243.9 243.1 0.9943
56.4 225.4 16.4 19.0 61.6 231.3 68.8 231.4 65.4 235.7 62.2 239.5 67.8 239.6 0.9942
946.4 210.5 13.1 15.5 948.6 215.9 954.1 215.8 950.7 219.5 949.6 222.5 953.7 222.3 0.9939
283.8 210.4 12.8 16.3 287.3 215.9 293.5 216.1 290.3 220.1 287.7 223.1 292.4 223.3 0.9895
558.6 123.8 17.9 22.9 560.7 131.5 564.7 132.2 560.4 137.3 563.0 141.3 565.8 141.5 0.9887
148.8 225.0 14.8 18.0 153.9 232.2 160.4 231.8 157.9 235.9 154.8 239.2 159.8 239.0 0.9814
123.7 239.0 15.7 18.3 129.9 245.0 136.2 245.6 133.2 250.0 129.6 253.1 134.2 253.6 0.9813
633.9 141.5 11.2 14.3 636.9 145.9 642.3 145.7 639.7 148.9 637.6 152.0 642.0 151.8 0.9679
839.1 192.1 16.4 18.6 842.9 197.3 850.3 198.8 845.4 202.7 842.2 205.8 847.8 207.0 0.9668
701.0 206.2 11.7 14.1 703.1 211.1 708.6 211.2 705.4 214.6 703.7 217.3 707.9 217.4 0.9644
199.9 146.6 8.4 9.5 202.2 149.6 206.1 149.7 204.1 151.8 202.4 153.7 205.5 153.9 0.9640
888.9 210.6 12.6 15.3 891.5 216.0 897.0 215.2 894.4 218.9 893.0 222.3 897.5 221.6 0.9424
752.2 219.9 14.6 17.2 759.7 225.9 764.8 226.8 762.9 230.5 758.6 233.1 762.3 233.9 0.9154
266.0 133.2 11.0 15.4 272.9 138.9 275.5 138.7 275.4 142.3 272.4 145.2 274.1 145.2 0.9118
606.7 225.5 15.4 17.6 610.4 231.7 617.9 231.7 614.1 236.1 611.3 239.5 616.7 239.5 0.9046
114.1 150.6 7.5 9.1 893.2 229.2 900.4 229.0 896.9 232.9 894.4 236.3 899.9 236.1 0.7252
463.6 231.4 16.9 20.5 116.2 153.8 119.8 153.7 118.1 155.8 116.7 157.7 119.5 157.7 0.7200
315.1 139.7 7.9 8.4 465.1 238.2 469.9 237.6 466.0 242.7 467.0 247.1 470.9 246.4 0.7048
765.1 183.8 11.4 13.2 317.4 142.4 321.0 142.4 319.3 144.3 317.8 146.1 320.6 146.1 0.6564
732.0 183.9 9.8 11.6 768.3 188.8 772.7 187.7 771.3 191.4 770.4 194.5 773.7 193.6 0.5981
313.5 216.4 11.8 14.5 317.0 181.9 321.8 182.2 319.5 184.6 317.2 187.1 321.0 187.3 0.5844
