26--Soldier_Drilling/26_Soldier_Drilling_Soldiers_Drilling_26_691.jpg
12
303.2 154.7 101.4 142.2 346.0 201.7 387.8 204.1 379.4 220.3 351.6 252.0 388.4 254.0 0.9998
672.1 168.0 89.9 127.7 730.4 216.2 753.4 218.6 758.8 241.5 727.3 262.5 745.3 265.2 0.9997
132.9 283.4 62.9 96.1 168.9 322.4 189.2 321.7 191.6 337.4 174.6 357.4 189.5 357.1 0.9995
827.6 208.4 32.7 40.3 834.5 223.8 848.9 222.3 841.0 229.9 837.3 239.1 848.2 237.9 0.9993
950.4 219.4 72.9 130.1 961.5 270.0 977.8 265.9 952.6 291.4 972.7 314.8 988.4 309.5 0.9992
448.8 177.5 28.5 37.8 452.0 191.8 458.9 191.8 450.4 198.5 453.2 206.1 458.3 205.7 0.9990
149.5 147.0 30.1 41.8 170.8 164.1 176.0 163.8 178.7 171.8 169.3 179.0 172.7 179.2 0.9986
568.1 194.9 28.7 35.9 572.4 209.2 585.2 208.7 576.3 214.2 573.2 222.1 583.3 221.6 0.9986
587.9 235.5 64.8 88.9 599.5 276.8 628.9 270.7 613.9 291.1 610.2 309.2 631.4 303.8 0.9980
725.7 250.7 39.3 62.8 746.5 270.1 757.3 271.3 756.6 281.6 748.4 295.5 756.3 296.6 0.9767
737.5 235.6 44.3 67.3 746.5 261.5 760.6 261.0 752.5 275.4 751.2 287.4 761.8 287.0 0.9725
276.9 282.5 47.4 63.1 289.6 305.0 310.3 302.8 300.3 315.8 293.5 330.2 310.0 328.4 0.8885
