26--Soldier_Drilling/26_Soldier_Drilling_Soldiers_Drilling_26_229.jpg
13
566.0 270.9 28.6 33.2 578.1 282.2 589.5 281.9 586.2 288.9 579.0 294.9 588.4 294.8 0.9992
777.0 260.4 25.7 29.5 787.6 270.4 798.5 270.2 794.7 277.0 788.8 282.4 797.2 282.4 0.9990
367.7 247.1 23.8 26.5 374.1 254.9 384.8 255.0 379.4 260.5 374.8 266.3 383.6 266.4 0.9989
452.8 253.0 27.0 31.2 464.3 262.4 475.5 262.6 471.8 269.4 464.8 275.4 473.7 275.7 0.9988
730.7 248.8 28.5 35.5 746.6 259.3 756.0 259.0 755.3 266.9 746.9 274.8 753.7 274.8 0.9979
273.6 243.7 17.5 20.8 281.4 249.6 288.4 249.8 286.1 254.2 281.7 258.2 287.5 258.5 0.9944
540.1 244.7 19.4 22.1 546.7 251.1 555.0 251.4 551.1 255.6 546.7 260.1 553.8 260.4 0.9939
595.7 262.0 20.6 24.8 604.4 269.6 612.3 269.6 609.4 275.1 604.9 280.0 611.1 280.1 0.9907
95.5 243.8 17.7 21.3 101.9 250.4 109.3 250.3 106.0 255.3 102.6 259.7 108.4 259.7 0.9898
207.4 271.0 23.2 28.0 222.3 278.6 228.3 278.9 228.8 285.0 222.1 290.8 226.9 291.4 0.9895
137.5 244.9 17.0 19.3 141.5 250.5 148.9 250.3 144.7 254.1 142.4 258.6 148.2 258.3 0.9886
316.3 254.7 18.8 23.5 325.2 261.5 331.3 261.5 329.9 266.6 325.7 271.6 330.4 271.7 0.9360
54.6 253.7 15.1 16.5 59.4 259.3 66.1 259.0 63.3 263.2 60.4 266.4 65.7 266.1 0.8544
