26--Soldier_Drilling/26_Soldier_Drilling_Soldiers_Drilling_26_461.jpg
8
751.7 181.2 110.4 92.0 780.4 246.1 794.0 238.1 795.0 269.4 826.5 268.3 827.8 259.9 0.9999
602.6 73.5 56.5 42.5 618.0 99.0 624.6 97.1 624.2 109.8 638.9 110.8 641.3 108.8 0.9998
714.3 83.1 57.3 60.0 725.9 112.1 734.9 112.6 729.0 127.1 741.2 133.5 745.3 133.7 0.9997
185.4 203.7 98.7 114.8 254.9 265.9 255.3 269.7 250.8 298.2 221.2 298.7 217.0 303.3 0.9996
247.7 38.9 50.7 59.0 275.7 63.6 292.5 63.2 289.0 75.8 278.0 86.8 288.5 86.3 0.9995
556.6 62.9 45.2 41.6 567.8 88.1 582.3 87.0 576.3 97.3 580.6 99.9 588.5 99.0 0.9984
2.9 4.2 22.7 41.5 9.0 15.9 8.0 16.4 3.6 24.0 7.7 33.9 7.4 33.9 0.9676
219.5 118.2 80.9 108.3 261.8 168.8 284.6 166.4 281.0 189.1 263.1 204.4 279.2 203.3 0.7777
