26--Soldier_Drilling/26_Soldier_Drilling_Soldiers_Drilling_26_73.jpg
16
158.8 174.0 49.6 57.8 188.2 191.7 201.8 191.4 206.0 200.8 194.6 215.4 204.0 215.3 0.9998
267.3 197.1 46.9 65.3 296.2 217.0 307.1 216.1 311.8 229.3 297.6 244.4 305.3 244.3 0.9997
464.9 186.8 42.3 65.8 495.4 214.0 500.7 212.6 507.2 224.2 493.9 236.6 498.0 236.2 0.9997
550.7 213.1 40.9 52.9 577.4 231.0 586.4 230.2 590.0 241.3 578.1 252.6 584.3 252.5 0.9996
354.8 173.9 47.0 58.2 383.7 190.7 395.6 189.9 399.5 201.4 386.3 215.2 394.9 215.0 0.9995
81.5 170.9 50.5 60.4 113.2 190.4 126.7 191.0 129.0 202.7 113.9 215.4 123.3 216.0 0.9995
726.7 179.8 41.5 48.0 748.2 195.5 764.1 196.9 761.0 205.9 750.0 215.7 761.4 216.8 0.9994
611.5 225.3 38.9 47.5 634.9 240.4 644.8 239.1 647.6 249.3 637.4 260.3 644.3 259.9 0.9994
667.7 205.9 36.8 45.4 691.7 219.7 699.6 219.5 702.7 228.2 693.4 238.3 698.6 238.8 0.9993
799.7 202.2 34.8 42.1 820.2 214.9 830.2 214.7 831.7 223.4 822.7 233.4 829.4 233.7 0.9993
889.1 224.7 29.2 38.0 906.7 236.1 915.2 236.1 915.7 243.9 907.5 252.2 913.9 252.5 0.9993
946.3 219.1 34.3 40.1 964.0 233.2 976.2 232.9 975.8 239.6 967.4 249.0 976.1 248.9 0.9993
847.0 225.9 33.9 42.2 868.9 238.5 876.4 237.2 879.7 246.3 871.4 256.8 876.4 256.4 0.9987
488.1 164.9 26.2 39.5 502.6 178.4 509.5 177.2 511.6 185.3 505.1 194.4 509.6 193.8 0.9714
413.1 189.7 38.0 49.3 430.1 206.1 443.2 206.5 437.4 217.6 429.4 227.0 438.6 227.3 0.9267
312.5 157.6 36.5 50.2 321.8 171.5 332.0 171.5 323.9 180.9 323.1 193.1 331.2 192.7 0.8764
