26--Soldier_Drilling/26_Soldier_Drilling_Soldiers_Drilling_26_471.jpg
9
331.6 242.8 90.9 104.8 370.5 277.6 407.9 273.9 400.2 297.1 375.5 317.6 409.3 314.7 0.9998
958.7 331.6 60.9 68.7 984.7 355.4 1010.5 355.2 1004.5 366.9 990.2 382.4 1010.1 382.1 0.9996
201.7 302.0 39.1 45.1 219.2 315.0 235.6 315.4 231.2 322.6 220.7 332.1 235.1 332.5 0.9996
518.3 275.6 22.7 30.0 526.0 286.2 536.3 286.6 531.7 292.2 526.1 297.3 535.0 297.7 0.9995
597.6 282.7 19.3 24.7 606.4 292.5 614.3 292.8 612.0 296.6 607.3 301.3 613.5 301.6 0.9994
633.0 283.2 23.6 28.9 641.1 293.3 651.8 293.0 647.6 298.4 642.6 304.1 651.6 303.9 0.9992
544.8 307.6 23.1 29.7 547.6 317.6 556.0 317.5 549.3 323.1 548.8 329.0 556.1 328.6 0.9990
247.6 296.8 22.4 28.1 255.4 305.6 265.4 306.2 261.2 310.0 256.4 316.7 264.4 317.2 0.9988
0.0 313.2 7.8 37.3 -11.2 327.4 0.9 326.2 -2.7 332.5 -7.8 340.7 1.7 339.6 0.8107
