26--Soldier_Drilling/26_Soldier_Drilling_Soldiers_Drilling_26_135.jpg
13
398.5 207.2 11.5 13.0 401.2 211.6 406.6 211.9 403.6 214.8 401.6 217.4 405.6 217.6 0.9902
573.4 404.4 12.8 15.6 574.8 410.3 578.5 410.1 575.5 414.0 576.9 416.9 579.4 416.7 0.9888
356.4 256.2 9.4 14.0 362.8 261.4 364.2 261.1 365.0 264.0 363.0 267.0 364.0 266.9 0.9883
915.9 160.7 10.4 13.3 918.3 165.9 923.4 166.2 920.6 169.1 918.6 171.4 922.3 171.6 0.9819
706.4 305.0 12.4 14.6 710.5 310.2 716.0 310.3 713.4 313.6 711.2 316.4 715.1 316.5 0.9818
322.0 254.8 11.3 14.0 327.4 260.7 331.3 259.6 331.1 262.9 329.4 266.1 332.1 265.4 0.9738
550.3 362.3 13.2 16.4 552.9 369.1 557.8 368.2 555.2 372.2 554.8 375.5 558.6 374.8 0.9592
223.8 277.0 13.4 16.5 227.5 282.6 233.7 282.7 230.6 286.2 228.0 289.7 232.9 289.8 0.9437
686.6 402.0 19.9 22.6 694.6 408.1 702.7 410.6 698.2 414.3 692.5 417.6 699.0 419.6 0.8984
497.6 320.7 10.8 13.1 499.5 324.7 504.6 325.2 501.2 327.8 499.6 330.7 503.3 331.0 0.8735
825.9 191.7 10.7 13.5 831.2 196.2 835.3 195.7 834.6 198.9 832.1 201.9 835.3 201.7 0.8575
643.0 290.7 12.7 17.2 649.5 296.7 654.3 296.3 653.5 300.8 650.3 304.4 653.5 304.3 0.8467
945.7 314.6 15.6 18.1 784.2 142.3 790.4 142.5 788.8 147.7 783.5 151.9 787.9 152.2 0.8050
