26--Soldier_Drilling/26_Soldier_Drilling_Soldiers_Drilling_26_77.jpg
14
345.9 250.3 16.0 22.1 347.8 258.9 351.5 259.1 347.2 263.8 349.6 267.9 352.2 267.8 0.9995
573.4 253.5 22.1 31.2 586.0 266.8 593.1 266.5 592.2 273.2 584.3 277.3 590.1 277.4 0.9993
277.3 248.1 16.6 21.8 285.0 257.2 291.9 257.2 289.7 262.3 285.5 265.8 290.2 266.0 0.9991
742.7 251.3 16.6 23.5 744.4 261.3 748.4 261.4 744.0 266.5 746.7 270.5 749.2 270.3 0.9988
180.3 252.6 21.6 29.9 193.4 264.7 199.8 265.1 199.1 271.0 191.9 275.4 196.8 276.1 0.9988
839.1 248.6 20.9 29.1 842.0 260.8 847.5 261.3 841.2 266.0 842.6 271.4 846.5 271.6 0.9986
444.8 246.9 20.2 28.4 447.4 257.6 452.6 258.3 446.2 263.4 447.7 268.7 451.3 268.9 0.9986
223.7 238.2 18.2 24.6 230.8 247.8 238.7 248.3 235.2 252.8 231.2 257.1 237.1 257.5 0.9983
673.5 249.1 16.8 22.9 681.0 259.2 687.5 259.2 685.3 263.9 681.3 267.5 686.1 267.6 0.9982
620.1 239.6 17.8 24.9 626.4 249.1 634.3 249.2 631.0 253.9 627.3 258.6 633.2 258.7 0.9978
812.5 225.6 15.5 21.4 815.5 233.3 822.1 233.2 818.0 237.6 816.4 241.9 821.5 241.8 0.9945
315.2 223.9 15.8 19.2 318.8 230.8 326.5 230.6 322.5 235.1 319.9 239.0 325.8 238.8 0.9932
414.9 222.7 16.0 23.4 418.3 230.8 425.1 231.0 421.0 235.9 419.0 240.4 424.3 240.5 0.9927
713.1 226.4 14.3 18.0 717.2 232.8 723.7 232.6 720.6 236.5 718.2 240.1 723.2 240.0 0.9892
