26--Soldier_Drilling/26_Soldier_Drilling_Soldiers_Drilling_26_921.jpg
14
638.7 51.7 30.4 35.8 643.3 62.7 656.6 62.0 647.6 69.6 645.2 77.5 655.8 76.9 0.9996
718.7 47.3 28.8 37.4 723.6 62.6 726.6 63.1 723.3 72.1 731.2 77.1 732.7 77.2 0.9993
423.7 46.6 14.2 19.8 426.8 53.9 433.8 54.2 429.8 57.4 427.2 61.6 432.6 61.8 0.9987
536.4 29.9 18.3 24.6 538.4 38.2 543.9 38.3 537.8 43.2 539.3 48.6 543.1 48.4 0.9985
477.8 62.1 14.0 21.3 479.9 70.7 485.2 71.0 481.7 75.6 481.3 79.3 485.5 79.3 0.9981
488.5 66.5 15.2 21.2 490.3 73.8 494.4 74.4 489.6 78.3 490.5 82.4 493.5 82.6 0.9977
243.7 29.1 20.9 28.7 258.4 39.2 261.5 38.3 263.6 45.1 258.2 51.1 260.1 50.7 0.9967
146.7 37.9 23.9 40.8 165.9 50.9 166.1 50.8 169.8 60.2 164.2 68.5 164.4 68.7 0.9816
186.3 62.5 8.1 10.3 189.3 66.7 192.7 66.7 191.3 68.6 189.5 70.4 192.3 70.5 0.9639
399.2 53.9 13.0 17.3 402.1 59.9 408.4 60.1 405.0 64.1 402.8 67.4 407.5 67.5 0.9628
444.6 45.6 11.4 14.3 446.9 49.6 450.7 49.9 447.6 52.9 447.1 56.2 449.9 56.2 0.9138
361.4 67.1 8.6 10.5 363.3 71.3 366.9 70.4 365.5 72.8 364.7 75.1 367.7 74.4 0.8513
374.4 63.7 6.7 9.2 376.1 67.4 378.9 67.4 377.4 69.1 376.6 70.8 378.7 70.7 0.8318
462.6 45.3 15.9 19.2 465.8 53.0 473.1 52.6 469.4 57.2 467.3 61.0 472.8 60.6 0.8212
