26--Soldier_Drilling/26_Soldier_Drilling_Soldiers_Drilling_26_877.jpg
30
905.4 339.0 20.1 26.4 908.2 347.8 913.9 349.4 907.2 353.4 907.2 358.2 911.6 359.1 0.9997
839.8 303.8 19.1 23.1 844.3 309.5 850.2 311.9 842.5 313.5 841.0 318.8 845.6 320.5 0.9997
513.9 226.8 20.7 22.5 524.0 233.9 532.1 235.1 528.9 239.4 523.1 243.3 529.1 244.4 0.9994
577.1 263.5 21.1 18.4 591.8 272.4 593.6 274.3 591.8 278.1 585.0 278.1 585.2 279.7 0.9993
730.6 277.9 17.7 24.0 732.1 287.2 736.5 287.8 730.9 292.4 732.6 297.1 735.6 297.2 0.9993
451.6 235.5 22.5 30.6 455.0 246.2 462.5 247.7 453.6 251.5 453.7 258.2 458.8 259.2 0.9992
580.8 310.4 30.1 37.7 585.9 323.6 594.4 328.1 582.8 333.4 583.9 338.4 589.7 341.4 0.9992
144.5 139.1 21.9 32.0 160.0 151.9 163.9 152.9 163.6 159.3 155.7 163.4 158.7 164.6 0.9992
583.4 217.8 14.6 18.7 588.8 225.1 595.2 225.2 592.7 229.2 589.5 232.5 594.2 232.6 0.9988
406.0 234.0 17.6 24.8 409.1 243.4 409.8 243.6 407.5 249.5 413.4 253.3 413.9 253.1 0.9986
677.4 243.6 16.3 21.3 683.4 252.8 690.3 253.5 687.0 257.5 683.3 260.4 688.5 261.0 0.9983
681.9 392.3 28.0 32.4 687.6 401.6 694.5 405.0 684.6 409.3 684.9 415.0 689.3 417.3 0.9983
378.5 206.9 20.7 24.8 380.6 214.5 388.2 214.3 382.3 220.2 382.6 225.6 388.0 225.3 0.9980
515.7 192.0 13.7 17.0 517.8 197.5 523.3 197.6 519.1 200.4 518.2 204.5 522.4 204.4 0.9962
300.6 185.5 16.1 19.7 302.5 193.7 306.6 194.4 302.7 198.7 304.9 201.6 307.4 201.9 0.9958
480.0 283.5 18.2 27.3 482.8 292.7 484.1 293.2 480.7 298.8 485.5 304.1 486.3 304.1 0.9956
490.4 211.0 12.7 18.5 500.3 219.2 500.6 218.9 502.0 223.3 498.1 226.2 498.0 226.2 0.9954
351.3 189.4 14.4 22.5 353.9 198.4 355.5 198.7 352.3 203.2 355.0 207.2 356.0 207.2 0.9944
945.2 362.9 18.0 27.5 950.5 372.3 951.4 374.2 946.0 377.5 948.0 382.7 948.3 383.9 0.9933
473.8 177.1 12.4 17.5 475.6 182.8 479.0 183.7 475.7 186.9 475.9 190.3 478.4 190.8 0.9922
286.5 289.7 24.2 36.6 303.6 303.7 306.3 304.1 306.5 312.1 298.7 317.6 300.5 318.1 0.9878
268.7 130.3 13.7 19.9 270.2 137.1 273.1 137.6 269.5 141.7 271.1 145.4 273.3 145.5 0.9874
530.9 212.0 12.9 15.6 532.5 219.0 535.7 220.1 532.5 223.0 534.1 224.9 535.8 225.5 0.9871
870.0 209.7 13.4 21.8 872.1 219.1 875.1 219.6 871.8 223.8 873.7 227.4 875.7 227.5 0.9871
352.5 147.4 12.6 16.8 360.4 154.9 362.8 155.3 362.1 158.9 358.4 161.1 359.7 161.5 0.9608
298.1 146.2 12.6 18.0 299.3 153.4 302.0 154.0 298.7 157.6 300.2 160.8 301.9 160.9 0.9534
107.8 105.3 16.4 18.9 114.5 112.2 120.5 112.3 117.9 117.1 114.1 120.4 118.3 120.6 0.9434
626.9 292.9 19.2 17.3 638.7 301.3 641.4 302.6 639.7 306.8 634.2 307.5 635.0 308.6 0.9348
356.6 154.4 14.5 17.8 952.7 381.4 955.5 381.5 951.3 386.6 953.8 391.8 955.5 391.5 0.8824
319.9 165.8 15.9 17.9 823.4 387.0 824.5 386.1 826.3 392.2 822.6 397.8 823.4 397.3 0.5441
