26--Soldier_Drilling/26_Soldier_Drilling_Soldiers_Drilling_26_100.jpg
8
395.7 63.9 48.9 55.9 416.1 81.6 436.6 83.9 428.8 93.7 416.9 104.3 432.5 106.0 0.9998
244.0 228.5 61.5 70.2 275.7 255.5 297.8 258.3 291.1 273.4 269.8 278.9 289.2 281.9 0.9997
162.6 250.8 71.6 84.9 189.3 281.4 221.3 283.0 208.0 302.2 190.8 315.5 214.9 317.0 0.9997
503.9 233.1 44.8 46.8 520.7 248.8 540.3 248.6 533.4 259.3 523.8 268.8 538.5 268.7 0.9997
690.3 202.3 8.7 11.7 691.8 206.4 694.0 206.7 691.6 208.9 692.0 211.3 693.5 211.4 0.9848
838.9 227.3 7.5 10.9 840.1 231.3 841.8 231.4 839.8 233.5 840.4 235.7 841.6 235.6 0.9772
878.9 204.5 10.9 13.6 881.0 209.9 884.9 210.6 881.6 213.2 880.7 215.5 883.6 215.9 0.9658
657.2 216.4 9.6 11.4 91.2 288.3 96.0 287.3 95.7 293.3 92.1 298.0 95.8 297.5 0.7400
