26--Soldier_Drilling/26_Soldier_Drilling_Soldiers_Drilling_26_580.jpg
11
721.6 255.6 30.2 39.6 725.7 269.0 732.1 269.6 723.1 277.4 727.5 285.5 731.7 285.6 0.9992
842.1 245.4 33.7 52.5 846.6 265.4 850.3 264.7 842.5 275.5 851.0 285.7 853.6 284.6 0.9991
311.9 284.4 23.8 27.1 316.2 293.2 325.5 293.0 318.7 298.8 317.2 304.9 323.8 304.6 0.9989
658.5 275.4 27.8 37.2 662.1 286.7 667.0 287.0 659.8 295.3 665.3 303.1 668.6 302.8 0.9988
280.6 297.0 15.5 20.3 282.9 302.7 287.1 302.8 281.8 306.8 282.8 312.0 285.6 311.8 0.9988
391.9 293.9 21.0 28.8 395.3 303.1 399.2 302.9 392.9 308.5 395.7 315.3 398.3 314.8 0.9987
901.1 265.4 26.7 43.5 905.6 277.7 906.4 278.6 902.2 288.9 910.4 297.6 910.5 298.0 0.9979
435.0 283.3 19.6 28.4 438.7 291.7 442.5 293.0 435.9 297.3 437.0 303.5 439.6 304.3 0.9972
214.3 279.7 23.4 37.7 232.9 289.8 232.6 289.6 238.7 297.3 233.2 306.2 233.5 306.6 0.9893
233.5 279.6 18.9 21.8 235.1 287.5 241.0 287.4 236.2 292.8 237.1 297.1 241.2 296.7 0.9761
605.0 265.8 15.0 18.2 607.1 272.2 614.3 271.6 610.3 276.8 608.9 280.2 614.5 279.7 0.7858
