26--Soldier_Drilling/26_Soldier_Drilling_Soldiers_Drilling_26_119.jpg
15
787.5 308.1 20.2 26.5 789.5 317.0 791.9 317.3 786.3 322.6 790.8 328.4 791.6 328.1 0.9996
492.6 299.6 18.7 26.1 497.0 308.7 498.3 308.9 493.0 313.4 496.3 319.1 497.0 318.9 0.9990
911.7 303.9 17.7 24.5 915.3 311.9 917.1 311.6 912.7 316.3 915.5 321.9 916.9 321.4 0.9988
615.1 298.0 19.0 26.9 617.7 306.5 620.8 307.2 615.3 312.6 618.7 318.3 620.7 318.3 0.9983
198.5 298.9 17.4 25.1 201.7 307.5 203.1 307.7 199.4 313.3 203.5 318.3 204.5 318.1 0.9981
105.4 288.7 18.8 24.1 108.0 296.2 111.3 296.7 106.2 301.4 108.7 306.3 111.2 306.3 0.9970
746.6 295.6 17.8 23.3 749.0 302.8 752.1 302.7 747.1 307.7 749.9 313.0 752.0 312.5 0.9939
344.7 293.4 19.4 27.0 348.5 302.1 350.1 302.7 344.9 307.7 348.7 313.6 349.6 313.6 0.9939
992.3 301.7 16.8 22.3 995.3 308.5 997.8 309.1 992.7 313.3 994.4 318.2 996.2 318.3 0.9887
87.1 296.2 18.8 24.0 97.9 304.8 103.6 304.6 103.4 310.0 99.1 315.1 102.8 315.1 0.9812
722.7 298.7 11.6 17.0 725.7 304.6 729.6 305.2 726.5 308.5 725.3 311.8 728.3 312.3 0.8099
1007.2 308.1 15.6 18.8 1012.8 314.3 1019.2 313.8 1016.9 318.7 1014.1 322.7 1018.8 322.4 0.8034
645.3 292.2 15.3 22.3 647.7 298.5 651.2 299.3 646.9 303.3 646.9 308.3 649.5 308.8 0.7627
244.4 287.5 15.5 21.8 334.6 297.7 337.5 297.8 336.5 300.6 334.7 303.5 336.8 303.6 0.6152
377.3 289.5 15.7 20.4 769.9 306.1 775.5 306.8 772.7 310.1 769.4 313.2 773.7 313.8 0.5341
