26--Soldier_Drilling/26_Soldier_Drilling_Soldiers_Drilling_26_344.jpg
20
487.9 324.9 21.5 26.4 498.2 333.2 506.0 334.7 502.4 340.4 495.8 344.0 501.7 345.3 0.9984
299.5 362.2 16.8 19.8 309.6 369.4 314.3 368.7 314.7 373.3 310.3 377.4 313.4 377.2 0.9982
773.5 350.6 12.2 16.3 781.6 356.6 784.2 356.1 785.2 359.9 782.3 363.4 783.8 363.2 0.9964
333.4 324.0 12.2 18.6 342.1 330.7 344.3 330.6 345.5 334.4 342.3 338.1 343.6 338.3 0.9963
741.3 311.8 17.8 26.9 755.0 321.1 755.6 321.4 757.4 327.8 752.0 332.4 752.4 332.9 0.9956
562.4 351.6 15.4 19.1 570.2 358.4 575.4 357.8 575.0 362.1 571.5 366.5 575.5 366.2 0.9929
531.8 365.8 15.9 21.8 542.3 373.2 545.6 372.6 546.7 377.9 542.3 382.5 544.5 382.4 0.9913
55.5 333.3 15.8 18.5 64.2 339.6 69.6 341.1 67.1 345.0 62.2 347.4 65.8 348.8 0.9908
934.5 388.3 13.2 19.6 943.6 395.7 945.8 395.6 947.0 399.4 943.7 403.1 945.0 403.3 0.9866
90.8 475.2 32.8 41.3 107.4 494.8 116.4 490.5 118.5 498.8 114.3 508.1 120.5 505.1 0.9861
641.0 315.0 18.9 30.5 644.1 324.5 644.4 324.6 641.4 331.8 646.1 338.0 646.2 338.0 0.9857
142.4 278.4 9.2 12.2 146.7 283.0 150.0 282.7 149.4 285.6 147.4 288.0 149.7 287.9 0.9837
103.3 299.2 10.4 13.4 109.2 304.7 112.2 304.3 111.8 307.7 109.3 310.2 111.2 310.1 0.9801
161.4 314.8 12.1 14.4 170.0 320.3 171.7 320.4 171.9 323.8 168.2 325.8 169.1 326.2 0.9775
300.1 330.6 13.6 16.6 307.2 335.9 311.8 335.9 310.8 339.7 307.4 343.1 310.8 343.3 0.9584
256.5 318.3 15.7 19.7 262.9 325.2 268.7 325.3 266.5 329.6 263.3 333.8 267.8 333.9 0.9525
127.5 330.2 12.6 17.2 135.2 336.7 138.1 336.7 138.3 340.4 135.1 343.4 137.1 343.7 0.9305
384.7 355.8 16.2 19.9 394.5 362.6 398.0 362.4 397.8 367.5 394.3 371.2 396.7 371.2 0.8357
83.0 274.6 9.1 11.8 88.6 279.6 90.8 279.2 90.9 282.1 88.9 284.3 90.3 284.1 0.7564
70.7 309.8 9.6 13.0 608.6 367.8 613.0 367.6 612.5 371.7 609.2 375.8 612.5 375.7 0.5893
