0--Parade/0_Parade_marchingband_1_8.jpg
184
778.0 389.8 37.9 46.5 788.1 401.2 796.2 402.6 782.5 407.5 781.9 420.8 787.7 421.7 0.9996
469.3 389.3 34.6 44.8 478.6 401.1 482.8 402.1 470.9 407.5 473.4 420.1 476.3 420.2 0.9995
59.2 495.9 14.7 18.1 65.1 503.8 70.9 504.2 68.4 508.2 65.1 510.6 69.1 511.0 0.9994
583.1 420.0 26.0 35.0 588.9 428.2 592.4 429.8 583.4 435.1 586.5 444.1 588.6 445.0 0.9993
26.0 492.5 14.0 16.6 28.4 497.5 34.3 497.6 30.2 499.8 28.6 504.1 33.2 504.1 0.9988
359.7 484.4 14.1 18.1 365.9 490.9 371.4 491.0 369.7 494.2 366.2 497.6 370.7 497.8 0.9986
393.0 508.2 13.3 16.3 397.3 513.8 403.1 513.9 400.5 516.8 397.6 519.9 402.5 520.0 0.9985
378.8 496.5 11.5 16.1 380.0 503.4 383.0 503.6 379.7 506.7 380.9 509.5 382.9 509.4 0.9984
103.1 441.1 13.1 15.5 105.1 446.5 109.6 446.5 106.5 449.9 106.3 452.9 109.6 452.8 0.9977
869.5 395.8 31.0 39.6 874.3 408.0 880.4 409.0 870.2 415.7 873.5 424.8 877.5 425.3 0.9977
756.3 116.6 10.3 12.2 758.1 121.3 762.9 121.0 760.1 123.6 758.9 126.2 762.4 125.9 0.9975
242.7 414.3 21.6 30.4 247.7 421.9 250.2 422.7 243.1 427.5 245.3 435.7 246.9 436.0 0.9971
328.6 504.2 12.8 15.5 331.2 509.2 336.8 509.5 333.3 513.0 331.7 516.1 335.9 516.2 0.9967
939.3 137.9 10.2 12.8 942.0 142.5 946.5 142.7 944.0 144.9 942.2 147.2 945.9 147.4 0.9967
151.2 487.9 13.4 16.4 154.4 494.1 160.5 494.8 156.8 497.2 154.5 500.3 159.0 500.8 0.9960
54.9 83.9 8.4 11.1 56.3 88.0 59.4 88.2 57.0 90.4 56.6 92.6 58.9 92.6 0.9954
212.5 87.6 9.9 12.4 215.5 92.7 219.9 92.5 218.0 95.4 216.4 97.7 219.5 97.5 0.9954
180.1 107.3 8.9 11.4 182.3 111.6 186.5 111.9 184.1 114.0 182.3 115.9 185.8 116.1 0.9953
116.3 502.8 14.3 18.5 120.5 509.7 127.1 510.0 123.7 513.4 120.6 516.7 126.1 516.9 0.9951
754.5 148.3 9.1 11.5 756.7 152.8 761.1 153.0 758.8 155.3 757.2 157.4 760.3 157.6 0.9950
837.6 97.9 9.7 11.4 839.9 101.2 844.4 101.7 841.7 104.0 839.9 106.3 843.4 106.7 0.9943
72.2 79.4 9.4 11.9 73.8 83.8 77.9 83.6 75.4 85.9 74.3 88.3 77.7 88.1 0.9935
124.0 99.8 9.3 11.8 126.5 104.6 130.7 104.7 128.6 106.8 126.8 108.9 130.3 108.9 0.9932
704.0 357.8 10.1 13.9 706.2 363.3 710.4 363.7 707.6 366.2 706.3 368.7 709.5 368.9 0.9931
707.5 91.8 9.7 11.3 709.6 96.1 714.0 95.6 711.8 98.3 710.7 100.7 713.9 100.3 0.9927
325.3 485.5 11.7 15.4 327.4 491.7 331.2 492.2 327.6 494.7 327.3 497.5 329.8 497.8 0.9922
765.5 390.4 10.5 13.6 768.9 395.7 773.4 395.9 771.3 398.4 769.2 400.6 772.7 400.8 0.9921
144.3 105.6 9.9 13.0 146.2 110.9 150.4 110.6 148.0 113.3 147.0 115.9 150.4 115.6 0.9921
8.4 106.6 9.2 12.1 11.8 112.1 15.8 112.1 14.2 114.6 12.5 116.5 15.2 116.5 0.9920
40.2 74.3 8.6 11.3 42.9 79.0 46.5 78.8 45.1 81.1 43.6 83.4 46.5 83.2 0.9919
779.4 115.3 9.2 12.1 782.4 119.9 786.6 119.8 784.7 122.4 782.9 124.8 786.1 124.7 0.9918
96.3 80.5 9.6 10.8 98.5 83.6 103.2 83.4 100.9 86.2 99.2 88.6 102.9 88.5 0.9914
711.2 371.6 9.8 11.7 713.6 376.3 718.1 376.6 715.7 379.0 713.9 381.0 717.3 381.1 0.9912
879.1 159.5 10.7 13.9 883.5 164.4 887.8 164.5 886.3 167.1 884.1 169.9 887.4 170.0 0.9910
906.8 148.5 9.9 12.7 909.7 153.4 914.2 153.5 912.1 156.4 910.1 158.6 913.4 158.7 0.9908
660.7 366.5 9.4 11.5 662.2 371.0 665.7 371.1 663.0 373.5 662.6 375.6 665.2 375.6 0.9907
591.8 14.4 9.4 12.6 594.2 19.5 598.7 19.7 596.4 22.2 594.7 24.4 598.1 24.5 0.9900
388.0 62.7 9.4 12.1 391.3 67.6 395.5 67.3 394.0 69.8 392.1 72.2 395.4 72.0 0.9898
233.8 45.4 8.1 10.1 234.9 49.5 237.6 49.5 235.5 51.4 235.4 53.3 237.4 53.2 0.9896
703.2 42.6 10.1 11.9 705.2 47.2 709.4 47.7 706.4 49.8 705.2 51.7 708.1 52.1 0.9894
691.9 57.6 9.0 12.1 694.3 62.0 698.4 62.3 696.1 64.5 694.5 66.9 697.6 67.1 0.9891
999.5 171.9 9.6 12.3 1002.3 176.7 1006.6 176.8 1004.3 179.0 1002.5 181.2 1006.0 181.3 0.9886
295.5 74.1 9.1 11.5 297.9 78.6 302.2 78.5 300.1 80.9 298.5 83.1 301.6 83.1 0.9873
203.2 66.8 9.1 11.4 205.1 71.0 208.9 71.6 206.1 73.7 205.0 75.7 207.7 76.1 0.9870
750.3 377.8 10.9 13.9 752.5 382.6 756.2 383.8 752.5 385.8 751.6 388.2 754.1 389.0 0.9869
661.8 62.7 9.9 10.9 664.0 66.5 668.9 66.1 666.6 68.8 665.1 71.3 668.7 70.9 0.9864
693.3 139.1 9.3 12.7 698.3 144.3 701.2 144.0 701.1 146.7 699.0 149.2 700.9 149.1 0.9848
942.2 52.1 10.6 13.2 944.1 56.3 947.8 57.1 944.5 59.5 943.9 62.0 946.4 62.5 0.9842
724.8 103.0 9.0 10.8 727.8 106.2 731.7 106.3 729.9 108.8 728.1 111.0 730.9 111.2 0.9838
614.6 72.5 9.3 11.9 617.3 76.7 621.5 76.8 619.5 79.2 617.7 81.5 621.0 81.6 0.9834
557.1 68.7 8.7 11.0 558.5 73.0 562.4 73.1 560.0 75.3 558.9 77.4 562.0 77.4 0.9823
604.7 124.6 9.0 11.8 607.1 129.3 611.4 129.2 609.2 131.7 607.6 133.9 610.8 133.9 0.9814
613.2 159.2 9.2 12.3 615.6 164.1 619.8 163.9 617.8 166.4 616.3 168.9 619.5 168.7 0.9812
357.0 18.3 9.3 10.9 358.7 22.5 362.5 22.7 360.0 24.9 359.3 26.9 361.9 27.0 0.9809
990.8 6.9 10.2 11.9 993.1 11.3 997.7 11.5 995.0 13.4 993.6 15.8 997.0 15.9 0.9799
786.0 85.6 8.9 10.5 787.8 89.0 791.4 89.4 788.8 91.4 787.7 93.6 790.6 93.8 0.9784
983.7 47.4 9.0 11.3 985.7 51.8 989.7 51.5 987.7 53.7 986.4 56.0 989.5 55.8 0.9782
516.4 72.8 9.7 11.8 518.4 77.1 522.9 76.9 520.5 79.5 519.2 81.8 522.8 81.6 0.9776
809.5 360.6 10.3 12.2 812.6 365.0 817.5 364.7 815.5 367.6 813.7 370.2 817.1 370.0 0.9772
315.4 24.1 9.8 12.1 318.6 29.1 323.0 29.1 321.0 31.8 319.0 33.9 322.2 34.0 0.9762
924.4 110.2 9.3 11.9 926.8 114.3 931.3 114.3 929.0 116.7 927.2 119.3 930.8 119.2 0.9761
524.5 15.2 9.5 12.1 526.8 20.0 530.7 20.2 528.4 22.5 527.0 24.8 530.2 24.8 0.9758
512.8 95.7 9.1 11.8 515.2 99.7 519.7 99.7 517.4 102.1 515.5 104.5 519.2 104.5 0.9742
660.1 145.7 10.2 12.2 662.4 150.0 666.9 150.2 664.2 152.6 662.7 155.0 666.2 155.2 0.9741
347.8 72.8 9.6 13.5 349.1 77.9 352.2 78.0 349.5 80.6 349.6 83.2 351.9 83.2 0.9733
863.6 147.4 10.1 11.8 866.2 151.1 871.0 151.2 868.5 153.6 866.6 156.2 870.5 156.2 0.9730
803.9 99.4 9.2 11.7 806.2 103.6 810.2 103.8 807.9 106.3 806.5 108.4 809.5 108.5 0.9728
265.1 65.9 9.1 11.7 268.3 70.7 272.3 70.6 270.8 72.9 269.0 75.1 272.0 75.0 0.9721
490.3 72.2 8.8 11.2 492.8 76.7 496.6 76.9 494.7 78.9 493.1 80.9 496.0 81.1 0.9717
168.5 71.5 8.1 10.2 170.1 75.2 173.4 75.3 171.2 77.3 170.4 79.2 173.0 79.2 0.9709
1016.2 140.1 7.5 12.5 1018.5 144.6 1023.1 144.6 1020.5 147.4 1019.2 149.9 1022.6 149.9 0.9676
739.8 34.6 9.5 12.3 742.7 39.3 746.9 39.3 744.9 41.6 743.0 44.0 746.5 44.0 0.9664
847.8 160.1 9.6 11.8 850.9 164.2 855.4 164.3 853.4 166.7 851.3 169.1 854.9 169.2 0.9655
173.6 89.3 9.3 11.3 175.8 94.5 180.3 94.3 178.1 96.9 176.8 98.8 180.0 98.6 0.9626
40.5 103.2 9.1 12.0 43.2 108.1 47.5 108.2 45.4 110.7 43.6 112.7 46.8 112.8 0.9595
190.8 26.4 9.3 11.4 192.5 30.8 195.0 30.7 192.9 33.1 193.1 35.3 194.7 35.1 0.9589
372.3 76.0 10.2 11.6 375.5 79.1 380.3 79.2 378.2 81.5 376.1 84.2 379.8 84.3 0.9579
636.6 123.7 10.1 11.6 638.2 127.5 642.3 127.1 640.0 130.2 639.6 132.7 642.6 132.3 0.9577
301.9 425.2 10.6 14.6 303.5 430.2 307.2 430.6 304.1 433.0 303.5 436.0 306.3 436.1 0.9569
749.8 69.1 7.9 10.5 751.8 73.1 755.3 73.2 753.5 75.2 752.1 77.3 754.9 77.3 0.9558
610.4 93.4 9.2 10.5 613.1 97.1 617.2 97.1 615.3 99.3 613.4 101.4 616.7 101.5 0.9553
810.9 163.4 9.7 12.0 814.1 168.2 818.3 168.1 816.5 170.5 814.7 172.8 818.0 172.7 0.9548
926.5 77.5 8.3 12.1 928.0 81.8 929.0 82.2 926.8 84.4 927.9 86.8 928.5 86.9 0.9540
771.8 41.5 9.1 11.5 773.8 45.7 777.4 46.2 774.7 48.4 773.7 50.6 776.4 50.9 0.9535
983.8 64.0 8.6 11.4 985.7 68.5 989.2 68.5 987.2 70.7 986.1 72.9 988.9 72.8 0.9533
964.7 128.9 8.8 12.1 966.2 133.5 969.1 133.7 966.7 135.9 966.4 138.2 968.7 138.2 0.9502
602.2 53.0 8.9 11.1 758.8 366.5 763.3 366.7 760.9 369.3 759.3 371.3 762.5 371.5 0.9484
288.3 105.4 9.5 12.8 604.4 56.5 609.0 56.6 606.7 59.0 604.9 61.5 608.6 61.5 0.9483
996.5 124.7 9.1 11.5 291.3 110.6 295.9 110.6 293.9 113.5 291.9 115.9 295.3 115.9 0.9471
429.3 74.1 8.9 10.7 998.3 128.6 1001.3 128.9 998.8 131.2 998.6 133.4 1000.7 133.6 0.9441
795.4 16.0 9.7 11.6 431.0 77.9 435.1 77.9 432.5 80.3 431.5 82.6 434.6 82.6 0.9432
942.7 171.6 9.9 12.1 797.8 20.8 802.2 20.4 800.2 23.0 798.9 25.4 802.2 25.0 0.9425
905.3 70.7 9.7 12.9 944.8 176.3 949.2 176.4 946.7 178.8 945.3 181.2 948.6 181.2 0.9422
235.5 73.9 9.0 11.5 907.8 75.2 912.5 75.6 910.0 78.2 908.1 80.8 911.5 81.0 0.9407
324.4 8.8 9.6 11.1 237.8 78.5 242.3 78.6 240.0 81.1 238.2 83.1 241.6 83.2 0.9385
914.4 9.0 8.4 10.5 326.9 12.7 331.2 12.5 329.1 14.9 327.6 17.2 331.1 17.1 0.9374
678.7 13.5 9.6 12.6 916.5 12.8 920.4 12.8 918.4 15.0 916.8 17.1 919.9 17.2 0.9337
665.3 29.0 9.3 11.8 8.7 497.0 14.7 497.4 11.0 499.9 8.8 503.5 13.6 503.8 0.9328
136.8 82.1 9.8 12.9 124.0 409.3 126.6 409.0 126.3 411.7 124.4 413.7 126.1 413.7 0.9314
725.3 150.8 9.7 12.6 680.8 18.4 684.8 18.4 682.4 21.0 681.3 23.4 684.4 23.4 0.9296
964.9 91.2 8.7 11.2 666.7 33.6 670.2 33.3 667.8 35.7 667.5 38.2 670.1 37.9 0.9294
630.3 149.2 8.6 11.1 138.7 87.3 143.5 87.2 140.8 90.1 139.5 92.5 143.0 92.4 0.9290
638.9 47.9 9.0 11.0 727.7 155.6 732.3 155.4 730.1 158.0 728.4 160.5 732.1 160.4 0.9288
777.3 63.2 8.8 11.2 966.6 95.3 970.2 95.8 967.5 97.8 966.6 99.8 969.2 100.2 0.9287
875.2 74.3 9.3 11.9 631.7 153.5 635.2 153.6 632.9 156.0 632.3 158.1 634.8 158.1 0.9254
389.4 12.9 8.9 11.5 641.9 51.9 646.0 52.3 643.9 54.4 641.9 56.3 645.0 56.6 0.9207
936.0 38.3 9.5 11.4 780.0 67.5 784.0 67.5 782.1 69.6 780.4 71.8 783.6 71.8 0.9205
509.6 29.2 10.0 12.3 877.1 79.1 880.6 79.1 878.3 81.4 877.7 83.8 880.3 83.6 0.9180
8.1 10.9 8.2 9.3 391.7 17.4 395.8 17.3 393.7 19.6 392.2 21.9 395.5 21.8 0.9180
19.1 79.8 9.8 11.8 941.1 41.8 944.3 41.8 943.9 44.3 941.6 46.8 943.8 46.9 0.9171
380.4 60.4 7.7 10.0 511.5 34.0 515.1 34.1 512.6 36.4 511.9 38.9 514.7 38.8 0.9169
606.6 153.4 9.7 13.2 9.7 14.5 13.2 14.3 11.2 16.2 10.4 18.1 13.1 18.0 0.9164
818.1 86.5 9.0 11.8 21.3 84.0 26.5 83.8 24.0 86.9 22.2 89.4 25.9 89.3 0.9162
151.9 10.9 9.1 11.8 382.5 64.2 386.1 64.3 384.2 66.4 382.7 68.3 385.6 68.4 0.9146
617.9 109.2 9.5 12.7 611.3 159.0 615.2 158.8 614.0 161.9 611.6 164.3 614.4 164.2 0.9143
551.4 34.4 8.2 9.4 819.7 91.5 823.8 91.5 821.4 94.0 820.3 96.1 823.3 96.1 0.9112
839.2 113.7 10.5 13.1 154.4 15.7 158.7 15.6 156.6 17.8 154.8 20.1 158.3 20.0 0.9111
873.8 44.5 8.7 11.4 619.7 115.0 623.8 114.6 621.5 117.6 621.1 120.0 623.8 119.7 0.9106
643.1 98.5 7.9 10.5 553.5 37.9 557.2 37.9 555.4 40.0 554.1 41.9 556.9 41.9 0.9046
835.3 51.9 7.3 10.6 842.0 119.4 847.1 119.2 844.7 122.4 843.1 124.8 846.6 124.7 0.9042
726.3 124.8 9.1 12.0 878.7 48.5 881.0 48.4 880.8 50.9 878.7 53.1 880.4 53.2 0.8928
80.1 8.5 9.2 11.9 645.3 102.9 649.0 102.8 647.2 105.0 645.8 107.1 648.8 107.0 0.8928
720.5 72.3 9.3 13.0 836.3 55.8 838.5 55.8 836.5 57.9 836.7 60.0 838.3 59.9 0.8884
955.7 81.6 9.4 12.2 728.9 129.1 733.5 129.1 731.2 131.7 729.4 134.3 732.9 134.3 0.8849
685.8 80.5 8.5 11.1 82.0 13.4 86.1 13.2 83.8 15.6 82.8 18.0 85.8 17.9 0.8839
813.6 125.4 10.3 13.3 723.6 77.4 727.7 77.2 726.1 79.9 724.4 82.6 727.5 82.5 0.8823
94.7 103.2 10.0 13.1 958.7 86.1 963.0 86.1 961.0 88.4 959.3 91.0 962.7 91.0 0.8821
830.6 137.6 10.3 12.2 687.5 85.2 691.5 85.1 689.3 87.5 688.1 89.7 691.3 89.6 0.8707
623.3 19.0 8.3 11.2 816.7 130.4 821.5 130.4 819.4 133.0 817.4 135.7 821.0 135.7 0.8657
860.6 1.1 8.6 10.8 97.1 108.0 101.7 108.3 99.1 110.8 97.3 113.4 101.0 113.6 0.8641
965.9 16.1 8.0 10.4 832.6 141.9 837.3 142.1 834.4 144.6 833.0 147.2 836.7 147.3 0.8611
280.0 83.1 8.2 10.2 625.2 23.2 628.8 23.4 626.5 25.7 625.4 27.8 628.1 27.8 0.8598
843.2 71.3 8.7 11.1 862.9 5.4 866.8 5.6 864.7 7.7 863.0 9.7 866.2 9.8 0.8594
239.5 87.8 9.0 11.5 967.7 20.0 970.9 20.2 968.8 22.0 967.7 24.0 970.4 24.1 0.8589
66.8 26.2 8.7 10.5 282.3 86.7 286.2 87.0 284.1 88.9 282.3 90.9 285.5 91.1 0.8589
957.2 32.1 9.0 11.8 844.5 75.1 846.8 75.7 844.1 77.7 844.6 79.7 846.0 79.9 0.8579
884.5 9.4 9.3 11.6 241.6 93.2 245.6 92.6 243.9 95.1 242.9 97.5 245.8 97.0 0.8541
997.5 377.4 12.2 13.9 69.1 30.1 72.8 30.1 70.9 32.1 69.4 34.2 72.5 34.2 0.8540
869.1 108.5 9.5 11.5 706.9 368.1 712.5 368.1 709.2 371.5 707.4 375.0 711.9 375.0 0.8521
754.6 85.9 9.7 12.2 959.4 36.9 963.9 36.9 961.6 39.5 960.0 41.8 963.3 41.8 0.8388
401.0 8.0 8.9 11.4 887.9 13.6 892.2 13.9 890.0 16.3 888.0 18.5 891.1 18.8 0.8294
160.2 25.4 7.9 10.0 999.4 382.1 1003.6 382.3 1000.1 384.5 999.7 387.4 1002.9 387.4 0.8276
759.4 71.6 8.6 11.2 872.5 112.5 876.6 112.7 874.7 115.0 872.7 117.1 875.9 117.3 0.8124
886.5 117.7 10.7 14.6 758.2 89.8 762.4 89.7 760.8 92.3 758.6 94.9 762.0 94.9 0.8088
689.8 122.0 9.0 11.9 403.7 12.5 406.9 12.2 405.8 14.6 404.6 17.0 407.0 16.7 0.8033
232.3 107.1 8.0 10.1 162.3 29.2 165.7 29.2 163.9 31.2 162.7 33.1 165.3 33.2 0.7839
736.7 7.4 10.5 12.5 651.4 116.3 655.7 116.2 653.4 118.8 652.0 121.1 655.2 121.1 0.7832
815.0 75.6 8.4 10.5 761.1 76.2 763.2 76.4 760.9 78.4 761.2 80.3 762.6 80.4 0.7827
855.8 22.0 9.4 11.4 889.5 123.2 893.2 124.0 890.4 126.7 888.8 129.2 891.4 129.7 0.7769
400.4 86.7 11.0 13.6 692.6 126.3 696.8 126.4 695.1 129.0 693.1 131.3 696.4 131.4 0.7760
766.5 13.7 9.4 11.2 234.1 111.0 237.6 110.8 235.8 112.8 234.7 114.8 237.6 114.7 0.7758
890.5 91.6 9.0 11.8 740.0 11.7 745.0 11.8 742.7 14.5 740.3 17.1 744.2 17.2 0.7667
23.7 5.5 7.9 9.5 818.0 79.9 821.6 79.8 820.2 82.0 818.4 84.1 821.3 84.1 0.7648
675.1 94.9 9.4 11.4 857.6 26.1 861.5 26.1 858.9 28.5 858.1 30.9 861.1 30.9 0.7469
936.6 98.3 10.4 13.6 402.7 91.0 407.9 91.4 404.7 94.5 403.0 97.3 406.8 97.6 0.7417
981.0 150.7 10.0 12.0 768.5 17.6 772.3 17.7 769.8 20.0 768.8 22.2 771.7 22.3 0.7309
803.0 44.5 7.6 9.8 892.3 97.1 895.2 97.0 893.1 99.7 893.3 101.7 895.1 101.5 0.7230
429.0 0.1 7.9 9.8 25.8 9.2 29.3 9.3 27.5 11.2 26.1 12.9 28.9 12.9 0.7226
338.6 100.3 8.7 10.7 677.4 98.6 681.8 98.6 679.6 101.3 678.0 103.8 681.4 103.7 0.7103
435.3 91.0 9.1 11.7 61.9 123.9 65.7 123.8 63.8 125.9 62.5 127.8 65.5 127.7 0.7071
596.0 123.7 9.4 11.5 939.7 103.4 944.3 103.0 942.5 105.8 940.7 108.7 944.5 108.4 0.6857
88.9 22.3 10.0 13.7 985.4 155.0 989.5 154.5 988.4 157.6 986.2 160.2 989.3 159.9 0.6824
431.5 505.1 11.6 14.0 804.2 48.5 806.9 48.6 804.9 50.6 804.7 52.4 806.6 52.4 0.6713
52.8 42.8 8.7 10.6 431.1 4.3 434.6 4.4 432.7 6.3 431.3 8.0 434.0 8.1 0.6705
758.0 136.3 9.8 11.4 398.9 69.8 402.7 69.9 399.9 72.5 399.6 75.2 402.5 75.1 0.6697
328.4 71.2 8.7 11.9 340.4 104.3 343.8 104.2 341.7 106.3 340.9 108.4 343.5 108.4 0.6694
674.4 47.6 7.4 8.5 437.6 95.0 442.2 94.7 440.2 97.7 438.6 100.3 442.1 100.1 0.6644
632.2 40.0 8.0 10.4 599.3 128.0 603.4 127.7 601.8 130.2 600.0 132.7 603.2 132.5 0.6373
622.6 0.0 9.0 9.3 90.1 28.0 93.7 28.3 90.7 31.0 90.2 33.5 92.9 33.7 0.6275
5.7 85.9 7.9 10.1 433.6 509.5 438.8 510.0 435.1 513.0 433.8 516.0 437.5 516.3 0.6211
1015.7 43.8 8.0 11.5 54.2 46.6 57.6 46.9 55.3 49.0 54.7 50.9 57.2 51.1 0.5962
659.9 116.8 9.4 11.5 901.9 145.2 906.7 145.0 904.2 147.8 902.7 150.2 906.3 150.0 0.5914
456.5 80.8 10.4 12.0 759.7 140.2 764.1 140.7 761.2 143.1 759.9 145.3 763.1 145.6 0.5908
12.3 25.5 8.0 11.0 333.8 75.7 335.9 75.5 336.0 77.9 334.1 80.5 335.7 80.4 0.5858
389.1 103.8 9.2 10.7 676.7 50.8 679.8 50.6 678.4 52.4 677.2 54.2 679.6 54.1 0.5781
599.8 6.9 9.3 11.5 139.9 80.5 144.1 80.6 141.9 83.0 140.2 85.4 143.6 85.4 0.5713
89.1 0.9 8.3 10.4 634.3 44.3 638.2 44.3 636.2 46.5 634.7 48.6 637.9 48.6 0.5675
978.8 95.4 9.3 11.2 624.3 2.8 627.9 2.7 625.7 4.9 624.9 7.0 627.8 6.9 0.5666
120.0 14.4 8.0 10.2 7.3 90.0 10.4 90.2 8.4 92.1 7.6 94.1 10.0 94.1 0.5663
901.9 49.1 9.8 11.8 1018.8 48.4 1022.5 48.5 1020.8 50.7 1018.9 52.9 1021.8 53.0 0.5652
974.3 79.7 9.3 11.1 662.2 120.9 666.5 120.8 664.4 123.3 662.7 125.6 666.1 125.6 0.5628
44.9 6.5 8.3 9.8 458.3 86.9 462.7 85.8 460.8 89.3 460.4 91.5 463.3 90.6 0.5460
893.0 32.0 9.2 11.4 13.9 29.9 16.3 29.8 14.5 32.1 14.5 34.5 16.2 34.3 0.5357
709.2 15.2 11.7 14.1 391.3 107.7 395.2 107.5 393.1 109.8 392.1 112.1 395.2 111.9 0.5351
