0--Parade/0_Parade_marchingband_1_140.jpg
9
417.7 259.0 82.7 98.4 458.3 289.3 487.6 288.8 489.5 301.8 469.3 327.0 494.0 326.4 0.9999
324.3 231.2 42.0 51.1 346.2 245.6 361.3 246.7 359.2 253.8 349.8 266.7 361.4 267.5 0.9997
23.5 314.3 21.8 25.7 31.9 321.7 41.5 321.9 38.0 326.9 33.0 332.6 40.5 332.8 0.9989
634.9 275.9 26.5 30.8 650.7 284.7 656.6 284.2 659.8 288.7 654.8 296.9 658.9 296.8 0.9987
160.6 273.8 30.5 33.0 174.2 284.9 186.8 284.9 182.9 291.7 176.0 298.3 185.5 298.3 0.9983
85.9 307.9 25.3 28.8 96.2 316.5 106.8 316.9 103.2 322.6 96.5 327.7 105.2 328.1 0.9983
531.0 275.9 33.9 38.8 546.0 286.7 558.9 286.6 555.5 293.9 548.4 302.8 558.5 302.7 0.9935
932.2 284.4 15.9 18.6 940.5 289.8 945.8 289.3 945.8 293.5 942.4 298.2 946.2 298.0 0.9682
891.1 274.6 29.0 31.8 906.3 283.6 914.6 282.7 915.6 288.8 910.2 296.9 916.3 296.5 0.7762
