0--Parade/0_Parade_Parade_0_3.jpg
20
643.2 25.5 80.2 105.0 680.8 68.8 710.9 65.0 712.0 81.2 692.9 105.2 718.6 102.2 0.9999
337.9 149.4 75.4 98.2 363.2 184.2 398.2 181.9 386.6 202.2 365.7 218.1 400.2 216.1 0.9997
551.7 117.4 49.8 70.7 560.3 146.3 582.9 140.6 570.9 155.3 566.5 169.2 588.8 164.2 0.9995
773.5 68.1 82.8 99.0 798.3 107.7 835.2 109.5 817.1 121.2 799.3 139.3 832.1 140.7 0.9994
607.6 109.1 81.4 100.1 630.3 151.3 667.3 150.0 649.5 167.2 636.4 186.8 663.6 185.5 0.9994
147.5 198.0 47.1 50.5 158.5 218.8 180.7 215.9 171.3 230.0 162.7 234.9 183.3 232.3 0.9994
503.2 163.4 49.2 68.3 509.5 191.3 531.4 189.4 517.0 203.9 514.0 214.0 534.5 212.0 0.9993
393.4 91.3 44.8 46.7 405.6 109.9 425.6 109.4 415.9 117.4 407.6 125.1 424.3 124.8 0.9991
984.4 104.3 23.6 29.4 990.3 116.2 1002.4 116.3 996.1 121.7 991.5 127.7 1000.1 127.8 0.9982
958.4 116.9 24.1 26.4 967.1 125.8 977.9 127.6 972.6 131.9 967.5 137.0 974.4 138.5 0.9981
237.9 169.9 33.5 40.4 243.8 188.3 257.7 184.7 250.4 194.6 249.1 202.6 259.3 199.7 0.9972
211.8 100.2 19.2 24.8 215.0 108.4 219.0 108.5 213.4 113.2 214.8 118.8 217.6 118.6 0.9964
941.6 28.2 17.3 23.9 945.2 35.4 950.3 36.5 944.3 39.9 943.8 45.6 947.5 46.1 0.9936
899.6 24.8 13.5 17.2 902.8 31.5 908.7 31.7 905.5 35.0 903.3 38.3 908.1 38.3 0.9833
110.0 200.8 21.3 27.5 114.5 210.9 123.7 210.5 118.5 216.4 116.2 221.9 123.5 221.5 0.9757
916.7 147.7 24.7 30.0 924.1 157.8 934.6 158.6 929.0 162.8 924.3 168.7 932.4 169.4 0.9069
425.7 70.4 25.8 33.5 434.2 81.4 445.2 83.0 439.3 88.6 433.9 94.6 442.1 95.8 0.9061
841.6 19.1 14.7 17.3 13.4 179.6 15.3 180.4 10.7 187.3 13.6 194.8 15.2 195.3 0.8495
880.8 128.9 21.6 28.3 846.4 25.3 853.3 25.0 850.5 28.5 847.6 32.3 852.9 32.1 0.8330
189.8 105.3 14.6 21.4 883.6 138.7 889.8 138.9 883.7 144.6 884.5 150.7 889.1 150.5 0.5521
