0--Parade/0_Parade_marchingband_1_625.jpg
17
30.7 139.4 33.0 45.9 52.3 153.1 56.3 152.7 63.6 159.6 56.6 170.9 59.9 171.1 0.9994
316.2 253.5 42.7 62.0 343.6 273.6 350.0 272.1 357.4 282.5 348.1 297.7 353.1 297.4 0.9993
679.8 226.5 27.5 34.7 689.6 235.3 691.5 237.4 681.7 240.5 681.9 248.8 682.8 250.2 0.9984
584.7 246.4 23.3 31.2 598.2 256.0 602.0 254.5 606.1 260.1 603.4 268.9 605.9 268.1 0.9971
790.3 367.9 39.4 53.8 811.5 384.7 815.3 383.7 825.8 390.6 821.4 405.5 824.2 405.3 0.9965
469.5 250.1 25.5 34.9 486.0 260.8 490.9 260.0 493.8 266.3 487.4 274.4 491.6 274.1 0.9931
399.5 216.5 19.7 25.7 408.0 223.3 415.4 223.0 415.0 226.5 411.2 234.1 417.0 233.8 0.9912
161.2 143.4 22.0 32.7 176.6 152.0 179.9 151.3 183.1 158.2 177.5 166.4 180.3 166.2 0.9889
504.5 212.2 10.9 14.1 510.7 216.1 513.6 215.8 514.1 218.8 511.8 222.3 513.9 222.2 0.9852
677.1 264.7 19.2 24.2 688.8 272.4 693.7 272.0 694.5 277.1 691.0 282.4 694.3 282.3 0.9567
797.5 318.3 22.5 27.8 807.9 325.9 816.1 326.6 813.4 331.3 808.1 337.2 814.5 337.9 0.9533
231.6 174.7 26.6 32.3 244.1 185.1 253.9 183.6 254.4 190.1 249.2 198.8 256.3 197.8 0.9469
802.4 297.4 13.1 16.6 810.9 302.9 813.8 302.1 815.1 306.1 812.3 310.1 814.2 309.7 0.8042
282.0 200.4 23.2 26.1 288.9 208.3 299.5 207.4 295.0 213.0 291.2 219.5 299.4 218.9 0.7916
937.0 320.4 10.3 14.6 943.2 325.9 945.8 325.5 946.2 328.7 943.8 331.8 945.7 331.7 0.7876
416.8 209.6 15.0 19.0 421.7 216.6 427.6 216.5 425.3 220.8 422.6 225.0 427.1 225.0 0.6920
596.6 241.4 16.8 21.4 603.6 247.8 609.1 247.6 608.0 253.1 604.6 257.9 608.8 257.8 0.6066
