0--Parade/0_Parade_marchingband_1_1030.jpg
44
846.0 97.4 19.1 24.7 854.3 106.0 862.3 106.4 860.0 111.3 855.0 116.0 860.9 116.4 0.9992
700.5 86.5 11.8 15.8 707.4 92.0 710.4 91.5 711.2 94.8 708.9 98.5 711.0 98.2 0.9990
370.7 65.5 16.1 21.5 380.0 74.1 385.4 73.8 385.1 77.9 381.1 82.1 384.9 82.1 0.9984
285.8 83.3 14.1 19.0 292.9 90.1 297.7 89.7 297.1 93.4 293.7 97.2 297.5 97.1 0.9984
958.9 102.2 14.3 20.9 967.2 110.1 971.0 109.5 972.0 113.7 968.6 118.2 971.2 118.0 0.9984
489.8 81.2 13.2 17.4 497.3 87.8 501.1 87.3 501.2 90.7 498.1 94.1 501.0 93.9 0.9984
48.4 75.1 12.2 17.1 55.6 82.1 59.2 81.7 59.3 85.2 56.2 88.5 58.8 88.5 0.9984
139.7 61.6 15.4 20.0 148.4 68.9 152.9 68.4 153.3 72.3 149.8 76.5 153.1 76.3 0.9982
734.1 99.0 17.8 24.3 747.6 107.6 749.9 107.1 752.6 112.2 748.1 117.2 749.4 117.3 0.9981
790.0 131.8 10.0 12.9 792.5 136.6 797.2 136.5 794.8 139.0 793.1 141.5 796.9 141.4 0.9981
222.6 90.4 17.3 22.4 229.1 98.7 236.8 98.3 234.2 102.5 230.4 107.2 236.6 106.9 0.9979
200.6 71.4 11.9 14.7 206.6 76.7 210.7 76.9 209.8 79.8 206.9 82.6 209.7 82.8 0.9978
923.3 116.3 10.9 13.5 925.3 121.2 929.9 121.3 926.9 124.1 925.7 126.7 929.1 126.7 0.9976
604.0 79.0 13.1 17.4 610.4 85.2 615.0 85.1 614.3 88.3 611.4 91.9 614.8 92.0 0.9972
752.5 129.2 10.5 14.9 753.9 134.0 756.4 134.5 753.1 137.2 753.8 140.4 755.5 140.6 0.9969
179.4 86.3 9.3 13.8 185.7 91.5 187.4 91.5 188.0 94.3 185.7 96.8 186.7 97.0 0.9964
899.7 83.1 9.7 11.7 902.5 88.1 906.8 87.6 905.1 90.1 903.6 92.4 906.9 92.0 0.9933
774.0 111.1 9.4 12.1 775.6 116.2 780.0 116.4 777.4 119.0 776.2 121.0 779.5 121.1 0.9933
566.4 118.9 7.8 10.6 567.3 122.9 569.4 123.1 567.1 125.2 567.6 127.3 569.1 127.3 0.9918
92.4 73.0 12.2 15.3 96.5 78.0 101.7 77.7 99.5 80.9 97.0 84.2 101.5 84.1 0.9890
394.2 77.6 12.0 15.8 397.7 83.1 403.4 82.8 401.0 86.0 398.7 89.5 403.3 89.3 0.9864
967.5 119.7 11.9 15.0 968.9 125.5 972.2 125.5 968.9 128.6 969.7 131.5 971.9 131.4 0.9862
871.7 149.7 9.4 11.3 872.8 153.6 876.4 153.6 873.8 156.2 873.6 158.5 875.9 158.5 0.9843
510.7 83.5 10.5 14.4 516.5 88.4 519.1 87.9 520.0 90.6 518.1 94.3 519.8 94.1 0.9833
1011.2 142.4 8.9 12.2 1012.3 147.3 1015.5 147.4 1012.9 149.8 1012.9 152.3 1015.1 152.3 0.9810
778.0 65.2 9.2 10.7 780.0 70.0 784.2 69.8 782.1 72.3 780.8 74.4 784.1 74.2 0.9784
915.9 69.2 7.0 9.0 917.0 72.9 919.8 72.9 917.8 74.8 917.4 76.5 919.5 76.5 0.9784
544.7 119.3 7.6 10.1 545.8 123.3 548.4 123.4 546.2 125.3 546.2 127.2 548.0 127.2 0.9732
890.9 61.8 8.5 10.4 892.8 65.5 896.1 65.5 894.0 67.6 893.2 69.6 895.7 69.6 0.9636
558.1 77.6 7.5 8.8 559.9 80.7 563.1 80.8 561.2 82.7 560.1 84.4 562.6 84.5 0.9631
808.3 113.4 8.9 11.3 810.3 117.5 814.2 117.9 811.7 119.8 810.1 121.9 813.3 122.2 0.9592
855.7 67.7 8.4 11.7 856.9 71.6 859.7 72.2 857.0 74.3 856.8 76.5 858.8 76.8 0.9544
819.4 77.2 8.9 10.8 821.5 80.5 825.7 80.6 823.4 83.1 821.9 85.3 825.1 85.4 0.9488
533.2 72.8 8.0 10.3 534.4 77.1 537.2 77.1 535.1 79.3 534.9 81.2 536.9 81.2 0.9391
439.0 111.2 11.1 12.5 440.8 115.3 444.7 115.6 441.3 118.2 441.0 121.1 443.9 121.1 0.9277
420.4 72.2 6.6 8.1 629.4 85.5 632.2 85.5 629.1 89.4 630.4 93.0 632.3 92.8 0.9160
805.9 62.4 7.6 9.3 422.3 75.4 425.4 75.2 424.2 77.1 423.0 78.7 425.4 78.6 0.8883
840.8 75.9 8.5 10.7 807.5 66.0 810.5 66.0 808.6 68.0 808.0 69.9 810.3 69.8 0.8771
753.4 63.3 7.0 8.6 842.8 80.3 846.6 80.2 844.6 82.3 843.3 84.4 846.4 84.4 0.8114
573.7 80.0 7.3 9.7 755.5 66.3 758.7 66.4 757.1 68.1 755.6 69.7 758.2 69.8 0.7903
507.6 63.0 8.5 11.2 441.3 94.2 444.8 94.7 441.6 97.1 441.3 99.8 443.9 100.0 0.7421
468.6 70.8 8.8 11.2 575.6 83.7 578.6 83.8 576.9 85.8 575.9 87.8 578.3 87.8 0.7228
150.4 69.7 10.1 13.7 803.2 193.2 807.6 193.4 805.0 195.9 803.5 198.1 807.0 198.1 0.5484
224.7 76.5 9.1 11.3 509.0 67.4 511.9 67.4 509.7 69.9 509.7 72.1 511.8 72.0 0.5454
