0--Parade/0_Parade_Parade_0_893.jpg
36
241.6 558.0 14.3 18.2 243.5 563.4 247.2 564.4 242.5 567.2 242.9 570.8 245.7 571.3 0.9994
582.4 562.4 12.4 16.5 583.9 568.5 587.1 568.4 583.6 571.9 584.7 575.1 587.2 574.9 0.9991
732.7 543.0 14.4 17.0 735.8 549.0 742.4 548.1 739.2 551.6 737.0 555.4 742.7 554.7 0.9990
307.4 560.8 9.8 12.7 311.9 565.8 315.3 565.2 315.1 568.1 313.0 570.8 315.6 570.4 0.9988
336.9 549.5 10.3 14.3 343.2 555.1 346.0 554.8 346.4 557.8 343.9 560.7 345.7 560.6 0.9987
637.0 553.3 13.8 17.5 641.5 558.4 647.8 558.3 645.3 561.7 642.4 565.6 647.7 565.5 0.9987
155.9 558.9 12.0 15.7 163.7 564.9 166.6 564.7 167.2 568.0 164.0 571.0 165.8 571.1 0.9979
431.0 563.1 14.4 17.0 434.5 568.9 441.3 567.8 438.4 572.0 436.2 576.0 441.8 575.1 0.9979
95.7 565.4 11.5 15.2 102.7 570.3 105.1 569.8 106.1 572.9 103.4 576.5 105.2 576.4 0.9976
107.0 548.3 12.3 16.4 114.4 555.2 117.7 554.9 117.5 558.6 113.9 561.4 116.4 561.4 0.9975
808.2 552.7 14.8 19.3 814.3 559.9 820.4 558.9 819.1 563.4 816.0 567.6 820.6 566.9 0.9974
387.9 558.8 10.6 12.4 391.6 563.5 396.1 564.0 394.0 566.2 391.7 568.3 395.1 568.6 0.9973
370.3 552.1 10.5 15.1 376.6 557.4 379.4 557.1 379.7 560.2 376.9 563.3 379.1 563.2 0.9965
314.6 617.0 11.1 13.2 320.1 622.4 324.0 622.1 323.4 624.4 320.8 627.0 323.8 626.9 0.9956
603.9 538.4 8.7 9.8 606.0 541.6 610.0 541.3 608.1 543.6 606.9 545.8 610.0 545.6 0.9892
303.2 576.1 9.8 12.7 308.8 580.7 311.5 580.2 311.6 583.0 309.5 585.7 311.4 585.5 0.9841
315.9 561.5 9.9 13.9 318.4 566.7 322.7 566.7 320.5 569.4 318.8 572.2 322.0 572.2 0.9801
9.1 554.8 11.7 16.3 15.5 560.7 19.0 560.2 18.9 563.8 16.2 567.4 18.8 567.2 0.9782
564.2 541.9 6.7 8.9 567.4 545.3 569.8 545.1 569.4 546.9 567.9 548.7 569.7 548.6 0.9767
166.7 562.1 11.3 15.8 172.0 568.6 175.0 568.5 174.4 571.9 171.6 574.6 173.8 574.7 0.9675
282.1 557.7 10.2 14.3 286.5 563.1 289.5 563.1 288.6 565.9 286.8 568.9 289.2 568.9 0.9614
267.4 556.9 10.5 12.4 270.2 561.6 274.7 562.7 271.7 564.4 269.6 566.2 273.0 567.1 0.9608
125.4 563.6 9.4 13.8 129.7 568.9 132.2 568.6 131.7 571.6 130.3 574.5 132.2 574.4 0.9574
274.3 533.5 9.3 10.8 279.2 537.6 282.3 538.3 281.1 540.3 278.6 541.9 280.7 542.5 0.9547
586.8 535.6 6.7 9.7 590.2 539.7 592.2 539.5 592.0 541.6 590.6 543.5 592.0 543.4 0.9533
406.2 552.1 7.5 11.1 411.1 556.3 412.4 555.9 413.1 558.2 411.7 560.5 412.4 560.4 0.9488
50.4 558.2 10.6 15.8 57.2 563.8 58.6 563.4 60.0 566.6 57.9 570.3 58.8 570.2 0.9478
435.6 548.4 9.6 11.9 438.1 553.2 442.5 553.3 440.2 556.0 438.5 557.9 441.7 558.0 0.9372
479.7 607.7 10.5 13.5 482.8 613.3 487.5 613.2 485.4 616.4 483.5 618.7 487.1 618.6 0.9165
543.7 565.9 9.6 12.4 545.8 571.0 550.0 570.8 547.7 573.4 546.4 575.7 549.5 575.6 0.8853
550.6 551.5 8.3 10.2 553.3 555.4 556.8 555.5 555.2 557.6 553.6 559.5 556.2 559.5 0.8182
476.2 553.9 6.9 9.8 480.1 558.2 481.4 557.9 481.7 559.8 480.6 561.6 481.4 561.4 0.7462
624.8 548.6 9.7 12.5 627.9 553.1 631.7 553.1 629.8 555.6 628.3 558.2 631.3 558.2 0.6718
480.3 546.5 8.3 12.4 484.2 551.6 487.1 551.3 486.6 554.0 484.8 556.5 486.9 556.4 0.6457
74.6 556.1 13.7 19.1 81.1 562.8 86.1 562.5 84.9 566.1 81.8 570.4 85.7 570.3 0.5650
3.9 556.4 11.6 16.0 12.7 562.3 14.0 562.1 15.1 565.6 12.6 568.9 13.4 568.9 0.5182
