0--Parade/0_Parade_Parade_0_678.jpg
10
452.9 385.6 110.2 160.5 519.3 447.7 541.9 442.5 561.9 466.5 537.2 506.1 553.7 502.4 0.9998
750.1 193.7 81.1 112.4 778.2 240.5 808.7 225.9 807.7 251.8 795.6 279.5 820.4 268.0 0.9997
138.5 385.9 59.7 84.3 160.9 415.2 187.8 412.3 180.7 430.1 169.4 450.8 187.9 448.2 0.9997
338.9 638.3 119.8 129.3 401.7 711.4 437.3 697.8 433.2 736.3 401.6 751.3 426.4 741.4 0.9997
783.8 125.7 64.9 72.8 797.3 158.8 820.4 150.2 811.8 168.1 812.4 182.7 831.0 175.5 0.9997
849.0 269.2 52.2 66.6 855.1 293.4 868.9 294.1 854.8 306.3 858.6 320.0 867.5 320.5 0.9996
527.2 214.7 68.2 92.4 540.1 248.4 545.5 250.6 531.7 266.5 544.7 285.3 547.1 286.7 0.9980
93.6 339.7 44.8 53.8 109.1 358.0 127.3 356.7 120.2 366.0 113.2 378.7 127.0 377.7 0.9967
112.4 332.8 55.8 65.7 120.2 355.3 133.5 357.6 118.6 370.4 121.0 380.0 132.3 381.1 0.9881
473.5 220.4 61.5 102.0 517.0 259.4 525.8 256.5 531.3 279.4 519.7 298.7 524.9 296.8 0.9027
