0--Parade/0_Parade_marchingband_1_659.jpg
22
568.6 314.1 49.0 63.2 584.5 335.9 607.3 334.4 598.9 344.7 588.0 359.0 607.7 357.6 0.9997
252.6 243.2 28.7 39.3 262.9 258.2 275.7 256.9 271.9 265.0 265.0 272.6 275.8 271.7 0.9996
107.2 322.9 52.5 75.0 124.9 349.3 149.1 350.0 139.7 360.9 126.8 376.5 146.2 377.3 0.9995
186.6 251.7 37.9 48.1 197.5 267.0 214.8 267.1 206.8 274.6 199.7 285.8 213.6 285.8 0.9993
738.7 224.2 25.6 35.7 748.7 237.6 760.5 239.0 755.9 244.5 748.7 250.1 758.6 251.2 0.9992
877.3 286.4 33.7 43.0 894.5 299.2 906.2 300.8 903.0 308.5 892.8 316.4 901.4 317.9 0.9992
469.4 227.4 22.1 30.3 480.4 238.7 488.0 238.1 487.2 244.1 482.4 250.4 488.2 250.1 0.9982
493.9 222.7 28.8 36.0 504.1 234.8 517.3 235.0 512.2 240.6 505.6 248.3 516.8 248.4 0.9981
402.4 199.3 14.3 17.8 410.1 207.6 414.5 208.8 412.5 212.2 408.3 213.6 411.0 214.7 0.9980
675.1 239.4 18.4 23.2 684.5 247.1 691.1 248.2 689.3 251.9 684.4 256.3 689.0 257.3 0.9977
564.8 186.4 10.0 12.7 567.2 191.3 571.8 191.2 569.5 193.7 567.7 196.1 571.5 196.1 0.9967
632.6 231.2 17.2 20.7 638.2 239.4 646.0 240.5 641.8 243.9 638.0 247.3 643.7 248.2 0.9966
582.5 184.0 11.5 14.6 585.2 189.1 590.5 189.5 587.3 192.2 585.3 195.0 589.6 195.3 0.9961
830.4 239.9 19.0 23.6 837.5 246.3 845.9 245.7 843.0 250.2 838.7 255.9 845.7 255.5 0.9943
936.4 252.7 22.5 28.5 946.3 262.5 954.1 260.7 954.1 266.2 949.6 273.4 955.9 272.1 0.9933
630.2 202.7 15.4 17.9 633.9 209.0 641.4 208.6 637.9 213.0 635.4 216.7 640.9 216.5 0.9895
598.4 195.3 12.0 15.1 601.3 200.5 606.2 201.5 602.8 203.5 600.8 206.0 604.9 206.7 0.9888
528.6 297.4 35.1 46.7 546.8 309.4 559.8 311.4 556.5 318.8 545.5 329.5 555.0 331.5 0.9848
372.2 168.9 6.7 8.2 374.1 171.8 377.2 171.8 375.8 173.4 374.4 175.0 376.9 175.1 0.9380
277.3 212.6 19.8 22.1 283.3 219.9 291.4 220.2 287.2 225.1 283.7 228.8 289.8 229.0 0.9260
398.1 175.6 10.7 14.1 400.7 180.8 405.5 180.2 403.4 183.3 402.0 186.6 405.8 186.1 0.7135
520.7 156.5 5.8 7.5 522.9 159.5 525.3 159.3 524.4 161.0 523.3 162.6 525.2 162.5 0.5090
