0--Parade/0_Parade_marchingband_1_475.jpg
15
418.1 285.6 33.1 37.0 422.2 297.1 434.9 297.4 423.6 303.2 422.1 312.2 431.4 312.2 0.9997
547.1 242.1 31.1 35.8 550.7 253.6 562.6 253.4 551.9 259.1 550.3 268.0 559.7 267.7 0.9997
43.8 322.2 36.5 43.5 48.4 337.0 62.2 337.9 49.5 344.3 47.8 354.4 58.0 355.0 0.9996
755.7 277.1 23.6 24.7 759.8 284.4 769.1 284.9 761.0 288.6 759.0 294.6 765.8 294.9 0.9996
833.2 310.6 21.6 24.5 835.4 319.5 843.6 319.4 837.6 325.6 838.0 330.0 843.5 329.6 0.9996
667.0 296.6 25.0 29.7 669.3 306.1 677.8 305.7 670.4 312.3 671.4 318.8 677.5 318.2 0.9996
899.5 279.1 17.5 22.5 903.9 287.4 911.8 287.5 907.7 291.1 904.4 295.5 911.2 295.6 0.9995
220.2 284.7 41.6 50.1 224.9 299.3 240.3 299.4 226.6 309.7 225.4 320.8 237.0 320.4 0.9994
394.9 312.5 26.2 30.2 398.1 322.5 408.3 321.6 401.3 328.9 400.7 335.4 408.5 334.5 0.9993
833.0 260.2 20.0 24.0 836.6 268.2 844.9 267.9 839.6 272.8 837.7 277.9 844.1 277.6 0.9992
264.8 295.0 32.8 34.2 269.3 304.8 280.6 304.7 268.9 309.7 267.9 319.3 276.2 319.1 0.9990
939.0 256.2 16.9 24.7 941.3 265.6 947.8 265.5 942.9 270.5 942.6 275.2 947.4 274.9 0.9986
606.7 275.9 24.0 26.0 612.1 283.2 622.8 283.0 616.7 287.0 613.2 293.7 621.5 293.5 0.9984
915.2 265.4 16.1 20.2 919.7 273.8 927.3 273.5 923.8 277.2 921.0 281.2 926.6 281.0 0.9982
525.9 287.8 18.8 21.5 528.1 294.0 534.8 293.9 529.1 298.2 528.7 303.1 534.2 302.8 0.9898
