0--Parade/0_Parade_Parade_0_605.jpg
24
875.5 525.2 105.0 122.3 902.2 589.0 946.0 567.4 935.6 599.3 928.2 628.7 961.8 610.9 0.9997
19.2 78.2 30.4 37.2 34.4 89.2 46.1 90.2 44.1 96.4 34.8 103.9 44.5 104.9 0.9996
223.2 44.5 124.8 165.1 254.7 105.5 317.6 110.0 284.9 138.7 257.4 168.8 307.6 172.5 0.9995
482.0 49.7 39.3 52.2 499.3 66.8 515.4 68.3 510.6 77.2 496.9 83.9 513.3 85.6 0.9994
233.4 593.8 21.9 27.0 241.1 603.2 250.7 605.2 245.6 608.6 240.4 613.3 247.6 614.9 0.9993
545.4 573.4 33.7 42.1 562.9 589.6 575.4 589.8 573.8 596.3 564.8 604.7 574.5 605.0 0.9993
289.0 595.5 30.4 39.3 305.3 611.4 313.4 608.5 316.6 615.0 311.0 624.3 317.5 622.5 0.9993
545.4 78.3 36.0 45.4 555.6 95.1 572.7 96.9 563.7 105.2 554.4 109.8 570.6 111.3 0.9992
284.8 271.5 38.7 52.2 292.9 291.6 312.2 294.3 299.6 304.0 292.1 308.8 309.5 310.9 0.9991
381.1 572.5 30.1 36.6 390.7 587.8 403.9 586.6 399.4 592.1 394.2 600.2 404.5 599.3 0.9989
433.0 565.0 26.1 32.3 439.6 580.5 451.0 580.4 445.0 586.2 441.4 591.2 449.9 591.0 0.9986
321.9 567.1 15.7 22.2 326.3 574.7 334.1 575.3 330.2 579.2 326.5 583.6 332.7 584.1 0.9982
724.0 41.6 35.1 43.3 732.6 55.1 748.6 57.9 738.4 65.0 731.2 71.1 745.1 73.4 0.9975
479.6 579.2 14.7 18.5 486.2 585.1 492.2 585.1 490.8 588.6 487.3 592.8 491.9 592.9 0.9973
343.0 591.0 15.7 19.9 346.3 599.7 353.4 599.6 349.3 603.4 347.1 607.0 352.3 607.0 0.9967
73.4 41.1 36.6 54.3 82.3 61.9 99.8 62.3 90.5 73.1 83.8 81.6 98.3 81.8 0.9965
581.9 571.5 12.8 16.1 589.9 576.4 592.6 576.1 593.5 579.7 590.3 583.3 592.1 583.3 0.9937
215.0 580.4 12.3 15.0 217.9 585.1 222.9 585.5 219.7 588.7 218.1 591.6 221.9 591.9 0.9913
129.7 91.6 16.2 22.1 131.7 99.6 135.2 100.0 130.2 104.1 131.9 108.6 134.2 108.7 0.9882
512.3 589.2 19.7 23.9 522.5 596.5 528.2 595.5 529.1 600.2 525.9 606.4 529.9 605.8 0.9466
240.3 290.7 10.2 12.8 246.3 295.3 249.2 295.1 249.2 298.1 246.5 300.7 248.4 300.6 0.9291
605.8 589.7 11.2 12.7 610.0 594.4 615.0 594.2 613.2 596.3 611.0 599.2 614.9 599.1 0.7488
574.3 594.5 12.2 16.1 577.3 600.9 582.9 600.7 580.1 604.3 578.3 607.5 582.4 607.3 0.6763
282.2 576.4 23.5 25.4 288.7 586.3 298.6 585.1 295.1 589.2 292.0 595.5 299.3 594.5 0.5671
