0--Parade/0_Parade_marchingband_1_808.jpg
9
535.9 65.1 79.7 109.9 573.9 106.1 601.9 101.5 605.1 118.9 587.3 146.1 611.2 142.3 0.9998
196.0 44.1 48.5 64.9 214.3 69.5 235.2 68.8 228.1 79.7 218.1 93.1 234.4 92.3 0.9994
947.5 203.2 30.7 35.0 953.6 216.5 966.8 218.3 957.5 223.1 953.1 229.4 963.0 230.8 0.9993
375.2 165.7 18.8 26.8 387.0 176.2 391.2 175.8 393.5 180.6 388.8 186.1 391.8 186.0 0.9991
485.4 165.2 28.9 40.0 505.8 181.0 509.5 179.1 515.0 187.2 508.1 196.0 510.2 195.0 0.9984
96.3 165.7 18.6 28.0 108.2 177.7 111.6 176.2 114.2 181.9 110.2 187.7 112.6 186.9 0.9940
328.7 188.9 9.0 11.2 330.8 193.3 334.9 192.9 333.1 195.5 331.9 197.7 335.1 197.4 0.8719
59.5 182.1 20.0 26.8 67.3 193.3 74.5 192.9 71.4 198.7 67.8 202.9 73.1 202.8 0.8108
345.5 181.2 8.5 10.6 348.1 185.9 351.7 185.6 350.3 187.9 348.8 189.9 351.7 189.8 0.6891
