0--Parade/0_Parade_Parade_0_744.jpg
17
683.7 191.5 38.8 47.4 690.3 207.7 707.9 205.1 697.9 213.6 693.8 225.9 708.1 223.8 0.9995
269.8 259.6 33.3 43.0 274.6 274.8 288.9 274.0 278.7 281.6 276.2 291.4 287.3 290.6 0.9993
350.8 297.5 31.7 40.7 355.8 312.8 369.3 312.3 360.3 319.6 357.4 327.9 367.8 327.4 0.9991
80.1 279.2 37.7 45.6 85.6 295.9 100.6 295.1 89.3 301.9 86.2 311.9 98.7 311.1 0.9988
448.1 234.7 37.4 44.0 454.3 250.9 469.9 248.1 461.1 258.3 458.3 268.0 470.7 265.7 0.9987
583.6 297.8 30.0 34.2 590.0 309.0 601.6 307.5 594.9 315.0 592.4 322.7 601.6 321.5 0.9986
619.7 306.7 28.8 31.0 623.5 317.7 635.5 316.6 627.5 322.6 625.6 330.1 634.5 329.2 0.9976
165.6 210.0 40.5 54.6 171.6 229.0 186.5 229.3 174.1 239.0 173.3 250.1 184.6 250.2 0.9973
514.0 275.2 32.6 38.5 522.0 286.4 535.9 285.9 528.7 293.9 524.2 302.4 534.9 301.9 0.9967
978.3 385.7 15.7 19.4 982.8 392.3 989.9 392.3 986.4 396.2 983.6 400.1 989.3 400.0 0.9924
902.8 336.6 18.2 21.3 906.4 344.3 914.3 343.9 910.0 348.9 908.0 353.3 913.7 353.0 0.9908
1002.4 376.4 14.6 16.8 1006.2 382.6 1012.7 381.5 1010.0 385.7 1007.9 389.5 1013.0 388.6 0.9838
417.8 311.9 23.6 31.2 421.3 324.8 431.3 322.7 426.0 330.4 425.1 336.6 433.5 334.7 0.9216
867.7 319.2 16.9 19.3 871.0 326.3 877.8 326.7 873.2 330.7 871.8 334.1 876.5 334.3 0.9037
808.7 293.6 22.3 23.9 813.7 301.1 821.6 301.2 816.5 306.3 814.8 311.3 820.6 311.3 0.8347
852.4 309.7 12.7 17.3 856.9 315.9 860.3 315.7 858.7 319.3 857.7 323.0 860.1 322.8 0.8239
782.2 277.9 18.0 23.8 787.9 287.2 795.0 287.6 791.7 292.4 788.5 296.4 793.9 296.8 0.6925
