0--Parade/0_Parade_marchingband_1_223.jpg
17
192.4 182.8 63.8 72.5 202.4 203.7 226.7 204.0 203.7 213.9 199.6 232.9 218.1 233.2 0.9998
666.8 160.6 67.0 77.5 678.3 182.3 705.8 183.1 684.6 197.4 677.9 216.0 698.9 216.5 0.9997
372.7 126.8 37.8 40.8 379.9 138.6 395.7 138.7 385.5 145.9 380.8 154.9 393.7 155.0 0.9996
486.5 103.1 33.6 37.7 492.3 113.5 506.6 113.9 497.1 121.8 492.8 129.3 505.2 129.5 0.9996
926.9 134.9 40.0 43.6 936.1 147.3 954.5 147.4 944.1 154.7 937.5 165.8 951.8 165.8 0.9996
807.6 111.1 50.4 56.9 817.6 127.2 840.0 127.0 826.1 135.9 819.8 150.9 836.5 150.7 0.9996
627.3 90.2 42.8 43.4 635.1 103.2 653.6 103.7 640.4 110.6 635.6 121.4 649.5 121.7 0.9995
83.5 105.1 49.8 52.1 90.9 122.1 111.0 121.2 96.5 131.4 92.5 143.7 107.1 143.1 0.9995
538.3 88.7 30.7 33.5 542.5 98.9 554.0 98.2 545.4 104.5 544.0 112.2 553.1 111.6 0.9992
770.2 121.4 18.7 21.1 773.9 128.0 781.9 128.6 776.5 132.7 774.1 136.9 780.0 137.4 0.9988
852.0 136.5 39.2 51.3 858.3 153.6 867.2 153.5 857.0 165.5 861.2 176.2 866.9 175.6 0.9986
335.3 116.1 19.3 31.9 348.4 128.9 351.2 128.1 353.9 134.1 349.1 140.6 350.8 140.4 0.9980
130.4 118.5 28.9 37.7 136.5 132.0 147.9 134.4 138.4 139.2 135.3 146.2 143.3 148.0 0.9976
27.6 66.6 19.1 25.0 38.2 76.2 44.6 76.4 44.0 81.0 39.5 86.0 43.5 86.3 0.9957
32.2 109.1 23.6 32.5 35.5 119.5 45.6 119.4 37.6 124.9 36.0 132.3 44.8 132.0 0.9944
244.8 140.2 45.0 48.3 254.6 154.1 273.3 154.7 261.6 163.3 255.1 173.0 269.8 173.6 0.9939
979.0 101.3 26.3 38.6 986.6 112.7 992.4 112.7 987.9 120.9 986.2 129.3 991.4 129.1 0.8946
