0--Parade/0_Parade_marchingband_1_388.jpg
17
362.3 422.4 14.5 16.8 364.6 429.7 369.4 429.3 365.8 433.2 366.1 436.4 369.6 436.0 0.9987
895.7 393.8 16.1 20.6 897.8 401.3 901.3 401.6 896.8 405.9 898.7 410.0 900.9 409.9 0.9984
421.0 306.5 17.1 19.7 423.6 313.2 430.6 313.7 425.4 317.7 424.1 321.6 428.9 321.8 0.9982
763.1 418.1 13.7 19.3 765.1 425.9 770.6 425.6 767.0 429.6 766.3 433.4 770.6 433.1 0.9962
244.9 398.7 13.3 18.1 248.1 407.6 254.0 407.7 250.9 411.6 249.0 414.3 253.3 414.2 0.9907
657.6 430.3 13.6 18.4 659.5 437.3 662.1 437.8 658.9 441.6 660.8 445.0 662.3 445.2 0.9816
143.2 276.4 11.1 12.5 146.0 281.0 151.3 280.8 148.8 283.7 146.9 286.2 150.8 286.1 0.9748
169.2 251.6 9.7 11.2 171.1 255.3 175.6 255.5 172.9 258.0 171.4 260.5 174.8 260.6 0.9699
34.1 286.9 10.2 12.0 36.7 291.0 41.5 291.3 38.9 294.1 37.0 296.2 40.6 296.4 0.9589
70.2 250.8 8.5 10.3 72.1 254.2 75.3 254.6 72.9 256.4 71.9 258.4 74.4 258.7 0.9273
947.5 210.3 10.1 12.1 951.1 214.5 956.0 214.5 953.9 217.2 951.6 219.6 955.3 219.7 0.9252
903.6 309.8 13.7 15.9 907.3 314.5 914.0 315.5 910.2 319.3 907.1 322.1 912.0 322.9 0.8987
973.6 176.5 10.8 12.4 157.7 186.2 162.6 186.1 160.7 189.0 158.4 191.4 162.0 191.4 0.8386
681.1 200.9 9.6 11.6 976.5 180.9 981.2 181.1 978.6 183.6 976.7 185.7 980.3 185.9 0.8331
233.1 265.5 11.3 12.3 686.1 204.7 689.4 204.9 688.5 207.4 686.1 209.9 688.5 210.1 0.8097
920.3 261.0 13.3 16.8 234.6 270.0 239.1 270.0 235.8 272.8 235.3 275.3 238.4 275.2 0.7690
861.9 214.4 8.9 10.4 923.7 267.5 929.0 268.2 925.5 271.2 923.5 274.3 927.6 274.7 0.7628
