0--Parade/0_Parade_marchingband_1_12.jpg
17
872.7 135.6 52.6 58.0 887.4 152.2 910.3 151.1 899.5 162.4 891.8 176.9 908.9 175.9 0.9997
355.8 155.8 49.0 56.5 364.1 172.6 385.5 172.6 370.0 180.3 364.5 195.3 380.3 195.6 0.9996
574.8 157.6 49.1 56.0 587.7 172.5 609.6 172.2 598.1 181.8 590.2 195.8 607.0 195.7 0.9996
687.9 181.9 33.3 36.0 696.5 191.8 710.8 191.6 702.9 199.3 698.1 208.0 708.9 207.7 0.9995
106.7 170.4 46.8 52.9 118.8 186.3 138.7 186.2 128.2 196.4 121.6 208.2 136.1 208.0 0.9994
493.7 190.1 32.3 37.3 498.8 201.8 512.0 202.0 503.1 210.4 501.4 217.8 511.2 217.7 0.9986
307.2 184.1 31.5 35.8 317.0 195.1 331.0 194.9 324.5 203.3 318.6 210.8 329.3 210.7 0.9986
18.3 171.7 17.7 20.5 26.9 178.4 33.6 177.8 32.4 182.6 28.5 187.0 33.3 186.6 0.9981
169.3 182.3 15.9 19.1 178.2 188.1 182.9 187.6 183.2 192.0 179.7 196.4 182.9 196.2 0.9939
189.8 189.2 16.2 18.9 197.0 195.2 203.4 195.1 201.6 199.5 198.2 203.5 202.7 203.5 0.9936
263.4 169.9 24.3 29.2 270.0 178.1 278.9 178.7 273.3 183.7 270.4 190.2 277.0 190.6 0.9897
645.1 181.7 17.2 22.2 655.3 188.3 659.2 187.5 660.9 192.3 657.3 197.9 660.1 197.5 0.9867
984.8 172.7 19.3 22.9 997.7 180.6 1001.1 179.6 1003.6 184.5 999.8 189.8 1001.8 189.4 0.9850
825.3 160.4 21.0 22.7 834.1 167.2 842.1 167.1 839.5 172.1 835.2 176.8 841.2 176.9 0.9750
462.9 176.8 12.7 16.0 469.5 181.9 473.8 181.6 473.3 185.4 470.3 189.0 473.4 188.9 0.9521
526.6 177.6 23.6 28.6 534.3 187.9 543.2 187.8 539.2 193.7 535.6 198.7 542.4 198.6 0.9301
59.3 198.7 13.3 15.1 422.6 190.0 430.3 190.1 427.4 196.0 423.3 202.5 429.3 202.5 0.8040
