0--Parade/0_Parade_marchingband_1_730.jpg
11
21.5 141.5 41.4 47.9 29.9 155.8 48.1 154.8 37.6 165.2 32.8 176.1 46.8 175.2 0.9998
911.2 213.2 44.0 50.6 924.5 228.1 944.6 228.1 935.3 239.1 927.1 250.2 941.8 250.3 0.9996
651.1 149.8 40.9 46.8 661.6 162.7 679.6 162.9 669.7 172.1 663.4 182.4 677.3 182.5 0.9996
322.2 143.9 41.9 47.2 331.6 157.4 348.8 156.9 338.9 166.9 334.3 177.4 347.3 177.0 0.9996
846.7 177.3 40.8 46.9 857.2 190.4 875.5 189.2 866.9 200.7 860.7 211.2 874.8 210.2 0.9994
500.8 201.9 42.1 47.5 511.3 215.7 530.4 216.6 519.6 227.9 512.5 237.2 526.4 238.0 0.9994
605.6 207.0 37.6 41.0 612.2 221.9 628.7 218.8 619.6 226.9 616.4 237.7 629.3 235.2 0.9993
552.8 197.3 43.8 51.8 563.4 214.4 582.9 213.0 573.2 225.1 567.6 236.7 582.1 235.6 0.9990
141.4 128.5 56.3 65.5 154.5 152.7 179.0 151.3 166.1 165.0 159.4 178.7 176.9 177.6 0.9990
253.4 177.6 38.2 43.6 262.1 190.5 277.0 190.6 267.3 198.0 263.1 208.3 274.0 208.3 0.9965
992.5 183.2 30.6 51.2 1007.0 196.7 1021.0 197.2 1012.6 205.9 1007.6 217.7 1017.9 218.0 0.7300
