0--Parade/0_Parade_marchingband_1_71.jpg
24
331.0 231.6 41.8 50.0 336.7 245.7 345.6 246.9 330.9 256.3 335.6 267.4 341.4 267.6 0.9997
586.3 219.6 30.8 36.6 590.3 231.0 598.9 231.1 588.7 237.5 590.0 245.8 596.4 245.5 0.9996
95.4 190.5 23.5 28.5 99.3 198.4 104.6 198.5 96.8 203.5 98.3 210.9 102.1 210.7 0.9995
408.7 208.1 13.4 18.0 410.4 213.8 414.0 213.9 409.5 217.5 410.3 221.5 412.9 221.3 0.9995
439.9 197.7 25.2 27.7 443.5 204.9 450.4 206.7 441.2 210.6 441.9 216.5 446.9 217.6 0.9995
845.5 203.7 24.8 26.4 848.4 211.2 857.6 211.3 849.4 216.3 848.7 222.4 855.5 222.3 0.9995
271.6 214.2 14.0 16.9 273.7 218.6 277.2 219.5 271.9 222.2 272.5 226.1 274.8 226.6 0.9994
572.6 174.6 20.5 26.0 574.8 183.5 581.3 183.7 574.5 188.6 575.7 193.6 580.7 193.6 0.9994
933.5 192.1 12.7 15.3 934.8 196.8 939.3 196.7 935.3 200.0 935.4 203.5 938.5 203.3 0.9993
739.5 170.1 38.9 45.2 744.0 184.5 758.5 184.7 744.8 191.6 743.6 203.2 754.1 203.1 0.9993
487.0 217.2 18.4 20.6 492.3 223.5 500.5 223.8 496.4 227.9 493.0 232.3 499.4 232.5 0.9992
705.9 211.8 21.8 24.2 708.8 218.5 716.7 218.8 709.6 223.4 708.7 228.8 714.6 228.9 0.9991
169.5 180.2 28.6 35.0 173.2 189.3 180.1 189.8 170.7 196.6 172.9 205.0 177.9 205.0 0.9991
297.7 221.4 13.5 17.0 300.0 225.8 302.2 226.0 298.0 229.3 299.7 233.5 301.3 233.4 0.9988
208.6 212.7 28.8 38.6 212.9 224.2 217.0 224.3 209.0 232.3 214.5 240.7 217.6 240.2 0.9988
54.0 204.4 21.3 25.1 58.2 211.2 62.6 212.8 55.3 216.8 56.4 222.1 59.2 223.1 0.9980
996.3 210.4 21.8 22.7 998.7 218.3 1006.5 218.3 1000.0 223.4 1000.7 227.9 1005.9 227.8 0.9975
691.9 218.7 8.9 10.8 694.0 222.6 698.1 222.5 696.0 224.7 694.4 226.9 697.8 226.8 0.9964
663.3 212.9 11.2 15.1 665.1 217.8 666.9 217.9 664.2 221.1 665.9 224.3 667.0 224.2 0.9921
38.7 206.3 15.7 22.9 42.0 212.9 44.3 212.7 39.6 217.3 41.9 222.8 43.7 222.5 0.9708
968.1 214.5 9.6 11.2 969.9 217.7 973.1 218.1 970.3 220.1 969.8 222.5 972.1 222.7 0.9668
45.2 203.3 13.6 18.3 46.7 207.3 49.2 207.7 45.0 211.5 46.6 216.2 48.5 216.3 0.9313
893.6 219.9 14.5 16.1 896.3 226.8 900.2 226.2 897.7 230.5 899.0 233.3 901.2 232.6 0.8213
654.6 210.7 14.3 16.6 656.8 216.4 661.8 216.5 657.7 220.3 657.8 223.9 661.4 223.8 0.6638
