0--Parade/0_Parade_Parade_0_38.jpg
255
623.0 236.7 10.0 12.7 625.8 241.6 630.5 241.4 628.2 243.9 626.4 246.3 630.3 246.2 0.9997
198.1 241.4 9.5 12.3 202.3 246.5 206.1 246.7 204.8 249.2 202.3 251.2 205.2 251.4 0.9997
220.9 243.9 11.0 14.3 223.7 249.8 229.1 250.0 226.1 253.0 224.0 255.5 228.3 255.6 0.9997
701.0 233.3 9.5 12.1 704.2 238.1 708.4 238.4 706.3 240.4 704.1 242.4 707.7 242.6 0.9997
136.6 270.4 10.2 12.6 139.6 275.1 144.5 275.1 142.2 277.4 139.9 279.8 144.2 279.8 0.9997
318.2 233.6 10.2 12.9 321.1 239.0 325.6 238.9 323.5 241.2 321.6 243.5 325.4 243.4 0.9997
364.7 327.0 11.5 14.1 368.3 332.0 373.9 332.1 371.1 334.8 368.6 337.7 373.3 337.7 0.9997
886.9 367.3 10.8 14.8 891.1 373.2 895.6 373.5 893.8 376.3 891.0 378.8 894.6 379.1 0.9997
747.5 374.3 12.5 15.1 750.0 380.8 755.2 380.7 752.1 384.1 751.0 386.2 755.0 386.1 0.9996
730.2 348.1 12.7 16.2 734.1 355.5 739.6 354.9 737.4 358.4 735.1 360.8 739.8 360.3 0.9996
89.6 269.0 10.8 13.7 93.0 274.4 97.9 274.1 96.0 276.7 93.8 279.3 97.9 279.1 0.9996
252.0 273.2 10.0 13.1 254.8 278.5 259.5 278.2 257.5 280.6 255.6 283.1 259.6 282.9 0.9996
414.5 273.9 10.8 14.4 418.3 279.4 422.7 279.5 420.6 281.8 418.5 284.3 422.2 284.4 0.9996
103.2 294.2 10.6 13.9 104.6 299.7 108.9 299.6 105.9 302.4 105.3 305.0 108.7 304.9 0.9995
338.5 285.1 10.0 12.9 341.2 290.4 345.9 290.3 343.7 292.8 341.8 295.2 345.7 295.1 0.9995
185.1 228.4 10.1 13.3 186.9 233.9 191.1 233.7 188.5 236.3 187.6 238.7 191.1 238.5 0.9995
840.0 357.9 13.0 16.3 844.4 364.6 850.1 364.8 847.4 367.8 844.7 370.4 849.2 370.5 0.9995
149.3 253.5 10.7 12.4 152.3 258.5 157.2 258.3 154.8 260.8 153.0 263.1 156.8 263.0 0.9995
218.6 299.5 10.0 13.1 221.1 304.7 225.8 304.6 223.3 307.0 221.4 309.4 225.4 309.4 0.9995
752.8 236.1 10.2 13.3 756.9 242.1 761.3 241.9 759.8 244.5 757.5 246.6 760.9 246.6 0.9995
600.9 270.7 10.0 12.2 603.9 275.2 608.4 275.5 606.0 277.6 603.8 279.6 607.6 279.9 0.9995
276.4 225.4 10.6 13.9 280.0 231.1 284.9 230.8 282.9 233.4 280.6 236.0 284.8 235.8 0.9995
287.5 328.8 11.2 14.5 289.9 335.4 295.2 335.2 292.4 338.3 290.8 340.7 294.9 340.5 0.9995
172.4 330.4 10.9 14.2 176.9 336.1 181.5 336.2 179.7 339.1 176.9 341.4 180.6 341.5 0.9995
256.6 301.4 10.6 13.2 261.6 307.1 265.6 306.8 264.7 309.6 262.3 311.8 265.3 311.7 0.9995
609.5 250.7 10.5 13.2 612.2 255.6 617.0 255.7 614.5 258.0 612.6 260.7 616.5 260.8 0.9994
135.0 332.2 11.3 14.7 139.9 337.5 144.6 337.3 143.5 339.9 141.0 343.2 144.5 343.0 0.9994
580.7 214.7 10.8 13.7 584.4 220.1 589.2 219.6 587.6 222.4 585.4 225.0 589.4 224.7 0.9994
339.7 388.9 11.7 14.1 343.3 394.3 349.1 394.3 346.7 397.2 343.8 400.0 348.5 400.0 0.9994
275.6 270.4 10.2 12.4 279.8 274.9 284.1 274.7 282.9 277.5 280.5 279.9 283.8 279.9 0.9994
301.5 375.8 11.8 14.0 303.3 381.8 308.5 380.6 305.9 383.8 305.2 386.9 309.3 385.9 0.9994
597.8 231.3 10.0 14.0 600.7 236.9 605.5 236.9 603.2 239.8 601.1 242.3 604.9 242.4 0.9994
490.9 298.6 10.9 14.0 493.6 304.5 498.5 304.1 496.3 306.9 494.6 309.5 498.6 309.2 0.9994
819.6 250.1 10.2 11.4 821.7 254.8 826.4 255.0 823.8 257.8 822.6 259.5 825.7 259.5 0.9994
761.8 221.6 9.8 12.5 764.8 226.4 769.4 226.5 767.2 228.8 765.1 231.1 768.9 231.1 0.9994
367.4 234.7 10.2 13.1 371.4 239.6 375.8 239.5 374.2 241.9 371.8 244.3 375.6 244.3 0.9994
61.7 223.9 10.2 13.6 62.9 229.6 65.5 230.0 62.6 232.4 63.5 234.6 65.2 234.7 0.9994
253.9 240.4 10.1 12.9 256.9 245.9 261.5 245.6 259.4 248.3 257.6 250.6 261.3 250.5 0.9994
37.1 281.3 9.0 11.7 38.1 285.8 40.7 285.8 38.2 288.2 38.7 290.4 40.6 290.3 0.9994
403.8 313.1 11.8 15.2 406.6 319.2 411.7 319.4 408.7 322.1 406.9 324.7 411.1 324.8 0.9994
63.3 292.5 10.2 14.2 69.4 297.9 72.5 297.6 72.6 300.5 69.8 303.4 72.1 303.4 0.9994
456.2 316.8 10.5 13.3 458.1 321.8 462.9 321.6 460.0 324.2 458.6 326.8 462.7 326.6 0.9994
726.0 316.4 11.0 14.6 730.8 322.5 735.3 322.1 734.0 324.9 731.5 327.8 734.9 327.6 0.9993
680.4 241.0 10.5 12.9 683.5 245.8 688.4 246.0 686.0 248.5 683.7 250.9 687.8 251.0 0.9993
865.1 319.8 10.9 13.3 867.6 324.8 872.6 324.5 870.1 327.0 868.4 329.6 872.7 329.4 0.9993
114.2 248.7 10.9 14.1 115.9 254.1 120.2 254.1 117.3 256.7 116.5 259.4 120.0 259.2 0.9993
104.2 247.1 10.0 11.8 109.0 252.0 112.3 252.0 111.5 254.4 109.3 256.3 111.7 256.4 0.9993
304.9 296.4 9.9 12.2 308.3 300.8 312.9 301.0 310.7 303.2 308.3 305.5 312.1 305.8 0.9992
873.5 387.6 11.8 14.5 876.4 392.9 882.2 392.6 879.6 395.5 877.2 398.4 882.2 398.2 0.9992
62.1 263.4 10.3 13.9 64.1 269.1 68.8 268.9 66.1 271.8 65.0 274.5 68.4 274.3 0.9992
194.7 305.6 10.5 13.5 199.9 310.6 204.1 310.2 203.4 313.3 200.7 316.2 204.0 316.1 0.9992
480.0 327.1 10.2 13.2 481.8 332.3 485.9 332.3 483.2 334.7 482.3 337.1 485.6 337.0 0.9992
107.7 228.5 9.7 12.5 108.6 233.4 111.5 233.6 108.8 236.1 109.4 238.3 111.5 238.3 0.9992
329.3 243.7 9.9 13.1 332.5 248.9 337.1 248.8 335.1 251.4 333.0 253.8 336.7 253.8 0.9992
20.2 364.6 13.8 16.8 23.8 370.8 30.1 370.6 27.0 373.9 24.5 377.0 29.8 376.9 0.9992
143.9 362.6 12.6 16.5 150.8 369.3 154.7 368.5 154.9 372.0 152.1 375.4 155.1 375.0 0.9992
434.8 388.9 11.9 15.1 438.3 394.5 443.9 394.4 441.5 397.3 438.9 400.3 443.6 400.2 0.9992
693.1 339.2 10.8 13.6 695.2 345.4 699.9 344.6 697.4 347.1 696.4 350.1 699.9 349.5 0.9992
195.3 337.5 11.6 13.9 198.6 342.0 204.3 342.8 201.1 344.6 198.1 347.0 203.1 347.7 0.9992
86.3 257.1 9.8 12.3 88.3 262.8 92.6 262.8 90.1 265.4 89.0 267.3 92.1 267.2 0.9991
805.1 283.7 9.6 11.3 808.2 288.0 812.4 288.0 810.5 290.1 808.6 292.3 811.9 292.3 0.9991
59.9 368.8 10.8 13.8 62.8 374.2 67.9 374.1 65.5 376.8 63.4 379.3 67.7 379.2 0.9991
927.2 379.6 11.2 15.4 933.0 386.1 936.9 386.2 936.2 389.0 933.3 391.7 936.2 391.9 0.9991
431.0 331.3 10.8 14.1 434.2 336.6 439.3 336.4 437.0 339.2 434.9 342.1 438.9 341.9 0.9991
671.5 347.2 10.2 13.6 674.7 352.4 679.3 352.3 677.2 354.6 675.1 357.1 679.1 357.0 0.9991
898.2 389.9 11.2 13.7 902.2 395.0 907.2 394.6 905.5 397.0 903.1 399.8 907.3 399.6 0.9991
190.1 255.2 10.0 13.4 192.8 260.3 197.8 260.2 195.6 262.6 193.4 265.2 197.7 265.1 0.9991
41.9 391.7 11.3 14.7 47.8 398.0 51.4 397.2 51.6 400.2 49.3 403.2 51.8 402.7 0.9991
240.6 224.1 10.9 13.3 243.6 228.9 248.7 229.0 246.1 231.3 244.2 234.1 247.9 234.2 0.9991
354.7 270.4 9.7 12.1 357.6 274.9 362.4 275.1 360.1 277.4 357.8 279.6 361.7 279.7 0.9990
70.8 334.7 11.5 13.9 73.8 340.5 78.9 339.7 76.8 343.1 75.3 345.9 79.1 345.3 0.9990
66.6 388.1 10.2 14.0 67.9 393.4 71.1 393.6 68.0 396.3 68.4 399.0 70.5 399.1 0.9990
558.7 249.1 10.1 13.6 562.2 254.5 566.7 254.6 564.7 257.2 562.5 259.8 566.0 259.8 0.9990
104.9 367.6 11.3 14.4 108.5 372.6 113.7 372.2 111.7 375.2 109.5 378.3 113.7 378.0 0.9990
555.6 308.4 11.1 14.0 559.5 313.8 564.3 314.0 562.1 316.9 559.5 319.1 563.4 319.3 0.9990
17.6 427.8 13.3 16.6 21.4 434.8 27.5 434.2 24.8 438.4 22.5 441.1 27.3 440.7 0.9990
185.9 277.3 10.0 13.5 188.9 282.9 193.3 282.4 191.5 285.2 189.9 287.8 193.3 287.5 0.9990
232.8 343.1 12.1 14.5 236.3 349.1 241.6 348.6 239.3 351.5 237.2 354.3 241.4 353.9 0.9990
743.9 332.2 11.0 14.6 748.0 338.1 752.8 338.0 750.9 340.6 748.4 343.1 752.5 343.1 0.9990
144.7 241.1 9.9 12.4 148.8 245.7 152.9 245.6 151.6 248.2 149.3 250.6 152.5 250.6 0.9990
116.6 277.7 10.3 14.2 121.4 283.5 125.1 283.0 124.7 285.7 122.4 288.7 125.3 288.4 0.9990
37.5 433.6 12.6 16.0 42.6 439.4 48.1 439.7 46.0 442.4 42.5 445.0 47.4 445.3 0.9990
342.0 307.2 11.1 14.5 345.4 313.3 350.4 313.0 348.3 315.9 346.1 318.7 350.2 318.5 0.9990
842.6 338.8 11.5 13.7 848.2 344.7 852.5 344.7 851.2 347.8 848.2 349.8 851.2 350.0 0.9989
394.2 370.5 11.2 14.7 400.2 375.9 403.6 375.6 404.0 378.1 401.3 381.4 403.9 381.3 0.9989
654.1 341.9 10.2 13.6 657.1 347.7 661.6 347.3 659.8 349.8 657.9 352.3 661.8 352.0 0.9989
952.2 315.6 11.9 14.2 956.9 320.7 961.9 321.4 959.8 324.0 957.0 326.4 960.7 326.9 0.9989
227.1 428.4 12.8 16.6 230.4 434.4 236.4 434.3 233.6 437.1 231.5 441.0 235.9 440.9 0.9989
67.5 408.3 11.6 15.1 69.9 414.4 74.9 414.4 72.0 417.2 70.5 419.9 74.6 419.8 0.9989
206.0 266.6 10.2 14.3 209.0 272.4 213.5 272.4 211.4 275.0 209.5 277.7 213.0 277.7 0.9988
502.8 233.9 9.9 13.2 506.2 239.6 510.5 239.7 508.5 242.2 506.5 244.4 509.6 244.5 0.9988
844.8 392.3 10.8 15.4 846.6 398.1 848.6 398.9 845.0 401.2 845.9 403.9 847.2 404.4 0.9988
568.6 282.2 11.1 13.9 571.4 287.9 576.0 288.0 573.3 290.8 571.8 293.0 575.4 293.1 0.9988
83.6 233.6 9.5 12.4 84.7 238.6 87.7 238.7 84.9 241.0 85.2 243.4 87.4 243.3 0.9988
130.7 310.9 11.1 13.8 135.5 316.6 139.9 316.2 139.0 318.6 136.9 321.6 140.1 321.3 0.9988
736.1 258.4 9.5 12.1 739.7 263.1 744.1 263.0 742.5 265.0 740.1 267.3 743.9 267.3 0.9987
508.1 263.9 10.0 13.4 511.2 269.7 515.5 269.5 513.6 272.4 512.0 274.6 515.4 274.4 0.9987
380.3 217.1 10.6 13.7 384.8 222.4 389.0 223.3 387.0 225.7 384.3 227.5 387.4 228.3 0.9987
85.3 431.2 13.3 17.2 90.9 437.8 96.5 437.6 94.9 440.4 92.0 444.1 96.3 444.0 0.9987
268.6 292.0 11.1 14.5 273.4 297.4 277.8 298.1 275.9 300.4 272.9 302.4 276.7 303.0 0.9987
173.3 279.8 9.8 13.0 176.0 284.8 180.7 285.0 178.2 287.6 176.2 290.0 180.0 290.2 0.9987
795.8 333.1 11.5 15.2 802.7 339.5 806.0 339.4 805.8 342.8 802.5 345.3 804.7 345.4 0.9987
148.8 287.9 11.2 13.8 154.6 293.0 159.1 293.2 157.9 295.8 154.8 298.3 158.2 298.5 0.9987
640.4 254.1 9.9 12.8 642.7 259.1 647.5 259.2 645.1 261.7 643.3 264.0 647.0 264.0 0.9987
586.9 238.3 9.6 11.6 589.3 242.6 593.5 242.8 591.1 245.0 589.6 247.1 592.8 247.2 0.9987
806.8 322.9 11.1 14.1 811.0 328.6 815.8 328.6 814.0 331.1 811.7 333.8 815.2 333.8 0.9987
734.8 386.7 11.2 14.6 741.1 392.6 744.4 392.1 744.5 395.1 741.8 397.9 744.2 397.7 0.9987
394.9 260.6 9.8 13.0 398.0 266.0 402.5 266.0 400.4 268.1 398.4 270.5 402.0 270.6 0.9987
1007.1 360.8 13.1 16.5 1009.5 367.3 1014.9 366.9 1011.6 370.5 1010.5 373.5 1014.8 373.2 0.9987
37.9 348.4 10.6 15.9 43.6 355.5 46.7 354.9 47.0 358.1 44.9 361.1 47.3 360.8 0.9987
1004.6 322.3 9.4 11.6 1007.1 327.1 1011.4 326.9 1009.3 329.0 1007.6 331.1 1011.3 330.9 0.9986
243.6 325.1 10.4 13.2 246.7 330.2 251.6 330.2 249.2 332.8 247.0 335.2 251.1 335.3 0.9986
977.2 377.7 14.2 17.6 979.3 384.5 984.2 384.9 980.0 388.0 979.7 391.1 983.4 391.2 0.9986
410.9 222.2 9.4 12.2 413.4 227.3 417.6 227.3 415.5 229.7 413.8 231.8 417.2 231.8 0.9986
174.8 363.2 9.9 12.4 178.2 368.2 182.8 367.7 181.2 369.8 179.1 372.4 183.0 372.1 0.9986
393.0 301.0 11.0 14.0 395.9 306.6 400.6 306.7 398.0 309.5 396.3 311.9 399.8 311.9 0.9986
548.4 223.6 9.6 11.8 551.1 228.5 555.4 228.2 553.4 230.5 551.8 232.7 555.4 232.5 0.9986
186.3 386.1 12.1 13.9 189.8 391.6 195.2 391.4 192.8 393.5 190.7 396.5 195.0 396.4 0.9985
775.7 358.0 11.1 14.0 777.9 364.3 782.5 363.0 780.4 366.0 779.6 369.1 783.4 368.0 0.9985
396.8 335.2 10.7 13.7 400.8 340.4 405.7 340.1 403.9 343.3 401.6 346.1 405.2 345.9 0.9985
606.0 224.0 10.3 13.5 609.2 229.1 614.2 228.7 612.2 231.1 610.0 234.2 614.2 233.9 0.9985
112.8 395.0 12.2 15.7 116.2 400.8 122.0 400.5 119.4 403.6 116.7 406.5 121.9 406.3 0.9984
56.1 240.9 9.5 12.6 57.1 245.4 59.9 245.4 57.4 247.9 57.9 250.5 60.1 250.4 0.9984
534.4 299.7 11.2 14.8 537.3 305.2 542.6 305.6 539.7 308.1 537.3 310.5 542.0 310.7 0.9984
823.8 313.2 10.2 13.3 826.6 318.9 831.2 319.3 828.8 321.9 826.9 323.9 830.2 324.2 0.9984
17.6 320.7 10.4 13.2 19.3 327.1 22.7 325.9 21.1 329.5 22.0 331.9 24.4 330.9 0.9984
790.8 397.5 10.7 15.5 798.9 403.2 799.6 402.9 800.8 406.4 797.8 409.2 798.4 409.1 0.9984
736.7 310.2 9.9 14.3 739.6 315.8 744.0 315.8 741.9 318.4 740.1 321.2 743.6 321.2 0.9984
964.3 362.3 13.0 17.0 968.6 369.3 974.2 369.4 971.5 372.5 968.9 375.4 973.5 375.6 0.9984
234.8 276.9 11.1 13.8 238.6 282.7 243.4 282.6 241.3 285.7 239.2 287.9 242.7 287.9 0.9984
277.1 256.9 9.8 12.2 279.4 262.4 284.1 262.7 281.4 265.4 279.8 267.1 283.0 267.3 0.9984
896.4 351.2 10.9 14.3 899.8 356.8 904.9 356.8 902.6 359.6 900.3 362.2 904.2 362.3 0.9983
24.5 235.0 10.6 12.5 26.0 240.1 29.7 239.7 27.3 242.6 27.4 245.0 30.1 244.5 0.9983
640.4 237.4 9.4 13.0 643.2 242.9 647.7 243.0 645.6 245.3 643.7 247.7 647.1 247.8 0.9983
214.1 354.9 10.9 14.0 217.1 360.4 222.4 360.4 219.9 363.0 217.6 365.7 222.1 365.7 0.9983
603.5 312.6 10.8 13.3 605.6 318.1 610.3 317.7 607.6 320.2 606.4 322.8 610.0 322.5 0.9982
423.7 271.6 9.8 13.8 426.6 277.9 431.1 278.0 429.0 280.7 427.1 282.8 430.5 282.9 0.9982
468.3 219.3 9.1 12.2 471.1 224.2 475.3 224.3 473.3 226.5 471.4 228.7 474.6 228.8 0.9982
728.9 224.8 10.1 13.3 732.6 231.1 737.1 230.5 735.6 233.2 733.7 235.8 737.1 235.4 0.9982
839.6 390.2 12.1 16.1 843.4 396.8 847.7 397.5 844.4 399.4 843.0 402.1 846.3 402.6 0.9981
373.9 310.6 9.8 12.6 376.9 315.5 381.3 315.6 379.1 318.0 377.2 320.3 380.7 320.4 0.9981
70.3 285.6 9.5 13.6 71.6 291.7 74.3 291.8 72.0 294.6 72.8 296.7 74.7 296.6 0.9981
300.0 348.0 11.1 13.8 303.9 354.0 308.5 353.3 307.1 356.4 305.3 359.1 308.6 358.6 0.9981
163.6 373.9 11.2 13.3 166.7 379.6 171.7 379.4 169.4 382.6 167.7 384.9 171.2 384.7 0.9980
729.1 289.0 10.5 13.6 731.6 294.8 736.5 294.5 734.1 297.5 732.7 300.0 736.3 299.8 0.9980
172.1 236.6 11.3 14.2 175.3 242.4 180.6 242.3 178.0 245.3 175.9 247.9 180.2 247.8 0.9979
319.7 331.2 10.6 12.2 322.3 335.6 327.3 335.6 324.7 338.3 322.8 340.6 326.7 340.6 0.9979
128.0 232.1 9.0 12.0 129.5 237.5 132.9 237.8 130.6 240.1 130.0 241.8 132.5 242.0 0.9979
496.8 271.1 11.4 13.3 498.0 275.4 502.0 275.0 498.9 278.0 498.9 281.0 502.0 280.6 0.9978
214.8 418.5 11.7 14.4 219.2 423.7 224.2 423.5 222.5 426.7 220.3 429.7 223.8 429.5 0.9977
373.4 286.9 10.4 14.2 376.4 292.7 381.0 293.0 378.6 295.7 376.5 298.0 380.2 298.1 0.9977
647.8 316.8 10.8 14.1 651.3 322.4 656.2 322.4 654.0 324.7 651.7 327.4 655.7 327.5 0.9976
358.1 254.3 10.2 13.3 362.8 259.4 366.9 259.2 365.9 261.9 363.3 264.4 366.6 264.3 0.9976
434.1 243.1 10.0 12.2 437.5 247.9 441.8 247.9 439.9 250.1 437.9 252.3 441.4 252.3 0.9975
698.8 318.2 9.5 12.1 700.8 322.5 704.7 323.2 702.0 325.3 700.8 327.3 703.9 327.7 0.9975
454.3 274.3 10.3 14.0 457.3 279.8 462.0 279.8 459.8 282.2 457.7 284.8 461.6 284.8 0.9975
302.4 311.7 10.3 12.3 304.9 316.2 309.7 316.0 307.5 318.6 305.7 321.2 309.6 321.0 0.9974
538.2 272.1 9.1 13.2 541.1 277.7 545.3 277.8 543.5 280.1 541.6 282.5 544.8 282.6 0.9974
486.8 222.6 9.0 11.7 489.1 228.0 493.2 227.9 491.2 230.4 489.7 232.4 492.9 232.3 0.9974
695.3 254.5 9.6 12.3 698.1 259.7 702.5 259.8 700.4 262.4 698.6 264.4 701.8 264.4 0.9973
949.0 360.1 11.0 14.0 951.8 365.6 956.7 365.3 954.3 368.3 952.7 371.1 956.6 370.9 0.9972
564.9 267.9 9.3 12.2 568.5 273.1 572.2 273.0 570.9 275.4 569.0 277.5 572.0 277.5 0.9972
317.2 257.7 10.0 12.6 320.0 262.4 324.6 262.4 322.3 264.6 320.4 267.1 324.2 267.2 0.9972
626.1 272.9 9.5 12.2 628.9 277.3 633.3 277.5 631.1 279.6 629.1 281.9 632.8 282.0 0.9971
7.1 279.4 9.8 13.5 8.5 285.2 10.6 285.0 8.9 288.1 10.7 290.3 12.1 290.0 0.9970
802.9 295.9 8.8 12.0 806.2 300.8 809.9 300.3 808.8 302.5 807.2 305.1 810.1 304.9 0.9969
445.5 350.8 10.9 13.1 449.9 356.2 454.6 356.4 453.1 358.2 450.6 360.8 454.0 361.0 0.9968
465.1 387.7 12.1 15.8 468.5 393.4 474.6 393.6 471.6 396.7 468.8 399.7 473.8 399.9 0.9967
341.7 422.1 10.5 14.8 344.7 427.9 349.5 428.2 347.0 431.0 344.7 433.3 348.8 433.5 0.9966
289.7 395.5 10.9 14.1 290.9 401.1 294.7 401.1 291.9 404.4 292.5 406.9 295.0 406.8 0.9965
430.8 317.6 11.4 13.6 435.4 324.0 439.9 324.7 437.7 327.3 435.0 328.8 438.0 329.4 0.9964
295.5 240.8 9.3 13.1 298.7 245.9 302.5 246.3 300.5 248.3 298.8 250.5 301.6 250.9 0.9964
213.1 232.2 9.4 11.6 214.8 237.5 218.8 237.5 216.3 240.0 215.3 241.9 218.4 241.9 0.9963
260.4 357.3 10.3 13.2 264.2 362.2 268.7 362.1 267.0 364.6 264.5 367.1 268.4 367.0 0.9962
791.4 244.9 7.8 12.2 796.5 249.8 798.2 249.5 798.8 252.2 797.0 254.6 798.1 254.5 0.9958
639.1 211.3 10.5 14.3 642.4 217.0 647.0 216.8 645.0 219.8 643.0 222.2 646.8 222.1 0.9957
687.2 365.9 10.8 12.1 689.6 370.7 694.2 370.7 691.7 373.5 690.4 375.5 693.7 375.5 0.9957
391.1 321.7 11.3 14.1 395.7 327.0 400.2 327.2 398.4 329.9 395.9 332.6 399.3 332.8 0.9954
880.3 304.9 9.9 12.4 883.1 309.8 887.8 310.0 885.4 312.5 883.4 314.5 887.1 314.7 0.9948
439.0 234.9 10.7 14.1 442.6 240.9 447.7 240.9 445.7 243.6 443.2 246.0 447.2 246.1 0.9945
297.8 236.8 9.5 12.5 300.5 241.3 305.0 242.2 302.5 244.0 300.2 246.0 303.8 246.7 0.9943
667.7 312.7 11.2 14.3 671.0 317.9 676.0 317.9 673.5 320.6 671.2 323.4 675.4 323.4 0.9941
346.2 225.7 8.9 11.5 349.9 229.9 353.6 229.7 352.5 232.0 350.5 234.4 353.3 234.4 0.9940
360.3 362.1 10.3 13.6 365.5 367.0 367.0 366.1 368.8 368.1 367.9 371.8 369.0 371.2 0.9939
395.2 361.1 10.9 12.5 398.5 365.8 403.5 365.8 401.2 367.6 399.0 370.2 402.9 370.3 0.9937
199.6 359.3 11.0 14.6 206.9 365.8 209.2 365.3 209.8 368.2 207.2 370.9 208.7 370.7 0.9935
450.7 231.4 8.2 11.1 452.8 235.7 456.3 235.7 454.5 237.9 453.1 240.1 455.9 240.1 0.9929
114.6 352.4 11.4 14.4 120.4 357.6 124.7 357.3 124.0 360.5 121.0 363.3 124.3 363.2 0.9928
734.0 277.9 10.2 12.8 737.5 283.6 741.9 283.9 739.7 286.3 737.5 288.2 740.9 288.5 0.9918
861.5 395.6 12.8 15.7 864.6 401.4 869.7 402.1 866.0 404.5 864.2 407.2 868.2 407.8 0.9906
466.7 239.2 9.6 12.8 469.3 244.4 473.1 244.3 471.1 246.9 469.8 249.2 472.8 249.1 0.9903
707.4 333.5 9.9 14.2 709.8 339.2 714.3 339.0 712.0 342.1 710.5 344.7 714.0 344.6 0.9901
756.9 315.2 10.0 13.0 760.9 320.4 765.2 320.4 763.7 323.1 761.4 325.3 764.8 325.4 0.9897
447.0 356.7 11.5 14.0 450.8 363.8 455.3 363.6 453.3 366.2 451.7 368.1 454.8 367.9 0.9890
62.1 317.8 8.5 12.9 64.1 322.6 65.9 323.2 63.1 324.9 63.2 327.3 64.5 327.7 0.9890
320.4 247.9 8.9 10.6 322.6 252.0 326.8 251.9 324.7 254.2 323.3 256.4 326.6 256.3 0.9890
157.7 236.7 9.3 11.3 159.6 241.0 163.7 241.0 161.4 243.2 160.1 245.4 163.4 245.3 0.9884
254.4 389.6 13.3 15.8 258.4 396.0 264.2 396.3 261.2 399.5 258.6 401.9 263.2 402.1 0.9872
791.6 300.2 8.9 12.1 795.3 304.9 799.0 304.7 797.8 307.3 795.8 309.7 798.7 309.6 0.9871
92.2 313.4 9.6 11.1 93.3 317.2 96.7 317.3 93.7 319.6 93.8 322.0 95.9 322.0 0.9869
240.0 268.4 9.1 11.2 242.0 273.3 246.5 272.8 244.3 275.2 243.0 277.3 246.5 277.0 0.9864
607.1 297.6 9.2 12.1 608.9 302.9 612.9 302.9 610.6 305.4 609.5 307.3 612.6 307.2 0.9846
919.4 369.7 9.4 11.7 923.7 374.8 927.5 374.4 926.5 377.0 924.4 379.2 927.2 379.0 0.9842
261.0 423.7 11.5 15.1 264.3 430.9 269.3 430.4 267.1 433.7 265.4 436.4 269.3 436.1 0.9824
96.5 506.2 11.5 14.3 101.0 512.5 105.9 511.8 104.5 514.9 102.4 517.8 105.8 517.2 0.9819
774.9 264.3 9.4 11.7 778.1 268.2 782.2 268.8 780.1 271.1 777.8 273.1 781.0 273.6 0.9814
131.9 440.4 12.5 16.8 136.8 446.3 142.2 446.9 139.9 450.0 136.6 452.7 141.3 453.2 0.9805
600.8 292.6 8.6 11.9 602.6 297.7 606.4 297.6 604.2 300.1 603.1 302.2 606.0 302.1 0.9796
664.1 276.6 10.0 13.3 667.7 281.7 671.9 281.4 670.5 284.0 668.5 286.6 672.0 286.4 0.9790
838.1 279.8 9.8 12.7 841.8 284.5 846.1 284.3 844.5 286.8 842.3 289.2 845.7 289.2 0.9773
675.7 218.1 10.0 12.5 680.4 223.3 684.0 222.7 683.6 225.4 681.6 228.1 684.4 227.7 0.9771
170.0 302.0 9.3 11.8 174.0 306.7 177.6 306.3 176.6 309.0 174.9 311.4 177.6 311.2 0.9744
771.4 315.0 8.8 12.1 773.9 320.6 777.8 320.6 775.8 323.0 774.4 325.0 777.2 325.0 0.9739
975.1 327.6 9.0 12.8 976.6 332.1 978.9 332.5 976.2 334.6 976.4 337.1 978.2 337.3 0.9737
39.8 262.7 10.2 11.6 41.4 267.4 44.9 267.4 42.4 270.0 42.6 272.0 45.0 271.8 0.9730
589.8 318.1 10.6 13.9 596.9 324.0 599.0 323.8 599.2 326.9 596.1 329.1 597.5 329.2 0.9696
801.4 314.6 9.2 12.3 803.6 319.0 807.5 319.2 805.2 321.9 803.8 324.1 806.9 324.1 0.9696
15.3 259.0 10.3 14.0 17.3 265.2 20.2 265.1 18.1 267.7 18.1 270.2 20.2 270.0 0.9692
747.8 274.3 9.1 11.6 752.0 279.2 755.7 278.8 754.9 281.1 752.8 283.4 755.6 283.2 0.9671
235.2 417.8 10.2 13.6 238.1 424.1 242.3 424.1 240.0 427.1 238.5 429.6 241.6 429.6 0.9666
794.6 358.5 12.4 14.8 799.3 365.2 804.7 364.5 803.2 367.7 800.7 370.4 804.8 369.9 0.9653
635.2 322.9 9.8 11.6 638.0 328.0 642.4 328.1 640.2 330.5 638.4 332.6 641.8 332.7 0.9626
815.5 304.1 8.8 11.4 817.6 308.8 821.3 309.2 818.8 311.2 817.5 313.3 820.4 313.5 0.9623
424.1 363.9 11.2 14.7 428.8 369.8 433.5 369.5 432.1 372.6 429.5 375.2 433.2 375.1 0.9597
751.7 257.4 10.4 13.2 755.3 263.0 760.1 262.6 758.3 265.4 756.2 268.0 759.9 267.7 0.9537
801.4 360.9 9.4 12.7 804.3 365.9 808.2 365.8 806.5 368.4 804.8 370.9 807.8 370.9 0.9350
780.3 286.2 8.9 12.4 785.3 291.0 788.0 291.1 787.7 293.5 785.3 295.7 787.4 295.9 0.9265
925.9 342.1 10.8 14.5 930.3 348.3 934.9 348.5 933.0 351.7 930.4 353.8 933.9 354.1 0.9246
2.8 267.4 9.2 12.2 4.0 273.2 6.2 272.8 4.2 275.7 5.6 277.8 6.8 277.4 0.9128
694.4 295.3 8.6 12.0 699.4 299.3 701.6 298.7 702.1 301.4 700.0 304.2 701.7 303.9 0.9120
619.7 312.1 12.4 15.9 623.2 318.4 628.4 317.8 626.1 321.3 624.4 324.4 628.6 323.9 0.8977
533.0 242.2 10.7 12.1 537.3 247.2 541.5 247.0 540.0 249.5 538.0 251.9 541.2 251.8 0.8932
664.7 296.5 12.6 15.1 670.7 301.3 675.5 302.2 673.5 304.9 670.2 307.3 673.8 308.1 0.8912
407.7 406.0 10.8 14.9 413.8 411.6 416.8 412.1 416.2 414.9 413.3 417.5 415.5 418.0 0.8899
404.0 245.6 9.3 11.0 406.7 249.6 411.1 249.5 409.1 251.8 407.2 254.0 410.8 253.9 0.8761
719.7 268.3 8.9 10.9 722.9 272.4 726.8 272.4 725.2 274.8 723.2 277.0 726.3 277.1 0.8724
425.8 308.4 9.6 11.2 429.0 312.7 433.0 312.4 431.5 314.8 429.8 317.1 433.0 316.8 0.8573
209.6 262.5 10.0 13.1 211.4 269.5 215.7 269.8 213.4 272.3 211.6 273.9 214.9 274.1 0.8466
715.3 257.3 8.7 11.2 719.5 261.9 722.3 262.0 721.5 264.0 719.5 265.9 721.7 266.1 0.8387
195.2 404.2 12.6 15.8 199.2 409.6 204.4 410.4 201.4 413.3 198.7 416.0 202.8 416.6 0.8350
319.7 357.7 11.7 14.5 322.3 363.6 326.5 363.5 323.6 366.1 322.7 368.7 325.9 368.5 0.7709
532.9 328.0 8.7 12.5 534.6 331.8 536.4 332.4 534.3 334.9 535.0 337.3 536.3 337.6 0.7625
504.3 315.0 12.0 14.4 505.9 319.6 510.4 320.1 506.6 323.0 506.0 326.4 509.5 326.5 0.7381
988.3 337.4 10.0 13.4 989.7 343.5 993.4 343.7 990.6 346.5 990.4 348.7 993.0 348.8 0.7376
504.9 228.7 9.5 11.0 507.5 233.4 511.8 233.4 510.0 236.1 508.1 238.1 511.1 238.1 0.7341
267.0 415.8 10.5 12.5 270.6 420.5 275.0 420.6 273.3 423.2 270.9 425.7 274.4 425.8 0.7182
127.0 437.4 13.3 15.9 132.7 444.4 138.2 444.3 136.1 447.5 133.5 450.3 137.5 450.3 0.6771
831.7 327.8 9.5 12.7 832.9 333.1 835.7 333.4 833.1 335.9 833.3 338.0 835.1 338.2 0.6647
286.3 248.0 8.9 11.2 288.6 253.6 292.1 254.1 289.9 256.6 288.8 257.7 291.1 258.1 0.6528
534.9 291.3 9.9 12.8 536.8 296.6 541.9 296.5 539.1 299.0 537.4 301.8 541.3 301.7 0.5869
268.3 380.7 9.1 13.1 273.7 385.8 275.6 385.4 276.3 387.9 274.7 390.6 276.1 390.4 0.5842
277.7 369.0 9.7 12.6 281.0 374.3 285.2 373.9 283.7 376.7 281.9 379.2 285.2 379.0 0.5793
729.9 240.1 9.7 11.6 734.0 244.5 737.7 244.5 736.3 246.9 734.2 249.2 737.1 249.3 0.5758
574.3 320.9 11.0 14.5 578.2 326.5 582.8 326.7 580.6 329.4 578.3 331.8 582.1 331.9 0.5245
154.4 285.7 9.2 12.0 157.0 290.8 161.6 291.0 159.6 293.7 157.0 295.7 160.6 296.0 0.5118
