0--Parade/0_Parade_marchingband_1_778.jpg
33
293.6 170.7 48.6 48.5 305.1 186.1 325.0 185.3 314.1 197.0 308.9 204.7 325.7 203.9 0.9991
788.2 143.9 59.0 58.2 802.2 162.9 829.8 162.8 815.2 173.0 805.3 185.1 827.8 185.2 0.9972
882.9 95.8 16.8 22.1 886.0 105.3 893.6 105.7 889.0 110.0 887.0 113.6 892.4 113.7 0.9964
647.5 179.1 48.6 44.3 655.5 194.6 674.3 193.3 661.4 202.8 658.0 212.2 671.7 211.0 0.9948
579.1 71.6 14.8 19.7 582.1 79.0 588.4 78.8 584.9 82.7 583.1 86.5 588.2 86.3 0.9944
510.1 22.2 13.3 18.0 512.9 28.6 518.7 28.7 515.4 32.2 513.4 35.8 518.1 35.8 0.9936
946.5 89.8 14.2 19.0 949.8 97.6 956.3 97.5 952.7 101.8 950.8 105.2 955.7 105.1 0.9934
442.7 17.7 14.4 18.2 446.2 24.5 453.3 24.7 449.6 28.5 446.9 32.1 452.2 32.2 0.9927
411.0 37.9 15.4 20.4 416.3 45.9 423.2 46.7 419.8 50.6 415.8 54.0 421.2 54.7 0.9925
90.2 10.8 14.8 18.2 93.5 16.5 100.3 16.3 96.7 20.7 94.7 24.7 99.6 24.5 0.9916
979.9 56.7 14.6 20.8 983.0 64.3 988.9 64.8 984.9 68.5 983.0 72.4 987.8 72.7 0.9897
596.1 94.4 14.4 18.9 599.3 101.9 604.7 102.2 601.1 105.5 599.6 108.9 604.0 109.1 0.9896
899.7 49.3 14.6 18.9 904.3 55.9 910.7 55.6 908.0 59.7 905.4 63.8 910.5 63.6 0.9895
802.2 0.0 17.3 17.8 804.1 4.5 810.6 4.9 805.5 9.4 805.4 13.3 809.9 13.4 0.9894
1000.3 105.2 14.0 16.1 1003.9 110.0 1010.6 110.4 1007.0 113.9 1004.3 117.1 1009.5 117.4 0.9877
476.2 42.1 14.2 18.7 478.9 49.9 484.8 49.8 481.3 53.5 479.9 57.1 484.5 56.9 0.9862
367.3 69.6 14.9 21.0 370.0 78.2 375.7 78.8 371.2 82.5 370.0 86.3 374.5 86.6 0.9845
747.6 0.8 14.0 16.6 754.5 6.7 759.8 5.9 758.7 10.1 755.9 14.0 759.6 13.5 0.9812
576.2 24.7 14.6 18.2 578.5 31.0 584.5 30.8 580.6 35.1 579.7 38.9 584.0 38.7 0.9759
571.3 123.8 13.7 18.1 573.4 128.8 577.5 129.3 573.5 133.0 573.7 137.1 576.7 137.3 0.9682
232.1 0.0 12.3 13.9 235.7 5.0 241.5 4.8 238.9 8.1 236.6 10.9 241.0 10.8 0.9577
839.8 17.4 15.7 19.5 842.4 24.7 848.0 25.7 843.1 29.1 842.0 32.5 845.8 33.1 0.9539
718.3 96.0 13.3 18.1 723.9 104.2 729.4 103.9 727.5 107.9 724.6 111.1 728.5 111.0 0.9507
488.1 1.4 12.6 16.2 491.5 7.4 497.4 7.5 494.5 10.7 491.9 13.8 496.8 13.9 0.9424
923.5 34.3 15.1 18.7 926.7 40.8 933.4 41.1 929.2 44.8 927.1 48.7 932.3 48.8 0.9389
742.2 70.8 12.5 15.9 745.5 77.6 751.1 77.7 748.2 80.7 746.0 83.5 750.5 83.6 0.9372
61.9 89.7 16.5 20.7 64.9 96.9 72.3 97.2 67.4 101.9 65.5 105.7 71.0 105.9 0.9332
27.4 220.3 34.2 38.9 34.6 231.0 48.6 232.1 38.8 240.1 35.2 248.4 45.1 249.1 0.9236
69.0 64.5 11.9 16.0 73.1 71.1 78.4 71.1 76.2 74.4 73.7 77.5 77.8 77.5 0.8165
669.4 0.0 13.9 14.3 673.1 2.1 679.0 2.0 676.1 6.1 674.1 10.2 678.2 10.1 0.8100
200.7 96.4 14.2 18.8 615.8 14.4 622.5 14.4 619.4 18.3 616.5 21.7 621.6 21.8 0.7201
294.7 0.0 13.3 14.3 205.8 104.6 212.3 103.3 210.6 107.8 208.4 112.2 212.8 111.3 0.6144
586.6 0.0 14.0 17.2 45.7 146.1 55.6 145.8 52.0 151.2 47.1 157.2 54.9 157.0 0.6056
