0--Parade/0_Parade_marchingband_1_19.jpg
12
446.1 159.7 53.4 58.5 467.1 175.3 488.6 177.8 478.6 191.2 465.6 201.7 481.3 203.9 0.9998
664.1 209.0 53.1 58.4 684.9 225.1 706.7 227.0 697.4 238.2 686.0 250.2 702.2 251.7 0.9997
78.6 238.1 20.8 23.1 85.3 244.5 94.3 247.5 88.3 250.8 83.5 254.5 89.8 256.8 0.9984
157.2 251.8 29.0 30.1 166.8 261.1 177.7 265.0 169.8 269.8 163.8 273.2 171.7 276.3 0.9974
847.8 264.4 31.2 33.4 860.5 275.2 872.9 277.5 866.9 284.2 859.6 289.7 868.0 291.6 0.9973
250.9 271.1 21.7 23.9 256.5 278.4 265.8 278.7 260.6 284.0 257.2 288.9 264.1 289.1 0.9954
890.2 226.8 24.0 24.8 899.0 233.7 909.1 234.7 904.6 239.0 899.4 244.0 907.1 244.8 0.9945
760.5 256.5 21.6 26.1 773.0 265.4 778.8 266.6 777.1 272.1 771.0 276.1 774.6 277.2 0.9936
952.4 247.7 18.8 22.4 957.3 255.9 965.8 256.1 961.1 260.9 958.2 264.8 964.4 265.0 0.9918
539.1 275.1 21.7 22.7 547.9 283.0 556.0 284.4 552.0 289.6 546.7 292.7 552.1 293.8 0.9888
227.8 266.7 14.9 18.1 995.5 270.9 1002.1 271.3 998.4 274.7 995.9 277.1 1000.9 277.4 0.8848
297.6 260.9 13.9 16.5 231.7 273.7 238.7 274.1 234.9 278.0 232.1 281.2 237.5 281.5 0.8747
