0--Parade/0_Parade_marchingband_1_50.jpg
10
355.3 204.8 34.1 42.1 378.7 217.2 383.6 216.9 389.4 224.1 380.4 234.1 384.2 234.4 0.9992
493.1 275.2 31.5 39.5 513.3 285.7 520.0 285.0 523.8 293.6 515.5 303.6 519.8 303.5 0.9992
963.6 249.3 19.4 23.4 967.8 256.4 975.7 256.2 971.0 261.0 968.7 265.4 975.5 265.1 0.9991
530.6 231.9 16.1 18.3 534.4 237.2 541.7 237.3 537.7 241.2 534.9 244.9 540.9 245.0 0.9989
718.4 209.0 30.1 38.1 739.9 221.5 745.2 221.3 748.5 229.5 739.4 237.8 742.6 238.0 0.9986
619.5 238.5 30.9 37.9 640.2 251.2 645.2 249.9 650.5 257.3 644.1 266.9 646.7 266.3 0.9985
266.7 278.7 26.7 33.7 283.4 289.3 290.2 289.0 291.3 296.6 283.8 303.5 288.6 303.6 0.9981
113.7 265.7 31.5 39.8 135.2 278.3 139.7 277.7 144.4 285.9 136.3 294.9 139.2 294.9 0.9980
923.9 262.1 9.9 11.2 926.4 266.7 930.8 266.4 928.9 269.1 927.6 271.4 930.9 271.1 0.9055
304.4 265.7 13.9 17.9 307.7 271.8 314.1 271.1 310.9 275.6 309.0 279.5 314.2 279.0 0.5905
