0--Parade/0_Parade_marchingband_1_13.jpg
30
506.4 414.7 62.2 67.1 530.5 437.7 555.6 433.3 550.1 441.0 538.8 460.0 560.5 456.6 0.9999
28.7 303.8 31.9 41.0 38.0 314.7 52.1 313.8 45.3 320.2 39.5 330.9 51.2 330.2 0.9996
125.5 340.2 45.1 52.8 141.4 357.0 160.6 356.1 153.3 363.6 145.4 377.0 159.8 376.3 0.9994
4.2 262.8 18.4 21.4 12.7 270.1 20.3 271.4 17.5 274.4 12.1 278.1 18.2 279.2 0.9993
384.4 297.4 17.5 21.1 393.3 305.4 399.5 305.7 398.1 309.6 393.8 313.1 398.4 313.5 0.9991
800.4 332.2 63.8 69.4 827.5 350.3 854.3 351.4 847.4 362.2 830.4 378.9 852.5 379.7 0.9991
113.2 296.3 18.6 24.6 117.6 306.7 125.3 306.9 121.2 311.0 118.2 315.1 124.6 315.2 0.9991
73.3 267.3 16.5 22.1 83.0 275.3 88.1 276.6 86.5 280.8 81.0 283.8 84.8 285.0 0.9988
521.6 347.8 36.5 47.6 538.7 362.8 552.9 362.0 551.1 367.9 542.9 381.2 554.4 380.6 0.9988
85.8 318.6 18.0 23.7 91.9 327.0 100.1 327.5 96.7 330.5 92.8 335.8 99.3 336.2 0.9985
135.3 291.8 18.6 22.2 137.9 298.4 144.7 298.4 139.0 302.9 138.4 308.1 143.4 307.9 0.9982
98.3 258.1 15.3 17.0 102.6 263.9 109.8 263.6 106.6 266.9 103.9 270.7 109.3 270.4 0.9981
244.5 314.0 32.1 39.1 256.7 327.0 269.6 327.6 264.9 333.3 259.1 342.3 268.6 342.8 0.9977
415.1 333.8 45.0 53.5 433.9 348.9 452.0 346.6 447.1 357.1 439.0 370.2 453.1 368.3 0.9972
319.7 343.4 41.0 48.0 338.7 356.9 353.9 357.4 350.9 365.4 342.3 376.9 353.7 377.2 0.9970
172.7 275.5 14.4 19.7 175.5 284.7 181.5 283.4 178.5 287.2 177.4 290.9 182.3 289.9 0.9970
61.6 330.2 26.6 29.0 69.1 339.3 80.8 339.7 74.9 343.8 70.2 350.6 79.3 350.9 0.9968
43.2 271.7 15.8 18.8 48.2 279.0 54.8 279.9 51.0 283.2 47.8 286.1 52.8 286.8 0.9954
575.5 320.8 11.0 14.9 577.2 326.8 582.0 327.2 578.6 329.9 577.4 332.6 580.8 332.9 0.9905
326.5 287.0 20.9 23.5 330.3 294.2 337.5 293.7 331.8 297.7 330.8 303.7 336.2 303.3 0.9902
470.5 318.3 30.8 38.9 479.3 330.1 493.0 330.8 486.1 338.2 480.6 346.1 491.7 346.6 0.9860
890.3 319.6 12.9 16.9 892.5 326.3 898.3 327.0 894.4 330.5 892.8 333.1 897.0 333.5 0.9850
597.1 340.3 29.2 30.0 604.4 352.1 615.7 351.3 610.3 358.0 608.5 363.3 616.1 362.6 0.9840
95.7 294.5 17.6 22.1 100.6 301.8 108.6 302.1 104.4 306.6 101.2 311.1 107.5 311.3 0.9801
505.9 335.6 23.4 31.8 509.7 346.5 517.8 347.2 511.0 352.7 509.0 358.9 515.5 359.3 0.9758
846.5 302.4 16.0 19.1 848.5 310.0 854.4 309.8 849.9 313.9 849.4 317.4 853.7 317.1 0.9683
779.7 308.7 12.7 19.7 788.0 315.2 789.9 314.9 791.2 319.2 788.3 323.4 789.6 323.4 0.9460
0.0 343.7 10.1 24.8 -2.7 351.9 4.5 352.9 0.5 357.5 -2.8 361.9 2.7 362.6 0.8754
747.4 348.9 32.9 40.8 754.8 359.4 767.0 359.5 758.9 366.8 755.0 376.0 764.7 375.9 0.8018
161.4 314.3 20.1 22.5 166.0 322.2 174.6 322.7 169.3 327.7 166.6 332.2 172.9 332.5 0.6565
