0--Parade/0_Parade_marchingband_1_193.jpg
30
881.5 289.0 20.5 26.8 883.1 299.5 886.1 299.6 880.5 304.7 884.7 309.8 886.3 309.4 0.9999
665.1 257.8 21.9 24.0 668.1 269.2 674.2 268.3 670.4 275.0 673.8 278.1 677.7 277.1 0.9995
478.2 314.0 21.2 27.6 480.0 325.1 484.6 324.7 479.2 330.7 482.6 336.2 485.5 335.4 0.9995
760.8 274.0 20.8 26.3 764.0 286.9 767.8 286.4 764.5 293.1 769.5 296.4 771.4 295.7 0.9994
563.6 284.5 20.2 25.9 565.9 293.7 573.6 294.0 567.2 299.3 567.5 304.0 573.1 304.1 0.9994
922.0 247.1 21.1 23.9 925.8 260.0 928.6 258.6 927.1 264.9 933.2 267.5 934.4 266.2 0.9993
850.3 271.9 22.1 22.4 853.7 281.8 860.7 282.1 855.8 287.7 857.9 290.5 862.1 290.4 0.9992
486.1 275.3 19.0 25.4 488.7 286.0 495.1 286.1 489.9 291.8 490.7 296.2 495.1 296.1 0.9991
505.6 273.2 19.8 24.5 508.4 281.5 516.5 280.9 511.0 286.4 509.7 291.6 515.9 291.1 0.9991
432.5 280.0 23.3 23.6 436.8 291.0 445.2 291.0 440.0 297.0 441.1 299.7 446.1 299.6 0.9990
777.5 237.7 19.9 23.5 781.7 246.5 790.5 246.6 785.2 251.4 782.7 255.9 789.6 255.9 0.9990
92.4 289.6 22.6 29.0 102.7 300.4 111.3 300.0 109.3 305.9 104.1 311.3 110.9 311.2 0.9989
406.5 274.9 18.7 22.3 410.2 284.6 418.2 283.6 414.0 289.2 412.5 293.1 418.5 292.2 0.9988
391.9 244.5 19.3 24.6 395.1 255.4 402.6 255.1 397.7 260.8 397.1 264.6 402.4 264.3 0.9987
614.2 206.0 18.9 23.1 617.6 214.1 625.5 214.0 619.9 218.1 618.0 223.3 623.9 223.1 0.9984
360.6 269.2 23.1 26.5 363.6 280.4 371.5 280.2 366.1 286.5 367.3 290.8 372.4 290.4 0.9984
477.7 244.2 18.0 23.4 480.7 253.6 488.1 253.1 483.4 258.2 482.2 262.6 487.5 262.2 0.9980
253.0 296.1 18.7 22.7 256.1 306.3 263.0 304.7 259.3 311.1 260.1 315.4 264.5 313.9 0.9969
199.0 311.6 21.7 25.3 202.9 320.7 212.0 321.0 206.1 326.2 203.8 331.0 210.3 331.2 0.9957
369.9 310.4 18.3 27.6 372.5 322.1 374.5 322.9 370.4 328.3 374.8 332.6 376.0 332.8 0.9901
593.2 332.1 17.0 28.4 597.2 342.0 596.9 342.4 593.4 347.6 597.0 353.6 596.8 353.5 0.9888
590.3 273.7 18.3 19.2 594.6 282.0 602.0 282.5 597.7 287.1 595.9 289.4 601.0 289.8 0.9870
733.9 267.2 19.2 18.1 737.8 276.3 743.1 276.0 740.0 281.0 741.9 283.1 744.9 282.7 0.9870
354.6 322.2 18.1 21.7 361.2 329.2 369.0 331.2 364.4 335.1 359.4 337.8 365.9 339.5 0.9829
852.9 245.5 22.5 25.2 856.7 255.6 865.5 255.3 859.9 260.6 858.5 264.5 865.1 264.1 0.9754
609.5 285.2 19.9 24.1 612.1 294.1 617.6 294.7 612.7 299.9 613.9 303.8 617.8 304.0 0.9735
187.5 110.4 17.8 28.2 199.1 121.5 202.3 120.3 204.0 126.0 200.4 132.1 202.6 131.3 0.9690
243.7 292.2 16.6 20.1 248.7 301.4 256.4 300.8 252.6 306.2 250.6 309.5 256.4 309.0 0.9546
350.8 249.7 16.3 19.0 355.5 258.2 360.8 258.5 357.5 263.2 356.5 265.5 359.9 265.8 0.9218
529.2 279.7 15.3 19.9 531.2 288.1 535.6 288.1 532.0 292.7 533.6 296.2 536.5 296.0 0.8389
