0--Parade/0_Parade_marchingband_1_215.jpg
22
906.0 536.2 15.9 19.0 907.7 544.2 912.6 545.2 908.1 548.9 909.3 551.4 912.3 552.0 0.9992
698.0 508.9 14.4 18.1 700.4 516.9 705.9 518.1 701.6 521.3 700.8 523.4 704.6 524.2 0.9989
523.3 463.0 17.1 19.4 527.6 471.9 535.1 472.5 530.9 476.9 528.3 479.0 533.6 479.4 0.9982
262.1 463.1 14.9 19.9 265.8 473.1 272.1 472.9 268.9 477.2 267.2 479.9 271.8 479.6 0.9978
426.8 438.2 14.2 16.1 430.8 444.6 437.5 444.6 434.2 448.6 431.8 451.2 436.5 451.2 0.9967
9.9 446.3 15.5 18.4 14.2 453.7 20.8 453.2 17.7 457.3 15.4 460.3 20.8 459.9 0.9961
772.6 397.5 11.2 13.7 775.0 401.7 779.8 401.9 776.6 404.0 775.0 407.1 778.9 407.3 0.9955
1008.2 537.2 15.4 21.8 1011.1 547.1 1018.6 547.5 1013.7 552.1 1011.7 554.4 1017.9 554.6 0.9939
924.5 269.4 10.9 14.8 927.7 274.7 932.9 274.7 930.4 277.5 928.1 280.3 932.4 280.4 0.9878
651.7 268.3 9.4 12.5 653.7 273.3 657.5 273.7 654.9 276.1 653.8 278.3 656.7 278.5 0.9830
275.8 230.9 8.7 11.1 277.7 235.1 281.2 235.5 278.6 237.4 277.5 239.4 280.2 239.7 0.9733
378.1 231.1 7.9 10.6 380.1 235.6 384.0 235.6 382.0 237.8 380.5 239.7 383.6 239.7 0.9636
516.2 254.3 10.2 13.6 518.5 259.7 523.2 260.2 520.3 262.7 518.4 265.1 522.2 265.4 0.9563
168.1 223.6 9.7 14.2 170.7 229.8 175.6 229.8 173.3 232.7 171.2 235.1 175.1 235.0 0.9335
403.8 245.0 9.9 13.5 405.0 250.4 409.3 250.7 406.4 253.5 405.4 255.9 408.5 256.0 0.9304
132.2 271.5 9.8 12.6 134.1 276.4 138.7 277.0 135.8 279.4 134.4 281.6 137.7 282.0 0.8534
221.1 289.4 9.4 10.0 223.2 293.1 227.3 293.1 225.0 295.4 223.7 297.4 226.8 297.4 0.8080
592.9 316.3 10.1 13.1 595.3 321.7 600.1 321.8 597.6 324.5 595.7 327.0 599.5 327.0 0.7960
462.1 291.8 10.4 12.5 464.4 296.1 469.8 296.3 467.0 299.1 464.7 301.7 469.0 301.8 0.7583
493.5 224.9 8.5 11.1 83.4 315.0 89.5 316.1 83.7 318.1 81.6 323.9 86.7 324.7 0.5765
750.3 306.9 10.4 12.9 496.0 228.9 500.1 229.1 497.9 231.2 496.0 233.3 499.3 233.5 0.5623
448.9 293.0 10.5 14.0 752.6 312.1 757.5 312.0 754.8 315.0 753.3 317.7 757.2 317.6 0.5033
