0--Parade/0_Parade_Parade_0_942.jpg
27
855.7 324.1 23.4 27.9 861.4 333.3 872.0 333.5 866.2 338.6 862.1 344.0 871.1 344.1 0.9996
799.5 340.8 23.4 27.2 804.2 351.1 814.6 351.1 808.5 356.5 805.3 361.7 813.8 361.5 0.9996
675.0 356.1 19.8 26.0 687.0 367.1 692.6 365.8 693.6 371.3 688.9 376.5 693.0 375.9 0.9996
929.4 347.4 20.6 27.4 942.2 358.0 947.6 357.1 948.5 362.7 943.3 368.2 947.4 367.9 0.9995
728.0 334.8 22.7 28.2 733.0 346.2 742.7 347.0 736.5 352.0 733.1 356.4 740.8 356.9 0.9995
895.8 334.1 21.0 25.8 901.8 343.6 911.4 343.7 906.7 348.3 902.4 353.0 910.5 353.2 0.9994
478.5 321.5 15.8 18.1 483.9 327.1 491.2 327.5 487.9 330.8 484.0 334.3 490.0 334.7 0.9994
633.8 346.0 27.4 28.2 640.9 355.0 652.7 355.7 645.7 359.9 641.0 365.6 650.5 366.1 0.9993
967.0 301.1 25.1 28.4 973.6 310.1 984.9 309.6 979.5 315.8 975.5 321.8 984.6 321.3 0.9993
445.8 323.2 16.5 19.3 449.7 329.5 457.1 330.5 452.2 332.7 449.3 336.6 455.1 337.4 0.9992
565.6 381.9 20.5 24.0 570.4 389.2 579.8 389.6 574.6 394.7 571.2 399.3 578.6 399.6 0.9991
579.9 299.2 18.2 23.2 587.1 308.3 595.1 308.0 592.5 312.2 588.4 316.9 594.7 316.7 0.9989
503.7 325.9 14.1 18.1 508.6 334.0 515.3 334.1 512.5 338.4 509.4 341.3 513.6 341.5 0.9989
246.3 339.3 16.7 18.2 249.8 345.9 257.2 345.8 252.7 349.0 250.5 353.0 256.0 352.9 0.9988
172.0 348.2 16.4 18.4 179.8 354.2 185.9 353.9 184.9 357.2 181.1 361.5 185.6 361.4 0.9988
393.3 327.3 16.3 19.9 399.6 335.2 406.4 334.8 404.3 338.4 401.2 342.5 406.2 342.2 0.9986
536.3 321.9 16.2 21.2 542.8 331.1 549.7 331.2 547.0 335.5 543.4 338.9 548.4 339.1 0.9986
207.8 329.7 15.8 17.4 213.2 335.6 220.4 335.2 217.9 338.1 214.5 342.2 220.2 342.0 0.9984
804.4 365.5 22.6 25.3 812.0 373.8 822.4 373.7 818.3 379.0 813.3 384.2 821.5 384.1 0.9983
412.2 318.6 12.8 16.0 415.7 324.5 421.5 324.4 418.6 327.6 416.3 330.8 420.8 330.7 0.9982
1004.6 323.5 18.7 28.1 1012.7 333.7 1023.1 333.8 1018.4 339.0 1013.6 344.4 1021.7 344.5 0.9979
245.1 267.3 11.6 13.8 246.7 273.0 251.2 272.5 248.3 275.8 248.1 278.5 251.2 278.1 0.9941
354.9 326.9 12.8 17.5 362.3 332.4 363.7 331.5 366.1 334.6 365.0 339.4 366.0 338.9 0.9874
300.4 303.8 7.9 10.5 301.9 307.2 303.6 307.6 301.4 309.4 301.8 311.5 303.0 311.7 0.9175
627.2 339.4 19.6 23.5 636.4 348.2 645.0 348.1 642.2 353.2 637.5 357.8 643.9 357.8 0.8986
918.5 284.8 19.8 22.6 927.6 292.2 936.0 291.8 933.9 297.1 929.4 301.9 935.5 301.7 0.8481
1017.6 345.5 6.2 25.8 1027.0 355.3 1033.9 354.8 1032.5 359.2 1028.0 364.3 1033.5 364.1 0.5962
