0--Parade/0_Parade_marchingband_1_472.jpg
33
949.5 83.2 20.2 25.8 953.4 92.8 962.6 93.2 956.9 97.9 953.7 102.2 961.6 102.4 0.9997
256.4 264.7 21.5 25.1 261.8 275.6 271.6 276.5 266.1 281.8 262.2 284.4 269.7 285.0 0.9993
880.1 110.5 18.5 21.5 884.4 117.1 892.5 118.9 886.4 121.8 883.2 125.8 889.2 127.2 0.9992
996.9 76.0 24.3 33.2 999.7 90.1 1007.6 90.8 1000.5 97.3 1002.1 101.7 1008.2 101.9 0.9991
826.4 118.3 16.6 21.2 831.0 127.1 838.3 128.9 833.6 132.7 830.2 134.7 835.8 136.1 0.9991
354.5 33.0 11.6 14.7 355.9 38.9 360.2 39.5 356.4 42.2 356.2 44.6 359.1 45.0 0.9986
347.6 313.2 19.6 22.6 358.1 324.3 364.6 321.8 364.3 327.8 359.8 332.2 364.7 330.4 0.9986
378.9 178.4 15.3 20.4 387.6 188.4 392.3 187.9 391.4 192.6 387.3 195.6 390.5 195.4 0.9984
356.7 240.5 17.1 21.5 363.8 250.7 371.2 250.2 368.7 255.3 365.2 258.8 370.0 258.5 0.9983
752.2 513.3 24.4 32.9 757.3 525.3 762.5 529.7 753.7 533.1 755.2 537.7 758.0 540.8 0.9980
751.6 61.7 11.4 15.5 756.5 68.4 761.3 68.4 759.6 71.7 756.8 74.3 760.3 74.4 0.9977
509.7 101.2 12.3 17.6 517.4 108.6 519.8 107.7 521.2 111.6 518.8 115.3 520.2 114.8 0.9976
318.6 392.8 22.3 28.9 322.3 403.5 330.2 406.4 322.6 410.6 321.2 414.3 326.8 416.3 0.9976
422.1 26.0 10.8 14.3 424.1 32.6 428.8 32.3 426.3 35.3 425.2 37.8 428.9 37.5 0.9966
395.8 127.3 15.0 18.7 401.0 135.9 407.7 136.5 404.4 139.9 400.9 142.6 406.2 143.1 0.9963
597.2 62.2 12.8 17.2 603.6 69.4 608.1 69.6 606.7 72.9 603.7 75.8 606.9 76.0 0.9960
872.6 43.0 12.5 15.1 875.3 48.3 879.4 50.4 874.9 52.0 873.7 54.0 876.4 55.4 0.9959
809.1 72.3 12.2 15.9 811.8 78.8 816.9 80.4 813.1 83.0 811.2 84.9 814.8 86.0 0.9951
313.6 30.0 11.9 15.6 319.1 36.3 324.1 35.8 322.8 39.6 320.1 42.5 323.7 42.3 0.9944
803.6 93.1 17.1 21.8 806.6 102.1 813.6 103.6 808.3 106.9 805.7 109.8 811.4 110.8 0.9934
775.8 608.3 20.7 29.7 782.0 616.9 783.6 618.7 777.1 623.0 778.6 629.7 779.4 630.6 0.9862
545.5 61.3 10.4 13.2 551.1 65.6 554.5 65.8 553.6 68.5 550.8 71.0 553.5 71.3 0.9858
355.5 365.3 14.1 20.4 365.5 373.2 367.2 372.4 369.2 377.2 365.6 381.4 366.6 381.1 0.9783
290.3 449.7 19.9 22.7 302.7 459.0 307.0 456.7 308.6 462.6 304.6 467.8 307.2 466.3 0.9672
157.7 622.7 23.9 28.1 170.4 634.5 177.5 631.3 178.8 638.5 173.9 645.3 178.4 643.1 0.9646
675.2 281.6 16.4 21.2 678.5 289.7 684.3 291.8 678.6 294.7 677.1 297.7 681.2 299.2 0.9609
828.8 98.9 14.0 17.0 833.1 105.5 839.6 105.6 836.4 108.6 833.8 112.0 838.8 112.1 0.9244
749.4 434.6 17.1 25.0 753.8 441.9 754.8 442.7 750.1 446.5 752.4 452.1 753.2 452.4 0.9130
0.9 536.4 28.6 23.8 19.4 549.3 23.6 547.6 23.3 554.1 16.9 556.5 18.6 555.4 0.8857
221.2 533.6 22.2 23.1 234.0 545.3 240.3 543.0 239.8 549.5 234.8 553.2 238.7 551.8 0.8531
848.9 115.3 17.3 20.7 852.7 122.3 860.6 122.7 856.0 126.5 853.3 130.7 859.5 130.9 0.7916
85.6 715.7 24.5 29.2 100.5 728.1 106.0 726.4 106.1 734.2 99.9 739.0 103.4 738.2 0.7065
626.6 47.1 11.6 16.4 633.0 53.9 636.4 53.7 635.7 57.3 632.8 60.1 635.3 60.1 0.6733
