0--Parade/0_Parade_marchingband_1_6.jpg
33
506.6 297.8 10.4 11.1 509.4 301.7 513.9 302.0 511.4 304.2 509.5 306.4 513.0 306.6 0.9980
555.3 284.9 9.7 11.1 557.2 288.3 561.1 288.7 558.3 290.9 557.3 293.1 560.2 293.3 0.9969
473.0 293.3 9.6 10.6 474.9 296.7 479.0 296.9 476.4 299.2 475.2 301.4 478.3 301.5 0.9965
427.9 281.9 10.6 12.2 429.4 285.8 433.5 286.0 430.3 288.5 429.8 291.1 432.9 291.1 0.9958
615.9 284.4 9.1 10.2 617.9 287.9 621.8 288.3 619.2 290.2 617.8 292.2 620.9 292.4 0.9950
375.3 282.4 9.0 10.3 377.2 285.7 380.7 285.8 378.4 287.9 377.6 290.1 380.3 290.1 0.9916
416.8 214.9 6.9 7.9 418.4 217.8 421.7 217.7 420.0 219.5 419.0 221.2 421.5 221.1 0.9905
757.4 250.8 9.6 11.0 760.0 254.4 764.2 254.4 762.0 257.0 760.7 259.3 763.6 259.2 0.9901
560.7 214.8 7.8 9.0 562.8 218.1 566.4 218.3 564.5 220.1 562.9 221.8 565.7 221.9 0.9885
324.3 261.0 8.7 10.7 325.6 264.5 329.1 264.8 326.5 266.9 325.7 269.1 328.4 269.3 0.9850
272.8 237.1 10.8 12.1 274.0 240.8 278.4 241.3 275.1 244.1 274.7 246.4 277.6 246.6 0.9849
463.1 211.3 7.2 8.0 465.1 214.7 468.5 214.5 467.0 216.5 465.7 218.1 468.3 218.0 0.9825
725.2 227.3 8.3 9.5 727.3 231.0 731.2 230.9 729.3 233.0 728.0 234.9 731.0 234.7 0.9764
669.7 276.2 10.4 11.7 672.1 279.4 676.7 279.7 674.1 282.3 672.3 284.6 675.9 284.9 0.9757
917.7 209.9 7.2 8.7 919.5 213.3 922.9 213.4 921.0 215.2 919.7 216.8 922.5 216.8 0.9755
293.4 195.0 7.5 9.1 295.0 198.4 298.4 198.4 296.5 200.4 295.4 202.2 298.0 202.2 0.9699
288.8 338.7 11.6 13.3 291.5 343.3 296.8 343.3 293.9 346.5 292.2 348.8 296.3 348.8 0.9653
330.9 197.2 7.1 8.2 333.0 200.0 336.2 200.1 334.6 201.9 333.2 203.5 335.7 203.6 0.9638
353.2 265.0 9.6 12.2 354.9 268.8 357.9 269.4 354.9 271.5 354.7 273.9 356.9 274.2 0.9595
809.5 253.4 8.1 8.6 811.5 256.3 815.0 256.5 812.9 258.4 811.6 260.1 814.3 260.3 0.9579
746.3 230.0 8.5 9.1 748.7 233.3 752.4 233.5 750.4 235.4 748.9 237.1 751.8 237.3 0.9555
764.6 219.0 8.1 9.6 766.2 222.2 769.9 222.5 767.5 224.5 766.3 226.5 769.2 226.7 0.9534
497.9 192.3 6.6 8.7 500.2 195.7 503.1 195.5 502.0 197.1 500.6 198.9 503.0 198.8 0.9459
375.6 199.7 6.3 8.1 377.0 203.0 379.7 203.0 378.3 204.7 377.5 206.2 379.6 206.1 0.9391
318.0 190.4 6.5 8.7 319.9 194.1 322.8 194.1 321.3 195.8 320.1 197.3 322.5 197.3 0.9264
602.2 200.7 6.4 8.3 603.6 204.0 606.5 204.0 604.9 205.7 604.1 207.3 606.3 207.2 0.9065
634.9 253.3 8.7 9.9 637.4 256.7 641.1 257.1 639.0 258.9 637.2 260.8 640.2 261.0 0.8917
506.2 208.1 7.0 7.6 508.2 210.7 511.2 210.9 509.6 212.4 508.2 213.9 510.6 214.1 0.8885
169.1 203.2 7.4 8.3 171.2 205.8 174.5 206.0 172.7 207.6 171.3 209.3 173.9 209.4 0.8863
700.3 199.2 7.2 9.4 701.8 203.1 705.0 203.1 703.1 205.0 702.3 206.9 704.8 206.8 0.8827
147.3 197.2 9.4 10.4 150.1 201.1 154.2 201.4 151.9 203.8 150.3 205.4 153.1 205.7 0.8563
813.7 222.4 7.4 8.9 815.1 225.7 818.0 225.7 816.2 227.7 815.7 229.5 817.9 229.4 0.6309
906.7 226.3 7.3 8.1 908.4 229.5 911.9 229.4 910.2 231.4 909.0 233.2 911.7 233.1 0.5720
