0--Parade/0_Parade_marchingband_1_709.jpg
12
366.5 437.9 50.6 69.7 386.2 466.2 408.8 462.7 404.2 476.9 391.0 489.6 410.9 487.1 0.9998
383.8 630.3 61.6 84.1 409.4 666.3 436.1 661.3 431.1 681.4 413.6 695.1 435.6 691.5 0.9997
642.9 657.4 69.0 82.6 667.6 682.2 696.5 695.6 676.3 707.7 656.2 710.0 683.2 721.6 0.9997
391.7 301.5 47.3 51.3 400.4 324.7 420.5 316.8 412.7 328.2 410.0 341.2 426.9 334.8 0.9996
237.0 457.6 54.4 74.8 260.7 482.7 283.2 484.4 277.1 498.5 259.9 511.1 279.0 512.8 0.9996
784.9 307.9 55.8 77.5 799.2 332.9 825.4 335.6 809.9 352.1 797.9 359.4 823.1 361.7 0.9995
725.1 259.9 49.5 76.4 734.8 289.0 756.2 286.3 744.5 299.9 739.1 314.4 758.7 311.9 0.9995
277.3 328.0 40.0 51.8 295.1 347.3 310.8 354.2 301.6 362.3 288.7 365.8 299.9 371.5 0.9994
658.0 430.2 52.2 58.4 664.5 454.3 687.2 453.5 672.3 468.8 670.1 478.0 685.9 477.1 0.9994
120.8 271.7 54.5 77.0 141.4 306.4 164.6 297.9 161.9 315.8 147.2 329.6 168.9 323.0 0.9991
569.5 268.6 45.0 63.9 578.9 293.7 599.6 291.4 588.7 301.6 581.9 315.3 599.9 313.4 0.9988
171.5 296.2 45.0 68.1 189.4 317.1 209.3 320.8 200.9 332.6 184.5 341.7 202.8 345.0 0.9987
