0--Parade/0_Parade_marchingband_1_146.jpg
20
327.9 216.4 18.3 21.7 332.6 224.9 340.8 223.9 337.1 228.7 334.3 232.7 341.0 231.9 0.9997
373.3 317.1 17.8 22.5 379.3 326.2 387.7 325.8 384.5 330.2 380.6 334.5 387.3 334.1 0.9997
746.7 189.8 18.7 25.2 751.1 199.3 759.6 198.7 755.2 203.4 752.0 208.2 759.5 207.7 0.9995
717.1 299.8 17.5 22.8 720.5 308.2 728.6 308.1 723.9 312.6 721.0 316.2 728.2 316.1 0.9995
269.5 208.6 17.6 23.6 275.3 217.5 283.3 217.6 280.0 221.7 276.3 226.2 282.7 226.3 0.9995
823.8 282.3 20.1 25.1 828.0 292.0 837.3 291.6 832.2 296.3 828.7 300.4 837.2 300.2 0.9994
684.9 205.9 18.2 21.4 687.9 213.5 695.6 212.5 690.9 216.9 689.1 221.2 695.8 220.4 0.9994
623.7 214.4 18.0 22.8 627.9 223.0 636.3 222.7 631.9 227.2 628.9 231.4 635.7 231.1 0.9994
541.0 220.5 18.3 21.1 544.6 228.4 553.2 227.9 548.6 231.8 545.5 236.0 553.1 235.5 0.9994
434.6 300.5 17.9 22.6 439.5 310.1 447.7 309.1 444.2 313.7 441.0 317.6 448.2 316.8 0.9994
316.4 310.8 17.9 24.2 323.3 319.3 331.5 319.6 328.4 324.1 323.6 328.1 330.7 328.4 0.9994
410.2 214.8 19.1 22.8 415.1 223.7 423.9 223.0 419.8 227.9 416.8 232.4 423.5 231.9 0.9994
761.1 287.9 20.0 24.9 764.2 298.3 772.9 297.7 767.5 302.9 765.5 306.8 773.1 306.2 0.9994
545.3 308.3 18.2 21.4 549.6 315.9 558.3 315.2 554.0 319.6 550.8 323.9 558.2 323.4 0.9993
607.5 290.0 17.9 22.2 611.2 297.7 619.9 297.8 615.0 302.3 611.6 306.0 619.3 306.1 0.9993
256.7 276.8 21.0 26.6 262.3 287.2 272.2 286.4 267.8 291.7 263.8 296.5 272.3 295.9 0.9992
481.4 224.3 16.4 20.1 486.2 231.9 494.0 231.6 490.6 235.5 487.4 239.7 493.3 239.6 0.9991
184.0 283.4 19.5 26.9 190.6 293.4 199.4 293.3 195.8 298.3 191.8 303.8 198.7 303.7 0.9989
489.5 297.2 18.0 23.6 495.8 306.4 503.8 306.7 500.2 311.0 495.8 315.2 502.7 315.5 0.9988
658.1 309.2 14.7 19.0 661.4 317.1 668.2 316.8 664.7 320.9 662.5 324.8 668.1 324.5 0.9975
