0--Parade/0_Parade_Parade_0_924.jpg
8
249.2 82.1 60.6 79.6 269.6 110.0 297.2 113.5 285.1 123.1 268.1 136.8 293.3 139.8 0.9998
524.6 83.3 57.6 75.1 542.1 111.5 568.2 109.4 557.8 122.4 544.3 136.0 569.8 134.0 0.9997
375.7 91.5 55.5 67.5 398.6 123.3 422.7 118.2 417.3 136.1 403.3 145.5 422.3 141.5 0.9997
53.5 94.3 65.4 76.1 75.7 120.6 105.0 123.2 91.4 135.3 74.2 147.6 100.2 149.9 0.9996
728.6 51.8 58.0 73.6 742.8 80.5 769.2 78.8 756.0 94.8 747.3 107.2 769.0 105.5 0.9996
160.2 106.8 39.0 47.0 170.4 123.8 188.5 125.4 178.4 133.2 169.7 139.6 186.4 140.7 0.9995
822.0 62.8 17.8 21.8 827.9 72.0 835.3 71.7 832.2 75.6 829.0 79.3 834.8 79.2 0.9988
195.2 106.8 29.4 38.4 202.2 118.9 214.8 119.2 207.7 126.6 203.5 134.7 212.9 135.0 0.9830
