0--Parade/0_Parade_Parade_0_37.jpg
35
85.3 361.1 23.7 30.0 89.2 371.4 99.9 372.0 92.7 377.6 89.6 383.3 98.1 383.7 0.9995
729.8 377.2 28.7 36.4 733.8 391.9 746.3 391.8 737.0 397.7 734.8 405.5 744.3 405.3 0.9995
368.2 340.5 24.9 31.8 377.4 351.7 388.9 352.8 384.1 358.2 377.4 363.7 386.9 364.6 0.9993
642.7 345.9 17.5 21.9 645.2 354.7 647.6 354.5 644.5 360.0 649.3 363.5 650.5 363.0 0.9992
207.1 343.9 13.1 18.4 215.1 350.9 218.7 350.8 218.8 354.4 215.3 357.8 217.9 358.0 0.9992
268.9 358.3 18.1 21.8 276.9 366.6 284.3 366.2 282.6 370.7 278.4 374.8 284.1 374.7 0.9991
983.6 340.2 12.8 18.1 985.2 347.2 988.7 347.0 985.5 351.1 986.7 354.5 989.2 354.2 0.9984
929.6 326.1 12.1 14.9 932.2 331.5 937.5 331.5 934.4 334.1 932.7 337.3 936.8 337.3 0.9980
40.1 383.5 16.5 23.3 50.7 394.8 53.7 392.8 56.2 397.9 52.8 402.8 54.5 401.6 0.9979
37.2 358.7 18.0 21.7 44.6 368.8 51.6 369.8 48.3 374.1 43.9 376.5 48.9 377.3 0.9975
943.2 325.5 10.0 12.7 944.5 330.2 947.6 330.4 944.7 332.9 944.8 335.3 947.1 335.4 0.9973
468.3 357.0 15.2 19.8 477.5 364.0 481.5 363.5 481.8 368.2 477.6 372.3 480.2 372.3 0.9967
971.2 344.8 11.5 15.2 973.1 350.2 978.4 350.7 974.9 353.7 973.5 356.6 977.3 356.9 0.9954
185.0 345.4 13.6 21.0 193.8 354.1 195.8 353.1 198.0 357.2 195.4 361.8 196.6 361.3 0.9945
935.7 342.6 10.9 13.3 937.5 347.4 942.1 347.3 939.1 350.3 938.2 352.9 941.7 352.8 0.9931
115.2 349.1 14.3 20.0 123.1 357.1 127.2 356.2 128.0 360.1 124.9 364.5 127.9 364.1 0.9921
950.4 347.4 10.5 13.2 953.1 352.4 958.1 352.1 955.8 354.8 954.0 357.6 957.9 357.4 0.9916
785.6 343.4 14.9 18.3 789.6 348.9 796.4 348.7 793.1 352.9 790.3 356.6 796.0 356.4 0.9909
736.1 340.1 11.5 14.1 740.0 344.8 745.0 345.3 742.7 347.6 740.1 350.3 744.1 350.8 0.9907
677.6 341.4 10.1 12.9 680.4 345.9 685.0 346.3 682.5 348.6 680.5 351.0 684.1 351.3 0.9893
886.1 353.0 13.8 20.4 888.3 358.1 891.1 358.5 887.2 362.5 888.4 367.4 890.8 367.5 0.9696
690.1 341.3 10.0 12.5 692.9 345.6 698.0 345.6 695.6 348.3 693.6 350.9 697.3 351.0 0.9690
53.6 380.2 12.2 17.7 59.0 388.9 62.0 387.6 62.0 392.2 61.2 395.7 63.2 394.8 0.9673
251.0 352.3 11.0 15.2 256.8 357.7 259.8 357.3 259.7 360.9 257.5 364.3 259.5 364.1 0.9475
634.7 335.0 12.1 15.3 639.3 340.1 643.6 340.5 641.3 343.6 638.9 346.3 642.2 346.6 0.9012
911.4 330.9 9.5 11.8 913.8 336.0 917.5 336.2 915.2 338.5 914.0 340.6 917.0 340.7 0.8973
6.0 269.1 9.4 12.1 11.2 274.2 14.0 273.6 14.0 276.1 12.3 278.7 14.2 278.3 0.8908
1009.0 340.3 14.3 19.7 1012.1 346.8 1018.0 345.8 1015.2 349.9 1013.7 354.4 1018.8 353.6 0.8831
282.3 284.6 6.9 8.9 286.1 288.2 287.9 288.1 287.8 289.9 286.3 291.6 287.6 291.6 0.8119
721.9 337.7 11.8 15.8 940.3 327.3 948.8 327.6 944.8 332.4 940.6 337.2 947.1 337.5 0.6830
104.7 273.0 8.6 11.2 52.0 393.2 56.5 391.7 55.9 397.0 54.3 400.4 57.5 399.3 0.6682
566.5 373.0 16.5 21.3 727.8 344.8 732.2 343.9 731.8 348.0 729.4 351.4 732.5 350.9 0.6264
842.4 332.5 11.1 13.3 108.8 277.2 111.8 277.3 110.9 279.4 108.8 281.5 111.2 281.6 0.5947
235.1 287.9 9.6 11.0 575.2 383.9 579.0 383.2 578.4 388.6 574.9 391.2 577.3 390.9 0.5608
161.7 366.4 12.2 18.9 878.6 363.0 885.7 363.2 880.1 369.3 879.3 375.9 885.0 375.9 0.5226
