0--Parade/0_Parade_Parade_0_496.jpg
39
947.3 535.0 14.8 21.1 950.7 541.9 952.7 543.2 947.3 545.5 948.2 549.9 949.3 550.8 0.9996
659.4 473.0 16.6 18.9 661.6 479.2 667.8 479.4 662.8 483.2 662.4 487.2 666.8 487.2 0.9989
320.3 457.6 17.7 24.6 323.4 467.8 325.0 468.5 321.3 473.4 325.7 477.2 326.5 477.4 0.9988
119.6 495.0 10.3 15.8 120.6 500.2 122.1 500.6 119.0 503.4 120.9 506.6 121.8 506.6 0.9988
465.9 295.9 19.2 27.1 481.1 306.8 481.8 306.5 482.9 313.1 476.3 316.9 476.7 317.0 0.9984
73.7 488.4 12.5 17.4 77.2 495.9 82.7 496.6 79.5 499.9 77.1 502.1 81.3 502.6 0.9984
749.5 483.7 18.9 24.1 752.7 489.9 756.2 490.2 750.5 494.9 752.8 500.6 755.7 500.5 0.9980
705.7 503.5 12.4 16.5 710.3 509.3 716.1 509.2 714.1 512.1 710.8 515.2 716.2 515.1 0.9978
910.5 537.0 14.9 18.8 913.8 542.5 919.6 543.7 914.5 545.8 912.6 549.7 917.1 550.7 0.9974
845.3 540.5 11.3 16.2 853.1 547.1 855.1 546.9 856.0 550.5 852.6 553.5 853.7 553.5 0.9962
250.7 499.4 15.6 21.2 253.7 507.3 260.4 508.1 255.8 511.4 253.7 515.3 258.7 515.8 0.9941
292.9 448.5 14.8 21.5 294.8 456.8 297.6 456.8 293.6 461.1 295.9 465.3 297.7 465.0 0.9922
883.7 527.5 12.3 17.3 886.1 533.9 888.9 534.7 885.1 537.6 885.6 541.0 887.3 541.3 0.9914
995.3 480.4 10.1 14.6 996.6 485.5 998.1 486.1 995.4 488.9 997.1 491.6 998.1 491.8 0.9906
19.5 509.9 8.6 11.8 24.3 514.4 26.5 513.8 26.9 516.4 25.2 518.9 26.7 518.6 0.9759
76.6 544.0 10.5 14.5 79.8 549.7 84.4 549.5 82.2 552.6 80.5 555.5 84.2 555.4 0.9750
38.9 498.3 9.4 13.6 45.8 503.9 46.9 503.6 47.6 506.6 45.3 509.0 46.0 509.0 0.9675
1013.3 586.3 10.4 18.2 1017.7 593.2 1025.0 592.4 1021.7 596.7 1019.5 600.6 1024.9 599.9 0.9443
74.5 453.4 8.6 10.6 77.2 457.3 81.1 457.4 79.2 459.5 77.4 461.4 80.5 461.5 0.9394
944.8 515.4 13.5 16.1 950.7 521.1 955.9 520.6 954.7 524.4 951.9 528.1 955.8 527.9 0.9345
813.0 539.3 10.2 13.1 814.1 545.1 818.2 545.1 815.4 548.0 815.1 550.3 817.9 550.2 0.9184
94.2 474.7 8.1 11.2 98.3 479.1 100.7 478.7 100.6 481.1 99.0 483.5 100.8 483.3 0.9123
0.0 457.7 7.3 10.0 2.5 461.7 5.6 461.5 4.6 463.7 3.0 465.6 5.3 465.5 0.9098
202.6 470.8 17.0 19.9 208.0 478.0 215.8 478.0 212.3 481.9 208.6 485.9 215.1 485.9 0.8511
382.7 500.9 16.5 19.0 385.3 508.4 388.3 508.9 385.4 513.5 388.9 516.1 390.7 516.3 0.8370
159.6 450.6 7.1 9.7 163.1 454.3 165.3 454.1 165.0 456.2 163.6 458.3 165.1 458.2 0.8164
54.0 550.0 10.7 19.8 60.6 557.4 62.7 557.4 63.2 561.5 60.6 565.4 62.1 565.6 0.8144
886.1 584.5 13.3 17.3 888.4 590.6 892.5 590.9 888.8 594.3 888.8 598.0 891.8 598.0 0.8126
1015.9 468.6 7.8 13.2 1018.2 473.2 1023.5 473.0 1020.6 476.3 1019.4 478.8 1023.5 478.5 0.8069
48.8 450.0 7.6 9.3 51.5 452.9 54.9 453.1 53.4 455.1 51.6 457.1 54.3 457.2 0.7765
245.6 483.2 11.1 14.5 877.0 586.0 881.4 586.1 880.0 589.8 877.1 593.0 880.5 593.2 0.7425
980.3 566.2 12.4 15.8 248.0 488.7 252.5 488.7 249.7 491.5 248.4 494.3 252.0 494.3 0.7308
69.7 470.8 7.8 9.5 984.1 571.0 988.1 571.2 985.4 574.7 984.5 578.2 987.3 578.4 0.7089
910.1 490.2 9.6 11.1 73.1 474.8 76.0 474.5 75.2 476.6 73.7 478.5 75.9 478.4 0.7068
112.5 525.2 9.3 12.9 912.7 493.8 917.3 493.7 915.1 496.2 913.2 498.6 916.9 498.6 0.6296
56.0 496.2 7.0 9.7 117.5 530.1 120.2 529.8 120.0 532.5 118.1 535.2 120.1 535.0 0.6217
8.6 442.6 7.4 10.9 59.6 500.3 61.5 500.1 61.3 502.2 59.9 503.9 61.2 503.8 0.6178
734.3 492.0 11.9 15.9 12.8 447.2 14.6 446.9 14.8 449.1 13.3 451.1 14.6 451.0 0.5997
172.8 443.2 7.1 9.3 737.6 499.6 741.7 499.4 739.5 503.0 738.5 506.0 741.5 505.8 0.5941
