0--Parade/0_Parade_Parade_0_260.jpg
12
297.5 378.7 33.4 41.9 304.2 395.4 319.2 396.7 309.8 405.1 305.2 409.7 317.6 410.7 0.9997
812.5 296.9 33.9 37.7 833.8 311.3 843.1 309.9 843.5 319.6 831.7 325.4 839.0 324.7 0.9996
909.7 303.5 26.2 35.1 912.8 316.8 921.8 318.0 912.8 322.6 912.3 329.1 919.3 329.8 0.9995
516.0 309.6 37.2 50.6 539.1 330.7 550.1 329.5 551.6 339.5 539.3 347.9 548.6 347.2 0.9994
724.0 373.1 25.0 33.4 741.4 386.9 746.2 387.0 746.7 394.7 737.8 399.4 741.0 400.0 0.9994
890.0 323.9 19.4 26.5 892.2 334.1 898.8 336.0 892.0 340.9 892.8 344.8 896.9 345.9 0.9971
888.6 262.6 10.1 14.3 895.7 267.4 897.0 267.3 898.0 270.7 894.9 273.6 895.6 273.7 0.9945
905.3 278.4 9.1 12.9 910.5 284.0 913.3 284.0 913.0 286.7 910.4 288.9 912.2 289.0 0.9924
392.6 326.4 22.1 35.4 408.3 338.1 410.1 337.1 413.7 343.8 410.4 352.5 411.8 351.9 0.9644
621.9 189.9 29.7 29.8 632.1 202.3 645.6 199.1 641.7 208.4 636.8 214.4 647.1 212.0 0.9489
730.4 172.8 24.0 30.5 745.6 182.1 751.6 182.6 750.7 189.4 744.1 195.1 748.2 195.8 0.8580
787.6 281.3 8.9 12.2 792.4 285.4 795.0 285.2 795.3 287.6 793.4 290.5 795.3 290.4 0.8407
