0--Parade/0_Parade_marchingband_1_913.jpg
22
766.7 241.9 48.0 49.1 784.9 267.8 801.0 255.1 802.3 268.3 796.6 281.0 809.6 270.7 0.9998
536.1 206.8 41.4 45.0 554.6 223.8 568.9 220.6 569.4 226.6 562.7 239.5 572.4 237.0 0.9997
87.8 262.2 48.9 39.8 104.4 284.3 114.1 270.0 116.9 278.0 119.8 290.4 128.7 279.6 0.9997
439.5 227.2 40.2 45.9 456.5 246.4 469.1 240.4 471.7 249.3 466.7 262.6 475.4 258.2 0.9995
29.5 210.9 38.0 30.1 45.7 220.3 52.1 216.9 57.7 218.3 56.5 229.5 61.1 227.2 0.9994
320.6 215.5 53.0 39.1 342.6 228.6 346.3 223.0 357.4 224.1 360.4 239.0 362.9 235.4 0.9991
217.8 188.7 13.1 15.0 221.0 193.2 227.2 193.1 224.2 196.6 221.9 199.8 226.8 199.6 0.9972
285.4 200.2 15.7 17.9 289.0 206.8 296.0 206.6 292.1 210.6 290.0 214.4 295.2 214.2 0.9950
70.0 185.9 13.8 16.5 73.4 190.7 79.3 190.8 76.1 194.0 74.1 197.8 78.8 197.8 0.9949
101.6 215.6 15.9 18.8 104.6 221.3 111.7 222.2 106.8 226.0 104.8 229.8 109.6 230.4 0.9935
127.2 206.3 11.0 12.4 130.5 210.2 135.7 210.5 133.1 213.5 130.7 215.9 134.5 216.1 0.9897
210.0 223.1 43.3 28.8 230.2 230.3 233.9 229.5 237.8 227.5 238.5 237.5 240.1 237.3 0.9862
680.4 222.5 28.5 37.6 696.2 233.9 699.2 232.4 704.5 237.7 702.2 248.0 704.4 247.2 0.9805
244.1 200.0 18.4 20.4 248.6 206.1 256.9 205.7 252.5 209.8 249.8 214.7 256.4 214.4 0.9768
893.7 237.6 46.7 28.5 911.7 248.3 913.6 241.8 921.4 240.7 927.9 249.1 928.6 244.6 0.9763
825.0 209.2 16.7 17.7 831.5 215.2 838.3 214.8 835.9 218.8 832.8 222.6 837.6 222.4 0.9702
853.2 203.5 13.3 15.3 857.6 207.6 863.6 208.5 860.4 210.9 857.3 214.2 862.0 214.9 0.9524
801.1 207.8 12.6 14.2 804.8 213.5 810.8 213.5 808.0 217.0 805.7 219.4 810.0 219.3 0.9280
966.3 203.8 16.2 17.8 972.3 209.4 979.3 208.9 976.9 213.1 973.7 217.1 978.9 216.8 0.9052
169.4 182.7 15.7 17.6 174.0 188.6 181.3 188.5 177.9 192.6 175.2 196.4 180.6 196.4 0.8557
385.3 188.8 23.3 26.7 388.9 198.1 397.5 199.7 390.4 203.9 388.0 208.1 394.5 209.2 0.8119
43.2 196.0 13.9 16.3 47.9 201.1 54.1 201.3 51.4 204.6 48.5 208.1 53.3 208.3 0.7759
