0--Parade/0_Parade_Parade_0_126.jpg
35
643.3 194.8 33.4 43.0 656.7 213.4 671.1 210.9 668.0 219.9 660.2 228.1 671.5 226.3 0.9997
862.0 211.3 29.7 37.1 867.6 225.0 881.8 223.6 874.4 232.2 870.4 239.1 882.2 238.0 0.9996
535.5 179.5 42.7 55.7 541.3 201.0 558.9 198.4 547.9 208.5 545.4 221.4 558.9 219.3 0.9995
260.7 173.3 31.0 38.7 268.7 186.7 284.3 186.1 277.2 193.2 270.8 201.7 283.2 201.3 0.9994
324.7 156.8 28.9 33.6 328.0 168.2 338.6 166.3 331.1 174.4 331.4 181.3 340.3 179.6 0.9994
697.8 197.1 20.4 22.6 701.3 204.3 710.2 204.1 704.7 209.2 702.7 213.8 709.3 213.7 0.9994
828.6 216.9 22.7 26.9 833.3 225.6 844.3 224.3 838.7 230.6 835.2 237.1 844.1 236.1 0.9993
105.8 151.4 36.3 47.2 117.6 169.4 134.2 169.2 127.6 176.4 119.7 185.9 133.9 185.9 0.9992
491.8 194.3 21.7 25.6 499.5 202.7 509.3 203.5 505.1 207.7 500.1 212.8 507.9 213.4 0.9992
22.8 135.8 25.3 30.5 31.0 146.5 42.4 147.2 37.3 153.1 32.3 158.9 40.4 159.5 0.9987
974.7 199.7 17.5 21.3 977.3 207.2 984.2 207.6 979.0 211.4 977.5 215.5 983.1 215.7 0.9980
806.0 198.1 13.7 17.3 808.8 204.0 814.6 204.0 811.0 207.8 809.4 211.1 814.1 211.1 0.9974
205.9 157.7 20.1 23.7 212.5 164.8 221.7 165.1 217.6 170.2 213.4 175.2 220.5 175.4 0.9963
883.4 160.2 26.8 33.2 890.1 171.9 901.9 170.8 896.2 177.4 891.5 184.0 902.2 183.1 0.9960
1007.1 256.7 16.1 23.6 1009.4 264.7 1014.3 265.1 1009.3 269.6 1010.0 274.3 1014.0 274.4 0.9953
821.6 190.3 18.5 21.2 825.0 198.4 832.6 198.5 827.6 202.6 825.6 206.4 831.8 206.4 0.9949
963.1 248.3 14.1 20.2 965.2 255.8 967.1 256.0 963.9 260.1 966.2 264.1 967.4 263.9 0.9942
0.0 137.6 21.6 27.9 11.5 147.0 19.0 146.5 18.4 152.8 12.7 158.9 18.0 158.9 0.9927
299.1 186.6 18.0 22.5 305.0 195.5 312.3 196.6 308.0 200.0 304.4 203.6 309.7 204.5 0.9920
986.6 242.7 16.5 21.3 989.8 247.8 992.4 248.9 987.1 252.7 988.0 257.8 989.8 258.4 0.9919
677.5 207.8 19.1 21.9 681.4 215.3 690.0 215.5 684.8 220.3 682.3 225.0 688.9 225.0 0.9903
751.6 189.3 13.5 16.3 753.6 194.5 758.9 194.7 755.1 198.1 754.1 201.6 758.0 201.7 0.9874
739.2 197.6 17.0 24.9 750.3 207.3 754.2 207.5 754.3 212.5 749.0 216.7 752.0 217.2 0.9869
785.4 239.9 13.6 16.9 787.4 246.0 793.4 245.7 789.5 249.3 788.5 253.1 792.8 252.8 0.9716
800.8 242.0 12.8 18.4 803.5 248.3 807.8 248.6 804.2 252.4 803.3 256.1 806.4 256.3 0.9661
162.6 164.4 30.6 31.0 165.8 177.1 177.2 177.9 168.2 184.7 169.0 189.7 176.4 190.1 0.9625
956.6 163.4 16.3 18.8 959.4 168.3 965.7 169.7 960.0 172.3 958.4 176.3 963.2 177.3 0.9539
952.6 183.8 13.4 19.8 954.6 191.1 955.8 191.4 953.2 195.6 956.6 199.2 957.4 199.1 0.9522
1011.6 193.8 11.6 20.7 1014.3 202.3 1020.1 203.4 1015.2 206.8 1014.2 210.2 1018.3 210.8 0.9310
405.3 190.1 10.1 14.4 407.2 195.6 410.3 195.7 407.7 198.7 407.4 201.7 409.7 201.6 0.8703
1012.4 160.3 11.2 16.0 1014.2 165.0 1016.1 165.3 1013.3 168.7 1014.8 172.4 1016.2 172.4 0.8367
393.7 193.7 9.3 12.8 395.6 199.0 398.8 199.2 396.3 201.6 395.9 204.0 398.3 204.0 0.8133
766.9 243.4 13.0 17.7 768.9 248.9 772.7 249.5 768.8 252.9 769.0 256.6 771.8 256.9 0.7336
472.6 190.2 9.8 13.0 474.6 194.9 477.5 194.9 475.3 197.4 475.2 200.0 477.3 199.9 0.6966
763.9 181.3 12.9 16.5 767.3 187.4 772.0 187.7 769.1 191.1 767.5 194.0 771.0 194.3 0.6278
