0--Parade/0_Parade_marchingband_1_462.jpg
16
667.1 226.5 14.6 18.9 677.3 235.3 679.8 234.8 679.9 239.4 674.9 241.8 676.3 241.7 0.9995
89.5 208.9 14.3 16.6 98.5 214.5 102.0 213.7 102.9 217.2 99.7 220.9 102.2 220.6 0.9992
321.4 211.2 12.1 14.5 328.2 216.1 331.8 215.6 331.8 218.8 329.1 222.1 331.7 221.8 0.9991
257.5 196.2 20.0 29.7 267.0 207.4 272.4 206.0 274.4 210.3 271.2 217.8 275.3 216.8 0.9991
962.9 203.5 15.5 19.2 965.0 210.8 969.1 211.0 964.6 214.5 965.6 218.1 968.5 218.0 0.9978
414.6 197.5 11.2 13.2 421.2 202.3 423.7 201.8 425.0 204.5 423.1 207.7 424.5 207.6 0.9968
511.4 215.8 7.8 10.0 513.4 219.6 516.9 219.7 515.0 221.5 513.6 223.2 516.5 223.3 0.9963
750.9 224.9 7.2 10.0 755.4 229.2 756.8 228.6 757.6 230.8 756.2 232.9 757.1 232.6 0.9941
300.1 215.7 7.4 9.8 303.8 219.5 306.4 219.4 305.9 221.4 304.0 223.3 306.0 223.3 0.9938
395.7 219.8 7.1 9.6 399.1 223.6 401.4 223.4 401.0 225.3 399.5 227.1 401.2 227.0 0.9934
471.0 195.7 10.4 11.9 477.1 199.7 480.2 199.4 480.3 202.2 477.8 204.9 480.0 204.8 0.9919
0.0 213.8 8.2 11.1 3.1 218.4 6.4 218.6 5.1 220.7 3.1 222.6 5.7 222.7 0.9776
885.0 219.0 11.5 15.6 892.9 226.3 894.4 226.3 894.2 230.1 890.7 232.1 891.3 232.3 0.9653
26.5 213.0 7.4 8.5 28.7 216.0 32.0 215.8 30.5 217.8 29.3 219.6 31.8 219.5 0.8686
233.6 217.9 14.1 17.2 241.5 223.8 245.8 223.9 244.7 228.0 241.2 231.4 244.0 231.7 0.8150
218.1 215.2 9.8 12.7 220.7 220.6 224.7 220.1 222.9 223.0 221.8 225.5 224.8 225.1 0.5671
