0--Parade/0_Parade_Parade_0_62.jpg
13
608.7 191.7 35.2 44.3 613.6 208.6 627.2 208.9 614.9 214.2 612.4 224.3 623.4 224.5 0.9996
467.9 208.9 30.4 38.6 471.2 222.5 482.7 222.6 471.5 227.8 470.4 236.4 480.3 236.2 0.9996
169.4 239.0 25.1 33.5 173.0 250.5 179.7 252.0 170.7 256.5 171.9 262.8 177.1 263.7 0.9996
776.3 198.8 39.8 53.0 781.3 219.9 796.0 220.8 781.7 228.4 780.9 239.1 791.7 239.5 0.9996
319.4 204.3 26.8 37.2 322.4 219.1 333.1 219.7 324.0 225.4 322.9 231.8 331.9 232.0 0.9994
42.6 262.0 20.6 29.1 46.3 273.1 50.5 273.5 44.6 278.3 46.1 283.9 49.5 283.9 0.9990
99.7 228.7 20.9 29.9 102.3 239.5 106.4 240.1 100.4 245.4 102.7 251.2 105.9 251.4 0.9988
738.0 309.5 7.2 9.4 739.0 313.2 741.2 313.1 739.3 315.0 739.6 316.9 741.1 316.8 0.9574
960.8 311.4 8.2 10.4 963.3 315.7 967.0 315.7 965.3 317.7 963.7 319.6 966.6 319.6 0.9142
920.3 228.9 7.1 8.6 922.4 232.3 925.9 232.3 924.3 234.1 922.7 235.7 925.4 235.7 0.8705
945.6 222.4 6.4 7.5 933.8 229.1 937.0 229.2 935.4 230.9 934.0 232.5 936.6 232.6 0.8052
913.5 213.1 6.9 8.5 698.1 317.0 700.2 317.0 698.5 318.6 698.4 320.3 700.0 320.3 0.6832
750.3 310.8 7.3 8.8 946.9 225.1 949.7 225.0 948.2 226.5 947.4 228.1 949.6 228.0 0.5928
