0--Parade/0_Parade_marchingband_1_481.jpg
41
787.8 294.3 15.7 19.8 793.0 302.0 800.3 301.6 797.3 305.6 794.0 309.3 799.7 309.1 0.9992
900.5 330.4 16.8 18.8 905.1 335.9 912.7 335.8 909.2 339.0 906.0 343.4 912.6 343.3 0.9991
945.1 319.7 14.8 17.9 949.3 324.8 956.0 324.2 953.2 327.9 950.5 332.3 956.1 331.9 0.9990
644.1 307.5 14.7 16.5 647.4 313.6 654.1 313.0 650.8 317.1 648.9 320.4 654.0 319.9 0.9989
239.6 316.8 12.1 16.2 244.5 323.2 249.7 323.1 247.7 326.6 245.0 329.5 248.8 329.5 0.9989
424.5 390.3 20.8 23.3 430.3 400.3 439.8 400.6 435.0 406.0 431.5 409.4 438.0 409.6 0.9989
684.0 307.3 12.5 14.9 687.0 312.5 693.1 312.4 690.2 315.6 687.7 318.7 692.6 318.7 0.9989
419.7 320.5 15.4 18.1 425.5 325.7 431.9 325.2 429.7 329.3 426.8 333.6 431.9 333.3 0.9989
141.1 327.6 14.1 18.8 145.9 333.9 152.0 333.9 149.5 337.0 146.4 340.9 151.6 340.9 0.9989
752.8 311.9 16.8 21.0 758.7 320.0 765.8 319.9 763.0 323.2 759.9 327.7 765.4 327.6 0.9989
91.8 376.0 17.7 19.6 102.4 384.1 107.2 384.8 106.2 388.7 101.5 391.6 104.8 392.4 0.9988
446.4 326.5 14.8 17.5 450.0 332.9 456.9 331.8 454.0 335.9 451.8 340.1 457.1 339.3 0.9987
825.8 304.2 12.3 13.7 829.7 308.3 834.9 308.0 832.7 311.1 830.6 314.2 834.7 314.0 0.9985
39.5 331.2 16.0 17.6 44.3 336.1 51.1 336.1 47.9 339.8 45.2 343.5 50.6 343.4 0.9985
510.9 311.1 15.5 20.2 514.5 318.2 521.2 317.9 517.7 322.4 515.5 326.3 521.0 326.1 0.9985
611.7 299.2 14.7 17.9 616.1 305.9 622.1 305.3 619.5 309.3 617.5 313.0 622.2 312.6 0.9983
717.5 329.4 15.9 18.2 722.6 335.6 729.4 335.2 726.5 338.7 723.7 342.3 729.4 342.0 0.9982
286.9 296.3 12.8 15.6 290.4 302.7 296.1 301.7 293.8 305.3 292.2 308.7 296.4 307.9 0.9982
594.2 346.4 14.7 17.3 598.7 352.1 605.2 352.1 602.0 355.5 599.3 359.0 604.5 359.1 0.9982
432.4 289.7 13.0 16.0 437.2 295.6 442.8 295.2 440.8 298.8 438.2 302.1 442.6 301.8 0.9982
337.5 296.7 10.8 13.9 341.8 301.7 346.4 301.4 344.8 304.2 342.6 307.2 346.2 307.1 0.9981
858.9 370.0 19.8 22.7 869.5 378.3 876.0 378.5 874.3 383.7 869.1 387.6 873.5 387.9 0.9980
506.4 284.0 11.4 12.9 509.7 288.0 514.7 287.7 512.4 290.6 510.4 293.4 514.5 293.2 0.9978
421.9 274.9 11.2 14.6 425.0 280.4 430.3 280.1 427.9 283.2 425.9 286.3 430.0 286.0 0.9976
839.9 288.3 13.8 15.5 844.5 292.7 850.4 292.5 847.9 295.9 845.3 299.3 850.0 299.2 0.9975
540.5 334.5 18.0 22.7 546.3 344.7 554.6 343.1 551.8 348.4 548.9 353.1 555.2 351.8 0.9972
992.2 299.9 15.4 18.6 999.1 306.2 1005.2 306.6 1003.2 309.8 999.7 313.7 1004.2 314.1 0.9970
1005.7 287.4 12.2 14.1 1009.5 292.2 1015.0 292.2 1012.5 295.2 1010.2 298.1 1014.3 298.1 0.9967
385.7 297.3 11.4 13.8 389.2 301.6 394.1 301.3 392.0 304.4 390.0 307.4 393.9 307.2 0.9960
589.4 260.3 11.1 13.9 591.3 265.8 595.5 265.3 593.0 268.5 592.7 271.2 595.9 270.8 0.9956
672.9 290.6 11.7 13.0 676.3 294.8 681.5 294.7 679.0 297.7 677.1 300.4 680.9 300.4 0.9951
396.2 281.3 11.6 15.0 399.0 287.0 404.2 286.3 401.9 289.5 400.3 292.9 404.4 292.3 0.9938
195.0 335.4 14.9 18.4 198.8 341.6 205.7 341.6 202.2 345.4 199.6 349.1 205.2 349.0 0.9934
655.6 263.5 10.2 12.4 658.7 267.8 663.3 267.9 661.0 270.3 659.0 272.7 662.7 272.8 0.9934
466.3 285.9 11.7 13.8 469.5 290.5 474.9 290.6 472.1 293.5 470.0 296.3 474.1 296.4 0.9914
541.9 273.8 12.3 16.3 545.0 279.1 550.8 278.9 548.0 282.0 545.7 285.7 550.6 285.5 0.9910
273.6 322.4 13.3 16.5 278.8 327.1 284.4 326.7 282.5 330.2 279.7 334.1 284.3 333.9 0.9864
187.4 294.7 9.4 9.9 190.2 298.3 194.4 298.0 192.6 300.2 190.9 302.4 194.3 302.2 0.9347
656.9 294.7 10.8 13.5 660.7 299.4 665.6 299.2 663.8 302.2 661.6 305.0 665.4 304.9 0.9297
349.7 339.3 16.3 20.3 354.7 347.4 360.9 345.8 358.6 350.3 356.9 354.9 361.8 353.7 0.8274
477.9 272.4 8.8 10.4 480.0 276.3 484.3 276.2 482.2 278.5 480.6 280.7 484.1 280.6 0.6362
