0--Parade/0_Parade_Parade_0_132.jpg
34
3.7 224.6 40.0 49.4 8.1 244.8 22.9 244.7 9.7 252.3 9.0 261.7 20.8 261.4 0.9997
579.8 320.3 36.0 42.6 591.0 336.7 607.7 337.2 599.9 346.9 592.3 353.0 605.2 353.4 0.9997
221.4 300.9 28.7 32.8 238.6 314.9 247.2 314.2 245.9 322.0 237.4 326.5 243.2 326.4 0.9996
307.6 366.0 30.4 36.2 312.6 378.6 326.1 379.6 316.8 387.5 313.2 393.1 323.7 393.8 0.9996
869.7 343.6 24.2 22.9 873.7 353.4 883.6 353.1 877.7 359.9 877.2 363.0 883.6 362.6 0.9995
318.3 285.3 22.0 24.9 323.4 294.4 333.4 294.5 327.9 299.6 324.2 304.1 332.2 304.2 0.9995
424.5 369.8 30.3 38.5 428.0 380.6 436.7 381.5 426.1 388.7 429.0 397.5 435.3 397.8 0.9995
765.6 301.1 31.8 36.8 769.5 314.2 775.3 314.3 767.6 322.5 774.6 329.3 778.0 328.7 0.9995
637.0 300.8 27.9 33.6 643.1 312.2 656.3 311.9 649.3 318.4 645.1 325.5 655.4 325.3 0.9995
385.4 337.4 28.4 32.1 391.9 347.0 404.1 348.2 395.7 352.7 391.1 359.7 401.0 360.5 0.9993
868.9 247.4 24.2 27.9 876.4 256.5 887.5 256.3 882.6 261.8 877.2 267.3 886.8 267.2 0.9993
826.9 246.6 16.6 21.8 828.9 255.1 835.3 254.8 830.7 258.8 830.0 263.2 835.2 262.8 0.9992
555.5 248.5 25.0 32.6 557.6 261.2 566.3 260.4 558.7 266.1 558.9 272.9 566.1 272.1 0.9991
537.5 255.8 19.0 25.3 549.1 265.3 554.2 265.1 553.9 271.0 548.6 275.5 551.8 275.7 0.9989
527.8 320.5 26.4 34.3 546.5 333.0 550.6 333.2 552.2 340.8 544.0 346.8 546.6 347.2 0.9989
82.4 257.4 28.6 37.6 88.3 274.2 101.1 273.5 94.0 280.8 89.9 286.3 101.0 285.7 0.9988
906.1 255.1 18.2 24.3 907.9 264.9 915.5 264.9 909.5 268.9 908.3 273.6 914.4 273.5 0.9987
765.6 246.7 15.7 18.3 773.6 251.9 779.5 251.9 778.3 255.9 774.2 259.8 778.9 259.9 0.9986
670.2 311.0 29.6 40.3 678.7 323.2 691.7 324.1 684.3 331.2 678.7 338.8 689.7 339.4 0.9985
788.8 260.3 24.6 26.7 791.6 269.2 800.9 268.9 793.1 274.6 792.9 280.5 799.5 280.2 0.9985
550.4 308.8 24.6 30.1 557.2 318.1 568.0 318.4 562.5 324.7 557.9 330.6 566.6 330.8 0.9984
930.7 156.5 33.9 53.4 936.0 178.7 938.4 178.3 932.3 189.4 940.6 197.1 943.0 196.5 0.9975
718.7 315.2 20.2 26.0 722.0 323.0 728.5 324.0 721.5 328.3 720.9 334.2 725.6 334.8 0.9975
495.2 260.8 13.1 20.4 496.9 269.4 498.7 269.9 495.0 273.4 497.3 277.0 498.2 277.1 0.9974
296.1 324.7 25.3 29.1 299.8 332.3 305.8 334.0 297.2 339.0 298.7 345.5 302.5 346.3 0.9968
685.5 249.1 15.9 20.6 687.7 256.5 690.5 257.0 686.0 261.3 688.9 265.4 690.3 265.4 0.9967
465.9 292.0 10.3 15.9 473.6 298.0 474.9 297.9 476.3 301.2 473.7 304.2 474.2 304.3 0.9966
247.5 306.3 18.0 24.5 255.2 316.8 262.9 315.7 261.2 321.1 257.0 326.0 262.5 325.4 0.9957
65.0 251.0 22.9 30.2 69.9 263.2 79.6 263.6 73.4 269.1 70.3 274.7 77.3 274.9 0.9715
386.8 254.2 12.8 20.0 395.1 260.2 396.3 259.6 398.4 263.8 396.6 268.9 397.3 268.7 0.9675
778.0 250.0 13.8 21.3 779.5 258.8 782.9 259.2 778.9 263.2 780.1 267.1 782.5 267.2 0.9567
498.8 306.3 16.9 22.7 502.9 315.9 509.6 315.1 505.9 320.0 504.2 324.5 509.3 323.9 0.9438
576.8 243.2 17.6 24.2 583.7 252.0 591.4 252.4 588.7 256.7 584.6 261.4 590.5 261.8 0.9358
607.4 310.7 24.0 30.7 612.6 321.4 622.8 322.0 617.0 329.0 614.0 334.3 621.2 334.8 0.6972
