0--Parade/0_Parade_Parade_0_525.jpg
26
417.3 424.9 38.3 45.6 430.3 440.5 447.7 439.2 441.0 450.7 432.9 458.7 447.4 457.7 0.9992
272.3 446.4 33.8 40.5 291.7 457.9 303.0 457.4 302.7 467.5 292.7 476.9 300.1 476.8 0.9991
50.4 392.7 57.3 61.8 74.8 415.0 99.3 415.6 91.1 427.9 77.5 438.2 96.1 438.8 0.9989
812.5 434.0 17.6 24.6 814.3 443.8 820.1 444.0 814.4 448.5 814.8 453.3 819.0 453.1 0.9980
153.9 426.2 29.6 39.3 164.2 442.4 177.7 442.5 172.2 450.6 166.0 457.5 175.8 457.6 0.9973
870.6 527.9 20.2 23.8 873.9 537.5 882.4 537.4 877.0 542.4 875.5 546.6 881.8 546.4 0.9970
790.5 459.0 21.3 24.2 794.6 466.4 803.4 467.1 797.6 472.2 795.1 476.9 802.0 477.3 0.9970
966.2 457.7 19.5 25.6 968.2 467.9 975.0 466.9 970.1 472.9 970.8 478.3 975.4 477.4 0.9963
1004.3 463.0 18.7 29.9 1007.7 472.0 1017.0 472.2 1009.6 478.7 1009.0 485.1 1016.2 485.0 0.9907
694.7 448.9 15.5 19.2 697.0 455.7 702.5 456.6 697.6 460.1 696.8 463.9 700.9 464.4 0.9879
477.7 449.1 17.2 21.7 480.9 455.0 486.5 456.5 480.8 460.1 480.0 464.8 483.7 465.8 0.9790
848.6 451.5 18.0 23.3 850.7 459.9 857.7 459.4 852.7 465.0 852.4 469.8 857.5 469.2 0.9789
774.3 448.5 15.4 18.9 777.1 456.1 782.7 455.6 779.5 460.6 779.6 464.0 783.5 463.6 0.9783
229.4 460.2 23.6 27.6 235.9 469.2 246.0 467.9 241.4 474.3 238.2 480.6 246.2 479.6 0.9771
714.4 480.0 17.5 22.8 717.7 488.3 725.0 488.6 720.2 493.5 718.4 497.8 723.9 497.9 0.9760
913.3 394.8 15.0 19.6 917.1 402.6 923.8 402.2 920.5 406.5 918.3 410.4 923.3 410.1 0.9730
705.2 465.9 13.7 18.7 708.1 473.1 714.4 473.4 710.6 477.3 708.8 480.8 713.4 480.9 0.9701
987.9 477.6 16.9 19.0 992.2 483.9 1000.1 483.6 996.1 487.8 993.3 492.2 999.3 492.0 0.9551
379.9 458.9 16.3 21.2 383.2 467.9 389.7 467.8 385.6 472.2 384.4 476.3 389.4 476.1 0.9484
994.7 440.8 14.2 20.6 996.2 449.3 999.8 449.3 996.1 453.6 997.2 457.5 999.5 457.2 0.9450
729.5 459.1 13.8 19.7 731.9 466.4 736.7 467.3 732.8 471.2 732.0 474.6 735.6 475.2 0.9100
205.3 452.1 13.7 18.9 207.7 459.9 214.3 459.8 210.4 463.4 208.6 467.2 213.7 467.1 0.9030
864.9 399.1 13.2 18.2 867.8 406.0 873.5 405.9 870.4 409.3 868.4 413.1 872.8 413.0 0.8997
884.1 456.5 18.4 25.7 886.8 464.5 890.5 465.4 885.3 469.9 886.7 475.5 889.3 475.8 0.8128
733.9 434.6 12.2 16.6 736.1 441.8 740.0 441.9 737.0 445.4 736.9 448.3 739.7 448.1 0.8056
674.2 463.8 11.4 16.1 680.4 468.8 683.5 468.5 683.0 472.3 680.4 476.0 682.9 475.9 0.6023
