0--Parade/0_Parade_Parade_0_92.jpg
26
193.2 278.5 23.0 27.2 196.0 287.9 206.0 288.2 198.1 292.9 196.1 298.9 203.7 299.1 0.9994
474.1 282.4 40.6 48.5 481.5 299.0 498.8 299.7 486.7 307.3 482.1 317.1 495.7 317.6 0.9993
588.5 310.5 27.5 32.2 595.4 322.4 608.3 322.1 601.9 329.5 597.4 335.6 607.0 335.4 0.9987
750.2 320.1 21.2 23.7 755.7 329.3 765.7 329.1 760.8 334.3 757.2 338.6 764.7 338.4 0.9986
867.7 315.9 16.3 16.7 871.7 321.8 878.7 322.0 874.7 325.2 872.5 328.7 877.4 328.8 0.9985
553.8 309.1 14.6 19.0 557.4 315.7 564.3 316.2 560.4 319.3 557.6 323.1 563.0 323.5 0.9978
437.8 306.4 18.4 23.1 441.5 314.8 449.5 314.5 444.9 320.0 443.2 324.6 448.9 324.3 0.9930
825.6 305.9 13.4 15.0 830.1 310.7 835.8 311.6 832.9 313.9 830.0 316.7 834.5 317.4 0.9897
812.1 321.0 16.1 18.2 816.7 327.8 824.5 327.5 820.9 332.3 818.3 335.9 823.4 335.7 0.9891
63.8 369.8 9.3 13.6 69.6 374.7 71.2 374.8 71.9 377.3 70.0 380.0 71.3 380.2 0.9872
808.1 298.9 12.2 14.4 810.3 303.9 816.0 303.7 812.7 306.9 811.2 310.1 815.3 310.0 0.9837
624.8 302.6 15.9 18.1 628.6 310.1 634.9 309.5 631.6 313.7 630.3 317.4 634.5 316.9 0.9824
0.0 320.2 12.5 15.7 4.9 326.8 9.6 326.0 8.4 329.3 6.3 332.4 10.0 331.9 0.9797
722.4 301.9 8.9 10.4 724.2 306.0 728.6 305.7 726.4 308.1 725.2 310.3 728.6 310.0 0.9561
25.9 320.9 7.7 9.4 29.2 324.1 32.1 324.1 31.1 326.1 29.4 328.0 31.7 328.0 0.9544
243.0 359.6 9.0 10.3 247.3 363.8 250.1 363.3 249.7 365.8 248.2 367.9 250.1 367.7 0.9321
138.9 369.1 9.0 10.5 142.1 373.1 145.9 373.1 144.3 375.6 142.5 377.7 145.3 377.7 0.9238
283.1 316.9 6.6 7.3 285.4 320.0 288.1 319.9 287.1 321.7 285.9 323.1 287.8 323.0 0.9034
57.6 315.9 6.5 9.5 62.0 319.5 63.4 319.3 63.9 321.3 62.2 323.3 63.1 323.3 0.8805
77.4 369.4 9.5 12.9 82.0 374.0 85.1 373.8 84.7 376.5 82.7 379.3 84.9 379.3 0.8782
124.3 346.7 7.9 10.6 129.0 351.1 130.6 350.6 131.2 352.7 129.8 354.9 130.9 354.6 0.7422
1010.2 310.9 7.0 8.5 1011.7 314.0 1014.5 314.0 1012.8 315.7 1012.0 317.5 1014.3 317.5 0.7361
953.2 307.2 9.4 11.0 955.8 311.4 960.2 311.4 958.1 313.7 956.3 315.9 959.8 315.9 0.7332
117.0 317.5 5.9 6.9 118.3 319.8 120.8 319.9 119.1 321.3 118.4 322.7 120.4 322.8 0.6902
351.7 313.1 6.2 8.5 354.7 316.4 356.8 316.4 356.3 318.1 354.8 319.7 356.4 319.8 0.6611
108.4 337.5 6.8 9.2 111.7 341.3 114.0 341.1 113.6 343.2 112.2 345.0 113.8 344.9 0.5456
