0--Parade/0_Parade_Parade_0_673.jpg
23
614.3 290.6 71.0 83.9 621.2 322.4 646.8 322.2 626.1 341.4 628.6 357.0 645.6 356.7 0.9998
751.9 316.7 55.0 66.3 780.9 345.5 800.3 339.0 800.7 354.8 788.4 370.1 801.7 365.4 0.9997
437.3 289.6 56.1 63.9 452.2 314.2 477.7 312.3 466.4 325.4 456.9 337.4 478.0 335.9 0.9997
943.3 290.6 80.1 112.3 980.1 337.8 1015.4 337.6 1004.9 359.9 982.3 376.7 1011.6 376.5 0.9995
162.1 286.1 49.3 59.8 178.5 310.9 200.3 310.3 191.5 322.6 182.5 333.4 198.1 332.9 0.9994
771.9 201.4 27.8 36.0 785.6 214.9 796.5 214.8 794.4 220.9 787.0 227.9 795.7 228.0 0.9988
516.9 227.8 11.6 15.0 518.7 233.0 523.6 233.3 520.0 235.9 519.0 239.0 522.5 239.2 0.9980
36.3 295.6 16.6 20.7 39.5 303.8 47.1 303.1 43.3 307.4 41.1 311.4 47.4 310.9 0.9975
794.5 212.4 16.3 23.9 798.7 221.3 806.6 221.1 802.6 225.5 799.3 230.2 805.8 230.0 0.9973
92.6 230.3 14.3 18.0 96.2 236.7 103.0 237.0 99.4 240.1 96.7 243.9 101.8 244.1 0.9972
632.8 197.3 16.4 22.4 635.2 206.0 642.2 206.0 637.3 209.5 635.6 214.1 641.1 214.0 0.9949
36.2 232.1 14.1 16.8 41.8 236.9 48.0 236.6 45.9 240.4 42.8 244.2 47.6 244.1 0.9932
54.9 235.5 13.8 16.0 60.3 239.7 66.8 240.4 64.0 243.1 60.2 246.6 65.3 247.3 0.9916
74.4 361.4 13.2 15.9 77.8 367.2 84.3 367.2 81.1 371.1 78.9 374.2 83.5 374.1 0.9914
103.2 318.2 15.5 18.4 109.0 324.0 115.8 324.9 112.7 328.4 109.0 332.0 113.9 332.7 0.9913
578.2 223.3 14.2 20.2 580.4 230.3 586.3 230.3 582.3 234.2 581.0 238.3 585.9 238.2 0.9896
468.0 226.8 12.1 15.0 470.6 232.1 475.9 232.6 472.4 235.2 470.7 238.0 474.7 238.4 0.9695
546.5 286.6 12.1 17.0 548.8 291.1 552.7 291.9 548.8 295.1 548.6 298.7 551.6 299.1 0.9648
349.4 226.5 8.1 9.6 352.2 230.4 355.5 230.3 354.1 232.3 352.6 234.1 355.2 234.0 0.9608
317.7 223.5 7.8 8.8 85.3 343.7 91.4 343.7 88.4 347.2 85.9 350.5 90.6 350.6 0.7522
388.2 218.7 8.2 11.6 103.4 359.4 110.7 360.8 105.8 364.2 103.1 368.5 108.6 369.5 0.7245
256.2 232.9 6.7 8.8 320.0 227.1 323.4 226.7 322.0 228.7 320.9 230.6 323.5 230.3 0.6388
5.3 236.1 10.8 14.3 389.9 223.1 392.8 223.3 390.6 225.4 390.1 227.7 392.3 227.7 0.5629
