0--Parade/0_Parade_Parade_0_179.jpg
35
944.3 57.6 33.1 36.4 960.8 68.4 973.8 69.6 970.7 76.2 960.8 83.0 971.6 84.0 0.9998
205.8 25.1 34.7 47.3 223.6 46.4 234.7 42.7 237.4 51.5 229.9 62.7 237.3 60.1 0.9997
310.2 104.8 35.6 47.0 329.9 123.1 342.5 122.4 342.0 131.6 329.7 138.7 341.2 138.5 0.9996
142.1 46.0 35.4 52.8 167.5 65.2 173.3 63.8 177.7 75.0 167.3 85.6 171.7 85.2 0.9996
747.6 21.1 33.1 41.9 768.4 36.7 777.7 35.8 778.4 45.0 767.7 52.6 775.2 52.4 0.9995
357.9 0.0 26.5 27.5 370.2 5.2 380.2 3.0 379.7 10.7 373.8 18.6 381.7 17.2 0.9995
465.3 155.2 31.2 39.8 480.3 168.6 492.5 167.7 490.3 176.0 481.5 183.5 492.1 183.0 0.9995
292.1 9.1 30.0 41.4 305.8 26.0 318.1 24.3 316.3 33.0 308.5 41.2 318.2 39.9 0.9995
549.1 113.8 33.4 43.7 569.3 128.4 578.9 128.8 579.5 136.6 567.4 143.6 576.5 144.4 0.9995
235.9 0.0 35.7 40.9 254.4 13.9 266.5 10.6 268.7 19.7 260.8 30.8 269.1 28.5 0.9994
797.9 214.0 40.8 51.3 807.8 227.4 814.1 229.4 799.7 237.1 804.2 248.8 808.8 249.6 0.9993
415.8 61.5 30.7 42.1 426.8 78.2 440.7 76.4 436.2 85.2 430.0 94.2 440.9 93.0 0.9993
572.1 88.1 31.3 42.1 591.8 104.4 600.3 103.5 601.9 111.6 592.0 119.6 598.8 119.5 0.9991
381.6 78.0 35.6 38.3 399.5 91.7 412.9 91.8 410.3 100.0 401.2 107.0 411.0 107.2 0.9991
36.1 29.4 26.9 44.4 53.0 45.6 59.8 44.9 62.3 53.9 53.7 62.8 58.8 62.7 0.9988
333.6 0.0 26.2 36.1 345.8 13.8 355.3 11.1 354.7 19.7 348.5 27.1 356.4 25.3 0.9988
340.3 88.7 29.3 39.5 357.0 104.0 366.4 102.8 366.8 110.3 358.6 118.5 365.9 117.9 0.9987
539.6 241.1 34.9 43.0 561.2 258.9 571.1 258.0 572.7 266.1 563.6 274.7 570.3 274.3 0.9986
171.7 142.2 31.9 47.3 194.1 154.3 196.6 154.0 202.4 162.2 196.0 175.1 197.7 175.2 0.9986
102.7 348.9 35.3 55.4 130.1 368.1 131.4 367.0 138.6 378.6 127.5 390.3 128.9 390.3 0.9984
821.6 13.7 24.9 37.6 838.4 29.9 842.9 27.5 846.2 36.2 840.1 43.8 843.3 42.4 0.9983
696.9 65.2 27.3 35.5 716.2 75.8 720.7 75.1 722.3 84.9 712.9 91.4 716.5 91.3 0.9982
7.6 285.3 29.8 36.4 18.6 298.4 32.3 297.2 28.5 305.3 22.4 313.6 32.3 312.6 0.9982
297.6 223.0 35.3 41.7 320.3 235.3 328.3 235.5 330.3 243.1 321.9 252.8 327.3 253.3 0.9975
42.3 120.5 24.8 37.8 58.3 132.8 62.2 131.3 66.7 139.2 60.3 148.3 62.9 147.5 0.9968
915.8 103.3 22.8 32.4 932.4 115.2 935.3 114.1 938.2 121.5 932.1 128.4 933.7 127.9 0.9960
420.4 167.8 29.9 41.8 441.0 182.1 444.7 180.0 450.2 189.4 442.1 199.3 444.2 198.3 0.9955
521.5 278.9 34.2 39.5 531.1 290.3 545.0 290.7 537.1 296.2 531.5 306.6 542.0 306.9 0.9945
117.8 0.0 42.5 28.6 139.4 -1.2 155.3 -1.2 151.5 8.1 140.8 17.6 152.2 17.6 0.9903
16.1 0.0 29.0 26.0 33.6 5.1 41.3 3.0 43.6 11.0 36.6 18.8 41.5 17.5 0.9882
350.7 250.0 27.1 43.0 370.7 266.0 373.6 265.5 376.9 274.0 370.2 282.6 372.0 282.4 0.9845
389.7 123.8 30.5 35.9 407.1 136.3 415.3 133.7 416.8 142.4 409.3 150.9 415.4 149.4 0.9759
268.8 272.4 26.7 49.4 290.4 290.0 291.1 289.4 293.3 299.9 287.9 310.0 288.2 309.6 0.9661
47.2 363.0 27.1 48.6 67.9 378.4 69.6 377.5 72.8 387.9 66.2 398.9 67.6 398.4 0.9258
886.7 94.2 18.7 32.8 898.8 105.1 899.9 104.3 901.5 110.5 899.1 118.3 900.0 117.7 0.8997
