0--Parade/0_Parade_Parade_0_687.jpg
16
649.5 171.8 15.4 16.5 657.1 178.8 663.1 178.0 661.9 182.3 658.4 185.4 662.4 185.0 0.9945
122.4 465.7 11.9 19.1 129.9 472.8 131.3 471.9 133.8 475.8 131.8 480.1 132.8 479.6 0.9902
71.8 385.7 12.7 16.4 79.7 391.7 82.3 390.8 84.1 394.2 82.1 398.2 83.7 397.6 0.9839
111.9 389.8 9.6 16.1 119.1 395.2 120.1 394.9 121.1 398.4 118.5 402.0 119.4 401.9 0.9613
60.3 476.8 10.5 14.2 66.8 481.9 69.3 481.5 70.0 484.8 67.4 487.8 69.0 487.7 0.9568
79.2 463.3 12.3 16.1 6.8 420.6 8.7 420.1 9.6 423.2 7.7 426.3 8.9 426.1 0.9527
222.7 390.7 7.6 9.7 87.4 467.9 89.9 467.6 91.0 471.3 87.9 474.9 89.8 474.9 0.8912
4.6 495.5 9.8 13.4 142.7 466.8 147.6 466.1 145.2 469.0 143.7 471.8 147.7 471.3 0.8831
80.9 370.9 11.0 14.6 29.5 376.5 31.9 376.2 32.6 380.0 29.7 383.4 31.3 383.4 0.8694
171.2 491.6 9.2 13.1 226.2 394.9 228.8 394.6 228.3 396.7 226.8 398.6 228.7 398.5 0.8431
222.2 484.2 8.4 12.2 31.6 428.9 33.4 428.0 34.6 431.3 32.7 434.7 34.0 434.2 0.8109
209.1 404.0 8.9 12.1 10.0 500.0 12.6 499.5 13.2 502.3 11.7 505.5 13.4 505.3 0.8080
140.4 428.0 10.8 14.2 86.1 377.4 90.0 377.1 89.2 380.6 86.9 383.2 89.5 383.1 0.7567
17.3 338.2 8.4 11.5 175.7 496.2 179.2 496.4 178.4 499.2 176.2 501.9 178.7 502.1 0.6589
310.3 405.3 9.2 10.5 226.7 488.7 228.9 488.4 228.9 490.9 227.2 493.4 228.9 493.2 0.6409
29.6 473.8 12.0 14.6 212.3 409.1 215.3 409.1 213.9 411.8 212.6 414.1 214.9 414.1 0.5877
