0--Parade/0_Parade_Parade_0_85.jpg
10
788.3 809.2 17.4 24.5 800.8 817.9 803.9 816.9 806.4 822.0 802.1 827.5 804.1 827.1 0.9995
525.2 386.3 60.1 90.1 541.8 418.2 569.5 416.6 556.8 434.3 543.7 448.8 570.0 447.4 0.9993
369.7 789.3 8.3 13.1 370.8 794.3 372.3 794.4 370.0 796.8 371.2 799.3 372.2 799.2 0.9921
687.1 777.6 12.3 17.5 689.5 784.2 692.3 784.4 688.9 787.3 689.4 791.0 691.5 790.8 0.9908
885.1 781.1 14.2 18.8 888.5 787.0 892.1 787.5 887.6 790.5 887.1 795.1 889.6 795.3 0.9857
933.7 778.0 13.0 22.1 936.4 785.7 937.8 786.3 934.5 790.5 937.0 794.6 938.1 794.8 0.9855
407.3 802.0 8.5 12.7 408.5 806.7 410.4 806.8 408.2 809.3 409.0 811.9 410.3 811.8 0.9707
955.3 790.7 13.2 20.1 957.1 798.1 960.4 798.3 957.0 802.7 957.9 806.8 960.2 806.7 0.9570
381.1 806.4 8.6 13.8 382.7 811.6 384.2 812.0 381.9 814.4 382.6 817.1 383.6 817.2 0.8780
648.6 768.5 8.4 12.0 495.1 761.6 502.6 760.6 506.4 768.6 500.2 779.0 505.5 778.6 0.7652
