0--Parade/0_Parade_marchingband_1_506.jpg
95
319.8 375.9 18.9 23.3 323.5 384.1 332.2 383.7 327.3 388.6 324.4 392.6 332.3 392.2 0.9997
851.7 389.6 19.1 23.8 857.4 397.0 866.1 397.9 861.4 403.0 856.8 406.1 864.8 406.9 0.9996
673.2 383.3 18.4 23.0 678.3 391.4 686.9 391.3 682.8 396.6 679.0 400.2 686.4 400.1 0.9995
921.2 394.2 20.5 25.4 926.4 403.8 935.6 403.6 930.8 408.9 927.3 413.2 935.0 413.0 0.9995
788.7 388.1 17.7 20.3 793.8 394.5 802.7 394.9 798.4 399.7 794.0 402.7 801.6 403.0 0.9995
316.9 329.9 19.3 22.8 321.7 337.9 330.4 338.1 325.7 342.8 322.2 346.5 329.4 346.6 0.9995
699.8 295.2 17.1 20.5 704.1 302.5 712.0 302.3 708.0 306.7 705.0 310.4 711.4 310.3 0.9994
594.0 162.1 16.1 21.6 597.9 170.3 606.0 170.8 601.3 174.9 597.9 178.9 604.7 179.3 0.9994
615.1 207.4 17.1 21.6 620.0 215.6 628.4 215.2 624.5 219.7 621.2 224.1 628.1 223.8 0.9994
332.2 181.8 17.7 21.5 336.2 190.1 344.6 189.8 340.3 194.4 337.5 198.3 344.1 198.0 0.9994
473.3 250.8 18.7 22.0 478.0 258.1 486.6 258.6 481.8 262.6 478.1 266.4 485.7 266.8 0.9994
496.6 396.2 18.0 24.7 501.0 405.3 509.9 405.1 505.5 410.3 501.6 414.1 509.6 414.0 0.9993
187.6 375.5 19.7 23.1 191.9 383.8 200.7 383.4 196.0 388.6 193.5 393.2 200.0 392.9 0.9993
140.4 236.1 16.7 18.9 143.9 243.1 151.6 242.9 147.3 247.2 144.9 250.7 150.9 250.6 0.9993
593.1 241.2 15.8 20.7 597.1 248.6 605.2 248.8 600.9 253.0 597.5 257.2 604.2 257.4 0.9993
396.2 189.2 15.4 16.9 399.8 195.0 407.1 194.4 403.7 198.3 401.3 202.0 407.2 201.4 0.9993
507.4 206.2 14.6 19.1 510.9 213.6 518.2 213.5 514.4 217.4 511.6 221.4 517.6 221.3 0.9993
755.0 338.3 16.5 22.9 760.1 347.4 767.6 347.4 764.2 351.9 760.3 355.2 767.1 355.2 0.9992
123.7 283.6 17.2 21.9 127.9 292.5 136.0 292.3 131.9 296.7 128.6 300.1 135.6 299.9 0.9992
696.9 343.5 17.4 22.8 702.2 352.4 710.3 352.6 706.5 357.3 702.8 360.8 709.2 361.1 0.9992
517.3 338.9 16.6 19.9 521.1 346.2 528.8 346.1 524.7 350.4 522.0 354.0 528.2 353.9 0.9992
79.7 235.4 18.6 22.8 83.4 244.9 91.3 244.7 86.7 249.3 84.6 253.2 90.6 253.0 0.9992
391.3 229.8 16.9 20.7 395.1 236.9 403.6 236.7 399.2 241.6 396.3 245.5 402.8 245.4 0.9992
385.9 375.5 18.1 23.8 390.4 384.7 398.9 385.2 394.3 389.7 391.0 393.5 397.7 393.9 0.9992
661.3 217.2 18.8 24.4 665.2 226.3 674.5 226.0 670.0 230.9 666.4 235.8 674.1 235.5 0.9992
261.7 374.3 19.1 23.7 266.0 381.5 274.6 381.2 269.9 385.9 267.0 391.3 274.0 391.0 0.9991
269.2 186.1 16.9 21.8 273.3 194.3 281.0 193.8 277.2 198.6 274.6 202.8 280.7 202.4 0.9991
919.7 248.9 16.7 19.5 925.1 255.7 932.9 255.8 929.5 260.0 926.0 263.8 931.7 264.0 0.9991
825.4 294.6 17.1 21.5 830.4 302.8 838.3 303.1 834.3 307.5 830.8 310.6 837.2 310.9 0.9991
335.8 142.2 16.9 21.5 339.8 149.5 348.0 149.8 343.7 153.9 340.5 158.4 346.8 158.6 0.9991
444.0 387.9 18.2 26.6 448.8 397.0 457.4 397.2 452.9 402.5 448.9 406.5 457.1 406.6 0.9991
854.2 200.0 13.9 17.4 858.7 206.2 865.4 206.3 862.4 209.9 859.2 213.0 864.5 213.1 0.9991
874.4 337.5 17.1 21.9 878.9 345.8 886.9 346.3 882.6 350.6 879.4 354.0 885.7 354.4 0.9990
927.3 290.8 17.6 20.5 931.5 298.8 940.1 298.5 935.8 302.5 932.8 306.5 939.4 306.2 0.9990
637.8 289.6 17.0 20.4 642.6 296.4 650.6 296.4 646.8 300.8 643.4 304.7 649.7 304.7 0.9990
728.4 381.3 18.8 24.0 733.5 390.9 742.5 391.5 737.8 396.0 734.0 399.6 741.0 400.0 0.9990
750.2 189.1 16.2 20.9 754.3 196.8 762.3 196.5 758.5 200.8 755.3 204.9 761.7 204.7 0.9990
386.4 330.8 18.7 22.0 391.5 338.1 400.4 337.8 396.1 342.6 392.5 346.9 399.9 346.7 0.9990
546.3 162.2 16.2 20.3 550.6 170.7 558.1 170.4 554.5 174.9 551.6 178.0 557.7 177.8 0.9990
109.2 377.5 19.9 27.1 113.8 387.7 123.1 388.1 117.9 393.2 114.5 397.8 122.0 398.1 0.9990
495.5 154.9 14.9 18.7 499.4 162.7 506.1 162.4 503.0 166.1 500.5 169.5 506.0 169.2 0.9990
507.7 277.7 18.2 19.7 512.9 283.5 521.3 283.8 517.3 288.0 513.8 292.1 520.2 292.3 0.9990
313.1 273.8 19.1 22.6 317.6 282.4 326.4 281.3 322.5 286.3 319.8 291.2 326.7 290.3 0.9990
845.7 157.3 15.1 19.5 850.2 164.5 857.2 164.7 853.7 168.2 850.5 171.8 856.4 171.9 0.9990
178.3 146.6 15.5 17.7 182.1 152.4 189.2 151.8 185.7 155.3 183.5 159.6 189.0 159.1 0.9990
758.0 155.7 15.6 17.7 763.7 161.4 770.7 161.2 767.9 164.9 764.4 168.7 770.1 168.7 0.9989
801.1 194.0 14.6 17.4 804.7 199.7 811.7 199.7 808.1 203.2 805.5 206.9 810.8 206.9 0.9989
460.7 206.0 15.3 20.1 463.5 214.0 471.3 214.2 466.8 218.2 464.0 222.0 470.4 222.2 0.9989
639.9 167.5 14.8 19.1 642.6 175.2 650.0 175.0 645.9 178.7 643.1 181.3 650.2 181.1 0.9989
94.7 181.9 16.9 21.1 98.4 189.7 106.3 190.0 101.6 193.7 99.0 197.9 104.8 198.1 0.9989
184.7 105.1 16.0 19.9 187.8 112.8 194.9 112.9 190.7 117.1 188.9 120.5 194.0 120.5 0.9989
761.0 295.5 15.7 20.7 766.1 303.6 773.5 303.0 770.5 307.5 767.2 311.5 773.0 311.1 0.9988
684.6 116.8 15.5 17.0 689.1 121.8 696.0 122.2 692.6 125.3 689.7 129.1 694.9 129.4 0.9988
553.6 379.6 21.0 26.6 558.0 389.2 568.2 389.1 562.8 394.5 559.1 399.9 567.5 399.7 0.9988
248.6 283.9 17.5 20.3 253.2 290.3 261.5 290.4 257.3 294.6 254.3 298.9 260.7 298.9 0.9988
163.4 352.8 16.7 20.8 166.7 360.2 174.8 360.3 170.1 364.8 167.6 368.8 173.8 368.9 0.9988
191.2 297.6 16.7 20.4 195.1 305.7 203.0 305.6 198.9 310.0 196.1 313.5 202.2 313.4 0.9988
62.4 295.0 19.4 22.9 66.7 303.2 75.8 303.3 70.8 308.0 67.9 312.1 74.8 312.2 0.9988
153.8 187.7 16.6 22.1 157.9 197.2 165.6 197.1 161.6 201.2 158.7 204.8 165.1 204.7 0.9987
117.0 149.5 17.3 21.2 121.3 157.9 129.1 158.3 124.9 162.6 122.2 166.0 127.9 166.2 0.9987
248.3 238.3 15.4 21.0 251.8 246.4 258.9 246.4 255.2 250.5 252.5 254.7 258.2 254.7 0.9987
325.6 224.2 18.3 23.0 330.1 233.3 338.5 233.3 334.0 237.6 330.7 241.5 337.6 241.5 0.9987
870.4 292.4 15.8 18.2 875.0 299.1 882.7 299.0 879.1 303.4 875.6 306.5 881.6 306.5 0.9987
384.6 275.8 16.8 21.5 388.8 283.8 397.0 283.1 393.3 288.1 390.3 292.4 396.8 291.8 0.9987
448.2 332.4 18.4 24.8 453.5 340.8 461.9 341.0 457.6 346.2 453.8 350.1 461.1 350.3 0.9987
542.0 245.0 16.0 20.6 546.2 253.7 553.6 253.5 550.0 258.1 547.2 261.1 553.3 260.9 0.9987
602.2 106.8 16.1 18.5 605.6 113.1 612.7 112.2 609.0 116.1 607.2 120.6 612.7 119.8 0.9986
213.3 200.2 16.5 21.7 217.9 209.4 225.5 209.4 221.7 213.2 218.5 216.8 224.8 216.8 0.9986
525.6 106.3 15.8 18.0 529.6 112.7 537.0 112.5 533.4 116.3 530.6 119.9 536.4 119.8 0.9985
689.1 178.1 15.6 20.0 693.0 184.9 700.4 185.4 696.4 189.1 693.4 193.0 699.1 193.4 0.9985
575.1 288.1 16.5 23.0 579.8 296.9 587.7 297.3 583.7 301.7 580.1 305.4 586.6 305.7 0.9985
282.0 140.8 15.7 19.9 285.1 149.1 292.0 149.1 288.0 153.0 286.1 156.3 291.3 156.3 0.9985
733.9 240.6 16.0 20.9 738.4 248.5 746.0 248.3 742.3 251.5 739.3 256.1 745.3 256.0 0.9985
203.8 246.9 17.0 21.5 207.7 255.9 215.5 255.5 211.5 259.6 208.8 263.5 215.1 263.1 0.9985
398.5 150.4 16.6 19.7 403.0 158.1 410.7 157.8 406.9 162.6 404.3 166.1 409.7 165.9 0.9984
642.5 353.8 16.6 20.4 647.3 361.7 655.2 361.9 651.3 366.0 647.8 369.1 654.3 369.3 0.9984
800.0 237.1 17.1 22.8 804.9 246.2 812.5 246.0 809.0 250.2 806.1 254.5 811.9 254.3 0.9984
899.5 160.7 15.6 19.6 904.0 168.7 911.2 168.8 907.7 172.3 904.9 175.9 910.2 176.0 0.9983
450.3 155.9 15.3 20.6 454.2 164.4 461.5 164.5 457.8 168.8 454.8 171.9 460.7 172.0 0.9983
812.4 342.6 17.7 21.7 817.5 350.5 825.8 350.8 821.7 355.3 818.1 359.3 824.5 359.6 0.9983
578.9 341.4 14.9 19.4 583.0 348.6 590.4 348.3 587.0 352.8 584.1 356.5 589.7 356.3 0.9983
240.9 347.1 18.4 25.0 245.5 357.2 254.1 357.2 249.7 362.6 246.8 367.1 253.0 367.1 0.9982
559.8 207.6 16.2 20.8 564.3 215.8 571.9 215.8 568.1 219.9 564.9 223.8 571.2 223.8 0.9982
712.6 153.9 17.0 22.2 717.3 162.7 725.8 162.6 721.8 167.4 718.3 171.0 725.0 170.9 0.9982
125.5 109.7 16.9 21.0 129.7 117.2 136.9 117.0 133.1 121.6 130.8 125.5 136.5 125.3 0.9982
295.9 111.7 15.5 17.2 300.8 117.0 307.7 116.8 304.8 120.4 301.9 124.3 307.3 124.1 0.9982
444.7 289.9 15.4 21.6 449.5 298.1 457.0 298.2 453.8 302.4 450.3 306.6 456.3 306.6 0.9981
856.3 247.0 15.5 18.5 861.2 255.0 868.0 254.3 865.3 258.2 862.9 261.7 868.1 261.1 0.9980
226.5 159.2 15.5 21.4 230.7 167.4 238.3 167.5 234.6 171.4 231.5 175.6 237.1 175.7 0.9979
613.5 379.2 19.4 24.6 618.1 388.2 627.2 388.5 622.2 393.2 618.8 398.0 625.7 398.2 0.9978
360.1 113.1 16.6 18.6 364.0 119.8 371.6 119.4 367.8 123.4 365.4 127.3 371.1 127.0 0.9976
882.1 118.0 17.5 22.5 886.1 126.4 894.2 126.1 890.2 130.7 887.4 135.3 894.0 135.1 0.9976
441.2 109.2 15.3 17.0 444.7 115.2 451.3 114.6 447.8 118.3 446.0 122.3 450.7 121.9 0.9970
905.5 201.7 16.0 20.8 909.1 210.1 916.6 209.7 912.7 214.0 910.3 217.9 916.1 217.6 0.9968
795.8 125.7 15.2 18.1 803.2 132.1 809.3 132.5 807.6 135.6 803.8 139.1 808.2 139.6 0.9912
