0--Parade/0_Parade_Parade_0_106.jpg
38
8.5 260.7 18.5 25.3 10.6 270.6 15.8 270.8 10.5 275.5 11.5 280.4 15.3 280.2 0.9998
911.2 156.8 40.4 50.3 920.9 176.8 939.5 176.2 929.8 183.9 922.9 194.3 938.0 193.9 0.9997
820.2 377.2 35.9 42.4 830.6 395.6 846.0 393.1 839.9 402.0 835.3 411.0 846.4 409.0 0.9996
783.6 205.9 26.0 33.9 786.6 219.1 795.3 219.3 787.0 224.9 787.0 231.6 793.4 231.5 0.9996
160.5 241.2 21.9 24.3 164.0 250.5 173.7 250.6 167.4 256.2 165.3 260.2 172.5 260.2 0.9996
307.0 237.0 25.8 29.2 310.1 246.0 319.6 245.8 311.0 250.5 309.9 257.6 317.6 257.3 0.9996
720.8 363.6 34.0 43.3 735.5 383.1 749.8 380.3 747.8 389.6 739.7 398.1 750.3 396.2 0.9996
680.9 261.7 35.2 45.3 693.0 281.7 709.0 281.9 702.3 289.8 694.5 297.2 706.7 297.4 0.9996
232.3 306.0 28.9 34.6 242.3 320.7 255.2 319.8 250.2 326.8 244.4 332.9 254.5 332.3 0.9995
415.7 212.3 30.4 38.8 427.1 227.8 440.1 225.7 437.7 232.2 432.1 241.9 442.3 240.3 0.9995
92.2 321.6 22.0 27.7 96.9 332.2 106.0 332.4 100.4 337.5 97.6 342.6 105.2 342.6 0.9995
60.5 251.7 24.3 26.6 67.2 261.9 78.0 261.2 73.0 265.3 69.0 271.3 77.4 270.8 0.9994
194.1 229.4 22.9 32.3 197.2 241.5 202.5 242.1 195.4 247.6 198.1 253.9 201.7 253.9 0.9994
57.7 316.9 24.0 30.2 60.7 328.5 71.0 327.5 64.3 334.0 63.0 340.5 70.8 339.5 0.9993
192.5 291.6 26.2 32.9 199.6 305.3 211.8 305.2 206.0 311.5 200.3 316.1 211.5 316.0 0.9993
728.9 214.9 34.0 41.2 734.6 230.1 749.9 231.8 739.2 238.8 735.3 245.7 747.1 246.9 0.9993
126.9 260.8 19.4 22.0 132.6 269.3 142.0 269.3 137.9 274.2 133.7 278.6 141.0 278.6 0.9992
339.9 287.2 30.8 38.1 342.9 299.6 350.9 300.3 341.7 308.6 345.4 316.0 351.0 316.0 0.9991
958.4 368.0 30.4 43.1 962.5 384.5 968.3 385.6 958.8 392.7 963.5 401.2 966.9 401.5 0.9991
121.7 287.2 26.7 31.5 126.0 299.3 137.0 296.9 130.6 303.8 129.4 311.6 137.5 309.6 0.9990
472.6 205.8 25.6 34.3 484.5 218.4 494.4 217.9 492.9 222.8 486.9 231.1 494.4 230.7 0.9990
845.3 202.9 32.2 46.1 850.0 219.7 856.4 220.9 845.2 227.8 849.6 237.4 854.0 237.8 0.9989
232.2 232.0 21.6 30.3 236.1 241.4 238.2 241.5 232.9 247.8 236.7 254.5 238.2 254.2 0.9989
139.4 315.9 26.3 29.3 144.1 327.9 155.1 326.2 149.2 333.7 147.9 339.1 155.9 337.7 0.9989
100.3 272.2 15.7 20.0 103.1 279.1 110.3 280.0 105.1 282.9 102.5 286.4 108.3 287.2 0.9988
904.9 347.1 29.2 36.9 909.7 356.8 915.0 358.5 904.9 365.2 908.7 373.7 912.1 374.4 0.9987
1001.7 198.6 22.0 50.2 1016.9 217.4 1033.8 218.7 1027.5 226.1 1017.5 234.5 1032.2 235.5 0.9987
0.0 361.5 13.0 28.3 -1.1 372.5 8.7 372.7 4.3 378.3 -0.8 382.8 7.9 383.0 0.9978
523.7 229.0 18.9 23.7 525.5 238.4 530.0 238.1 525.1 243.3 527.5 248.1 530.5 247.4 0.9975
493.2 233.2 29.2 38.5 514.4 249.4 517.4 250.2 517.0 259.1 506.9 263.7 508.1 264.9 0.9967
822.2 247.7 24.5 30.9 827.3 259.0 837.9 259.2 831.5 266.3 828.8 271.8 836.6 271.8 0.9961
89.8 256.5 13.9 19.8 92.4 263.2 94.2 264.1 90.8 267.5 91.8 271.4 92.9 271.9 0.9956
509.2 272.7 25.6 36.0 513.8 283.8 515.6 284.4 508.7 291.4 513.9 299.0 515.0 299.0 0.9944
375.6 328.7 20.5 29.6 383.7 336.4 383.3 337.3 379.1 340.7 379.4 347.9 379.0 348.5 0.9915
764.0 231.4 21.0 29.5 771.8 244.5 779.6 244.0 776.1 249.7 772.5 254.9 778.1 254.6 0.9674
549.1 229.0 14.9 22.5 551.9 238.1 554.3 239.1 549.8 242.2 550.6 246.4 552.0 246.9 0.8871
537.3 266.6 21.1 36.9 543.3 277.8 545.1 277.8 542.2 284.7 544.7 293.1 546.5 292.8 0.7063
657.1 305.3 15.1 18.5 661.4 311.9 668.3 311.9 665.2 314.8 662.5 319.1 667.9 319.0 0.5305
