0--Parade/0_Parade_marchingband_1_334.jpg
112
761.7 549.9 49.5 55.0 773.6 567.1 794.9 564.3 784.9 574.0 778.9 588.3 795.8 585.7 0.9997
293.1 402.1 37.3 40.7 302.8 415.3 319.9 415.7 310.9 425.6 304.6 433.1 317.0 433.5 0.9996
82.1 597.8 50.6 62.6 98.2 619.8 121.1 619.3 111.4 632.7 102.0 645.0 118.8 644.6 0.9995
429.2 294.3 26.2 31.7 437.1 303.4 448.9 302.8 443.8 310.1 438.8 317.0 448.3 316.6 0.9995
0.0 566.1 54.6 70.1 11.9 589.5 38.4 584.9 28.2 600.6 19.5 617.5 40.4 613.7 0.9994
916.1 418.1 38.7 39.8 927.4 430.0 944.6 429.2 936.9 437.9 930.4 446.9 943.7 446.3 0.9993
480.5 394.9 36.8 40.1 492.6 407.1 508.5 406.2 502.3 414.6 495.7 423.7 507.7 423.1 0.9992
108.0 253.5 23.7 25.9 115.0 261.4 125.3 261.2 120.4 267.2 116.4 272.8 124.2 272.7 0.9991
561.9 424.2 37.5 39.7 574.1 435.2 590.3 434.9 583.6 441.8 576.6 451.2 589.3 451.0 0.9991
444.7 220.9 22.9 25.9 451.3 227.4 461.2 227.9 456.0 233.1 451.8 238.5 460.1 238.9 0.9991
421.2 488.4 36.6 42.8 432.0 502.0 448.4 501.5 441.1 511.7 435.0 520.7 446.8 520.3 0.9991
876.7 134.1 18.6 23.0 882.8 143.8 891.2 143.7 887.5 148.5 884.0 152.3 890.2 152.3 0.9990
157.4 267.8 24.5 27.5 166.0 275.7 176.8 276.1 172.4 281.0 167.2 287.4 175.7 287.7 0.9989
491.9 226.7 25.2 30.7 499.6 235.6 510.7 235.3 505.7 241.3 501.0 247.8 509.9 247.6 0.9988
199.5 273.9 27.8 32.2 207.4 285.7 219.3 286.2 213.2 291.1 208.2 297.3 217.5 297.7 0.9988
216.5 36.1 15.0 18.8 219.6 42.8 226.2 42.8 222.3 46.5 220.3 50.2 225.7 50.1 0.9988
554.8 264.8 23.8 26.5 562.6 272.5 572.6 272.1 568.4 278.4 563.9 283.9 571.8 283.7 0.9987
162.0 155.0 18.8 22.4 166.6 161.4 175.4 161.3 170.9 166.5 167.6 171.0 175.0 170.8 0.9985
394.0 264.0 25.7 30.0 401.5 271.7 412.8 272.9 406.6 277.9 401.5 284.6 410.4 285.6 0.9984
467.4 308.6 24.5 26.9 474.1 317.8 485.4 318.2 479.7 323.8 475.1 329.1 483.7 329.3 0.9981
356.1 52.9 14.3 15.2 360.1 57.9 366.9 58.0 363.6 61.0 361.0 64.1 366.3 64.1 0.9981
241.3 66.2 14.8 19.5 246.0 74.5 253.4 74.1 250.4 78.1 247.4 81.9 252.6 81.6 0.9980
206.6 379.2 36.9 38.4 217.5 390.6 234.0 390.7 225.9 398.1 219.2 406.6 231.7 406.6 0.9980
21.6 278.2 24.0 29.8 31.1 289.5 41.3 289.6 37.4 295.4 31.9 301.0 39.9 301.2 0.9979
88.7 217.0 23.7 27.0 95.4 225.2 106.3 225.4 101.0 231.1 96.5 236.7 105.0 236.7 0.9979
248.3 222.6 25.0 29.8 255.5 230.4 266.1 230.8 260.7 235.5 256.6 243.0 264.8 243.4 0.9979
368.0 195.1 21.5 23.7 374.0 202.4 383.3 202.5 378.6 208.2 375.2 212.8 382.1 212.8 0.9977
608.0 104.4 17.7 22.0 610.6 112.5 615.0 113.2 609.9 117.5 611.2 121.7 614.0 121.9 0.9977
929.6 528.6 41.7 50.3 942.5 543.0 960.8 541.7 953.5 551.2 946.1 563.4 960.5 562.5 0.9977
369.5 255.4 23.8 26.5 376.9 262.8 387.3 263.5 382.1 268.5 377.6 274.2 385.3 274.8 0.9977
287.6 242.8 23.4 25.7 294.7 249.8 304.9 250.6 299.4 254.6 294.9 260.5 303.0 261.1 0.9975
0.0 50.4 14.5 20.7 3.1 58.4 11.1 58.2 7.9 62.6 4.4 66.7 10.6 66.6 0.9973
435.3 44.3 14.9 20.9 441.3 52.8 446.9 52.8 445.0 56.9 441.8 60.7 446.2 60.8 0.9972
680.1 75.4 16.0 19.1 683.7 81.2 690.8 81.1 686.9 85.3 684.5 89.3 690.1 89.2 0.9972
741.5 104.0 15.7 21.3 745.2 112.9 752.3 112.4 748.8 117.2 746.7 121.1 752.0 120.7 0.9971
231.5 205.7 19.7 24.4 239.0 212.4 247.2 212.3 244.2 217.9 240.0 223.3 246.6 223.2 0.9970
760.5 408.2 31.3 32.2 769.5 417.4 783.6 417.9 776.4 424.8 770.8 431.4 781.3 431.9 0.9969
210.0 14.1 13.4 17.9 213.7 21.7 219.7 21.4 216.9 24.8 214.6 28.1 219.5 27.9 0.9969
371.3 477.7 34.1 38.3 381.1 490.9 395.8 491.9 387.9 499.7 382.0 506.2 392.6 506.9 0.9968
715.6 521.5 40.3 50.6 730.9 537.5 748.0 536.3 742.9 545.0 734.9 557.5 748.4 556.5 0.9968
344.2 255.6 21.8 23.9 350.8 262.5 360.7 262.7 355.9 267.5 351.7 272.8 359.6 273.0 0.9967
333.3 143.7 16.3 19.4 338.5 151.6 345.8 151.4 342.7 156.0 339.7 159.3 344.8 159.2 0.9966
278.6 55.3 16.0 22.7 281.6 64.8 288.1 63.8 284.6 68.6 283.3 73.0 288.6 72.2 0.9966
41.4 61.8 15.4 20.4 45.0 69.3 52.0 68.9 48.4 73.3 46.3 77.5 51.5 77.2 0.9964
402.1 204.5 23.4 25.9 408.4 212.1 418.5 212.1 413.1 216.5 409.4 222.8 417.2 222.7 0.9964
162.2 66.4 16.6 21.9 166.6 75.1 173.5 77.2 168.7 80.7 165.6 83.4 170.6 84.9 0.9963
198.9 197.4 16.6 19.7 204.6 204.6 212.0 203.5 209.7 208.6 207.0 213.2 212.2 212.3 0.9962
519.7 263.8 23.8 26.2 527.0 271.8 537.0 271.9 532.2 277.6 528.2 282.8 535.5 282.9 0.9961
312.9 480.9 33.7 38.4 322.7 493.7 338.3 493.7 330.8 502.7 324.7 510.1 336.1 510.0 0.9957
337.5 35.4 15.8 20.9 342.7 44.0 349.9 44.4 346.5 48.5 343.1 52.0 348.4 52.3 0.9950
30.3 199.0 19.0 21.4 35.8 205.4 44.6 205.4 40.4 210.2 37.0 214.9 43.5 214.9 0.9949
511.2 75.0 14.7 20.1 520.8 83.4 523.9 83.2 524.8 87.2 521.0 91.0 522.8 91.1 0.9945
77.5 51.8 14.8 20.6 863.9 174.8 868.7 175.2 867.1 180.9 861.2 183.4 864.1 183.9 0.9942
463.5 72.0 15.0 20.2 85.3 60.6 90.1 60.0 89.6 64.4 86.3 68.2 89.7 68.0 0.9937
97.0 146.4 19.6 24.3 467.9 81.1 475.2 80.5 472.0 85.1 469.4 88.6 474.7 88.2 0.9936
574.9 71.7 15.2 20.6 102.8 155.2 111.9 154.8 107.9 160.6 103.8 164.5 111.3 164.2 0.9936
268.0 21.1 15.6 18.0 579.7 79.9 586.5 79.8 583.4 83.8 580.6 87.8 585.7 87.8 0.9934
491.6 46.6 15.5 21.3 271.0 26.4 277.6 26.0 273.6 30.2 272.1 34.4 277.2 34.1 0.9934
614.5 444.1 32.1 36.0 500.4 54.3 504.3 53.5 505.4 57.9 502.2 62.7 505.0 62.3 0.9928
63.2 86.4 16.9 19.0 622.2 456.6 636.3 456.8 628.5 465.1 623.9 471.6 634.5 471.7 0.9923
204.8 90.4 16.4 19.8 67.9 92.8 76.1 92.1 72.7 96.7 69.7 101.2 75.8 100.6 0.9923
633.2 268.6 25.4 27.4 208.1 97.3 215.5 95.7 212.2 101.0 210.5 105.7 216.3 104.4 0.9921
298.3 124.3 15.2 19.6 641.4 276.1 652.8 276.6 647.5 281.1 642.3 287.4 651.4 287.8 0.9921
254.4 161.8 20.5 23.1 304.6 132.9 310.6 131.0 310.3 135.6 307.8 140.3 311.8 139.0 0.9915
0.0 92.9 12.1 19.1 260.8 169.5 269.9 169.1 265.9 174.8 262.5 180.0 269.3 179.7 0.9914
688.9 29.7 15.3 20.0 -0.6 100.8 4.4 100.7 0.6 105.2 1.1 108.6 4.4 108.3 0.9912
183.7 20.9 14.3 16.4 693.7 37.1 701.0 37.2 697.9 40.9 694.7 45.0 700.2 45.1 0.9906
683.0 355.1 34.0 35.1 188.2 26.4 195.1 26.8 191.6 30.2 188.3 33.6 193.8 33.9 0.9900
327.6 236.7 20.1 22.7 695.3 364.9 709.6 366.2 703.2 372.1 696.1 379.3 706.8 380.3 0.9896
125.4 21.2 14.2 19.0 333.6 243.1 342.4 243.5 337.9 248.6 334.0 253.2 340.8 253.6 0.9894
627.8 71.4 15.5 18.2 129.5 29.4 136.3 29.4 133.0 33.4 130.3 36.6 135.3 36.6 0.9892
284.4 162.6 19.7 21.2 632.6 76.8 639.8 76.6 636.7 81.1 633.8 85.1 639.1 85.0 0.9890
217.1 93.4 14.9 19.9 290.4 169.6 298.8 169.8 294.6 174.8 291.3 178.7 297.5 178.8 0.9876
807.0 97.8 12.6 18.8 218.8 101.2 224.7 101.2 220.5 105.4 219.9 109.2 224.1 109.1 0.9871
514.7 63.2 14.4 19.1 809.2 105.3 811.5 105.0 808.9 108.7 810.6 112.3 812.1 111.9 0.9847
308.2 13.0 13.6 16.8 517.7 70.6 524.8 70.4 521.1 74.6 518.8 78.5 524.0 78.4 0.9813
658.4 243.8 17.6 21.4 313.1 18.8 319.4 18.6 316.9 22.4 314.0 25.9 318.7 25.8 0.9805
526.3 533.2 41.0 48.4 665.7 250.6 672.6 250.3 670.4 255.5 666.8 260.2 671.9 260.1 0.9777
62.6 180.8 20.6 23.3 539.5 550.9 556.3 546.5 552.1 557.4 547.7 568.7 560.0 565.3 0.9752
631.4 506.8 38.7 46.0 67.4 187.9 76.7 187.7 71.8 193.0 68.6 198.0 75.7 197.9 0.9721
142.4 84.2 15.4 19.8 644.1 522.2 661.1 520.6 654.5 532.0 647.9 542.1 660.1 541.0 0.9678
413.2 167.9 18.4 21.9 149.0 91.4 155.1 91.3 153.2 95.4 149.5 99.5 154.2 99.6 0.9619
383.1 62.0 15.7 19.3 419.0 175.1 427.6 174.7 423.9 180.1 420.4 184.6 427.0 184.4 0.9617
343.9 190.7 17.7 18.5 393.0 68.9 397.3 68.5 397.3 73.3 393.1 77.0 395.9 77.0 0.9601
160.7 34.6 15.7 19.7 349.7 196.7 357.5 196.9 354.1 200.8 350.5 204.6 356.4 204.8 0.9454
258.9 70.6 11.1 15.2 166.4 42.2 173.4 41.9 170.5 46.5 167.4 50.5 172.7 50.3 0.9425
56.0 223.0 19.7 24.7 261.5 74.9 266.8 75.1 263.9 78.4 261.8 81.8 265.9 82.0 0.9354
315.9 39.3 12.8 18.5 63.5 231.7 72.2 231.3 69.2 236.5 65.5 241.7 71.7 241.5 0.9254
381.1 363.2 27.5 31.1 322.2 47.2 325.9 46.7 325.8 50.5 323.4 54.1 325.6 53.9 0.9199
197.8 140.5 19.0 23.2 393.4 371.2 403.9 371.5 400.3 377.9 393.9 384.7 401.8 385.1 0.9190
255.1 10.2 12.7 15.8 201.6 147.0 210.0 146.9 205.2 152.1 202.7 157.1 209.6 156.9 0.9136
514.1 428.3 26.7 29.9 712.9 248.8 721.4 249.2 715.1 254.6 713.8 259.2 720.0 259.3 0.9017
804.9 424.6 31.9 34.4 259.2 15.6 265.2 15.5 262.6 19.1 260.1 22.6 264.5 22.5 0.8926
984.4 173.6 16.4 22.5 150.9 266.4 159.8 266.9 155.2 271.6 151.4 277.2 158.0 277.6 0.8921
853.4 432.0 24.4 30.6 522.5 437.2 533.6 437.0 528.4 442.9 524.2 449.6 532.4 449.5 0.8904
667.0 327.7 25.8 29.2 813.7 435.5 827.4 435.3 820.6 442.0 815.9 449.2 825.9 449.0 0.8837
230.5 295.3 27.9 35.0 986.7 180.5 989.8 181.0 985.6 185.7 987.3 190.5 989.3 190.6 0.8673
882.5 87.0 11.3 15.9 863.2 442.1 870.6 442.5 866.3 448.9 863.1 454.7 868.7 454.9 0.8584
615.0 224.8 20.3 23.9 675.6 337.2 687.1 336.7 682.2 342.1 677.5 348.8 686.2 348.4 0.8483
321.7 182.5 16.0 17.7 239.6 304.6 251.6 304.7 246.2 311.4 240.9 319.0 250.1 319.0 0.8326
956.0 77.3 13.1 21.0 884.5 93.0 887.1 93.0 884.4 96.5 885.5 99.7 887.1 99.5 0.8221
118.6 346.3 26.4 30.6 622.8 232.0 631.2 231.2 628.6 236.9 625.2 242.2 631.3 241.6 0.8103
551.5 212.8 18.9 21.9 326.7 188.8 334.1 188.8 330.6 193.3 327.5 196.7 332.7 196.8 0.8099
2.0 274.5 18.9 22.6 957.7 84.2 960.5 84.8 956.9 89.0 957.7 93.5 959.7 93.7 0.8036
961.7 371.8 29.5 31.9 131.2 356.0 140.7 355.4 139.2 362.1 133.2 368.6 139.9 368.5 0.8029
145.0 59.6 15.2 18.4 558.5 220.2 567.0 220.4 563.3 225.6 559.3 229.9 565.7 230.1 0.6820
225.3 169.1 15.6 18.7 174.5 27.7 179.5 28.4 177.0 31.2 174.4 33.4 178.1 34.0 0.6551
207.3 147.0 19.7 22.3 5.1 281.2 13.3 281.0 8.3 286.8 6.5 291.6 12.7 291.3 0.6465
477.1 496.4 41.9 46.5 975.3 382.0 987.1 382.0 983.2 389.4 976.5 395.7 985.2 395.8 0.6073
844.3 158.8 18.2 24.4 171.3 1.5 176.7 1.5 173.8 5.1 172.0 8.4 176.0 8.4 0.5902
147.2 117.4 13.1 15.2 1016.7 565.9 1029.8 563.9 1024.6 573.4 1021.3 580.9 1030.9 579.4 0.5865
760.2 301.5 19.3 23.6 154.3 65.5 158.2 64.8 159.0 68.9 155.6 73.2 158.4 72.9 0.5030
