0--Parade/0_Parade_Parade_0_65.jpg
24
101.3 470.4 33.5 33.0 110.8 486.1 125.4 484.7 119.0 494.1 114.2 496.4 125.7 495.3 0.9999
761.2 392.5 25.9 36.6 767.0 408.2 779.3 408.1 772.7 415.4 768.5 421.3 778.2 421.1 0.9993
630.1 514.8 25.6 32.3 638.4 527.2 649.9 527.5 644.8 534.2 639.1 538.7 648.8 539.0 0.9990
543.4 367.4 14.0 16.9 552.1 374.2 555.5 374.2 555.0 378.3 550.8 380.9 552.9 381.1 0.9988
213.9 395.4 18.2 20.4 221.0 402.9 228.3 403.2 225.1 407.7 221.0 410.7 226.6 411.1 0.9988
443.2 428.4 28.6 25.2 456.2 441.3 466.3 443.5 460.4 449.4 451.5 449.7 457.2 451.6 0.9986
289.5 441.7 26.0 29.0 296.4 456.7 308.4 456.5 302.5 463.6 298.1 466.3 307.1 466.1 0.9984
261.2 340.5 16.2 19.3 268.1 346.5 274.8 346.5 272.7 350.5 268.6 354.3 274.1 354.4 0.9982
565.7 339.2 10.7 13.1 567.7 343.4 572.4 343.7 569.4 346.1 567.9 348.8 571.7 348.9 0.9980
487.9 471.4 27.2 25.4 502.4 482.3 510.0 482.9 506.5 489.7 499.0 492.2 503.3 492.9 0.9953
246.4 207.4 28.2 32.9 257.3 219.6 268.9 219.6 264.5 225.6 258.4 231.5 267.4 231.6 0.9938
973.0 347.4 20.5 25.4 976.0 359.4 981.4 359.3 977.4 365.2 980.1 368.6 983.4 368.2 0.9928
41.0 342.4 19.0 20.7 43.5 349.3 50.3 349.8 45.0 354.4 44.9 358.2 49.8 358.4 0.9906
621.7 339.8 13.8 18.5 625.6 346.6 631.5 347.1 628.3 350.7 625.7 354.0 630.3 354.3 0.9903
862.8 385.0 23.6 23.9 866.9 395.4 873.1 394.2 869.6 400.8 872.7 404.7 876.3 403.5 0.9890
332.2 362.0 17.7 19.7 337.7 370.6 345.9 371.9 341.2 376.0 337.1 378.3 342.8 379.4 0.9877
182.0 443.7 20.5 23.1 191.4 453.3 198.1 453.6 195.0 459.4 190.0 462.5 194.4 462.9 0.9719
692.6 419.2 15.2 18.4 695.2 428.6 700.2 427.9 697.4 432.3 698.3 435.0 701.5 434.3 0.9606
468.0 397.8 20.7 25.4 478.4 405.6 485.7 405.8 483.9 411.8 478.4 416.5 483.9 416.8 0.9565
941.1 341.3 13.3 18.9 943.8 347.7 947.1 348.2 943.5 351.6 943.9 355.3 946.3 355.4 0.9212
488.1 348.1 12.8 16.4 492.7 356.0 498.0 355.9 495.8 359.0 493.4 361.9 497.3 361.9 0.8179
328.2 341.2 15.1 19.4 330.4 348.4 336.6 349.0 332.1 353.0 330.6 356.5 335.1 356.8 0.7381
650.2 336.4 7.0 8.8 651.6 340.0 654.9 339.9 653.1 341.8 652.1 343.7 654.7 343.6 0.6055
614.5 334.4 9.8 12.1 617.3 338.9 621.4 339.1 619.1 341.6 617.5 343.9 620.7 344.0 0.5477
