0--Parade/0_Parade_marchingband_1_579.jpg
120
392.4 335.1 9.1 11.3 395.0 339.4 399.2 339.8 397.0 341.7 394.9 343.5 398.4 343.8 0.9997
402.3 408.7 10.0 13.1 405.2 413.9 409.9 413.9 407.6 416.3 405.5 418.6 409.4 418.6 0.9995
573.6 401.4 10.6 13.3 576.5 406.2 581.7 406.5 579.1 408.9 576.6 411.5 580.9 411.7 0.9995
576.4 375.6 9.9 12.2 578.6 380.3 583.3 380.3 580.7 382.7 579.1 385.0 582.9 384.9 0.9994
87.0 384.7 8.8 11.7 90.6 389.2 94.3 389.0 93.2 391.4 91.2 393.7 94.2 393.5 0.9993
314.7 289.9 8.9 11.5 317.4 294.2 321.5 294.2 319.6 296.6 318.0 298.8 321.2 298.7 0.9992
665.5 287.6 9.9 12.1 668.5 291.8 672.9 291.9 670.7 294.1 668.8 296.4 672.4 296.4 0.9992
561.4 284.8 9.8 12.8 563.6 289.8 568.1 289.6 565.8 292.0 564.3 294.4 568.1 294.2 0.9991
753.2 401.5 10.1 12.9 756.1 406.3 761.0 406.7 758.3 409.0 756.1 411.4 760.0 411.7 0.9991
336.8 402.1 9.3 12.5 339.9 407.0 344.1 406.8 342.3 409.5 340.6 411.8 343.8 411.7 0.9991
706.8 286.4 8.8 11.3 709.3 290.7 713.5 290.5 711.5 292.7 709.8 294.9 713.3 294.8 0.9991
372.4 407.3 8.8 11.9 375.1 411.8 379.1 411.9 377.1 414.0 375.2 416.1 378.6 416.3 0.9990
284.2 292.6 9.0 11.6 286.9 296.8 291.0 296.9 288.8 299.0 287.0 301.1 290.5 301.2 0.9990
647.1 402.2 11.1 14.3 649.6 407.3 654.9 407.1 652.3 410.0 650.3 412.9 654.7 412.7 0.9990
721.2 402.0 10.5 13.7 724.7 407.3 729.3 407.4 727.0 409.6 724.8 411.9 728.7 412.1 0.9990
651.6 332.6 9.0 11.8 653.6 337.2 657.7 337.1 655.4 339.2 654.0 341.3 657.5 341.3 0.9990
752.0 378.7 9.9 12.5 754.2 383.8 758.9 383.7 756.5 386.0 754.9 388.4 758.4 388.3 0.9989
537.3 401.7 10.7 14.0 540.6 407.5 545.4 407.3 543.1 410.2 541.2 412.7 544.8 412.6 0.9988
238.6 403.2 10.6 13.3 241.3 407.9 246.3 408.0 243.9 410.5 241.7 413.1 245.8 413.2 0.9988
947.4 385.4 9.5 12.6 949.0 390.1 953.2 390.4 950.3 392.6 949.3 395.2 952.2 395.4 0.9987
685.4 402.3 9.6 13.0 688.3 407.5 692.7 407.5 690.7 409.7 688.7 411.9 692.4 411.9 0.9987
297.9 380.3 8.7 11.1 300.8 384.6 304.9 384.4 303.5 386.8 301.4 389.0 304.8 388.9 0.9987
447.2 285.6 10.0 11.8 449.9 289.0 454.8 289.1 452.5 291.6 450.3 294.1 454.4 294.1 0.9987
187.3 380.2 9.2 11.5 190.3 384.5 194.5 384.4 192.6 386.5 190.8 388.9 194.0 388.8 0.9987
856.1 403.6 9.6 12.1 858.4 408.1 863.1 408.3 860.6 410.4 858.7 412.6 862.6 412.8 0.9986
489.5 282.1 9.9 12.5 492.0 287.0 496.8 287.1 494.3 289.6 492.4 291.8 496.2 291.9 0.9986
922.9 386.6 9.1 12.0 924.9 391.4 929.2 391.4 926.9 393.6 925.4 395.9 928.7 395.9 0.9985
726.8 333.7 9.6 11.9 729.1 337.9 733.7 338.3 730.9 340.4 729.0 342.6 732.8 342.9 0.9985
914.8 411.2 9.2 12.1 916.1 415.5 920.0 415.8 917.1 418.0 916.2 420.6 919.3 420.7 0.9985
86.9 360.1 8.9 12.3 89.5 364.9 93.6 364.7 91.7 366.7 89.9 369.2 93.3 369.1 0.9984
591.2 329.2 9.1 12.0 593.2 334.3 597.3 334.2 595.2 336.6 593.9 338.7 597.2 338.5 0.9984
884.9 407.0 10.3 14.0 887.3 412.3 891.6 412.4 889.0 414.7 887.5 417.1 891.2 417.1 0.9984
158.5 383.2 8.6 11.1 161.1 387.4 164.9 387.3 163.1 389.4 161.5 391.5 164.5 391.5 0.9984
633.3 285.5 9.3 12.2 636.2 289.8 640.4 289.8 638.5 291.8 636.6 294.4 640.1 294.4 0.9983
352.4 376.8 9.2 11.2 355.2 381.0 359.5 381.1 357.6 383.2 355.5 385.2 359.0 385.3 0.9983
362.4 336.5 9.9 12.6 365.0 341.2 369.2 341.5 366.8 343.7 365.0 346.0 368.6 346.2 0.9983
327.1 377.6 7.7 10.7 329.4 381.6 332.9 381.6 331.2 383.5 329.6 385.4 332.6 385.5 0.9983
724.1 378.2 8.4 10.6 726.1 382.2 729.9 382.2 727.9 384.1 726.5 386.1 729.7 386.0 0.9983
869.3 320.9 9.8 11.3 871.8 325.0 876.2 324.8 874.1 327.0 872.5 329.2 876.1 329.1 0.9983
803.9 379.4 8.8 11.2 805.7 383.4 809.6 383.7 807.2 385.7 805.7 387.7 808.9 387.9 0.9982
208.5 381.1 8.9 11.1 211.5 385.2 215.6 385.0 214.2 387.3 212.1 389.5 215.4 389.4 0.9982
382.0 378.9 8.4 11.0 384.4 383.1 388.3 383.0 386.5 385.1 384.8 387.1 388.0 387.1 0.9982
795.2 338.8 8.6 11.3 797.9 342.9 801.9 343.1 800.1 345.0 798.2 347.2 801.5 347.3 0.9982
541.5 330.6 9.2 12.0 543.6 335.4 548.0 335.3 545.8 337.6 544.2 339.9 547.9 339.8 0.9982
844.6 379.1 8.4 10.8 846.5 383.2 850.3 383.2 848.3 385.2 846.9 387.2 850.1 387.1 0.9982
606.2 374.9 9.0 11.3 607.7 379.4 611.7 379.1 609.5 381.4 608.6 383.7 611.7 383.5 0.9981
752.7 334.2 9.2 11.6 755.0 338.5 759.4 338.6 757.1 340.8 755.3 343.1 759.0 343.1 0.9981
135.0 381.2 8.6 11.2 137.8 385.5 141.7 385.4 140.1 387.5 138.2 389.6 141.4 389.6 0.9981
822.6 337.5 9.3 12.3 825.2 342.1 829.5 341.9 827.6 344.3 825.8 346.9 829.2 346.8 0.9981
524.2 284.0 9.2 11.8 526.6 288.7 530.9 288.7 528.7 291.0 527.1 293.3 530.3 293.3 0.9981
148.1 331.5 9.5 12.0 150.9 336.1 155.4 335.9 153.4 338.1 151.5 340.5 155.1 340.4 0.9980
409.5 286.0 9.3 12.2 411.9 290.4 416.4 290.4 414.1 292.7 412.3 295.1 416.1 295.1 0.9980
255.8 294.0 9.4 11.5 258.3 298.1 262.7 298.3 260.5 300.4 258.8 302.7 262.1 302.8 0.9979
197.1 341.0 9.0 11.0 199.9 345.0 204.0 345.2 202.0 347.3 200.0 349.2 203.3 349.4 0.9979
895.8 377.2 9.1 12.0 897.6 381.9 901.9 382.1 899.4 384.3 897.9 386.4 901.3 386.5 0.9979
700.9 377.3 8.3 10.7 702.4 381.3 706.3 381.2 704.2 383.4 702.9 385.6 706.1 385.4 0.9978
549.9 374.5 9.4 11.7 552.1 379.1 556.4 378.9 554.3 381.1 552.7 383.3 556.3 383.1 0.9978
79.9 406.7 10.6 13.3 83.3 411.9 88.1 411.6 86.1 414.2 84.1 416.6 88.0 416.4 0.9978
829.3 293.2 9.5 11.5 832.0 297.1 836.7 297.1 834.5 299.3 832.5 301.7 836.1 301.8 0.9978
673.0 377.4 8.7 11.0 674.8 381.4 678.5 381.5 676.3 383.5 675.0 385.6 678.2 385.6 0.9975
239.3 336.1 8.9 11.4 241.9 340.4 246.1 340.2 244.2 342.4 242.5 344.7 246.0 344.6 0.9975
438.9 408.5 9.9 13.3 442.4 413.7 446.8 413.7 445.0 416.2 442.8 418.7 446.3 418.7 0.9975
473.9 406.7 9.9 12.9 477.4 411.3 481.7 411.5 479.8 414.0 477.7 416.5 481.1 416.7 0.9975
772.2 337.3 8.7 11.2 774.2 341.5 778.0 341.7 775.7 343.7 774.4 345.7 777.4 345.9 0.9974
207.4 291.2 9.9 12.3 210.0 296.1 214.6 295.6 212.6 298.0 211.0 300.6 214.6 300.2 0.9974
736.0 288.4 8.6 11.3 738.2 292.8 742.1 293.0 739.9 294.9 738.3 297.0 741.6 297.0 0.9973
418.4 331.0 9.0 11.4 420.8 335.4 425.2 335.3 423.2 337.5 421.3 339.7 425.0 339.6 0.9973
611.3 405.4 9.3 11.7 614.4 409.5 618.6 409.7 616.7 411.9 614.6 414.1 618.0 414.2 0.9973
269.4 378.8 8.9 11.8 271.6 383.1 276.0 383.1 273.8 385.4 272.0 387.6 275.7 387.6 0.9972
782.0 406.3 10.3 12.6 784.6 410.7 789.3 410.6 786.9 413.0 785.0 415.5 789.0 415.4 0.9971
947.5 407.4 9.7 13.2 950.3 412.8 954.6 412.8 952.5 415.0 950.6 417.3 954.2 417.3 0.9971
867.5 381.7 8.2 11.0 870.1 385.9 873.8 386.1 872.1 388.0 870.2 390.0 873.3 390.1 0.9970
631.6 375.2 9.8 11.6 633.5 379.4 637.9 379.4 635.2 381.7 634.1 384.0 637.5 383.9 0.9970
410.7 377.2 9.1 11.0 414.3 381.2 418.2 381.0 416.9 383.4 414.7 385.6 417.8 385.6 0.9970
526.3 374.1 9.0 11.8 528.6 378.4 532.9 378.5 530.6 380.6 528.7 382.8 532.4 382.9 0.9969
201.2 415.0 9.4 11.1 203.9 418.6 208.4 418.4 206.4 420.7 204.6 423.1 208.3 423.0 0.9968
461.6 375.8 8.5 11.6 463.9 380.3 468.0 380.3 466.1 382.5 464.5 384.7 467.7 384.6 0.9968
858.8 297.2 9.1 11.8 860.8 301.7 865.0 301.7 862.7 304.1 861.3 306.3 864.5 306.2 0.9968
845.7 338.0 8.1 10.6 847.8 342.0 851.6 341.9 849.7 343.9 848.1 346.0 851.4 345.9 0.9967
506.6 329.2 9.0 11.9 508.7 333.6 513.1 333.4 510.9 335.8 509.3 338.1 513.0 338.0 0.9967
434.0 375.3 8.8 11.1 437.1 379.4 441.1 379.3 439.5 381.6 437.7 383.9 440.9 383.8 0.9966
472.6 329.5 9.2 11.9 475.3 333.9 479.7 333.8 477.7 336.1 475.7 338.4 479.4 338.3 0.9965
506.5 405.7 9.6 12.5 509.7 410.9 514.1 410.7 512.3 413.1 510.4 415.5 513.7 415.4 0.9965
690.4 331.7 9.0 11.4 691.9 336.2 695.7 335.9 693.6 338.2 692.6 340.5 695.7 340.3 0.9963
280.0 412.7 8.9 10.9 283.0 416.5 287.1 416.7 285.1 418.7 283.0 420.7 286.5 420.9 0.9963
443.5 333.6 9.3 12.6 446.8 338.3 451.2 338.5 449.3 340.8 447.2 343.3 450.4 343.5 0.9962
296.6 336.2 8.9 11.6 299.2 340.3 303.4 340.4 301.3 342.6 299.5 345.0 302.9 345.0 0.9962
343.3 288.6 8.5 10.4 345.4 292.5 349.0 292.6 346.8 294.5 345.6 296.5 348.5 296.5 0.9961
112.0 383.2 8.4 10.5 114.6 387.3 118.6 387.3 116.7 389.3 114.9 391.3 118.2 391.3 0.9960
487.7 374.4 9.5 11.8 490.4 378.8 494.7 378.9 492.4 381.1 490.6 383.3 494.1 383.4 0.9959
824.5 380.6 7.7 10.2 826.4 384.2 830.1 384.2 828.2 386.2 826.7 388.2 829.8 388.1 0.9958
235.1 382.2 8.7 11.1 237.8 386.3 241.8 386.5 239.8 388.5 237.9 390.5 241.1 390.7 0.9955
781.0 379.0 9.2 11.7 782.6 383.5 786.6 383.0 784.3 385.6 783.6 388.1 786.5 387.7 0.9955
899.9 332.4 10.3 13.3 902.4 338.0 907.1 337.7 904.6 340.4 903.1 343.0 906.7 342.8 0.9952
217.4 342.2 8.1 10.4 220.2 346.4 223.7 346.5 222.1 348.4 220.3 350.1 223.2 350.3 0.9952
615.2 332.7 9.0 11.5 616.9 337.1 620.8 337.2 618.2 339.4 617.1 341.6 620.2 341.7 0.9952
117.9 408.8 9.3 12.5 120.6 413.8 125.2 413.7 123.1 415.9 121.3 418.4 124.8 418.3 0.9951
125.1 332.4 9.7 11.8 129.0 337.0 133.4 337.5 131.4 339.6 128.9 341.4 132.3 341.8 0.9949
173.5 348.5 8.3 11.0 176.0 353.1 179.9 353.1 178.0 355.3 176.3 357.2 179.3 357.2 0.9948
374.9 287.0 8.7 11.2 377.3 291.2 381.2 291.3 379.2 293.5 377.7 295.6 380.8 295.6 0.9945
260.9 336.1 9.0 10.9 263.6 339.6 267.8 339.6 265.8 341.6 264.0 344.1 267.2 344.2 0.9944
793.5 291.9 9.1 11.5 795.4 296.0 799.9 296.2 797.5 298.6 795.9 300.8 799.3 300.9 0.9944
431.5 255.3 8.8 11.2 433.9 259.9 438.0 259.9 435.9 261.8 434.2 264.0 437.3 264.0 0.9941
594.6 284.3 8.7 10.9 596.7 288.6 600.5 288.5 598.5 290.6 597.3 292.8 600.2 292.6 0.9940
565.0 332.9 9.0 11.8 567.2 337.7 571.3 337.9 569.0 340.0 567.4 342.1 570.7 342.2 0.9939
754.1 290.0 8.3 9.9 756.6 293.5 760.4 293.5 758.6 295.6 756.9 297.5 760.0 297.5 0.9931
331.6 260.5 9.3 10.9 334.4 264.3 338.6 264.5 336.5 266.6 334.8 268.6 338.0 268.8 0.9931
336.3 333.1 9.5 12.0 338.8 337.3 343.2 337.3 341.0 339.7 339.2 342.2 342.8 342.2 0.9930
717.6 257.7 8.9 11.6 719.2 262.2 723.0 262.1 720.5 264.3 719.7 266.7 722.5 266.6 0.9923
680.8 268.3 7.9 9.7 683.0 272.0 686.7 272.0 684.9 273.9 683.3 275.8 686.4 275.8 0.9908
164.2 413.5 10.3 13.3 167.4 418.1 172.3 418.6 169.7 421.1 167.4 423.6 171.1 424.0 0.9854
822.9 418.9 9.2 11.3 824.9 423.5 829.3 423.5 826.8 425.7 825.5 427.9 828.5 427.9 0.9839
134.3 302.8 9.2 10.3 136.8 306.2 141.4 306.1 139.3 308.3 137.6 310.6 141.0 310.6 0.9823
617.8 264.5 9.1 11.2 620.5 268.6 624.9 268.6 622.8 270.7 620.9 273.0 624.3 273.1 0.9816
59.5 389.1 9.2 11.1 62.4 392.7 67.0 392.7 65.0 395.5 63.0 397.8 66.2 397.8 0.9796
506.1 261.2 9.7 12.1 508.1 265.6 512.9 266.1 510.0 268.4 508.3 270.7 511.7 271.1 0.9786
306.1 413.2 8.8 11.9 308.2 417.5 312.3 417.4 310.0 419.9 308.7 422.3 311.9 422.2 0.9733
370.6 269.9 8.0 10.2 372.3 273.5 375.8 273.5 373.8 275.5 372.7 277.5 375.5 277.5 0.9610
168.1 300.5 9.8 11.1 171.2 304.6 175.9 304.8 173.6 307.4 171.6 309.3 174.9 309.5 0.9586
575.4 263.7 9.6 11.1 578.4 267.6 582.6 267.9 580.4 270.0 578.4 272.2 581.8 272.4 0.8767
