0--Parade/0_Parade_Parade_0_407.jpg
21
965.8 397.9 17.8 19.9 971.4 404.4 979.5 402.9 977.1 406.8 973.8 412.3 980.4 411.2 0.9991
849.8 407.6 18.8 23.6 857.5 417.0 864.5 414.8 864.9 418.7 861.5 425.3 867.0 423.7 0.9984
98.1 525.3 11.6 13.3 102.2 529.5 107.3 529.7 105.1 531.8 102.7 534.8 106.7 535.0 0.9979
1004.9 421.5 11.3 13.5 1007.4 428.3 1011.8 426.5 1010.3 430.2 1010.0 433.0 1013.1 431.5 0.9973
811.3 436.6 10.4 12.7 813.8 442.7 818.3 441.2 816.8 444.4 815.9 447.1 819.3 445.9 0.9967
691.1 364.5 15.7 22.9 694.3 370.9 696.0 371.8 691.8 376.2 694.7 381.1 696.1 381.3 0.9937
203.2 478.5 18.3 23.3 212.3 486.7 219.4 486.6 218.5 490.2 214.2 495.8 219.4 495.8 0.9908
912.4 430.6 9.6 12.3 913.8 435.7 915.8 435.6 913.9 438.3 915.2 440.5 916.5 440.2 0.9895
612.5 484.4 6.6 7.9 613.8 487.3 616.7 487.4 614.9 489.0 614.1 490.5 616.3 490.6 0.9868
937.1 469.7 9.3 12.3 938.5 474.3 940.8 474.4 938.7 476.8 939.2 479.4 940.7 479.3 0.9825
343.0 407.9 19.8 27.0 356.6 417.8 359.8 416.5 362.0 423.4 356.9 429.2 358.7 428.6 0.9738
58.8 512.9 10.9 13.5 63.0 517.3 67.7 517.4 65.8 520.3 63.4 523.0 67.1 523.2 0.9498
690.2 470.5 6.1 9.2 691.0 474.1 693.1 474.2 691.3 475.9 691.4 477.7 693.0 477.7 0.9273
479.5 496.2 10.2 12.0 482.1 499.6 486.8 500.7 483.8 502.8 481.6 505.0 485.2 505.8 0.9244
30.3 518.8 12.4 14.7 38.0 524.2 41.5 524.1 41.4 527.5 38.5 530.2 40.8 530.3 0.9010
540.3 473.3 10.6 13.2 542.6 477.9 546.4 478.2 543.6 480.6 542.8 483.4 545.7 483.5 0.8983
581.0 497.8 5.7 6.9 582.1 500.5 584.6 500.4 583.2 501.8 582.5 503.2 584.5 503.2 0.8962
671.1 483.0 7.6 9.5 672.6 487.3 675.7 487.2 673.8 489.3 673.2 491.2 675.5 491.1 0.8298
635.0 512.0 9.9 11.6 637.3 516.6 641.9 516.4 639.6 518.9 638.1 521.4 641.7 521.3 0.7294
464.9 548.1 7.2 8.0 466.7 551.3 469.9 551.0 468.5 552.8 467.5 554.5 470.1 554.2 0.6997
660.3 481.7 7.8 9.2 661.8 485.2 665.3 485.2 663.1 487.1 662.2 489.1 664.9 489.0 0.6209
