0--Parade/0_Parade_Parade_0_184.jpg
16
916.3 459.0 13.3 17.6 921.8 466.7 927.1 467.1 924.9 470.6 921.6 472.9 925.7 473.2 0.9992
552.5 447.5 24.3 30.3 554.9 458.3 563.2 458.5 556.4 465.0 557.2 470.6 563.2 470.4 0.9990
359.3 444.6 20.5 25.8 362.0 454.7 370.9 454.5 364.4 458.6 362.9 464.3 369.3 464.1 0.9987
914.5 436.5 11.5 13.6 917.4 442.2 922.2 442.4 919.4 445.2 917.8 447.3 921.4 447.4 0.9977
983.2 518.5 13.3 18.6 985.3 526.2 990.0 526.3 986.3 529.9 985.9 533.3 989.5 533.3 0.9966
969.3 455.7 11.1 19.1 971.9 462.2 972.4 462.3 969.7 465.8 971.6 469.9 972.3 469.8 0.9949
294.9 466.1 17.8 23.7 297.2 474.4 302.2 474.4 297.6 479.4 298.9 484.0 302.8 483.8 0.9946
882.4 537.0 15.3 21.0 886.3 545.5 892.9 545.6 889.4 549.1 886.8 552.6 892.4 552.6 0.9945
49.8 508.1 12.0 15.2 52.3 514.0 57.5 513.4 54.8 516.6 53.5 519.8 57.6 519.3 0.9804
1011.2 472.3 12.4 15.0 1012.8 478.7 1016.4 478.0 1014.1 482.4 1015.9 485.0 1018.1 484.3 0.9421
642.5 463.9 10.5 12.8 644.1 468.6 648.0 468.6 645.2 471.5 644.9 474.3 647.8 474.1 0.9328
941.3 543.3 12.6 15.3 944.2 547.7 946.8 549.1 943.3 551.7 943.1 554.2 944.8 555.1 0.8662
888.6 468.8 9.6 12.5 890.2 474.3 894.5 473.9 892.1 476.8 891.3 479.3 894.6 479.0 0.8586
140.7 502.1 8.9 12.4 142.5 506.1 145.3 506.8 142.6 509.0 142.1 511.5 144.1 511.9 0.7179
963.0 536.0 11.5 16.9 964.8 542.3 967.7 542.9 964.2 545.9 964.7 549.2 966.8 549.5 0.5570
699.4 440.8 12.7 20.1 707.7 446.9 709.9 446.3 711.3 450.7 708.5 455.5 710.2 455.2 0.5450
