0--Parade/0_Parade_marchingband_1_536.jpg
12
334.9 282.2 20.8 25.6 340.9 291.8 350.5 291.3 346.3 296.0 341.9 300.8 350.4 300.4 0.9995
511.4 284.1 23.1 30.8 517.8 295.5 528.8 296.0 523.3 301.4 517.9 306.0 528.1 306.4 0.9989
152.7 272.0 24.9 33.2 157.2 285.5 168.7 286.2 161.5 291.5 157.6 296.4 167.5 296.8 0.9988
59.3 272.0 22.7 25.9 63.2 281.1 72.5 281.0 66.5 286.8 64.5 291.0 71.9 290.8 0.9953
725.6 296.1 11.5 17.3 727.2 302.8 729.3 302.6 726.6 306.2 728.4 309.7 729.6 309.3 0.9873
841.9 388.1 9.2 14.2 774.4 349.0 776.8 349.1 776.8 353.2 772.5 355.5 774.0 355.9 0.7903
11.6 311.5 6.3 7.6 843.1 393.3 845.3 393.6 842.5 396.4 843.2 399.4 844.7 399.5 0.7228
766.8 300.7 7.7 8.6 14.2 314.2 16.8 314.0 16.0 315.7 14.7 317.4 16.6 317.3 0.7042
814.1 304.3 5.8 7.0 768.3 303.7 771.2 304.1 768.9 305.8 768.2 307.4 770.4 307.7 0.6032
860.8 302.6 6.2 7.9 815.2 306.6 817.7 306.7 816.1 308.2 815.4 309.6 817.3 309.7 0.5892
823.0 298.9 5.5 6.8 861.7 305.5 863.9 305.8 862.1 307.5 861.9 309.0 863.4 309.1 0.5407
835.2 299.2 6.6 7.8 823.9 301.5 825.9 301.6 824.4 303.0 824.2 304.4 825.6 304.4 0.5218
