0--Parade/0_Parade_marchingband_1_253.jpg
16
109.8 227.4 53.3 56.0 118.3 243.2 139.6 244.4 122.8 254.7 118.2 267.0 133.8 268.0 0.9998
432.6 244.0 25.2 27.0 437.4 251.6 448.2 251.5 441.3 256.5 438.0 262.8 446.8 262.7 0.9995
53.9 209.0 23.7 27.1 58.2 216.7 68.1 217.4 61.2 222.8 58.4 228.1 66.5 228.5 0.9995
710.1 247.0 28.9 29.8 716.6 255.3 728.9 256.1 721.0 260.3 716.6 266.9 726.6 267.6 0.9995
873.5 258.4 22.4 26.5 877.5 266.4 887.3 266.9 880.9 272.0 878.0 277.6 885.9 277.8 0.9994
811.5 248.5 25.8 28.1 817.7 257.0 829.4 256.9 823.2 262.9 818.8 268.9 828.5 268.8 0.9994
343.4 255.9 28.2 31.7 348.2 264.5 359.6 263.8 351.5 269.9 349.0 278.0 358.0 277.4 0.9994
757.5 264.5 25.6 29.0 763.7 272.7 774.8 272.5 768.9 278.9 764.8 285.1 773.9 284.9 0.9993
616.6 191.4 34.3 40.1 624.3 203.1 639.0 203.8 629.7 210.4 624.7 219.1 636.5 219.6 0.9991
513.4 246.1 23.3 24.7 517.7 254.0 527.1 253.4 521.0 258.3 518.9 263.9 526.2 263.5 0.9989
936.0 261.0 17.4 20.7 939.6 267.1 946.4 267.5 942.0 271.9 940.1 275.8 945.5 276.0 0.9986
288.3 236.9 25.2 27.7 292.2 244.7 302.0 245.3 294.6 250.7 292.8 256.9 300.5 257.0 0.9981
181.3 209.7 35.0 41.6 189.5 220.9 203.7 221.7 194.8 229.2 190.1 238.5 200.8 239.0 0.9886
560.0 261.3 14.3 16.8 562.8 266.4 568.3 266.3 564.8 270.0 563.6 273.7 567.9 273.5 0.9846
917.1 272.4 11.5 13.2 920.1 276.7 924.8 276.8 922.1 279.6 920.6 282.3 924.3 282.3 0.9846
504.2 250.4 16.9 21.9 509.0 257.3 515.4 256.6 511.7 261.1 510.4 266.6 515.5 266.0 0.9020
