0--Parade/0_Parade_Parade_0_731.jpg
9
196.8 373.6 48.5 53.8 203.2 391.9 221.6 393.2 206.0 400.3 202.2 411.6 217.0 412.5 0.9998
816.8 287.6 42.7 56.2 824.1 303.1 842.0 303.7 829.6 316.8 825.8 327.3 840.1 327.8 0.9997
698.9 300.8 44.4 55.1 705.9 316.1 722.2 320.0 707.1 328.9 704.5 339.9 716.4 342.7 0.9996
516.8 386.3 44.6 60.2 524.8 405.4 529.7 407.9 515.2 416.5 523.0 429.6 525.9 430.8 0.9996
21.5 303.1 48.0 60.5 29.5 327.1 51.1 327.5 36.7 336.4 29.8 348.2 47.7 348.7 0.9992
357.7 385.5 42.6 53.4 366.0 406.1 385.5 404.5 374.1 412.6 368.0 424.8 383.9 423.5 0.9991
407.3 375.5 44.9 54.7 412.9 397.0 428.6 396.0 415.9 405.7 415.0 416.6 426.7 415.8 0.9991
927.7 274.5 36.8 57.9 933.3 294.4 935.0 295.0 927.6 305.9 935.4 318.1 936.3 318.1 0.9987
477.9 365.6 33.9 49.2 483.3 379.5 485.6 381.1 478.2 391.0 486.4 401.0 487.7 401.8 0.9986
