0--Parade/0_Parade_marchingband_1_400.jpg
18
942.6 309.6 44.4 48.8 953.2 325.3 972.9 325.5 962.1 337.1 955.5 346.3 970.1 346.5 0.9997
16.5 38.0 42.4 44.5 40.4 56.5 50.7 60.6 44.8 70.7 30.6 72.2 37.0 75.9 0.9997
933.7 195.8 41.0 53.7 941.8 214.1 960.7 214.5 949.3 226.3 944.2 236.7 957.8 237.0 0.9992
519.5 892.8 52.5 72.5 537.8 915.7 561.3 913.2 554.7 925.2 543.8 943.9 561.7 942.0 0.9991
88.6 507.9 42.7 59.4 101.5 530.9 121.6 531.2 112.3 543.1 102.4 552.0 119.6 552.5 0.9991
0.0 220.2 31.7 48.8 8.3 239.1 23.6 243.8 14.9 252.8 2.2 254.5 15.8 258.5 0.9990
425.6 388.0 44.5 47.8 437.5 402.9 457.0 404.7 446.0 414.7 438.0 423.1 452.6 424.6 0.9990
776.1 203.2 48.6 61.3 782.4 230.0 800.8 229.2 788.2 243.2 789.7 252.3 802.9 251.3 0.9989
936.2 531.3 39.3 64.8 945.3 556.0 947.8 556.8 936.2 566.2 943.1 580.1 944.5 580.1 0.9988
234.9 376.2 38.1 52.1 245.4 396.1 261.3 396.8 252.9 406.6 247.1 415.7 258.3 416.3 0.9980
0.0 108.7 34.6 45.1 9.8 120.7 27.0 125.5 16.4 133.5 5.0 137.9 21.8 141.9 0.9939
552.1 377.4 37.4 43.5 564.1 389.8 579.5 388.9 572.8 399.9 566.5 409.0 578.2 408.4 0.9935
219.0 399.7 30.0 42.8 226.0 416.7 237.7 417.4 230.8 425.4 227.6 433.6 236.3 434.0 0.9511
836.6 82.3 35.8 40.1 858.5 96.6 865.5 98.6 863.6 105.9 856.2 112.4 860.5 114.2 0.9208
77.0 10.8 20.8 25.9 91.1 21.9 94.0 22.3 93.8 29.2 87.6 32.5 88.7 33.1 0.8374
79.5 228.8 16.7 24.2 88.0 239.8 94.2 239.4 92.6 244.9 88.6 249.0 93.0 248.9 0.7735
173.6 424.5 29.9 44.0 180.8 440.8 188.9 442.0 181.7 447.6 179.4 456.4 185.4 457.2 0.6346
833.3 85.2 22.9 30.1 837.7 95.2 840.6 95.7 834.6 101.0 837.2 107.0 839.4 107.0 0.6022
