0--Parade/0_Parade_marchingband_1_1022.jpg
15
754.0 185.2 62.8 82.1 786.2 216.6 809.5 215.6 807.0 232.7 789.0 247.4 807.0 246.7 0.9996
426.0 364.0 22.1 30.2 435.2 374.9 444.2 375.0 441.7 380.0 436.6 386.3 443.6 386.4 0.9994
347.7 392.8 12.7 17.2 353.8 398.9 358.6 398.7 357.6 402.1 354.4 405.6 358.3 405.6 0.9991
580.3 282.9 38.2 49.6 597.0 301.1 612.4 298.0 610.5 310.5 602.6 321.5 613.4 319.1 0.9991
386.5 394.6 17.1 24.0 392.3 403.1 400.2 403.1 396.9 407.3 393.2 412.3 399.6 412.4 0.9989
43.8 413.1 9.5 13.4 49.7 418.2 51.3 417.6 52.5 420.2 50.8 423.2 51.9 422.9 0.9988
324.3 398.1 13.6 18.2 328.8 405.3 335.0 404.8 332.5 408.8 329.8 412.2 334.6 411.9 0.9988
113.1 419.6 10.9 13.2 115.4 424.7 120.2 424.3 117.7 427.1 116.4 429.7 120.3 429.4 0.9986
78.8 417.4 12.3 14.6 83.4 423.9 88.8 424.1 86.5 427.3 83.8 429.3 87.6 429.5 0.9984
488.3 338.0 30.1 42.0 499.8 352.8 513.2 351.7 509.6 358.6 503.2 368.7 513.6 367.9 0.9981
289.6 410.3 9.9 12.7 292.1 415.3 297.0 415.2 294.5 417.7 292.7 420.3 296.6 420.2 0.9951
12.8 359.9 20.0 24.9 18.8 369.3 28.2 369.2 23.9 374.4 19.8 378.7 27.4 378.7 0.9924
368.8 411.4 12.3 15.6 373.0 418.0 378.6 417.9 376.4 420.8 374.2 423.9 378.2 423.7 0.9725
279.4 422.9 7.6 9.4 281.8 426.5 285.1 426.3 283.7 428.3 282.3 430.1 284.9 430.0 0.9039
399.5 393.5 10.8 15.0 402.7 400.4 407.1 400.3 404.8 403.4 403.1 406.1 406.2 406.0 0.8079
