0--Parade/0_Parade_Parade_0_306.jpg
32
407.5 332.6 18.1 24.9 421.7 342.3 424.2 341.8 426.9 347.2 422.1 352.1 423.4 352.1 0.9998
904.0 498.4 119.6 129.5 933.5 577.6 970.4 570.5 955.8 612.1 974.9 612.3 996.6 605.6 0.9998
490.4 220.3 22.5 25.1 494.3 231.5 503.1 229.8 498.2 235.8 496.9 239.9 504.2 238.5 0.9998
343.9 198.1 20.8 28.4 350.4 209.4 360.1 209.1 355.8 214.5 351.5 219.5 359.5 219.3 0.9997
62.9 321.8 24.3 32.8 78.4 335.4 83.7 334.7 85.7 340.8 79.3 346.7 83.1 346.5 0.9997
422.9 231.2 18.3 25.2 432.6 241.9 438.1 241.2 438.1 246.3 433.9 251.1 438.2 250.8 0.9996
992.0 251.9 17.5 23.0 1003.9 260.8 1006.7 260.4 1008.9 264.8 1004.3 269.3 1006.1 269.3 0.9996
147.0 239.2 27.8 36.5 161.5 253.5 171.7 253.1 171.1 259.6 164.0 267.4 171.3 267.2 0.9996
607.4 220.8 17.9 21.9 612.3 230.8 620.8 229.1 617.9 233.6 615.0 238.1 621.8 236.8 0.9995
144.1 358.4 20.3 29.1 159.1 369.9 159.6 368.8 165.1 374.0 162.3 380.4 162.1 379.8 0.9995
26.3 214.1 21.6 25.9 38.9 221.2 45.7 221.0 46.6 226.2 40.4 232.4 45.6 232.5 0.9995
96.5 191.4 25.2 30.6 103.1 201.9 114.6 201.9 108.5 207.5 103.4 212.8 113.7 212.8 0.9994
410.9 204.7 20.5 24.7 416.0 214.2 425.4 213.8 420.9 218.7 417.3 223.4 425.2 223.1 0.9993
515.3 218.8 34.5 44.1 520.0 231.7 525.9 232.0 515.4 240.2 520.5 250.2 524.8 249.8 0.9993
310.1 212.4 19.7 25.3 316.0 222.6 325.5 221.8 321.7 226.9 317.8 231.8 325.3 231.3 0.9992
461.8 256.1 19.1 23.0 467.3 264.5 476.3 263.6 472.5 269.3 469.0 273.8 476.0 273.1 0.9992
399.2 249.6 21.1 26.5 409.4 260.2 418.0 260.2 415.4 265.8 408.9 269.6 416.0 269.8 0.9990
968.4 212.6 14.0 17.4 972.5 221.8 977.8 218.5 977.3 223.3 976.5 227.2 980.6 224.7 0.9988
2.9 242.7 25.1 27.9 14.7 252.5 24.7 252.2 23.2 257.4 17.4 263.4 24.9 263.3 0.9986
343.5 282.8 18.1 24.3 353.7 291.2 358.9 291.6 358.2 296.5 352.9 300.8 356.7 301.3 0.9984
89.6 241.8 19.2 30.7 100.9 254.1 105.9 252.6 107.4 258.9 102.5 265.4 106.2 264.6 0.9984
127.7 272.2 20.8 31.9 141.8 284.0 144.0 282.8 147.7 289.2 144.0 296.4 145.2 295.8 0.9983
291.6 198.2 18.9 23.5 299.4 207.6 306.5 207.7 304.2 212.3 300.0 216.7 305.4 216.8 0.9982
450.9 215.3 12.3 14.6 453.2 220.3 459.1 220.8 455.4 223.4 453.4 226.1 458.1 226.5 0.9979
587.3 243.3 16.1 22.0 598.0 251.9 600.6 251.0 603.0 255.8 599.2 260.5 600.7 260.1 0.9974
1011.7 218.8 11.7 20.4 1021.0 227.2 1022.9 226.6 1025.1 230.5 1022.0 234.7 1023.3 234.5 0.9946
660.5 260.4 19.0 16.0 665.3 269.4 670.2 267.6 668.5 272.8 671.0 274.8 673.6 273.3 0.9911
621.9 332.0 14.0 19.2 625.8 339.2 632.5 339.2 629.5 342.9 626.7 346.8 631.9 346.8 0.9909
326.2 263.7 16.9 25.3 338.8 274.4 340.4 273.6 343.1 278.9 339.0 283.7 340.0 283.4 0.9884
972.1 263.7 14.9 23.2 981.1 273.1 984.6 272.5 985.4 277.6 981.7 282.3 984.0 282.1 0.9879
577.5 205.5 13.0 19.2 586.9 210.7 588.6 210.7 590.6 214.2 587.8 218.6 589.2 218.9 0.9371
654.7 229.7 12.9 16.2 710.2 225.8 712.2 225.0 714.7 228.0 713.2 231.9 714.3 231.5 0.9268
