0--Parade/0_Parade_Parade_0_912.jpg
12
819.9 34.0 164.2 215.8 868.9 110.6 946.1 117.5 909.1 145.2 871.3 185.9 935.0 191.6 0.9999
575.5 277.0 33.7 42.2 578.9 292.6 590.2 293.7 577.8 301.3 579.7 309.8 587.2 310.2 0.9995
640.3 265.5 31.4 42.7 644.7 281.5 653.7 284.4 642.2 291.2 644.3 298.4 649.9 300.3 0.9994
345.9 140.9 117.7 145.3 375.1 197.3 433.4 191.8 407.9 223.8 384.7 249.4 436.3 244.3 0.9993
218.7 319.9 20.7 28.7 222.8 331.7 230.3 331.4 224.5 335.4 223.1 342.0 229.0 341.6 0.9990
585.2 344.4 27.5 38.2 588.2 358.4 592.4 358.6 586.0 366.7 591.7 373.7 594.1 373.5 0.9978
82.3 551.9 12.5 16.3 89.4 558.0 91.5 556.9 93.7 559.7 92.3 564.1 93.6 563.4 0.9938
499.4 338.7 28.1 44.8 504.0 354.3 507.3 354.0 499.8 362.1 505.9 370.7 508.9 370.0 0.9921
236.1 316.2 18.3 22.9 238.4 321.9 243.0 322.2 237.1 327.2 238.4 332.9 241.6 332.8 0.9867
186.2 282.2 15.9 20.3 190.1 289.2 196.3 291.2 191.0 293.3 188.5 296.7 193.1 298.2 0.9839
509.8 370.0 34.0 32.2 516.4 388.1 525.4 386.3 520.7 395.8 525.5 398.1 530.9 396.3 0.9835
90.1 558.8 12.4 17.9 94.5 566.9 98.4 565.7 97.9 569.5 96.6 573.1 99.6 572.3 0.9395
