0--Parade/0_Parade_marchingband_1_423.jpg
19
196.9 397.6 17.1 20.2 200.4 406.1 207.9 405.8 203.6 410.3 201.6 413.3 207.6 413.0 0.9995
520.2 392.5 16.4 19.5 524.1 400.6 531.8 400.8 527.6 404.1 524.5 407.0 531.2 407.1 0.9989
803.4 396.5 12.0 15.6 808.2 403.2 813.6 403.1 811.7 406.1 808.9 408.8 813.0 408.8 0.9989
228.9 390.2 12.4 15.6 231.6 396.6 237.2 396.5 234.0 399.4 232.2 402.1 236.8 402.0 0.9980
766.6 396.8 9.9 13.4 768.9 402.5 773.5 402.4 771.0 405.2 769.4 407.4 773.1 407.4 0.9979
724.4 390.9 11.3 15.3 726.9 397.3 732.2 397.2 729.4 400.0 727.6 402.8 731.8 402.8 0.9971
373.2 410.3 9.2 13.0 374.9 415.9 378.8 416.1 376.2 418.6 375.4 420.8 378.2 420.8 0.9967
829.1 398.9 8.4 11.4 831.2 403.9 835.0 403.8 833.0 406.1 831.7 408.0 834.6 407.9 0.9967
474.6 412.8 7.4 9.7 476.4 417.0 479.6 417.0 477.8 418.9 476.8 420.6 479.4 420.5 0.9782
496.7 404.0 6.2 7.9 498.4 407.0 501.4 407.2 499.8 408.6 498.5 410.0 500.9 410.2 0.9591
119.5 432.9 6.5 8.9 123.8 436.4 125.0 436.3 125.4 438.2 123.9 439.9 124.7 440.0 0.9471
838.5 400.9 6.4 9.1 840.6 404.6 843.3 404.6 842.1 406.4 840.9 408.0 843.0 408.1 0.9446
629.3 401.0 8.0 9.8 631.4 404.7 635.2 404.7 633.3 406.8 631.8 408.7 634.8 408.6 0.9400
671.8 397.9 6.4 8.5 672.9 401.2 675.5 401.2 673.8 403.0 673.3 404.8 675.3 404.7 0.8745
12.9 419.2 9.1 12.1 18.0 424.2 20.3 424.0 20.6 426.4 18.8 428.9 20.1 428.9 0.8705
82.7 425.2 6.9 7.9 76.5 475.8 80.2 475.9 78.2 477.7 76.6 479.5 79.6 479.7 0.8105
44.8 462.2 6.5 9.4 84.9 428.0 88.0 427.8 86.7 429.6 85.6 431.4 87.9 431.3 0.7678
595.5 402.4 5.1 6.1 47.9 466.0 49.9 465.8 49.7 467.6 48.3 469.4 49.9 469.4 0.7070
316.9 439.5 7.5 8.4 596.5 405.0 598.8 405.0 597.4 406.4 596.8 407.6 598.6 407.5 0.5219
