0--Parade/0_Parade_marchingband_1_663.jpg
77
469.7 481.1 14.6 18.6 473.7 488.9 480.7 488.2 477.9 492.1 475.2 495.6 481.0 495.1 0.9996
346.3 311.8 12.3 13.8 349.8 315.8 355.1 315.9 352.3 319.0 350.3 321.7 354.4 321.8 0.9994
488.2 398.2 13.8 14.3 492.2 402.7 498.4 402.7 495.3 405.6 492.9 408.6 497.7 408.7 0.9994
375.9 492.4 13.6 17.4 378.2 498.9 383.0 499.0 379.4 502.1 378.7 505.4 382.7 505.3 0.9993
841.2 422.5 15.4 20.2 843.7 430.6 850.4 430.3 846.3 434.5 845.1 438.4 850.0 438.1 0.9991
819.2 387.1 14.5 16.7 822.2 392.4 829.0 391.9 825.4 396.2 823.3 399.6 828.7 399.1 0.9991
400.6 310.3 12.9 14.6 403.5 314.6 409.2 314.6 406.0 317.5 404.0 320.8 408.6 320.8 0.9990
912.8 391.0 13.8 18.0 915.3 397.3 921.4 397.4 917.6 400.3 915.7 404.0 921.0 404.0 0.9990
532.9 399.4 13.4 15.9 536.3 404.8 543.0 404.4 539.8 408.0 537.4 411.6 542.9 411.3 0.9989
764.7 336.5 13.3 15.4 766.9 341.4 772.7 341.3 769.1 344.6 767.8 347.9 772.2 347.8 0.9988
299.5 322.2 11.7 13.4 302.0 326.7 307.4 326.6 304.6 329.5 302.8 332.3 307.1 332.2 0.9986
690.6 310.2 13.0 14.9 693.5 314.8 699.3 314.9 695.9 318.2 694.0 321.2 698.5 321.3 0.9985
733.6 446.0 14.3 19.0 740.8 453.7 746.0 453.6 745.0 457.3 741.6 460.8 745.3 460.8 0.9985
142.3 394.1 13.6 16.5 145.2 399.8 151.8 399.7 148.3 403.5 146.1 406.8 151.2 406.7 0.9985
979.4 380.1 14.2 20.9 981.5 388.0 986.0 388.4 981.9 392.1 981.8 396.0 985.4 396.1 0.9985
416.6 442.9 12.4 16.7 423.0 449.8 427.0 448.9 427.0 452.3 424.4 455.9 427.2 455.4 0.9985
450.9 305.1 13.9 16.0 454.3 309.7 460.4 310.0 456.9 312.9 454.4 316.1 459.5 316.4 0.9983
509.9 442.2 13.9 19.3 517.0 449.6 522.1 449.4 521.2 453.2 517.5 456.9 521.6 456.9 0.9983
218.0 345.2 13.3 15.4 221.1 350.0 227.9 350.3 224.2 353.7 221.3 357.0 226.8 357.2 0.9983
782.1 435.8 15.1 20.6 787.4 443.8 794.3 443.5 791.8 447.4 788.5 451.5 794.0 451.3 0.9982
98.3 428.1 13.9 16.6 101.9 434.5 108.1 434.7 104.9 437.5 102.6 440.6 107.4 440.7 0.9982
739.9 311.8 13.2 15.1 743.4 316.3 749.4 316.2 746.5 319.3 744.1 322.8 748.9 322.7 0.9982
943.9 383.7 13.8 17.9 945.6 390.8 950.5 390.9 946.6 394.3 946.4 397.7 950.1 397.6 0.9982
560.3 445.3 13.9 19.0 565.8 452.7 571.5 452.6 569.6 456.1 566.4 459.7 571.0 459.7 0.9982
622.6 389.5 13.7 15.7 626.5 394.3 632.4 394.4 629.4 397.6 627.0 400.8 631.7 400.9 0.9981
98.6 394.3 13.4 18.1 101.3 401.7 107.9 401.7 104.2 405.1 102.0 408.5 107.0 408.5 0.9980
611.2 493.3 14.3 19.2 612.9 501.2 618.5 500.7 614.6 505.0 614.3 508.5 618.5 508.0 0.9980
385.3 398.4 13.8 15.6 389.1 403.1 395.0 403.9 391.5 406.9 389.1 409.7 393.7 410.3 0.9980
514.9 485.3 14.1 17.7 518.3 492.0 524.8 492.0 521.4 495.1 518.9 498.5 524.4 498.5 0.9980
710.8 341.8 13.4 15.6 714.3 346.5 720.5 346.3 717.4 349.9 715.0 353.3 719.9 353.2 0.9979
467.4 353.8 12.8 14.8 470.2 358.0 476.2 358.1 472.7 360.7 470.6 364.4 475.4 364.4 0.9979
279.7 489.3 13.6 17.9 282.3 495.9 288.8 496.4 284.7 499.6 282.5 502.9 287.5 503.3 0.9978
428.1 489.7 13.8 17.5 430.9 496.6 437.0 497.0 433.2 500.1 431.1 503.1 436.1 503.4 0.9978
681.1 442.0 15.3 19.9 687.6 450.1 693.1 448.6 693.0 452.6 690.8 457.7 694.5 456.7 0.9977
190.0 437.2 12.6 16.7 192.7 443.5 198.5 443.7 195.1 446.7 193.0 449.9 197.8 450.0 0.9976
560.4 494.8 13.2 17.1 563.4 501.6 569.4 501.5 566.2 504.9 564.1 507.9 569.1 507.8 0.9975
140.6 425.5 14.4 15.8 143.5 430.6 149.8 430.3 145.9 432.4 143.9 436.6 149.0 436.4 0.9974
323.3 487.2 13.3 16.9 326.3 493.7 332.7 494.0 329.0 497.1 326.6 500.1 331.6 500.3 0.9974
913.7 428.4 14.7 17.4 916.4 434.5 922.9 434.0 919.2 438.2 917.6 441.8 922.8 441.4 0.9973
571.9 403.9 13.3 15.3 573.8 408.9 579.2 409.0 575.4 412.5 574.6 415.7 578.3 415.7 0.9972
614.6 444.2 14.6 19.0 619.5 452.2 626.0 451.7 623.6 455.5 620.9 459.3 625.7 459.0 0.9971
255.7 398.9 12.2 14.3 258.8 403.3 264.4 403.3 261.5 406.2 259.3 409.2 263.8 409.3 0.9971
657.0 489.6 15.4 19.4 659.7 496.9 666.4 496.6 662.4 500.9 660.9 504.5 666.2 504.3 0.9971
449.2 431.7 12.6 16.9 455.4 437.4 460.0 437.3 459.1 440.8 456.1 444.3 459.5 444.4 0.9970
236.4 436.5 14.1 16.9 239.2 441.6 245.9 441.5 242.1 445.2 239.9 449.0 245.3 448.9 0.9968
292.5 433.7 13.5 16.7 297.9 440.8 303.7 440.8 301.6 444.4 298.7 447.1 302.8 447.1 0.9968
182.3 395.0 13.0 14.8 186.7 399.5 192.7 399.5 190.1 403.1 187.5 406.2 191.8 406.3 0.9967
594.2 315.8 12.5 14.4 597.9 320.2 603.4 320.2 600.8 323.4 598.6 326.4 602.8 326.3 0.9966
172.8 357.7 13.1 14.7 176.7 362.0 182.5 362.1 179.6 365.3 177.3 368.4 181.8 368.4 0.9965
669.2 388.1 13.9 16.7 672.5 393.4 678.8 393.4 675.5 397.2 673.2 400.5 678.2 400.5 0.9964
347.3 433.0 14.1 18.7 351.9 441.0 357.9 439.4 356.4 443.8 354.4 448.0 358.8 446.8 0.9963
641.2 313.6 12.8 14.7 644.6 317.7 650.2 318.0 647.1 320.6 644.7 323.7 649.2 324.0 0.9962
257.0 327.0 11.0 12.9 260.9 331.6 265.5 331.8 263.3 334.5 261.1 336.8 264.5 337.0 0.9960
514.8 354.2 13.5 15.8 517.6 359.4 523.8 359.4 520.4 362.7 518.4 366.2 523.0 366.1 0.9959
813.6 340.2 13.9 16.0 816.8 345.0 822.9 345.6 819.2 348.9 816.9 351.9 821.6 352.3 0.9958
661.0 342.1 12.3 14.2 663.8 346.6 669.2 346.5 666.3 349.9 664.8 353.0 668.7 352.9 0.9958
218.1 399.5 12.1 13.9 221.3 404.0 227.4 404.4 224.2 407.2 221.4 410.0 226.3 410.3 0.9957
434.7 397.7 12.7 14.4 437.8 402.4 443.6 402.5 440.4 405.5 438.5 408.5 442.7 408.5 0.9956
339.7 389.7 12.9 14.5 342.8 394.2 348.6 394.4 345.3 397.6 343.4 400.6 347.7 400.8 0.9955
543.6 319.6 13.4 16.1 546.6 325.2 552.6 324.7 549.5 328.0 547.6 331.7 552.5 331.2 0.9949
266.9 348.3 13.1 15.6 269.1 353.0 274.6 353.2 270.9 356.5 269.7 359.9 273.9 359.9 0.9949
718.3 385.1 15.0 17.6 721.4 390.7 728.1 390.3 724.5 394.5 722.5 398.2 727.8 397.8 0.9947
799.2 302.2 14.0 17.6 801.7 308.6 807.6 307.9 804.3 312.1 803.2 315.9 807.6 315.3 0.9942
873.8 392.6 14.3 16.6 876.5 398.3 883.1 398.3 879.1 401.8 877.4 405.2 882.2 405.2 0.9940
498.5 299.2 12.2 15.1 502.3 303.5 507.9 303.4 505.5 306.4 503.1 309.9 507.5 309.9 0.9938
417.7 354.6 12.6 14.5 420.7 359.2 426.5 359.3 423.3 362.6 421.4 365.7 425.5 365.8 0.9932
240.0 485.0 14.2 17.7 243.4 491.6 249.7 491.5 246.4 494.9 244.1 498.5 249.4 498.4 0.9932
365.4 352.6 12.8 14.9 368.4 357.1 374.4 357.1 371.2 360.4 369.1 363.6 373.8 363.6 0.9928
767.6 392.8 13.5 15.2 770.6 397.2 776.3 397.5 772.9 400.3 770.9 403.5 775.4 403.6 0.9916
82.2 385.5 12.2 15.4 85.2 389.9 90.9 390.0 87.9 392.7 85.5 396.4 90.3 396.5 0.9905
300.1 404.8 12.6 14.7 305.1 409.7 310.4 410.0 308.2 412.8 305.3 415.7 309.4 416.0 0.9904
563.7 354.2 12.9 16.3 566.1 358.9 571.8 359.1 568.2 362.4 566.4 366.0 570.9 366.1 0.9895
316.3 348.9 11.8 13.8 318.7 354.0 324.0 354.4 320.7 357.3 318.9 359.7 322.7 360.0 0.9872
612.2 357.3 11.6 13.8 615.0 361.5 620.4 361.5 617.5 364.7 615.4 367.7 619.8 367.6 0.9865
870.3 341.5 14.5 17.6 872.6 347.7 879.1 347.5 875.2 351.4 873.7 355.1 878.6 354.9 0.9791
860.5 313.1 10.2 14.1 863.9 317.9 868.4 317.7 866.7 320.4 864.5 323.5 868.3 323.4 0.9573
203.0 308.8 12.2 13.9 207.0 312.6 212.6 312.8 210.0 315.5 207.3 318.5 211.9 318.6 0.9494
