0--Parade/0_Parade_Parade_0_926.jpg
19
33.7 127.0 73.1 103.1 43.4 166.3 58.9 169.6 35.0 185.2 44.0 203.7 56.5 206.0 0.9998
600.8 237.5 73.3 102.8 610.5 273.3 628.9 274.8 602.7 292.6 608.6 314.5 622.2 315.3 0.9998
228.6 47.3 64.4 86.3 240.7 74.9 252.9 77.4 228.7 91.0 237.0 109.8 245.9 111.0 0.9998
440.5 209.4 72.9 99.5 452.2 240.6 467.2 246.2 441.1 262.2 452.2 281.3 462.7 284.6 0.9998
513.9 0.0 68.2 80.4 524.0 24.1 543.5 28.2 518.6 37.7 518.1 55.8 532.4 58.9 0.9998
108.7 264.8 75.9 92.1 119.5 291.0 139.3 294.1 112.3 311.4 119.7 330.8 134.4 332.4 0.9997
227.4 150.9 77.4 105.5 238.5 186.7 259.9 189.5 230.8 206.4 234.0 228.3 250.5 230.1 0.9997
891.5 78.4 68.2 83.2 903.3 101.5 917.9 104.2 892.8 119.1 899.3 138.5 908.9 139.7 0.9997
726.6 162.9 70.2 86.1 739.4 187.5 757.3 191.7 730.9 203.7 732.5 223.7 744.7 226.5 0.9997
20.8 5.8 66.1 82.6 31.2 32.9 47.3 36.2 24.3 49.3 28.7 66.6 39.5 68.8 0.9997
533.2 134.1 68.7 79.8 540.2 163.9 559.2 166.0 538.0 180.4 544.4 195.1 556.7 196.7 0.9996
667.9 30.0 59.3 80.5 676.0 56.6 688.3 56.6 670.4 72.8 677.9 89.0 688.1 87.9 0.9996
399.5 97.0 66.5 88.8 410.6 122.5 425.2 123.9 401.3 141.7 412.3 161.4 422.9 161.5 0.9996
150.4 37.3 64.1 84.5 160.2 64.9 172.7 67.9 151.9 84.5 163.8 100.4 171.8 102.0 0.9995
753.1 43.5 70.4 85.4 760.2 71.5 781.0 73.7 755.9 90.1 760.9 108.9 774.6 109.9 0.9994
882.3 13.9 49.5 63.7 890.0 34.7 898.5 36.4 882.3 48.2 890.4 62.0 895.5 62.9 0.9985
975.7 168.8 47.5 95.8 984.5 199.2 1001.4 199.6 979.1 220.8 987.3 239.4 999.5 239.0 0.9983
420.0 0.0 62.3 59.9 429.7 2.9 443.8 8.1 422.9 20.6 427.1 35.9 438.0 39.2 0.9958
997.5 0.0 25.8 72.6 1011.2 10.2 1019.0 13.0 997.6 27.4 1007.8 47.6 1014.1 48.7 0.9340
