0--Parade/0_Parade_Parade_0_1042.jpg
20
763.4 235.8 13.5 16.3 764.8 241.8 769.1 241.7 765.5 244.9 766.0 248.2 769.2 247.9 0.9997
484.8 216.6 38.6 48.6 510.7 231.3 520.1 232.2 521.2 243.1 505.6 249.9 514.0 251.3 0.9995
897.0 244.0 15.9 20.0 899.2 250.9 906.2 251.3 901.5 255.8 900.2 259.3 905.7 259.4 0.9995
294.8 212.5 34.7 39.7 303.8 229.8 319.8 228.3 312.5 237.9 307.3 244.7 319.4 243.5 0.9994
847.9 238.8 16.8 21.0 851.2 246.9 858.3 247.2 853.6 250.8 851.2 254.2 857.2 254.5 0.9993
735.7 239.5 14.0 16.6 738.5 245.4 744.5 245.6 740.5 248.5 738.5 251.2 743.9 251.4 0.9992
540.5 212.1 12.9 15.7 542.6 218.8 547.8 218.6 544.4 221.2 543.6 224.3 547.4 224.0 0.9988
939.0 243.1 16.1 22.4 940.6 252.7 946.1 252.5 941.4 256.8 942.0 260.7 945.9 260.4 0.9987
952.3 223.2 17.9 23.2 954.9 232.5 961.7 232.7 956.3 236.3 955.4 240.7 960.7 240.7 0.9985
726.9 238.9 11.2 16.6 729.2 246.0 734.0 245.7 731.3 249.0 730.3 252.0 734.0 251.7 0.9976
788.3 221.4 11.7 15.7 792.1 228.4 797.3 228.3 795.0 231.6 792.8 234.1 796.7 234.1 0.9975
691.6 223.6 11.6 14.0 693.7 228.5 698.5 228.6 695.5 231.6 694.3 234.2 697.9 234.2 0.9969
698.3 199.1 11.7 15.4 700.6 205.6 705.8 205.5 702.7 208.7 701.3 211.2 705.3 211.2 0.9965
784.1 240.4 13.2 17.7 786.9 247.0 793.2 247.3 789.5 250.7 787.3 254.1 792.1 254.3 0.9874
848.6 224.4 14.7 18.2 850.5 231.2 856.0 232.0 851.3 234.6 850.2 238.1 854.3 238.6 0.9843
571.9 229.2 14.4 19.1 574.5 236.2 578.6 236.8 574.2 240.1 574.2 243.9 577.1 244.2 0.9792
944.5 311.5 13.3 15.4 946.5 316.7 951.9 316.7 948.2 319.8 947.3 323.0 951.4 322.9 0.9729
657.4 229.8 11.6 14.4 659.2 234.9 663.2 234.5 660.4 237.5 660.1 240.7 663.2 240.2 0.9480
526.0 218.4 10.4 13.9 528.3 224.8 533.4 224.8 530.7 227.6 529.0 230.1 532.8 230.1 0.7656
593.5 216.8 10.5 12.3 595.1 220.5 598.2 221.2 595.0 223.5 595.0 225.8 597.2 226.2 0.5172
