0--Parade/0_Parade_Parade_0_600.jpg
8
208.3 96.7 106.7 147.7 225.9 139.2 270.7 137.5 234.7 156.5 226.3 197.8 261.3 196.6 1.0000
461.3 39.0 113.4 173.0 478.0 91.1 520.1 85.9 486.5 113.2 486.0 158.8 519.3 154.3 0.9999
876.8 99.8 98.3 147.8 892.4 143.2 928.8 143.6 893.5 164.2 891.0 202.3 919.0 202.4 0.9998
359.0 22.9 109.4 161.5 375.9 76.4 418.9 72.6 380.4 94.8 376.3 139.7 409.7 136.5 0.9998
101.2 121.8 98.8 131.9 113.3 161.4 153.1 157.2 122.0 176.1 116.4 213.7 147.0 210.6 0.9997
14.0 132.5 85.5 116.0 29.6 166.0 67.1 166.8 41.4 183.5 31.0 212.2 60.7 213.0 0.9995
778.4 101.9 92.3 124.1 791.3 141.8 827.1 141.4 793.8 161.6 790.9 192.6 817.8 192.3 0.9993
722.1 140.6 61.5 97.7 737.7 167.3 766.6 166.4 750.6 181.7 740.7 209.5 761.5 209.2 0.9941
