0--Parade/0_Parade_Parade_0_71.jpg
125
909.7 436.7 15.5 18.9 917.6 443.2 923.3 442.5 923.1 446.5 919.5 450.8 923.6 450.4 0.9989
480.5 386.4 11.1 13.2 486.2 391.1 490.2 390.8 489.6 393.7 487.0 396.5 489.7 396.4 0.9987
448.1 408.1 12.3 14.4 453.8 413.6 458.6 412.7 458.0 416.3 455.6 419.5 458.8 418.9 0.9987
353.9 403.9 12.5 15.0 359.6 409.3 364.3 408.7 363.4 412.1 360.8 415.5 364.1 415.1 0.9986
270.5 401.1 11.6 13.6 274.9 406.0 280.0 405.8 278.3 408.9 275.9 411.6 279.6 411.4 0.9985
517.9 393.8 12.0 14.7 523.0 399.0 528.1 398.6 526.6 402.1 523.7 405.1 527.6 405.0 0.9984
463.5 394.0 12.0 15.1 469.1 399.8 473.8 399.2 473.0 402.8 470.2 405.9 473.5 405.6 0.9984
500.9 403.1 12.8 16.0 507.9 409.0 511.9 408.2 511.9 412.0 509.0 415.4 511.8 415.0 0.9982
448.2 378.6 10.8 14.2 454.1 383.8 457.6 383.6 457.4 386.6 454.8 389.6 457.2 389.5 0.9980
557.0 396.3 11.7 14.0 561.9 401.4 566.8 400.4 566.0 403.9 563.7 407.2 567.2 406.5 0.9980
540.3 346.1 9.8 12.4 545.8 350.5 548.9 350.1 549.0 352.9 546.6 355.6 548.8 355.4 0.9978
497.9 375.4 10.7 12.7 503.3 380.4 507.1 379.8 506.6 382.8 504.2 385.3 506.8 385.1 0.9976
118.1 360.2 9.9 12.7 122.1 364.9 126.4 364.6 125.2 367.4 123.0 370.1 126.3 369.9 0.9975
529.1 433.7 13.7 18.1 535.6 439.3 540.8 439.1 539.7 443.1 536.2 446.8 540.4 446.7 0.9974
534.4 382.3 10.9 14.1 539.9 387.3 543.7 386.8 543.3 390.1 540.8 393.1 543.4 393.0 0.9973
430.6 390.3 11.2 13.6 435.8 395.7 439.8 394.8 439.5 398.1 437.6 401.2 440.2 400.6 0.9973
634.1 374.6 10.5 13.2 639.7 379.6 642.9 379.0 643.0 382.1 640.7 384.9 642.8 384.7 0.9973
389.4 410.1 13.1 17.0 395.7 417.1 400.8 415.9 400.3 420.4 397.5 424.0 400.9 423.3 0.9972
463.1 368.5 9.9 12.3 467.9 373.0 471.7 372.8 470.9 375.7 468.6 378.1 471.2 378.1 0.9972
298.8 411.0 12.8 16.2 304.4 416.7 309.6 416.4 307.9 420.0 304.9 423.3 308.8 423.2 0.9970
718.8 385.4 11.4 14.5 725.2 390.6 728.7 390.2 729.0 393.4 726.3 396.6 728.5 396.5 0.9970
606.0 394.5 12.2 14.3 612.0 399.8 616.7 399.2 615.9 402.6 613.1 405.7 616.3 405.4 0.9968
571.1 388.6 10.9 14.3 575.7 393.9 580.4 393.4 579.2 397.0 576.6 399.9 580.1 399.6 0.9968
167.1 375.8 10.0 12.8 171.1 380.7 175.3 380.3 173.9 383.4 171.8 385.9 174.9 385.7 0.9967
411.2 399.9 11.7 14.5 417.1 405.2 421.0 404.3 420.6 407.9 418.2 411.2 420.9 410.7 0.9962
662.9 388.9 11.9 14.4 668.6 394.4 673.3 393.9 672.4 397.3 669.6 400.3 672.7 400.1 0.9961
856.5 372.8 11.4 13.9 862.0 377.9 866.1 377.2 865.7 380.5 863.3 383.6 866.1 383.2 0.9961
347.7 382.8 11.0 13.4 354.0 388.3 357.4 387.6 357.4 390.9 354.8 393.6 356.9 393.3 0.9959
334.1 416.5 11.4 14.6 340.0 421.9 343.8 421.0 343.8 424.4 341.6 427.8 344.4 427.3 0.9951
813.3 380.4 12.0 14.4 819.0 385.0 823.6 384.6 822.9 388.2 820.2 391.4 823.5 391.2 0.9951
214.6 384.7 10.9 13.5 219.5 389.9 223.6 388.8 223.2 392.3 221.3 395.5 224.0 394.8 0.9951
621.1 382.3 10.4 12.3 625.6 386.6 629.7 385.9 629.0 388.8 626.9 391.8 629.9 391.3 0.9950
558.1 361.3 9.8 12.5 561.9 365.8 566.4 365.7 564.9 368.4 562.8 371.1 566.0 371.1 0.9949
400.3 381.9 10.5 12.2 405.1 386.2 409.2 386.1 408.2 389.2 405.8 391.6 408.7 391.6 0.9948
69.2 344.1 9.6 11.7 72.9 348.9 77.3 348.6 75.9 351.4 73.8 353.6 76.8 353.5 0.9947
143.5 365.1 10.7 12.7 148.4 369.3 152.5 369.0 151.5 371.9 149.1 374.7 152.2 374.6 0.9944
765.9 383.0 12.0 15.0 771.5 388.6 776.1 387.9 775.3 391.5 772.6 394.8 775.8 394.4 0.9942
101.1 354.4 10.6 12.5 104.5 359.5 109.7 359.1 107.7 362.0 105.6 364.5 109.5 364.2 0.9941
584.0 376.7 10.6 14.1 588.7 381.8 592.8 381.6 591.7 384.8 589.2 387.5 592.3 387.5 0.9940
483.6 358.1 10.1 11.9 488.2 362.3 492.4 362.1 491.5 364.9 489.2 367.6 492.0 367.5 0.9939
570.0 351.3 10.2 12.2 574.9 355.7 578.8 355.3 578.1 358.0 575.7 360.6 578.7 360.4 0.9939
414.8 372.2 10.9 13.0 419.2 377.6 423.8 376.8 422.6 380.2 420.6 382.9 423.6 382.4 0.9936
244.9 392.8 10.8 14.4 250.3 398.1 254.0 397.3 253.9 400.9 251.6 404.1 254.2 403.6 0.9935
511.6 366.3 8.9 11.5 514.7 370.5 518.9 370.4 517.2 373.0 515.2 375.3 518.2 375.3 0.9934
686.6 369.5 10.4 13.0 691.4 374.5 695.6 373.9 694.8 377.1 692.4 379.8 695.4 379.5 0.9930
404.8 356.4 9.8 12.5 409.2 361.2 413.0 360.9 412.1 364.0 409.9 366.4 412.4 366.3 0.9928
365.5 375.5 10.4 12.8 370.8 380.6 374.3 379.9 373.9 383.2 371.6 385.8 373.9 385.4 0.9922
914.0 369.8 11.3 13.8 919.4 374.9 923.4 374.0 923.3 377.2 920.9 380.4 923.7 379.9 0.9921
448.5 352.0 10.0 12.5 453.6 357.0 457.1 356.3 456.8 359.3 454.7 361.9 457.0 361.6 0.9917
192.4 378.9 10.8 13.8 196.9 384.1 201.3 383.4 200.3 386.7 198.2 389.7 201.3 389.3 0.9913
378.4 392.3 11.3 13.8 383.2 397.9 388.0 397.2 386.5 401.0 384.1 403.6 387.3 403.3 0.9908
620.0 348.4 11.2 13.8 625.2 353.8 629.5 353.1 628.6 356.3 626.1 359.1 629.3 358.7 0.9904
595.3 367.0 9.6 12.7 598.8 371.7 603.0 371.5 601.3 374.5 599.2 377.0 602.4 377.0 0.9901
680.0 336.5 9.6 12.2 684.9 341.4 688.3 340.7 688.0 343.6 685.9 346.1 688.2 345.8 0.9895
379.3 351.1 9.3 11.4 384.4 355.6 387.3 355.1 387.2 357.9 385.2 360.2 387.0 360.0 0.9892
655.1 352.7 9.7 12.8 658.7 357.1 663.2 356.8 661.6 360.0 659.3 362.7 662.8 362.5 0.9875
503.9 327.8 9.2 10.9 508.3 332.0 511.7 331.8 511.0 334.2 509.0 336.3 511.3 336.3 0.9869
84.2 346.8 9.5 11.8 87.7 351.4 91.6 351.4 90.1 353.8 88.1 356.0 91.1 356.0 0.9864
328.5 397.6 10.3 11.7 333.5 402.7 337.2 402.0 336.7 405.1 334.6 407.3 336.9 406.9 0.9819
262.0 381.1 10.3 12.4 267.6 386.0 270.9 385.7 270.7 388.7 268.3 391.0 270.4 391.0 0.9819
110.0 338.4 9.6 11.8 114.4 343.2 118.1 342.4 117.5 345.4 115.5 347.9 118.1 347.4 0.9818
633.2 338.7 8.9 11.3 637.0 343.0 640.9 342.8 639.8 345.4 637.8 347.7 640.5 347.6 0.9763
923.3 400.3 12.5 13.6 929.1 405.9 933.6 404.6 933.3 408.3 931.1 411.4 934.2 410.5 0.9755
559.5 337.6 9.0 10.9 563.4 342.0 566.9 341.6 566.0 344.4 564.1 346.5 566.6 346.2 0.9755
293.4 386.7 10.7 13.3 298.1 392.0 302.4 391.1 301.7 394.4 299.7 397.5 302.6 396.9 0.9754
649.1 332.4 8.9 10.4 653.4 336.3 656.6 335.9 656.2 338.4 654.3 340.6 656.4 340.3 0.9740
666.3 344.4 9.1 11.6 670.5 349.0 674.1 348.3 673.5 351.2 671.6 353.7 674.0 353.3 0.9731
482.5 334.3 9.3 11.2 486.9 338.8 490.4 338.3 489.8 341.1 487.7 343.3 490.1 343.1 0.9731
620.3 325.7 9.3 11.2 624.9 330.5 628.4 330.3 627.4 332.9 625.0 334.7 627.6 334.7 0.9697
587.2 341.8 10.1 12.4 591.8 346.6 595.8 345.8 595.0 348.9 592.9 351.6 595.8 351.2 0.9691
405.6 322.7 9.6 12.8 410.1 326.8 413.7 326.8 412.6 329.8 410.2 332.3 412.9 332.4 0.9672
513.4 341.4 9.2 11.8 517.6 346.2 521.4 346.0 520.3 348.7 518.1 350.9 520.7 350.9 0.9658
543.2 325.9 9.1 11.6 547.3 330.2 551.0 329.8 549.9 332.5 548.0 334.9 550.8 334.7 0.9625
316.0 378.5 10.5 13.3 321.1 383.5 325.1 382.9 324.4 386.4 322.1 389.1 324.7 388.9 0.9586
997.3 320.7 7.3 10.4 998.3 325.2 1000.0 325.0 998.3 327.1 999.2 329.1 1000.3 328.8 0.9585
944.4 293.4 6.4 7.9 945.7 296.3 948.2 296.4 946.6 298.0 946.0 299.4 947.9 299.4 0.9540
394.4 341.2 9.5 11.5 399.4 346.1 402.9 345.7 402.2 348.7 399.8 350.8 402.2 350.6 0.9496
675.9 379.2 10.2 13.8 680.0 384.5 684.4 384.1 682.9 387.5 680.7 390.1 684.0 390.0 0.9449
333.4 353.4 9.8 11.2 337.5 357.6 341.6 357.4 340.3 360.2 338.2 362.3 341.1 362.2 0.9435
127.5 344.4 9.4 12.2 130.5 349.2 135.0 348.9 133.2 351.7 131.1 354.1 134.5 353.9 0.9428
711.9 341.9 10.1 12.0 716.3 346.4 720.7 345.9 719.5 348.8 717.2 351.3 720.4 351.0 0.9408
547.0 370.3 10.0 13.4 550.7 374.9 555.1 374.9 553.1 377.8 550.9 380.4 554.4 380.5 0.9365
524.5 356.7 9.9 11.6 528.6 361.6 532.8 360.7 532.0 363.7 530.3 366.3 533.1 365.7 0.9363
437.2 337.5 8.8 10.7 441.3 341.6 444.9 341.3 444.1 343.8 442.1 346.0 444.6 345.8 0.9323
894.6 301.2 6.7 8.8 895.5 304.6 897.6 304.7 895.7 306.4 895.8 308.1 897.4 308.1 0.9300
491.7 314.3 8.7 10.8 495.9 318.3 499.2 317.9 498.6 320.4 496.7 322.7 499.2 322.5 0.9226
906.9 299.6 6.7 9.0 907.9 302.9 909.5 303.2 907.6 304.9 908.0 306.6 909.0 306.7 0.9195
573.9 328.0 8.7 11.6 577.4 332.3 581.2 332.2 579.8 335.0 578.0 337.3 580.7 337.2 0.9142
240.0 378.2 10.1 11.4 243.7 382.2 248.0 381.6 246.7 384.7 244.8 387.0 247.9 386.6 0.9093
388.1 366.1 9.4 11.6 393.0 371.1 396.2 370.5 395.9 373.4 393.8 375.6 395.9 375.3 0.8965
600.9 333.0 10.6 12.7 605.9 338.2 610.2 338.0 608.8 341.1 606.2 343.3 609.2 343.3 0.8948
421.4 347.4 9.4 11.6 425.7 351.9 429.1 351.1 428.6 354.3 426.8 356.9 429.0 356.4 0.8916
327.7 337.4 8.3 9.9 331.3 341.3 334.5 341.2 333.6 343.4 331.8 345.4 334.2 345.3 0.8904
530.8 331.4 8.8 11.3 535.0 336.3 538.3 336.3 537.2 338.9 535.0 340.7 537.4 340.8 0.8752
588.5 321.6 8.2 10.5 592.6 325.3 595.4 325.1 595.0 327.4 593.1 329.6 595.3 329.6 0.8647
645.3 362.8 9.3 12.4 649.6 367.6 653.4 367.2 652.5 370.0 650.7 372.7 653.3 372.5 0.8628
1008.5 306.0 11.3 13.8 1009.5 309.9 1012.6 310.5 1008.8 313.1 1009.5 316.3 1011.6 316.5 0.8596
519.7 319.9 8.7 10.4 524.0 324.3 527.2 324.3 526.1 326.8 524.1 328.4 526.3 328.5 0.8572
352.0 343.7 9.3 11.1 356.2 347.8 359.8 347.0 359.3 350.0 357.5 352.6 360.0 352.1 0.8378
887.8 315.0 6.5 8.2 889.0 317.7 891.9 318.0 890.0 319.5 889.0 321.2 891.3 321.3 0.8369
939.8 259.8 6.4 7.6 941.1 262.6 943.4 262.8 941.7 264.3 941.1 265.7 942.9 265.9 0.8350
465.6 344.6 8.5 10.1 469.5 348.3 472.6 348.2 471.9 350.4 470.0 352.5 472.3 352.5 0.8215
960.1 296.2 6.1 9.0 961.1 299.5 962.1 299.5 960.7 301.3 961.5 303.2 962.1 303.1 0.8062
825.0 308.0 5.9 7.7 825.9 311.2 828.0 311.2 826.4 312.8 826.3 314.3 827.8 314.2 0.7833
790.2 350.8 10.1 12.4 794.9 355.5 799.0 354.9 798.1 358.2 796.0 361.0 798.7 360.6 0.7617
282.5 329.4 9.2 10.6 285.1 333.6 289.2 333.1 287.5 335.8 286.1 338.0 289.1 337.6 0.7432
434.8 362.1 9.5 11.6 438.8 366.6 442.6 366.0 441.8 368.9 440.0 371.4 442.6 371.1 0.7362
855.6 224.5 5.4 6.9 856.5 227.0 858.8 227.3 857.0 228.6 856.5 229.9 858.3 230.1 0.7190
495.2 350.4 8.7 11.8 497.5 354.8 501.9 354.7 500.0 357.6 498.2 360.0 501.6 359.9 0.7165
1006.4 288.5 7.0 9.1 1007.6 292.0 1010.2 291.9 1008.4 293.9 1008.2 295.8 1010.0 295.7 0.7001
367.2 335.3 9.2 11.5 370.6 340.3 374.9 339.6 373.5 342.8 371.7 345.1 374.7 344.6 0.6955
696.6 264.9 6.1 7.9 697.6 268.1 699.7 268.1 698.1 269.8 698.0 271.3 699.6 271.2 0.6912
1003.5 253.3 6.3 7.3 1005.1 255.8 1008.1 255.9 1006.6 257.4 1005.4 258.9 1007.7 259.0 0.6889
415.1 335.8 9.2 10.6 417.6 339.7 421.4 339.5 419.6 342.0 418.3 344.2 421.0 344.0 0.6055
337.2 369.9 10.2 12.5 341.5 375.0 345.7 374.5 344.5 377.8 342.3 380.3 345.1 380.1 0.5958
305.8 335.0 9.7 11.5 307.4 339.1 312.1 339.0 309.3 341.9 308.0 344.3 311.5 344.1 0.5933
842.1 302.1 6.5 7.6 843.7 304.9 846.6 304.9 845.0 306.5 844.0 308.1 846.3 308.1 0.5901
864.5 300.7 6.9 8.2 866.1 303.8 868.6 303.9 866.9 305.4 866.2 306.9 868.2 307.0 0.5843
735.8 366.4 9.8 13.4 739.0 370.9 743.3 371.0 741.2 374.0 739.1 376.8 742.6 376.9 0.5804
1013.8 246.3 6.0 6.8 1015.1 248.5 1017.7 248.7 1016.0 250.2 1015.2 251.6 1017.1 251.7 0.5748
477.4 324.0 8.3 9.6 479.2 327.7 483.0 327.8 480.8 329.9 479.7 332.0 482.5 332.0 0.5499
895.7 351.2 7.4 9.1 897.3 354.7 900.4 355.0 898.4 356.7 897.4 358.4 899.8 358.5 0.5496
828.4 358.5 8.1 10.3 830.4 362.5 834.4 362.5 832.5 364.6 830.8 366.7 834.1 366.7 0.5486
981.6 286.7 8.0 9.5 983.0 289.8 986.2 290.0 983.8 292.0 983.2 294.0 985.5 294.1 0.5312
697.8 356.0 11.4 15.1 702.5 361.8 707.8 361.9 705.6 365.3 702.7 368.2 706.6 368.4 0.5238
