0--Parade/0_Parade_Parade_0_391.jpg
130
513.6 440.4 8.4 11.6 517.7 445.3 520.7 444.9 520.3 447.4 518.4 449.6 520.7 449.4 0.9991
926.2 372.0 10.8 13.3 928.3 377.8 933.2 377.6 930.6 380.4 929.3 382.8 933.1 382.6 0.9979
894.8 360.5 9.7 12.9 896.5 365.4 899.9 365.6 897.1 368.1 896.8 370.5 899.4 370.6 0.9970
572.0 412.4 9.6 13.0 577.4 418.1 580.0 417.8 580.0 420.5 578.0 422.8 579.7 422.7 0.9965
973.8 368.5 9.0 10.4 975.7 372.3 980.0 372.0 977.7 374.6 976.6 376.9 980.0 376.7 0.9960
416.7 458.8 9.6 11.1 419.5 463.3 423.6 462.8 422.0 465.3 420.5 467.4 423.8 467.1 0.9957
471.7 350.6 9.0 11.6 473.4 355.0 476.8 355.1 474.3 357.4 473.7 359.6 476.3 359.6 0.9957
878.6 536.0 10.5 14.1 884.8 542.6 887.6 542.1 887.8 544.9 885.8 547.5 887.8 547.3 0.9955
650.9 622.8 11.0 13.2 653.6 628.7 658.6 628.0 656.4 631.4 655.3 633.8 658.6 633.3 0.9954
557.7 509.0 9.6 11.9 560.8 514.0 565.0 513.6 563.3 516.1 561.6 518.4 564.9 518.2 0.9948
520.9 328.6 8.7 9.8 524.7 332.1 528.0 331.7 527.2 334.0 525.4 336.2 527.9 336.0 0.9947
455.8 396.4 7.8 9.6 456.7 400.1 459.0 400.2 456.9 402.2 457.2 404.1 458.9 404.0 0.9944
928.3 602.2 10.8 11.9 930.5 607.8 935.1 607.4 932.6 610.4 931.8 612.5 935.2 612.2 0.9938
949.0 353.6 8.6 10.8 950.6 357.4 954.4 357.7 951.9 359.7 950.8 361.8 953.8 361.9 0.9932
727.7 495.9 10.6 13.1 730.6 503.0 735.2 502.3 733.3 505.6 732.1 507.2 735.4 506.6 0.9919
364.3 581.1 11.2 12.2 369.1 586.0 370.9 584.5 372.9 586.5 372.8 590.0 373.9 589.0 0.9900
318.6 470.0 10.0 12.7 323.0 475.6 326.4 474.2 326.6 477.1 325.2 480.1 327.5 479.1 0.9894
282.0 452.5 8.3 11.6 287.1 457.0 288.9 457.1 288.9 459.4 286.9 461.4 288.0 461.7 0.9888
997.3 408.1 8.5 12.0 998.6 412.1 999.9 412.6 997.4 414.6 998.5 417.0 999.3 417.2 0.9888
442.4 410.8 7.8 9.1 446.3 414.1 448.9 414.0 448.4 416.0 446.6 417.8 448.5 417.9 0.9882
685.4 513.2 9.9 13.0 688.9 518.0 693.3 518.0 691.4 520.8 689.3 523.3 692.6 523.3 0.9881
297.1 489.2 11.1 13.5 301.7 496.5 306.2 495.5 305.1 498.8 303.3 501.0 306.2 500.3 0.9881
383.6 702.6 11.6 14.1 390.6 706.7 391.3 706.5 393.7 708.6 392.9 712.1 393.3 712.1 0.9881
915.4 384.0 10.0 14.1 917.4 390.2 921.6 390.6 918.7 393.2 917.7 395.5 920.6 395.7 0.9880
824.5 277.8 8.8 10.8 829.1 282.2 832.2 281.9 831.8 284.4 829.7 286.5 831.8 286.5 0.9861
155.5 665.5 9.6 14.9 161.5 671.6 162.2 671.0 164.5 673.7 163.4 677.0 163.9 676.7 0.9857
910.0 426.6 8.6 11.5 911.3 430.9 913.9 431.3 911.4 433.5 911.5 435.6 913.3 435.8 0.9854
165.4 658.4 10.2 13.0 170.5 664.0 173.0 662.7 174.0 665.4 172.7 668.5 174.4 667.6 0.9843
836.9 608.6 11.9 16.0 843.5 613.7 844.4 612.7 847.2 615.5 845.9 619.7 846.7 619.1 0.9839
581.6 458.4 9.1 11.3 584.5 462.9 588.6 462.9 586.7 465.2 584.9 467.3 588.2 467.3 0.9815
177.5 525.5 9.4 12.9 183.1 530.9 184.5 530.4 185.8 532.7 184.3 535.4 185.0 535.2 0.9797
569.9 288.1 7.8 9.1 571.1 291.2 573.7 291.1 571.8 293.0 571.8 295.0 573.7 294.8 0.9757
731.2 157.2 6.6 8.3 733.3 160.8 736.2 160.6 735.0 162.4 733.9 164.0 736.2 163.8 0.9745
940.5 327.8 10.2 13.9 942.8 332.9 945.1 333.8 941.9 336.0 942.2 338.3 943.7 338.8 0.9697
927.4 433.8 10.7 11.6 930.3 437.7 934.4 438.0 931.8 440.5 930.6 442.7 933.5 442.9 0.9684
348.4 608.9 11.2 13.1 354.5 614.2 355.3 612.8 357.9 615.1 357.4 618.6 357.7 617.7 0.9669
969.4 456.6 10.7 13.6 971.2 462.5 975.6 463.4 972.2 465.6 970.9 467.4 974.2 468.0 0.9669
298.4 656.7 9.2 12.7 770.4 217.6 773.3 217.8 770.8 219.7 770.6 221.7 772.8 221.8 0.9621
989.7 389.1 10.0 12.6 304.1 661.1 305.9 661.0 306.4 663.6 304.4 666.2 305.6 666.2 0.9606
707.0 144.3 6.7 7.8 991.7 393.6 995.4 393.7 992.7 396.4 992.2 398.9 995.0 398.9 0.9585
885.7 402.6 8.6 10.0 708.2 147.1 711.0 147.2 709.1 148.9 708.4 150.4 710.5 150.5 0.9581
440.3 235.0 7.5 8.1 887.5 406.5 890.3 406.4 888.3 408.7 888.3 410.6 890.2 410.4 0.9577
953.6 389.8 9.7 12.0 442.9 238.0 446.2 237.9 444.9 239.8 443.3 241.5 445.8 241.5 0.9541
1000.6 590.9 10.8 12.4 955.1 394.2 958.4 395.0 955.2 397.0 954.9 399.0 957.1 399.5 0.9530
990.8 193.8 7.4 9.3 1002.4 596.3 1006.5 596.4 1003.8 599.1 1003.5 601.0 1006.3 601.0 0.9522
940.7 410.7 9.2 11.5 992.1 197.9 995.2 197.8 993.2 199.7 992.7 201.3 995.0 201.2 0.9513
683.3 126.0 6.5 7.9 942.7 415.0 946.4 415.4 943.8 417.6 942.7 419.7 945.5 419.9 0.9502
1015.2 401.2 8.2 11.6 684.5 129.1 687.4 129.1 685.8 130.7 684.9 132.2 687.1 132.2 0.9486
1002.9 451.2 8.7 11.5 1016.7 404.9 1019.2 405.5 1016.6 407.3 1016.4 409.6 1018.3 409.9 0.9481
998.1 345.8 9.0 10.3 1004.6 455.5 1007.3 455.9 1004.9 457.8 1004.6 459.9 1006.7 460.1 0.9463
919.5 196.4 7.1 9.8 999.9 349.0 1003.6 349.2 1001.1 351.5 1000.1 353.6 1002.9 353.7 0.9447
279.0 702.5 10.0 13.6 920.8 200.5 923.4 200.5 921.6 202.4 921.2 204.2 923.2 204.1 0.9415
202.5 491.4 8.6 11.7 284.8 709.2 286.2 708.0 287.7 710.9 286.5 713.7 287.1 713.0 0.9391
445.0 350.4 7.7 10.5 207.2 496.6 209.3 496.0 209.7 498.4 208.2 500.7 209.8 500.4 0.9376
860.1 342.6 8.7 10.9 448.8 354.5 451.3 354.2 451.0 356.5 449.3 358.7 451.1 358.6 0.9373
812.6 355.6 7.5 9.1 861.7 346.8 864.6 347.2 862.1 349.3 861.8 351.3 863.9 351.4 0.9318
247.1 493.0 7.6 9.9 813.8 358.8 816.2 358.8 814.2 360.7 814.2 362.6 815.9 362.5 0.9296
927.4 401.2 9.3 12.1 251.0 497.0 253.4 496.4 253.4 498.6 251.9 500.7 253.7 500.4 0.9289
685.6 144.4 6.2 7.8 929.3 405.1 931.4 405.9 928.3 407.7 928.6 410.0 930.1 410.4 0.9263
958.2 173.4 6.8 9.4 687.2 147.7 690.0 147.6 688.8 149.3 687.7 150.8 689.9 150.7 0.9262
997.3 145.8 7.6 10.0 959.4 177.3 961.0 177.5 959.1 179.1 959.4 180.7 960.5 180.8 0.9230
879.1 377.4 9.0 10.2 998.4 149.5 1001.0 150.0 998.5 151.7 998.3 153.4 1000.2 153.7 0.9206
779.5 140.3 6.3 7.5 437.9 596.2 439.7 595.6 441.1 598.2 439.2 601.1 440.2 601.0 0.9184
424.3 693.6 9.7 14.4 880.7 380.6 883.6 380.9 881.0 382.8 880.8 385.0 883.0 385.1 0.9180
942.7 446.6 10.3 10.4 780.7 143.2 783.4 143.1 781.9 144.7 781.1 146.1 783.3 146.1 0.9155
624.4 216.4 5.6 7.1 429.8 698.1 431.4 697.8 432.6 700.5 431.0 703.9 432.2 703.8 0.9114
964.1 391.9 9.6 13.8 945.5 450.4 949.5 450.4 947.3 452.7 946.0 454.8 948.9 454.9 0.9107
768.0 61.9 6.5 8.4 625.1 218.7 627.0 218.8 625.4 220.3 625.4 221.9 626.8 221.8 0.9039
748.7 148.2 6.3 7.7 966.7 397.0 968.4 397.3 966.3 399.5 966.6 402.3 967.9 402.5 0.8984
400.0 574.0 9.7 14.1 769.1 65.2 771.6 65.2 769.9 67.0 769.5 68.7 771.4 68.6 0.8981
802.6 94.9 6.1 7.3 750.2 151.1 753.1 151.2 751.4 152.7 750.4 154.2 752.6 154.3 0.8904
243.0 425.1 8.4 11.0 406.1 579.6 407.1 579.2 408.7 581.7 406.8 584.7 407.6 584.5 0.8813
88.5 485.4 9.9 12.5 804.2 97.7 807.1 97.7 805.7 99.1 804.6 100.5 806.9 100.5 0.8712
463.8 248.0 7.2 8.5 247.7 429.2 250.2 428.8 250.4 431.3 248.4 433.9 250.2 433.7 0.8656
904.0 405.5 10.0 12.6 94.2 490.2 96.0 489.4 97.1 491.6 96.3 494.8 97.3 494.2 0.8637
989.5 470.1 9.3 13.3 467.0 251.3 469.6 251.3 468.8 253.2 467.2 254.8 469.1 254.9 0.8604
678.0 232.3 6.5 7.9 905.8 411.2 909.9 411.1 907.6 413.8 906.8 415.8 909.8 415.7 0.8593
958.2 301.5 7.2 9.8 991.6 474.7 994.7 475.2 992.0 477.4 991.3 480.0 993.7 480.3 0.8556
581.1 159.2 7.1 9.0 678.9 235.5 680.6 235.4 679.1 237.3 679.7 238.9 680.8 238.7 0.8489
866.3 390.6 8.1 10.8 959.6 305.4 961.7 305.7 959.7 307.4 959.6 309.1 961.2 309.2 0.8489
787.9 549.4 11.1 11.8 582.3 162.6 584.8 163.0 582.6 164.5 582.2 166.2 584.1 166.4 0.8436
662.2 158.7 6.8 8.3 867.8 394.4 869.7 394.9 867.3 396.8 867.7 398.8 869.0 399.0 0.8379
231.6 505.4 9.6 14.7 790.1 554.4 793.8 554.8 791.3 557.7 791.4 559.1 793.7 559.3 0.8325
797.5 83.5 5.7 6.9 663.6 161.8 666.1 161.9 664.3 163.5 663.9 165.1 665.8 165.1 0.8306
889.1 323.1 10.1 11.5 237.3 511.2 238.9 510.6 240.0 513.5 238.4 516.5 239.5 516.2 0.8292
961.2 354.8 9.6 10.4 799.3 86.1 802.0 86.1 800.7 87.6 799.5 89.0 801.6 89.0 0.8247
671.4 136.2 6.3 8.1 891.0 326.5 894.4 327.2 891.0 328.9 890.6 331.3 893.0 331.7 0.8243
764.0 151.5 5.7 7.4 963.8 358.6 968.2 358.7 965.9 360.9 964.0 363.0 967.6 363.1 0.8236
548.7 255.2 6.9 8.5 673.5 139.5 676.2 139.2 675.3 141.1 674.2 142.7 676.3 142.5 0.8208
122.3 493.5 10.6 13.7 765.5 154.5 768.3 154.6 766.9 156.1 765.7 157.5 768.0 157.5 0.8189
959.1 135.7 7.0 8.9 550.1 258.2 552.7 258.3 550.9 260.1 550.4 261.9 552.4 261.9 0.7975
961.7 274.1 7.7 9.4 128.2 499.4 130.3 498.2 131.7 501.2 130.6 504.5 131.7 503.7 0.7949
1000.7 107.7 6.7 8.8 960.2 138.9 962.8 139.2 960.7 140.8 960.3 142.5 962.2 142.6 0.7922
23.0 525.8 10.3 12.4 963.2 277.5 965.3 278.1 963.0 279.5 963.0 281.1 964.4 281.4 0.7919
1007.4 158.2 7.9 9.5 1001.8 111.0 1003.3 111.4 1001.4 112.8 1001.7 114.4 1002.7 114.6 0.7817
386.6 674.9 9.0 14.5 28.2 531.9 31.2 530.6 31.8 533.3 30.3 536.0 32.2 535.1 0.7714
669.7 72.5 5.9 7.5 993.4 327.8 997.4 328.0 995.1 330.1 993.6 332.4 996.7 332.5 0.7636
0.6 456.7 8.7 11.3 1009.5 162.1 1013.0 162.2 1011.2 164.0 1009.7 165.7 1012.6 165.8 0.7277
688.0 65.7 5.9 7.2 391.5 680.5 393.5 680.4 393.5 683.0 391.6 685.7 393.3 685.8 0.7073
346.4 370.2 7.2 10.5 670.9 75.3 673.1 75.3 671.5 76.8 671.2 78.4 672.9 78.3 0.7042
815.5 133.6 6.5 7.5 311.0 467.3 312.6 467.2 312.6 469.3 311.1 471.4 312.3 471.4 0.6986
847.0 86.6 6.1 7.5 4.9 461.0 7.7 460.8 7.2 463.1 5.3 465.3 7.4 465.2 0.6936
690.7 164.9 6.7 8.5 551.0 566.6 556.1 566.5 553.6 569.4 552.1 570.6 555.3 570.5 0.6891
681.4 79.4 5.2 6.6 689.4 68.5 692.1 68.5 690.7 70.0 689.7 71.4 691.8 71.4 0.6845
831.6 346.7 9.1 13.2 349.9 374.2 352.1 373.6 352.2 375.8 350.8 378.2 352.5 377.9 0.6651
1012.9 199.3 7.2 9.1 816.8 136.1 819.4 136.3 817.6 137.8 816.9 139.3 818.9 139.4 0.6637
810.8 294.2 7.1 8.9 848.0 89.2 850.0 89.2 848.3 90.9 848.4 92.5 849.8 92.4 0.6371
349.2 201.9 7.8 9.5 692.5 168.3 695.8 168.2 694.2 170.1 693.1 171.7 695.7 171.6 0.6285
702.9 134.1 6.7 7.8 682.6 82.0 685.2 82.0 683.8 83.4 683.0 84.7 684.9 84.7 0.6200
142.5 578.3 7.4 11.4 171.1 670.3 175.4 670.2 175.3 674.7 171.5 679.0 174.5 679.2 0.6049
731.4 60.1 6.4 7.9 834.1 351.2 834.7 351.7 833.0 353.8 833.7 356.2 834.1 356.4 0.6030
61.0 514.7 10.6 12.8 1014.5 202.9 1017.4 203.2 1015.4 204.8 1014.4 206.5 1016.7 206.7 0.6009
830.8 367.3 7.1 9.8 814.4 297.9 816.5 297.5 816.4 299.6 815.2 301.3 816.6 301.1 0.5923
973.4 324.7 8.2 9.1 350.8 205.9 354.1 205.7 352.3 207.7 351.5 209.6 354.1 209.4 0.5834
845.3 168.0 7.0 8.8 955.3 161.5 957.1 161.9 955.2 163.5 955.1 165.0 956.3 165.3 0.5780
861.2 93.4 5.8 8.3 704.2 136.9 707.0 137.0 705.2 138.6 704.5 140.3 706.6 140.3 0.5726
987.6 437.9 10.8 14.0 240.8 357.0 242.8 357.0 242.6 358.9 240.9 360.8 242.3 360.9 0.5689
1015.6 122.0 6.5 8.2 147.1 582.8 148.5 582.7 148.8 584.9 147.3 587.1 148.2 587.1 0.5674
538.2 143.8 6.9 9.2 732.4 62.8 734.9 63.0 733.0 64.7 732.5 66.3 734.4 66.4 0.5589
304.8 552.9 7.8 10.5 67.0 519.3 69.0 518.9 70.1 521.1 68.6 523.9 69.9 523.8 0.5580
303.5 291.2 8.3 9.1 832.4 370.9 834.0 371.2 832.3 373.0 832.4 374.8 833.4 374.9 0.5564
823.2 74.7 6.5 7.9 974.9 328.5 977.7 328.5 975.8 330.4 975.5 332.1 977.5 332.0 0.5508
947.9 388.6 7.5 10.2 846.5 171.5 849.0 171.8 846.9 173.4 846.6 174.9 848.4 175.1 0.5455
713.6 153.7 6.8 7.8 862.3 96.5 863.8 96.6 862.3 98.3 862.5 99.9 863.5 99.9 0.5318
837.1 84.2 6.7 8.4 989.7 443.0 994.3 443.4 991.0 446.2 989.8 449.0 993.4 449.2 0.5149
132.4 550.8 9.4 10.6 1018.0 124.9 1020.4 125.0 1019.4 126.7 1018.1 128.3 1019.9 128.4 0.5115
299.3 733.9 10.1 13.7 539.5 147.6 542.5 147.9 540.5 149.6 539.6 151.3 541.9 151.4 0.5108
330.1 490.9 7.8 10.9 308.7 557.6 310.9 557.4 310.7 559.6 309.2 561.6 310.7 561.5 0.5056
192.0 549.4 10.3 15.7 305.9 295.0 309.7 294.7 308.1 296.9 306.6 298.8 309.5 298.6 0.5051
860.1 371.9 7.7 11.6 824.5 77.9 826.6 78.0 825.1 79.6 824.9 80.9 826.5 80.9 0.5005
