0--Parade/0_Parade_Parade_0_441.jpg
23
640.3 274.3 22.4 24.9 644.9 283.2 655.0 282.2 649.8 288.2 646.7 292.6 655.6 291.8 0.9994
428.9 208.2 22.9 26.5 436.4 217.9 447.1 217.7 442.7 222.6 437.8 228.1 446.1 228.0 0.9994
422.6 255.9 28.9 33.0 425.4 266.7 435.3 266.0 426.4 272.6 427.0 280.0 434.4 279.2 0.9994
320.6 274.0 24.1 28.0 323.8 283.5 332.4 283.6 325.5 289.0 324.9 294.6 331.7 294.4 0.9993
563.9 214.3 24.7 33.3 574.4 226.6 585.1 227.0 581.6 232.7 573.9 237.7 583.8 238.1 0.9993
27.1 438.4 9.5 11.7 31.0 443.1 34.9 443.6 33.3 445.5 30.9 447.4 33.9 447.8 0.9989
37.1 393.8 9.7 10.8 40.2 397.2 44.7 397.4 42.6 399.7 40.5 401.6 44.0 401.8 0.9971
26.7 341.9 8.7 11.2 30.4 346.1 33.8 346.0 32.7 348.1 31.0 350.3 33.5 350.3 0.9960
4.3 351.3 7.6 9.9 7.3 355.1 10.6 355.4 9.1 357.2 7.2 358.8 9.8 359.1 0.9903
5.6 399.0 8.7 11.1 7.4 403.4 11.6 403.1 9.6 405.6 8.3 408.0 11.7 407.8 0.9890
67.9 439.9 8.9 11.6 72.6 444.5 74.9 444.0 75.3 446.2 73.7 448.7 75.3 448.5 0.9868
54.9 434.0 7.1 9.4 58.8 437.6 61.0 437.4 60.9 439.5 59.3 441.4 60.8 441.4 0.9849
499.4 241.8 17.0 20.7 502.4 249.4 509.5 249.8 504.5 254.0 502.8 258.2 508.3 258.4 0.9746
104.7 350.5 7.9 9.9 0.1 450.3 4.4 450.4 2.5 452.5 0.7 454.6 3.9 454.6 0.9340
62.0 405.5 7.5 8.9 107.2 354.6 110.7 354.4 109.2 356.5 107.7 358.3 110.5 358.2 0.9261
119.4 382.0 6.3 7.6 64.4 408.8 67.9 408.8 66.3 410.7 64.7 412.5 67.4 412.5 0.9225
75.9 348.1 7.6 9.0 121.4 385.0 124.2 384.7 123.2 386.4 122.1 387.9 124.3 387.8 0.9140
105.3 362.9 7.1 8.5 78.4 351.5 81.8 351.4 80.2 353.3 78.8 355.1 81.5 355.1 0.8877
139.2 389.1 7.7 9.9 108.9 366.1 111.4 365.9 110.9 367.7 109.2 369.3 111.1 369.3 0.7905
162.2 444.3 7.1 8.5 143.3 392.7 146.1 392.8 145.5 395.1 143.3 397.2 145.3 397.4 0.7673
44.5 354.5 6.9 8.5 165.0 447.5 167.9 447.2 167.0 449.0 165.7 450.8 167.9 450.6 0.6142
120.2 395.8 7.2 8.2 47.5 358.1 50.0 357.9 49.3 359.6 47.9 361.2 49.9 361.1 0.5580
97.8 393.8 7.1 10.4 123.4 398.6 126.1 398.3 125.6 400.2 124.1 402.2 126.1 402.0 0.5483
