0--Parade/0_Parade_marchingband_1_134.jpg
15
392.8 92.3 52.0 76.4 431.2 115.0 436.1 113.8 444.4 129.6 430.4 147.0 433.8 146.7 0.9996
181.5 111.2 36.0 44.5 198.4 125.5 212.9 124.8 210.8 133.3 201.9 144.1 212.4 143.6 0.9995
41.6 23.2 46.9 60.0 68.2 41.6 78.6 38.4 85.3 49.3 76.2 65.5 84.5 63.5 0.9991
584.5 109.6 24.7 31.2 586.8 119.4 594.4 119.4 587.5 127.1 590.2 132.1 596.9 131.7 0.9990
509.5 95.2 42.5 63.6 538.8 112.7 542.8 110.9 551.7 123.5 540.7 139.0 543.8 138.5 0.9984
453.0 116.2 41.1 64.3 481.7 137.7 484.3 135.9 494.8 148.9 485.4 163.8 487.1 163.2 0.9983
213.2 129.7 25.7 37.6 220.6 141.4 233.5 140.9 227.8 148.0 222.2 157.6 232.2 157.2 0.9977
83.1 81.6 44.7 59.0 109.1 100.9 124.3 100.9 122.7 114.1 107.8 125.3 120.1 126.0 0.9969
317.9 93.1 30.5 41.1 333.5 107.2 342.1 104.8 343.8 113.3 337.5 123.5 343.9 122.2 0.9940
676.7 156.7 29.3 46.0 698.3 171.3 701.1 169.2 707.1 179.1 699.8 190.7 701.5 189.5 0.9931
855.1 125.3 33.7 37.5 869.5 139.9 881.2 138.2 878.2 146.9 873.4 154.2 881.4 153.1 0.9224
793.5 96.0 22.7 33.3 810.2 104.1 813.0 104.0 815.7 111.4 809.6 118.7 812.0 119.1 0.8881
684.4 121.0 31.0 41.4 702.6 134.1 709.6 131.9 712.3 141.6 705.9 151.5 711.0 150.2 0.8461
852.1 129.0 20.6 28.2 863.3 139.8 869.9 138.7 869.5 145.3 865.8 151.3 870.3 150.7 0.5593
894.3 122.6 20.8 28.2 906.2 132.3 911.4 132.1 911.6 138.8 906.8 143.8 910.4 143.8 0.5023
