0--Parade/0_Parade_marchingband_1_872.jpg
39
857.6 100.6 17.2 24.0 861.7 110.4 869.8 110.6 865.5 114.8 862.2 118.4 869.2 118.6 0.9996
700.5 226.7 18.7 21.2 705.6 234.1 714.6 234.9 709.9 238.9 705.6 242.0 713.4 242.6 0.9996
467.7 117.3 17.7 19.5 472.7 123.8 480.6 123.4 477.0 127.9 473.4 131.2 480.3 131.0 0.9996
549.2 119.7 16.6 19.7 553.4 125.9 561.8 125.6 557.7 130.7 554.4 134.3 561.3 134.2 0.9995
581.9 127.6 18.2 20.1 586.8 134.7 595.0 134.6 591.0 137.8 587.5 141.7 594.5 141.7 0.9995
263.4 122.8 16.5 19.5 267.2 130.0 274.8 130.1 270.7 134.4 267.6 136.9 274.7 136.8 0.9995
331.3 113.5 18.2 22.2 335.1 121.8 343.8 121.8 339.1 126.6 336.1 130.0 343.5 130.0 0.9995
107.6 235.9 18.2 23.9 112.7 245.4 121.5 245.3 117.4 250.1 113.3 253.9 120.9 253.8 0.9994
538.3 174.5 18.3 24.6 543.1 184.8 551.8 184.5 547.6 189.7 544.0 193.3 551.5 193.1 0.9994
787.1 181.4 17.9 20.2 791.7 188.8 800.5 188.6 796.3 192.7 793.3 196.9 799.7 196.8 0.9993
391.9 188.5 17.5 22.2 397.0 197.9 405.2 197.5 401.4 202.3 398.0 205.9 404.4 205.7 0.9993
102.0 116.4 18.9 23.3 108.9 125.3 117.4 126.2 113.5 130.1 108.9 133.6 115.8 134.3 0.9993
177.1 143.0 14.1 18.2 180.3 150.4 186.7 150.5 183.2 153.6 180.8 156.8 186.1 156.8 0.9993
612.5 204.4 17.0 20.8 617.1 212.5 625.2 212.3 621.3 217.1 617.8 220.1 624.8 219.9 0.9993
710.7 127.9 16.2 19.5 715.7 135.2 723.3 134.7 720.1 139.1 717.2 143.1 722.7 142.8 0.9993
790.2 120.3 16.4 20.4 795.3 127.9 803.2 128.5 799.5 132.0 795.4 135.4 802.1 135.8 0.9993
287.3 183.2 18.9 22.8 291.9 192.4 300.6 192.1 296.2 196.3 292.8 199.9 300.4 199.7 0.9993
170.0 228.1 18.8 25.3 174.6 238.0 183.5 238.3 178.7 242.9 175.0 246.7 182.6 247.0 0.9993
201.9 133.3 16.6 21.0 205.2 142.5 212.6 141.6 208.7 146.2 206.9 149.8 212.8 149.1 0.9992
788.1 226.7 18.2 23.1 793.1 235.5 801.7 236.0 797.2 240.5 793.2 243.6 800.7 244.1 0.9992
236.8 117.5 17.1 20.8 241.4 125.4 249.6 125.0 245.8 129.6 242.4 133.4 249.1 133.1 0.9992
301.2 112.0 16.1 20.4 305.0 120.6 312.2 119.1 309.1 124.2 307.3 128.3 312.9 127.1 0.9991
143.6 130.1 16.8 20.6 148.1 138.2 156.1 138.3 152.1 141.8 148.2 144.8 155.7 144.9 0.9991
675.5 112.7 17.3 19.6 680.6 120.4 688.9 120.0 685.2 123.3 681.7 127.4 688.3 127.2 0.9991
521.4 130.7 16.0 19.6 525.7 137.9 533.3 138.1 529.5 142.0 526.3 145.4 532.5 145.6 0.9991
915.6 116.0 17.4 22.7 920.6 126.1 928.5 125.6 925.0 129.5 922.0 133.8 928.1 133.4 0.9991
617.7 119.9 15.1 19.5 621.8 126.9 629.4 127.1 625.8 131.0 622.5 134.7 628.4 134.9 0.9991
862.8 228.8 17.9 24.2 868.6 238.9 876.7 238.9 873.1 243.4 869.1 246.8 876.1 246.8 0.9989
490.6 129.1 14.8 17.0 494.2 135.2 501.1 134.3 498.1 138.6 495.9 142.3 501.1 141.7 0.9989
247.1 230.7 19.6 26.7 252.6 241.4 262.5 241.2 258.0 246.8 253.3 250.7 261.9 250.6 0.9988
643.9 133.9 15.9 20.2 649.2 141.3 656.3 141.3 653.1 145.3 649.6 149.2 655.6 149.3 0.9988
772.6 122.2 15.6 19.9 777.0 129.7 784.8 129.3 781.4 134.1 778.3 137.8 784.3 137.6 0.9988
671.2 181.0 17.5 23.6 675.2 190.6 683.6 190.5 679.0 194.9 675.9 199.1 683.1 199.0 0.9987
144.4 189.1 15.8 20.6 148.5 196.9 156.6 196.4 152.9 201.0 149.6 204.8 156.3 204.4 0.9987
727.9 183.5 18.2 21.4 733.9 192.0 742.4 192.0 738.7 195.9 734.3 199.3 741.6 199.5 0.9987
467.0 203.2 16.2 20.4 471.7 211.6 479.5 211.2 476.0 215.3 472.9 218.9 479.2 218.6 0.9985
827.0 108.4 17.6 22.7 832.6 117.6 840.4 116.7 837.4 121.6 834.4 126.2 840.2 125.5 0.9978
400.2 149.5 14.7 19.6 403.8 157.3 410.9 157.3 407.3 161.2 404.5 164.4 410.4 164.4 0.9976
214.3 183.2 16.2 21.7 218.1 192.4 225.8 192.2 221.9 196.0 219.3 200.3 225.2 200.1 0.9975
