0--Parade/0_Parade_marchingband_1_48.jpg
22
882.9 125.8 52.7 60.1 889.4 142.1 900.1 143.9 883.2 154.4 891.0 168.7 897.7 169.4 0.9998
82.7 132.1 53.5 65.0 88.3 152.6 106.7 151.9 89.8 164.3 90.7 178.7 105.6 178.0 0.9997
697.5 119.3 45.3 48.9 704.3 133.9 722.4 133.5 709.1 143.1 706.4 155.0 720.0 154.5 0.9996
335.9 194.4 35.1 39.2 341.6 207.2 356.3 206.7 347.0 216.6 345.6 224.4 356.3 223.8 0.9996
409.3 198.4 45.0 52.5 415.0 214.5 429.8 214.6 415.9 224.5 415.6 236.2 426.7 235.9 0.9994
270.7 33.3 12.4 15.0 278.5 38.9 281.6 38.6 281.9 41.9 278.7 44.8 280.7 44.8 0.9986
587.5 14.2 10.6 14.6 591.1 20.3 595.9 20.1 593.8 23.0 591.6 25.7 595.4 25.6 0.9976
287.0 157.1 32.8 41.9 291.0 168.9 298.6 169.5 289.2 178.5 293.6 187.4 299.5 187.2 0.9976
453.9 49.6 11.8 14.2 457.3 54.7 462.7 54.9 459.9 57.5 457.6 60.1 462.0 60.3 0.9961
180.6 55.0 10.5 14.6 182.3 60.3 185.4 61.0 182.1 63.4 182.2 66.1 184.4 66.5 0.9906
43.8 33.3 10.1 12.8 46.4 38.2 51.0 38.2 48.6 40.8 47.0 43.2 50.4 43.1 0.9872
407.6 80.8 12.8 15.5 410.3 87.1 415.6 86.6 412.7 89.9 411.5 93.0 415.6 92.6 0.9872
790.8 32.0 10.4 13.2 793.2 36.9 797.9 36.9 795.4 39.7 793.7 42.4 797.4 42.4 0.9831
78.9 32.9 11.2 14.9 80.5 40.3 83.9 39.3 82.1 43.2 83.2 45.8 85.4 44.9 0.9784
668.0 25.4 12.1 14.0 669.6 29.7 674.0 30.3 669.8 32.8 669.3 35.8 672.2 36.2 0.9500
797.2 58.5 11.0 12.6 799.0 62.4 803.8 63.1 800.3 65.4 798.9 67.7 802.5 68.1 0.9403
816.9 11.7 9.5 12.7 822.4 16.5 824.5 16.1 824.9 18.6 823.0 21.2 824.6 21.1 0.9148
62.0 133.2 33.1 44.7 72.7 148.4 86.5 146.7 80.7 158.5 76.1 167.9 86.7 166.5 0.8463
202.5 107.5 11.6 13.4 204.2 112.5 208.3 112.1 205.2 115.4 205.6 118.4 208.4 118.0 0.8302
628.4 24.4 10.3 12.1 630.8 29.2 635.8 29.0 633.3 31.8 631.8 34.4 635.7 34.2 0.8097
870.4 0.0 11.5 10.0 872.4 -0.1 877.2 0.5 873.7 3.3 872.5 6.2 876.1 6.6 0.7863
857.1 50.3 10.7 11.4 861.2 54.5 865.3 54.4 863.8 57.0 861.9 59.4 864.9 59.4 0.7415
