0--Parade/0_Parade_Parade_0_47.jpg
27
155.0 442.9 9.8 12.6 157.9 447.1 162.5 447.4 160.2 449.9 158.0 452.1 161.8 452.3 0.9992
108.7 441.0 11.7 14.0 113.0 446.3 118.1 446.0 116.3 448.6 113.8 451.4 118.0 451.3 0.9985
926.7 420.0 11.2 13.8 929.0 424.9 934.0 424.2 931.5 427.7 930.1 430.5 934.4 429.9 0.9983
787.9 435.4 11.2 14.4 791.0 440.4 795.9 440.6 793.3 443.1 791.1 445.8 795.3 446.0 0.9982
826.7 430.2 11.4 14.2 829.9 435.2 835.0 435.3 832.4 437.8 830.3 440.7 834.4 440.7 0.9981
312.8 424.9 14.1 15.9 315.4 430.1 321.4 429.9 317.6 433.0 316.2 436.7 320.6 436.5 0.9978
839.9 423.9 11.5 15.4 843.4 430.7 848.6 430.4 846.5 433.6 844.2 436.4 848.5 436.2 0.9973
202.6 442.2 11.6 13.6 206.1 447.3 211.3 446.4 209.3 449.6 207.4 452.8 211.4 452.2 0.9966
735.3 376.9 10.2 14.7 741.3 382.9 744.0 382.7 744.2 385.7 741.6 388.3 743.6 388.3 0.9965
897.4 427.4 11.8 14.4 899.5 432.2 904.7 431.8 901.7 435.0 900.3 438.1 904.6 437.7 0.9964
92.4 440.5 10.2 12.3 95.0 444.8 99.7 445.1 97.1 447.3 95.3 449.8 98.8 450.0 0.9964
948.9 433.0 11.2 14.3 951.5 437.6 955.9 437.7 953.0 439.7 951.5 442.9 955.3 442.9 0.9959
881.7 434.0 9.7 12.6 883.7 438.8 888.3 438.9 885.8 441.6 884.3 444.0 887.8 444.0 0.9952
511.2 441.0 13.3 14.5 515.5 445.9 521.5 445.9 518.8 449.0 516.3 452.0 520.6 452.0 0.9935
695.2 372.9 10.4 13.5 696.7 378.1 700.6 378.0 697.6 380.6 697.3 383.4 700.2 383.2 0.9896
186.3 439.4 9.2 12.4 187.9 443.6 191.2 443.4 188.9 446.1 188.5 448.8 191.1 448.6 0.9827
496.0 356.7 11.5 13.3 497.7 361.2 501.3 361.9 497.6 364.1 497.7 366.8 500.1 367.1 0.9780
258.9 431.4 10.5 13.2 261.1 435.6 265.6 435.7 262.9 438.2 261.4 441.0 265.1 441.1 0.9748
387.8 370.5 11.9 13.8 390.0 374.4 393.9 374.9 390.6 377.8 390.2 380.7 393.0 380.9 0.9695
680.3 435.0 11.9 13.7 682.7 439.4 687.4 440.0 684.3 442.8 683.2 445.3 686.7 445.6 0.9646
360.4 403.6 10.0 12.0 361.6 407.4 364.4 407.8 361.4 410.2 361.9 412.7 363.8 412.9 0.9579
993.7 431.1 11.7 15.0 997.1 435.7 1002.8 435.9 1000.1 438.8 997.5 442.1 1002.1 442.3 0.9573
22.7 415.8 11.5 12.2 26.6 419.4 31.4 419.8 28.9 422.2 26.4 424.7 30.3 425.0 0.9548
402.6 410.4 10.4 12.7 404.1 414.8 407.6 415.3 404.5 417.7 404.5 420.1 406.7 420.3 0.9238
970.8 426.7 9.2 11.3 973.6 431.0 977.9 431.0 975.9 433.3 974.1 435.6 977.5 435.6 0.8487
343.7 393.2 9.9 12.9 344.7 397.7 347.1 398.0 344.4 400.8 345.4 403.5 347.0 403.5 0.8441
923.1 421.0 9.3 12.5 927.0 426.0 930.9 425.1 929.7 428.2 928.4 430.8 931.7 430.2 0.5369
