0--Parade/0_Parade_marchingband_1_614.jpg
208
465.5 132.5 9.9 12.0 467.7 136.4 472.4 136.4 469.7 138.6 468.1 141.3 471.8 141.4 0.9999
273.8 307.1 12.8 16.8 277.5 313.6 283.4 313.7 280.4 316.5 277.7 319.3 282.8 319.4 0.9998
354.3 276.1 12.8 16.5 357.8 282.8 363.8 282.7 361.0 285.9 358.4 288.8 363.4 288.7 0.9998
616.9 178.1 10.8 14.0 619.9 183.6 625.2 183.7 622.4 186.3 620.2 188.8 624.7 188.9 0.9998
806.0 222.4 13.0 15.3 809.4 228.2 815.5 228.3 812.4 231.3 810.0 234.0 815.0 234.0 0.9997
946.8 296.5 13.5 15.9 949.9 302.6 956.0 302.3 952.8 305.8 950.6 308.3 956.0 308.1 0.9997
257.5 152.9 9.6 12.3 260.0 157.6 264.4 157.5 262.3 159.7 260.5 162.0 264.2 161.9 0.9997
135.9 314.8 12.9 17.4 139.5 321.7 145.6 322.0 142.4 324.9 139.5 327.8 144.8 328.0 0.9997
314.4 234.2 11.8 15.1 317.6 240.1 323.3 240.0 320.5 242.8 318.1 245.5 323.0 245.4 0.9996
387.3 131.4 10.3 13.5 390.4 136.7 395.2 137.0 392.7 139.4 390.3 141.5 394.4 141.8 0.9996
656.0 293.5 13.0 15.1 659.7 298.1 665.8 298.0 662.9 300.6 660.1 304.1 665.4 304.0 0.9996
694.0 182.7 11.5 14.3 696.8 187.7 702.4 187.7 699.7 190.6 697.3 193.6 701.8 193.6 0.9996
625.8 137.3 9.5 11.6 628.1 141.8 632.6 141.6 630.4 143.9 628.7 146.1 632.5 146.0 0.9996
208.3 167.7 9.5 12.3 210.9 172.5 215.5 172.7 213.2 174.7 211.3 177.0 214.9 177.2 0.9996
900.7 179.0 10.3 13.0 903.4 183.6 908.5 183.8 905.9 186.2 903.5 188.7 907.9 188.8 0.9996
421.5 183.2 10.0 12.6 424.2 187.8 428.7 187.7 426.5 190.0 424.6 192.4 428.5 192.4 0.9996
280.5 188.7 11.4 13.9 284.2 193.5 289.5 193.9 286.9 196.2 284.5 199.0 288.6 199.3 0.9996
885.9 263.0 13.7 17.7 889.3 270.2 895.9 269.8 892.9 273.2 890.4 276.5 896.0 276.1 0.9996
453.6 215.8 11.9 15.2 456.5 221.9 462.3 221.5 459.5 224.6 457.4 227.5 462.4 227.2 0.9996
374.7 189.9 10.5 13.6 376.8 195.2 381.9 194.8 379.5 197.7 377.8 200.5 382.0 200.1 0.9996
773.9 207.2 12.3 15.4 777.3 213.3 783.0 213.0 780.4 216.4 778.2 219.2 782.8 219.0 0.9996
593.3 148.9 10.0 12.0 595.8 152.7 600.8 152.7 598.4 155.2 596.4 157.9 600.3 157.8 0.9996
122.4 228.0 11.2 13.7 124.9 233.1 130.4 233.0 127.5 235.9 125.6 238.7 129.8 238.6 0.9996
440.5 180.4 10.4 12.8 443.1 184.8 447.9 184.7 445.5 187.0 443.8 189.9 447.5 189.8 0.9996
722.0 248.2 13.4 16.8 725.9 255.2 732.3 255.1 729.4 258.1 726.3 260.8 731.8 260.7 0.9996
710.1 205.9 11.3 13.9 713.0 210.9 718.4 210.7 715.8 213.5 713.6 216.3 718.1 216.2 0.9996
164.7 370.7 16.7 19.0 169.0 376.9 176.7 376.3 173.1 380.4 170.4 384.8 176.2 384.4 0.9996
671.0 155.6 10.5 12.3 674.2 159.6 679.1 159.4 676.9 161.9 674.8 164.5 678.9 164.4 0.9995
494.2 381.3 15.9 19.0 498.5 387.2 505.7 387.3 502.0 391.1 498.7 394.3 505.1 394.5 0.9995
648.6 180.4 10.9 13.4 652.2 184.4 657.3 184.9 654.8 187.3 652.1 189.9 656.3 190.4 0.9995
427.1 163.8 10.6 13.5 430.0 168.6 435.0 168.9 432.3 171.2 430.0 173.6 434.2 173.8 0.9995
872.2 183.5 11.1 13.8 875.3 188.7 881.0 188.4 878.7 191.4 876.2 194.3 880.8 194.1 0.9995
710.3 153.0 10.5 13.7 713.1 158.0 718.2 158.0 715.6 160.5 713.5 163.1 717.8 163.1 0.9995
381.6 165.8 10.4 13.1 384.3 170.8 389.2 170.9 386.7 173.2 384.5 175.5 388.7 175.6 0.9995
411.2 142.2 10.5 12.3 414.1 146.6 418.9 146.5 416.6 149.0 414.7 151.4 418.7 151.3 0.9995
830.8 186.8 10.8 12.0 833.4 190.6 838.9 190.3 836.3 192.9 834.3 195.8 838.6 195.5 0.9995
597.7 379.9 14.9 19.3 601.9 387.5 609.0 387.2 605.8 391.3 602.5 394.4 608.7 394.1 0.9995
362.7 234.9 11.5 15.0 365.9 240.0 371.3 240.5 368.4 243.3 366.0 245.9 370.5 246.2 0.9995
871.9 210.7 11.1 15.3 875.2 216.9 880.5 216.5 878.2 219.6 876.0 222.6 880.1 222.4 0.9995
219.1 286.5 11.5 14.6 222.2 291.8 227.9 291.9 225.1 294.6 222.5 297.4 227.3 297.5 0.9995
751.4 295.4 12.8 16.2 754.9 301.8 761.1 301.7 758.2 304.9 755.5 308.0 760.7 307.9 0.9995
466.3 196.2 10.4 12.9 469.1 201.1 474.2 201.0 471.8 203.5 469.6 206.0 473.9 206.0 0.9994
818.4 376.8 15.4 18.5 823.2 383.6 829.9 383.4 826.9 387.6 823.9 390.4 829.5 390.3 0.9994
75.9 290.2 11.8 14.5 79.2 294.7 84.9 294.8 82.2 297.8 79.5 300.6 84.3 300.8 0.9994
149.8 257.5 12.2 16.0 152.5 263.9 158.4 264.0 155.3 266.9 153.0 269.7 157.9 269.7 0.9994
932.0 358.4 14.9 19.0 936.5 365.3 943.5 365.3 940.3 369.1 936.7 371.9 943.2 371.9 0.9994
665.8 207.9 11.4 13.6 668.7 212.6 674.3 212.5 671.5 215.5 669.3 218.2 673.9 218.2 0.9994
629.8 249.2 11.5 15.0 632.9 255.1 638.4 254.9 635.8 257.7 633.5 260.5 638.2 260.4 0.9994
794.5 297.1 12.9 14.6 797.8 301.8 803.8 301.9 800.7 305.3 798.4 308.1 803.0 308.1 0.9994
244.1 254.4 12.5 15.3 247.8 260.0 253.4 260.1 250.7 262.7 247.9 265.5 252.9 265.6 0.9994
500.1 192.7 11.0 13.4 502.9 197.7 507.9 197.4 505.5 200.0 503.5 202.6 507.8 202.4 0.9994
331.8 166.9 9.9 13.2 334.6 172.2 339.2 172.2 337.0 174.6 335.0 176.9 338.9 176.9 0.9994
424.0 328.0 14.4 20.1 427.8 335.5 434.7 335.5 431.2 339.5 427.9 342.4 434.5 342.4 0.9994
480.6 139.0 10.6 12.6 483.0 143.7 487.9 143.6 485.4 146.0 483.6 148.5 487.7 148.3 0.9994
223.8 181.3 11.2 14.3 226.6 187.1 231.9 187.2 229.0 189.9 227.0 192.4 231.3 192.5 0.9994
704.6 387.3 16.2 19.6 710.0 394.7 717.2 394.5 714.1 398.7 710.4 401.7 716.8 401.6 0.9994
545.4 398.3 14.2 19.3 549.1 406.3 555.7 405.9 552.6 409.5 550.1 413.0 555.8 412.7 0.9994
384.2 399.8 15.1 18.3 387.8 406.4 395.0 406.3 391.3 409.9 388.3 412.8 394.9 412.7 0.9994
259.9 281.7 12.4 16.7 263.4 289.1 269.3 288.9 266.4 292.1 263.9 294.9 268.9 294.9 0.9994
562.0 216.2 10.3 13.2 564.8 221.4 569.8 221.4 567.3 223.9 565.1 226.3 569.4 226.3 0.9993
639.1 215.0 13.2 15.5 642.9 220.2 649.4 220.0 646.6 223.1 644.0 226.7 648.9 226.6 0.9993
177.1 145.3 10.8 12.2 179.7 149.3 184.8 149.1 182.2 151.7 180.5 154.4 184.5 154.2 0.9993
210.2 219.0 11.6 14.8 212.4 224.9 217.6 224.5 214.9 227.4 213.4 230.2 217.8 229.8 0.9993
364.6 304.8 13.5 17.7 368.3 311.8 374.3 311.6 371.3 315.1 368.7 318.0 374.0 317.8 0.9993
860.2 133.4 10.2 12.7 862.7 138.3 867.3 138.2 864.9 140.5 863.2 142.8 867.1 142.7 0.9993
126.8 289.2 11.4 15.1 129.5 294.4 135.1 294.4 132.2 297.4 129.9 300.3 134.7 300.3 0.9993
702.2 296.3 13.2 15.0 706.6 300.7 712.5 300.6 710.0 303.8 707.2 307.1 712.0 307.0 0.9993
353.5 181.6 11.2 13.3 356.3 186.3 361.9 186.5 359.0 189.0 356.5 191.5 361.1 191.6 0.9993
871.2 373.6 15.6 19.7 875.4 380.3 883.2 380.5 879.4 384.3 875.7 388.3 882.2 388.6 0.9993
673.9 245.0 11.8 14.6 678.4 250.2 683.6 250.3 681.7 253.2 678.6 256.0 682.8 256.2 0.9993
402.1 274.3 11.8 16.3 405.2 281.2 410.8 281.3 407.9 284.3 405.5 287.2 410.2 287.3 0.9993
172.6 174.3 10.2 11.9 174.9 178.1 179.7 178.0 177.2 180.3 175.3 182.7 179.5 182.6 0.9993
894.2 156.1 10.8 13.6 896.7 161.5 901.6 161.5 898.9 164.1 897.2 166.5 901.3 166.5 0.9993
519.2 287.6 12.1 16.3 522.4 293.6 528.0 293.8 525.1 296.5 522.7 299.5 527.5 299.6 0.9992
855.5 158.1 10.4 13.1 858.9 163.3 863.6 163.3 861.5 165.8 859.3 168.3 863.2 168.3 0.9992
934.6 265.6 12.4 14.9 938.3 270.4 944.2 270.5 941.6 273.5 939.2 276.8 943.6 276.9 0.9992
291.9 168.8 10.5 12.9 294.5 173.4 299.2 173.3 296.8 175.7 294.9 178.1 298.8 178.1 0.9992
376.4 209.1 11.0 15.4 379.1 215.1 384.7 215.0 382.0 218.1 379.9 221.0 384.3 220.9 0.9992
272.4 233.0 11.8 14.6 275.7 238.4 281.3 238.2 278.8 241.1 276.3 244.0 281.0 243.9 0.9992
550.9 134.5 8.5 10.2 553.4 137.8 557.5 137.8 555.5 139.9 553.7 142.0 557.2 142.0 0.9992
307.8 278.9 12.0 14.9 311.0 284.2 317.0 284.1 314.1 287.1 311.6 290.1 316.6 290.0 0.9992
519.7 329.8 14.4 18.3 523.8 336.0 530.6 336.1 527.2 339.6 524.0 342.8 530.1 342.8 0.9992
297.3 132.7 10.6 13.1 300.6 137.8 305.5 137.6 303.3 140.1 301.1 142.5 305.3 142.4 0.9992
384.8 242.8 12.1 14.6 387.6 248.0 393.5 248.0 390.3 251.0 388.3 253.9 393.1 253.8 0.9992
172.6 219.9 11.2 13.6 175.4 225.3 180.5 225.4 177.8 227.9 176.0 230.5 179.8 230.5 0.9992
643.5 143.4 10.2 13.5 646.0 148.0 650.8 148.1 648.2 150.8 646.2 153.3 650.3 153.4 0.9992
628.1 152.9 11.0 13.8 631.2 158.4 636.6 158.5 634.0 161.2 631.6 163.7 635.8 163.8 0.9992
851.1 179.3 10.5 14.0 853.9 184.6 858.9 184.5 856.5 187.2 854.5 189.9 858.5 189.9 0.9992
652.2 258.0 14.4 16.9 656.0 263.1 663.1 263.0 659.6 266.2 656.4 270.1 662.4 270.0 0.9992
700.4 255.0 12.9 17.6 704.0 261.7 710.3 261.5 707.4 265.2 704.7 268.6 709.7 268.4 0.9992
111.0 237.7 12.5 15.5 114.5 242.9 120.5 243.5 117.4 246.2 114.5 249.0 119.4 249.5 0.9992
395.3 180.2 10.2 12.4 397.7 184.9 402.3 184.3 400.0 186.9 398.6 189.6 402.2 189.2 0.9992
516.4 259.7 11.9 15.6 519.8 265.7 525.4 265.7 522.9 268.6 520.2 271.4 525.0 271.5 0.9992
714.2 179.5 10.3 12.9 716.6 184.7 721.6 184.5 719.1 186.9 717.1 189.1 721.5 189.0 0.9992
688.2 143.3 9.8 12.9 691.0 148.3 695.5 148.3 693.3 150.9 691.4 153.1 695.1 153.1 0.9992
742.5 157.1 10.9 13.1 745.3 161.1 750.6 161.1 748.0 164.0 745.8 166.7 750.1 166.6 0.9992
422.2 215.7 11.6 15.2 425.4 221.7 430.8 221.7 428.2 224.5 425.9 227.3 430.4 227.3 0.9992
762.2 219.3 10.8 13.5 764.8 223.8 769.8 223.4 767.5 226.4 765.7 229.2 769.9 228.9 0.9992
895.7 294.1 13.0 17.0 898.7 300.8 904.5 300.9 901.2 303.8 899.0 306.8 904.0 306.8 0.9992
262.2 180.6 10.7 14.0 265.1 186.4 270.2 186.4 267.7 189.0 265.8 191.6 269.6 191.6 0.9992
841.6 291.9 13.4 15.2 844.8 297.0 851.1 296.7 847.8 299.3 845.5 302.7 850.9 302.4 0.9992
728.5 222.3 11.8 15.2 732.0 228.3 737.7 228.1 735.2 231.0 732.4 233.5 737.5 233.4 0.9992
317.9 306.9 12.5 15.6 320.7 312.7 326.5 312.6 323.4 315.9 321.0 318.1 326.4 318.0 0.9992
222.7 231.5 12.5 14.7 225.7 236.2 231.9 235.8 229.0 239.0 226.8 242.4 231.8 242.0 0.9991
772.5 156.9 9.2 11.3 774.6 161.0 779.3 161.0 776.8 163.4 774.9 165.8 778.8 165.8 0.9991
297.1 148.8 9.3 12.5 299.7 153.6 304.1 153.8 301.8 155.9 299.8 158.0 303.6 158.2 0.9991
684.1 215.6 11.8 15.4 687.0 222.0 692.6 221.7 689.9 224.8 687.9 227.6 692.6 227.4 0.9991
728.8 141.9 9.2 12.0 730.6 146.3 734.9 146.2 732.7 148.6 731.3 151.1 734.8 151.0 0.9991
594.1 258.3 11.8 16.5 597.3 264.4 602.8 264.6 600.0 267.4 597.5 270.5 602.2 270.6 0.9991
820.6 208.5 11.9 16.1 823.9 214.6 829.8 214.6 827.1 217.5 824.5 220.8 829.3 220.7 0.9991
464.8 162.4 9.9 11.9 467.3 166.9 471.9 166.8 469.7 169.0 467.7 171.2 471.6 171.2 0.9991
270.4 372.4 15.5 17.1 274.2 377.2 281.4 377.0 277.8 380.4 275.1 384.6 280.8 384.5 0.9991
604.2 147.5 9.8 12.1 606.5 152.4 611.0 152.3 608.7 154.8 607.0 157.0 610.7 156.9 0.9991
237.5 132.8 10.8 14.1 240.4 138.1 245.6 138.0 243.2 140.4 240.9 143.1 245.3 143.0 0.9991
433.2 262.0 12.1 15.0 436.5 267.6 442.4 267.8 439.4 270.4 436.8 272.9 441.8 273.1 0.9991
812.4 157.0 9.7 12.5 814.8 162.0 819.8 161.8 817.6 164.4 815.6 167.0 819.6 166.8 0.9991
248.7 168.7 10.2 13.6 252.0 174.1 256.8 174.4 254.4 176.7 252.0 179.0 256.0 179.2 0.9990
862.9 247.4 12.0 14.1 865.9 252.0 871.9 252.2 868.8 254.5 866.5 257.8 871.1 257.9 0.9990
604.8 285.0 12.6 14.7 607.9 289.7 614.2 289.5 611.2 292.8 608.6 295.7 613.9 295.5 0.9990
471.4 258.3 12.4 15.8 474.5 264.3 480.3 264.3 477.3 267.1 475.0 270.0 479.9 270.0 0.9990
183.4 236.7 12.0 14.6 186.4 242.2 192.3 242.2 189.4 245.1 186.9 247.8 191.9 247.7 0.9990
606.6 191.0 10.9 12.9 609.3 195.8 614.4 195.5 611.9 198.3 610.1 200.9 614.3 200.7 0.9990
754.6 134.7 9.3 11.6 757.5 139.0 761.7 139.2 759.6 141.2 757.6 143.3 761.1 143.4 0.9990
667.7 178.2 10.4 13.1 670.2 183.1 675.4 183.2 672.8 185.7 670.5 188.3 674.9 188.4 0.9990
809.5 179.0 10.9 14.1 812.6 184.5 817.7 184.5 815.3 187.1 813.1 189.7 817.4 189.7 0.9990
234.9 308.4 12.4 17.2 238.3 315.0 244.3 314.8 241.5 318.2 238.8 321.2 243.9 321.1 0.9990
437.2 382.9 15.9 18.9 441.2 388.5 449.0 388.4 445.3 392.2 442.4 396.8 448.3 396.7 0.9990
626.2 200.7 11.6 15.0 628.9 207.1 634.5 207.0 631.6 209.5 629.5 212.3 634.1 212.2 0.9990
794.8 263.8 12.1 14.0 798.0 268.3 804.0 268.2 801.1 271.3 798.6 274.3 803.3 274.3 0.9990
239.2 192.7 11.0 13.0 241.7 197.5 246.8 197.4 244.1 200.0 242.4 202.8 246.3 202.7 0.9989
902.4 227.2 11.8 14.9 905.6 232.0 911.2 232.0 908.4 235.2 906.0 238.2 910.7 238.1 0.9989
290.0 251.8 11.4 15.0 293.4 257.2 298.8 257.3 296.0 260.0 293.7 262.9 298.2 263.0 0.9989
210.5 361.5 15.1 18.9 214.4 368.3 221.6 368.2 218.1 372.1 215.3 375.8 220.8 375.7 0.9989
923.2 183.0 12.2 15.1 926.3 188.8 932.1 188.5 929.4 191.5 927.3 194.6 932.0 194.3 0.9989
838.8 266.2 13.5 15.1 842.4 271.3 848.8 271.1 845.8 274.7 843.0 277.3 848.4 277.1 0.9989
852.8 226.9 11.1 14.0 855.5 230.8 860.9 231.1 858.0 233.9 855.7 236.9 860.2 237.1 0.9989
411.3 313.3 12.6 16.6 414.4 319.4 420.7 319.1 417.6 322.4 415.1 325.5 420.4 325.4 0.9988
428.6 133.8 8.8 11.5 430.3 138.0 434.0 138.3 431.5 140.3 430.4 142.5 433.5 142.6 0.9988
508.5 131.9 9.5 12.9 511.3 136.6 515.7 136.7 513.6 139.0 511.7 141.6 515.2 141.7 0.9988
196.0 254.7 11.4 14.9 198.8 260.0 204.5 259.8 201.7 262.7 199.6 265.9 204.1 265.7 0.9988
906.4 249.7 11.8 14.2 909.8 254.8 915.5 254.9 912.8 257.7 910.1 260.3 914.8 260.4 0.9988
150.0 181.7 10.2 12.0 153.1 185.5 157.9 185.6 155.5 188.1 153.3 190.6 157.2 190.7 0.9988
180.5 312.6 13.4 15.4 183.8 317.6 190.3 317.2 187.3 321.0 185.0 324.4 189.9 324.1 0.9988
304.9 182.2 11.5 14.3 307.8 187.4 313.1 187.4 310.3 190.4 308.3 192.9 312.7 192.8 0.9988
53.7 368.5 17.2 22.6 57.9 376.9 66.0 376.2 62.2 381.3 59.3 385.8 65.9 385.2 0.9988
745.4 258.4 11.8 14.9 748.1 264.0 754.0 263.6 751.2 266.9 749.3 270.0 754.1 269.7 0.9988
763.8 355.1 14.9 18.1 768.4 361.7 775.3 361.1 772.4 365.1 769.4 368.6 775.2 368.2 0.9988
816.3 138.3 10.9 13.6 818.8 143.4 824.1 143.5 821.3 146.0 819.2 148.6 823.6 148.7 0.9988
785.0 185.6 10.8 12.2 788.2 189.4 793.4 189.2 791.1 192.0 788.9 194.8 792.9 194.6 0.9988
146.2 237.8 11.2 14.1 149.5 243.5 154.7 243.7 151.9 246.5 149.8 249.0 154.0 249.1 0.9988
92.3 316.6 12.7 15.6 95.9 323.3 101.9 322.9 99.3 325.6 97.2 328.9 101.6 328.6 0.9988
375.6 143.5 11.0 13.5 379.0 148.7 384.0 148.6 381.7 151.3 379.5 153.8 383.4 153.8 0.9988
569.2 147.6 10.4 12.3 571.9 151.7 576.7 151.3 574.5 154.2 572.9 156.9 576.5 156.7 0.9988
171.4 286.8 12.7 15.7 174.1 292.0 180.6 292.2 177.0 295.2 174.6 298.4 180.0 298.6 0.9988
269.7 216.5 11.1 13.6 272.6 221.9 277.8 221.9 275.1 224.5 273.2 226.9 277.3 226.9 0.9988
666.6 137.4 9.2 11.4 669.1 141.2 673.4 141.2 671.2 143.0 669.4 145.4 673.1 145.4 0.9988
812.3 252.2 12.1 15.5 815.3 258.2 821.1 258.2 818.1 261.0 815.7 263.9 820.6 263.9 0.9987
490.5 215.9 10.2 13.6 493.2 221.4 498.1 221.2 495.9 223.7 493.9 226.2 498.0 226.1 0.9987
573.8 195.2 10.9 13.2 576.6 200.8 581.8 200.2 579.6 202.6 577.5 205.3 581.8 204.9 0.9987
338.2 147.3 10.5 13.5 340.8 152.1 345.8 152.2 343.2 154.7 341.1 157.2 345.3 157.2 0.9987
801.4 133.3 9.5 11.8 803.9 137.4 808.4 137.5 806.0 139.8 804.2 142.0 807.8 142.1 0.9987
436.9 288.8 11.3 14.6 439.4 294.3 444.7 294.4 441.8 297.1 439.7 299.8 444.3 299.8 0.9986
328.7 382.7 15.8 18.8 332.7 389.7 340.1 389.1 336.7 392.7 334.1 396.9 339.8 396.5 0.9986
738.4 182.3 12.5 14.9 741.4 187.8 747.3 187.6 744.3 190.6 742.2 193.5 747.0 193.3 0.9986
336.7 247.7 13.1 17.3 340.2 254.0 346.7 254.4 343.3 257.7 340.6 261.0 345.3 261.3 0.9986
652.2 372.4 14.9 18.5 655.8 378.7 662.6 378.8 659.0 382.7 656.5 386.1 662.0 386.1 0.9986
139.2 192.5 11.6 14.4 141.9 198.0 147.4 198.0 144.3 200.4 142.2 203.3 146.6 203.3 0.9986
196.2 194.7 10.7 13.7 198.9 200.0 203.9 199.8 201.4 202.9 199.8 205.5 203.4 205.4 0.9986
447.4 141.6 10.3 11.8 450.5 145.3 455.4 145.2 453.3 147.4 451.4 150.3 455.2 150.1 0.9986
491.0 314.0 12.3 16.2 494.2 320.3 500.0 320.6 496.9 323.3 494.1 325.4 499.7 325.6 0.9986
598.2 215.0 10.3 14.0 601.1 219.6 605.9 220.2 603.2 222.6 600.8 225.0 605.1 225.4 0.9985
98.7 258.0 12.4 14.4 102.1 262.0 108.0 261.8 105.2 265.1 102.7 268.3 107.6 268.2 0.9985
926.1 220.8 11.8 13.7 929.7 226.2 935.0 226.2 932.5 228.9 930.5 231.5 934.4 231.5 0.9984
763.8 180.1 10.3 11.2 766.8 183.8 771.7 183.5 769.6 186.4 767.6 188.7 771.4 188.5 0.9984
189.9 182.5 11.5 12.9 193.2 186.7 198.1 187.1 195.3 189.2 193.1 191.8 197.0 192.1 0.9983
211.5 149.3 10.0 12.8 213.9 153.7 218.5 153.7 216.1 155.9 214.2 158.5 218.2 158.5 0.9983
769.3 254.0 11.3 12.9 772.1 258.3 777.5 258.4 774.7 260.8 772.4 263.4 776.9 263.5 0.9983
410.2 239.2 12.0 15.3 413.8 244.9 419.4 244.8 416.8 247.7 414.3 250.7 419.1 250.6 0.9983
452.5 306.8 13.2 15.5 456.5 312.1 462.7 312.0 459.9 315.1 457.3 318.3 462.3 318.2 0.9983
570.9 235.8 11.3 14.9 574.0 241.3 579.7 241.4 577.0 244.5 574.4 247.0 579.3 247.1 0.9982
538.0 188.6 9.9 13.6 540.3 193.8 545.2 193.6 542.8 196.3 540.8 198.8 545.1 198.7 0.9981
280.4 127.2 10.0 11.9 282.9 131.4 287.9 131.7 285.2 134.2 283.2 136.4 287.0 136.6 0.9981
621.0 304.6 12.4 16.5 624.1 311.2 630.4 310.8 627.4 314.0 624.8 316.9 630.3 316.6 0.9981
526.3 213.6 10.4 13.8 529.2 219.7 534.0 219.3 531.9 222.0 530.0 224.5 534.0 224.2 0.9980
571.3 329.0 14.5 18.2 575.2 335.0 582.3 334.9 578.9 338.8 576.2 342.8 581.7 342.7 0.9979
324.9 212.1 10.9 14.2 327.4 217.8 332.6 217.8 329.9 220.4 328.0 223.2 332.2 223.1 0.9979
770.2 141.4 9.5 10.8 772.9 145.2 777.6 145.1 775.4 147.4 773.5 149.6 777.1 149.6 0.9979
563.1 289.8 12.7 16.9 566.4 296.5 572.3 296.2 569.3 299.6 566.9 302.5 571.9 302.3 0.9977
589.0 135.7 9.2 10.9 591.4 139.6 595.5 139.5 593.3 141.6 591.8 143.8 595.0 143.8 0.9977
330.9 190.2 10.2 11.8 333.3 193.9 338.4 194.2 335.7 196.8 333.8 199.3 337.5 199.4 0.9976
555.5 258.2 11.3 14.6 558.5 263.3 564.3 263.4 561.5 266.4 558.8 268.7 563.9 268.8 0.9976
681.6 121.5 9.3 11.0 683.9 125.6 688.0 125.5 685.7 127.6 684.3 129.7 687.6 129.7 0.9975
586.3 317.0 12.6 15.4 590.0 322.1 595.9 322.3 593.1 325.1 590.3 328.0 595.3 328.1 0.9975
114.9 391.4 16.6 20.6 119.3 399.0 126.7 399.0 122.9 402.4 120.1 406.7 125.9 406.7 0.9974
538.2 309.0 11.6 14.7 541.2 314.8 546.6 314.7 544.1 317.4 541.8 320.2 546.4 320.1 0.9973
474.4 283.7 12.3 15.4 477.7 290.1 483.6 289.9 480.8 292.9 477.8 294.8 483.7 294.7 0.9972
472.9 340.6 14.2 18.1 476.2 346.9 483.1 346.7 479.5 350.8 476.9 354.0 482.7 353.9 0.9972
752.1 114.6 9.3 11.9 754.5 119.2 758.8 119.2 756.6 121.5 754.9 123.6 758.6 123.6 0.9969
533.9 238.3 11.1 12.2 537.0 242.1 542.6 242.1 540.0 244.7 537.6 247.4 542.2 247.4 0.9969
491.0 240.4 11.0 13.2 494.0 244.8 499.4 244.8 496.9 247.5 494.5 250.3 499.0 250.3 0.9967
450.1 239.2 11.3 15.1 453.0 245.4 458.3 245.2 455.8 248.3 453.6 250.6 458.2 250.5 0.9965
360.5 125.2 9.5 10.9 363.2 128.9 367.6 128.9 365.4 130.9 363.6 133.2 367.1 133.2 0.9963
497.7 111.1 9.8 11.4 500.0 114.9 504.7 115.1 502.1 117.5 500.4 119.8 504.0 119.9 0.9963
705.8 139.0 7.9 10.3 707.6 142.9 711.5 143.0 709.5 145.0 707.9 147.0 711.1 147.0 0.9958
612.2 124.9 8.6 10.3 614.7 128.7 618.7 128.5 616.8 130.7 615.2 132.8 618.5 132.7 0.9953
597.0 234.6 10.9 12.8 599.6 239.0 605.1 238.9 602.3 241.6 600.1 244.1 604.6 244.1 0.9915
346.6 137.6 8.5 10.4 348.5 141.1 351.8 141.2 349.7 143.3 348.9 145.3 351.4 145.3 0.9740
439.4 131.4 8.1 9.1 441.3 134.1 445.1 134.3 442.9 136.3 441.4 138.2 444.4 138.4 0.9709
