0--Parade/0_Parade_marchingband_1_72.jpg
27
180.1 252.9 11.5 15.2 181.8 258.6 185.5 258.5 182.4 261.5 182.5 264.6 185.4 264.4 0.9994
294.0 239.8 11.7 15.0 295.7 245.9 300.9 245.7 297.6 248.4 296.2 251.0 300.7 250.8 0.9990
566.0 242.5 12.9 16.9 568.2 249.4 573.9 249.5 570.4 252.7 568.8 255.6 573.4 255.6 0.9990
95.2 237.6 11.7 16.2 97.1 243.4 100.8 243.5 97.3 246.3 97.2 249.8 100.0 249.7 0.9986
437.8 232.8 11.9 16.2 440.5 239.1 446.0 239.2 442.9 242.1 440.8 245.1 445.5 245.1 0.9979
26.1 198.0 11.1 13.7 27.8 203.2 31.2 203.6 27.7 206.0 27.7 208.6 29.7 208.8 0.9970
169.2 205.8 12.5 14.9 170.6 210.3 175.0 210.6 171.2 214.0 171.3 217.2 174.4 217.2 0.9939
268.0 166.9 12.1 13.3 270.7 170.6 274.3 172.0 270.2 173.9 269.3 176.1 271.7 177.2 0.9925
521.4 214.6 13.3 14.9 128.0 187.4 131.6 189.2 127.6 190.7 126.4 193.0 128.9 194.3 0.9890
779.7 255.6 13.0 15.6 524.3 219.9 530.4 219.8 527.0 223.3 525.1 226.2 529.7 226.1 0.9865
150.2 117.2 10.0 11.2 784.8 261.6 790.3 261.5 788.4 264.5 785.6 267.4 790.0 267.4 0.9858
338.2 199.6 12.3 14.0 152.8 121.7 157.7 121.9 155.2 124.6 153.4 126.5 156.7 126.7 0.9846
314.0 157.4 10.9 12.7 339.4 204.1 343.7 203.7 339.9 206.3 339.9 209.9 343.1 209.5 0.9808
628.0 223.5 10.8 13.2 315.9 161.9 320.2 162.2 317.2 164.9 316.6 167.2 319.6 167.4 0.9677
421.2 212.1 13.2 15.5 629.7 228.4 634.3 228.3 631.4 231.0 630.3 233.6 633.9 233.5 0.9646
290.8 122.4 8.6 10.8 423.3 216.1 427.6 216.7 423.2 219.1 422.6 222.8 425.9 223.2 0.9559
258.7 203.7 12.6 15.0 292.0 126.0 294.6 126.2 292.2 128.3 292.3 130.5 294.2 130.5 0.9451
473.9 199.2 10.1 12.5 261.0 208.4 265.8 209.0 262.1 211.7 261.1 214.9 264.5 215.2 0.9386
353.5 139.1 9.8 11.5 477.0 204.2 481.8 204.6 479.3 207.3 476.9 209.6 480.7 209.9 0.9358
237.6 135.0 10.2 11.6 354.9 142.7 358.4 143.3 355.4 145.6 355.1 147.9 357.6 148.2 0.9284
91.6 175.5 11.5 13.2 239.2 139.0 244.2 139.2 241.3 142.1 240.0 144.3 243.5 144.4 0.9237
360.3 107.9 9.0 10.7 93.6 179.8 98.3 180.7 94.6 183.2 93.4 185.6 96.7 186.2 0.9234
310.5 191.6 10.1 12.3 361.6 111.6 364.8 111.8 362.2 114.0 362.0 116.1 364.3 116.2 0.9201
146.6 167.1 8.4 10.2 312.4 194.8 315.3 195.5 312.3 197.8 312.1 200.4 314.0 200.8 0.8887
20.5 129.6 9.6 12.6 147.8 170.4 150.5 170.4 148.3 172.5 148.3 174.7 150.4 174.6 0.8555
445.0 154.1 11.1 13.5 396.6 132.9 400.2 132.9 397.8 135.3 397.5 137.4 400.0 137.3 0.6835
684.0 175.6 14.2 17.1 935.2 136.5 938.7 136.3 937.8 138.9 935.8 141.3 938.3 141.2 0.5698
