0--Parade/0_Parade_marchingband_1_412.jpg
11
654.2 279.1 19.2 21.6 658.2 286.0 666.5 286.0 661.6 290.8 659.3 295.2 665.5 295.2 0.9995
131.6 305.1 17.8 20.2 135.0 311.1 142.6 311.3 137.7 315.8 135.9 320.0 141.4 320.0 0.9995
423.4 288.4 14.5 15.8 426.7 293.3 432.4 293.2 429.0 296.5 427.4 299.8 431.8 299.7 0.9993
250.9 305.2 16.6 18.9 253.8 311.0 260.5 311.1 256.0 315.2 254.6 319.2 259.5 319.2 0.9993
845.7 273.7 16.4 19.0 849.1 280.5 855.8 280.3 851.8 284.1 849.9 287.4 855.5 287.2 0.9992
791.7 273.3 16.3 18.6 794.5 278.7 801.3 279.2 796.4 283.0 794.5 286.5 800.1 286.9 0.9990
324.5 293.1 15.5 16.4 327.1 298.4 333.4 298.3 329.3 302.0 328.1 305.2 332.8 305.1 0.9986
743.3 271.7 18.8 19.9 747.4 277.8 754.8 277.7 750.1 281.5 748.0 286.0 753.7 285.9 0.9979
557.1 301.7 19.6 22.8 560.3 308.5 568.7 308.7 562.9 313.7 561.2 318.6 567.3 318.7 0.9955
942.9 284.6 14.0 13.3 946.1 291.0 951.8 290.8 948.8 294.5 948.0 296.0 951.5 295.8 0.9882
516.6 290.1 12.1 13.5 518.3 295.8 522.4 295.9 519.5 299.0 519.8 301.0 522.4 300.9 0.9801
