0--Parade/0_Parade_Parade_0_237.jpg
25
349.1 381.1 23.0 28.6 353.8 392.0 364.7 393.2 357.9 398.4 353.6 402.1 363.1 403.0 0.9998
465.3 413.6 18.8 23.9 471.8 422.9 480.5 424.2 476.3 428.0 471.3 431.2 478.5 432.3 0.9994
179.0 349.5 31.0 36.8 186.4 361.4 200.7 364.7 191.0 369.4 184.0 374.0 197.1 376.5 0.9993
210.5 373.9 16.3 20.1 215.8 381.0 222.6 383.5 217.9 385.8 213.8 387.7 219.7 389.7 0.9991
31.3 358.9 10.3 11.7 34.3 362.7 39.0 363.7 36.1 365.5 33.6 367.3 37.5 368.1 0.9958
399.1 399.4 14.5 15.6 401.4 404.0 406.2 404.5 401.5 407.1 401.0 410.7 404.3 411.0 0.9949
0.0 354.0 7.4 11.8 -0.1 358.6 4.6 358.9 2.2 360.8 0.5 363.1 4.0 363.3 0.9903
243.7 385.2 11.1 13.0 245.7 389.1 248.6 390.0 245.0 392.1 245.4 394.8 247.2 395.4 0.9849
106.0 387.1 8.1 10.0 110.5 391.1 112.8 390.8 112.7 393.1 110.9 395.0 112.4 394.9 0.9845
985.4 495.2 22.4 38.8 990.2 508.6 992.1 510.2 985.5 516.1 989.0 523.9 990.3 524.7 0.9844
20.7 352.4 8.1 11.1 25.8 356.6 27.6 356.3 28.1 358.7 26.1 361.1 27.3 361.1 0.9822
8.7 370.0 9.1 12.0 14.1 374.5 16.7 374.4 16.8 376.8 14.5 379.4 16.2 379.4 0.9814
161.6 371.5 8.8 10.6 164.6 375.6 168.4 375.7 166.7 377.7 164.9 379.6 168.0 379.7 0.9685
119.9 372.7 8.3 9.6 122.1 375.8 126.1 375.9 124.0 378.0 122.3 379.9 125.5 380.1 0.9168
101.3 368.2 11.3 14.3 106.0 373.4 110.3 372.9 109.3 375.9 107.0 379.1 110.3 378.8 0.9003
301.2 392.7 7.1 9.3 302.9 396.3 306.0 396.3 304.4 398.2 303.4 400.0 305.8 399.9 0.8785
263.1 386.8 8.0 9.7 265.5 390.4 269.1 390.5 267.5 392.6 265.8 394.4 268.5 394.5 0.8718
132.0 375.7 7.5 10.3 133.7 379.4 136.4 379.5 134.7 381.4 134.0 383.4 136.1 383.3 0.8575
79.7 369.2 9.5 13.6 83.5 373.5 87.0 373.7 85.6 376.4 83.5 379.2 86.3 379.4 0.8175
90.3 363.0 9.2 12.5 93.3 367.9 96.9 367.9 95.2 370.3 93.5 372.8 96.5 372.9 0.7552
508.3 407.6 14.0 17.1 511.4 413.6 517.3 413.5 514.1 417.2 512.2 421.1 516.9 421.0 0.7448
124.7 386.9 8.2 9.7 126.7 390.1 130.1 390.2 128.1 392.3 127.0 394.4 129.5 394.5 0.6844
165.3 385.1 6.6 8.6 169.0 388.4 170.6 388.2 170.7 389.9 169.4 391.7 170.5 391.6 0.6553
448.0 409.3 12.7 15.7 449.9 413.9 453.3 414.8 449.8 418.0 450.1 421.2 452.4 421.6 0.6173
40.4 350.2 8.5 11.9 44.7 354.9 47.2 355.0 46.6 357.5 44.8 359.6 46.5 359.8 0.5573
