0--Parade/0_Parade_Parade_0_674.jpg
13
458.8 415.2 26.4 31.7 465.3 427.4 477.6 427.9 471.0 434.3 466.5 439.6 475.8 440.0 0.9996
791.1 453.3 21.5 23.3 799.9 460.2 808.4 464.1 803.0 465.6 797.0 468.5 804.0 471.7 0.9994
363.1 417.4 23.2 28.7 369.4 428.4 380.1 427.6 375.2 434.3 371.6 439.9 379.4 439.3 0.9993
915.5 483.0 24.4 30.4 919.3 497.9 928.2 496.2 923.4 503.9 923.7 507.9 931.1 506.3 0.9992
130.5 461.1 21.9 30.7 134.4 473.7 144.8 473.4 139.1 480.3 136.2 485.6 144.3 485.2 0.9991
549.5 426.1 21.5 26.0 552.0 436.9 560.7 435.2 555.1 441.1 554.9 447.1 561.0 445.6 0.9989
218.6 451.4 15.8 21.4 223.9 460.7 231.3 460.3 228.4 464.2 225.4 468.4 230.7 468.1 0.9978
282.5 436.4 18.7 21.2 287.5 443.4 296.3 443.1 292.1 447.5 289.1 452.4 295.6 452.1 0.9977
70.2 424.8 15.9 18.8 74.4 430.4 82.0 430.4 78.2 434.5 75.1 438.5 81.0 438.6 0.9950
861.7 442.2 15.0 19.4 866.2 450.8 873.2 450.2 870.2 454.5 867.4 457.6 872.9 457.2 0.9936
414.4 428.4 18.0 19.4 418.4 436.4 427.0 435.8 422.8 439.7 420.1 443.8 426.5 443.3 0.9922
636.1 420.0 17.6 23.5 641.0 429.7 649.5 429.7 645.4 434.0 641.5 437.6 649.1 437.6 0.9908
698.1 430.5 21.6 25.6 703.3 440.0 713.2 439.5 708.6 444.9 705.0 450.4 713.0 449.9 0.9865
