0--Parade/0_Parade_Parade_0_516.jpg
25
945.6 256.3 31.6 41.5 963.1 273.6 973.9 272.5 974.5 280.2 966.0 288.8 973.4 288.3 0.9997
898.0 317.4 54.1 78.4 933.7 348.0 942.1 346.2 950.9 360.2 937.6 376.6 943.5 375.8 0.9997
302.3 309.3 57.6 69.5 317.7 337.5 343.2 338.1 329.4 352.8 320.0 363.2 339.1 363.6 0.9996
59.3 286.1 47.5 58.0 73.2 309.3 95.0 308.6 84.9 320.8 75.8 330.2 93.3 329.8 0.9995
491.4 273.9 42.0 54.5 502.0 295.0 521.8 296.8 510.1 306.1 501.1 313.1 519.1 314.5 0.9995
664.2 329.7 43.8 54.9 670.3 353.1 686.5 352.5 675.5 365.3 676.8 374.1 687.9 373.1 0.9995
704.7 244.5 38.0 53.1 712.4 265.9 729.7 267.9 718.5 277.2 713.2 284.3 726.7 285.9 0.9994
197.6 318.4 36.1 42.4 208.9 331.5 225.9 332.6 217.7 341.7 209.3 349.3 222.9 350.2 0.9993
572.1 279.0 30.7 42.6 593.3 295.0 598.9 295.1 601.1 303.5 591.3 311.3 595.2 311.9 0.9989
446.0 270.2 17.0 22.6 452.7 278.5 459.8 278.5 457.3 282.2 453.5 286.7 459.3 286.7 0.9982
172.8 257.2 18.4 25.2 184.0 267.9 189.0 268.4 187.7 274.0 181.4 277.3 185.1 277.9 0.9974
263.2 302.3 16.5 20.0 269.8 308.0 276.6 308.3 274.0 312.0 270.5 316.5 275.7 316.8 0.9968
176.3 290.0 19.1 26.1 178.4 301.5 183.9 302.4 178.0 307.1 179.3 311.2 182.9 311.6 0.9967
393.0 276.3 15.1 20.4 396.5 284.8 403.2 285.0 399.4 288.8 397.0 292.3 402.4 292.3 0.9948
1009.9 277.7 13.7 24.0 1021.6 286.0 1023.4 285.3 1026.3 290.3 1022.5 295.7 1023.3 295.7 0.9936
110.4 284.1 13.3 20.6 113.6 291.9 119.1 292.0 115.9 296.3 114.4 300.1 118.9 300.1 0.9909
742.9 296.1 23.3 28.5 752.7 310.2 761.3 310.6 757.7 316.8 752.2 319.9 758.4 320.4 0.9886
19.2 294.2 14.3 19.1 22.5 302.1 29.1 301.7 25.6 306.0 23.7 309.7 28.6 309.4 0.9762
647.6 279.9 17.7 26.5 650.6 288.6 654.5 288.9 650.2 294.2 652.0 299.4 655.4 299.4 0.9686
250.8 271.9 7.2 9.8 252.2 275.7 254.6 276.0 252.6 277.8 252.2 279.6 254.0 279.8 0.9556
389.4 258.4 13.7 18.1 393.4 266.2 400.0 266.5 396.8 270.3 393.8 273.3 398.7 273.6 0.9280
258.9 284.5 12.6 16.8 260.7 290.4 264.4 291.3 260.4 294.3 260.5 297.2 263.1 297.6 0.9131
623.0 276.8 11.7 16.0 629.6 283.4 632.8 283.2 632.8 286.6 630.3 289.6 632.3 289.6 0.9026
974.9 276.0 21.7 28.9 983.1 287.3 990.2 287.3 987.7 293.2 985.0 298.4 989.9 298.6 0.8787
213.3 284.0 14.2 18.6 215.6 291.4 220.7 291.9 216.9 295.8 216.6 299.0 220.5 299.2 0.5652
