0--Parade/0_Parade_Parade_0_564.jpg
59
6.0 165.6 29.8 35.0 9.3 175.6 18.2 176.1 9.0 183.6 11.2 191.5 17.3 191.7 0.9996
295.0 138.1 33.4 38.5 298.9 148.7 310.8 148.5 299.8 156.7 301.0 165.9 309.8 165.5 0.9996
782.7 92.3 29.8 33.5 786.2 103.5 797.2 102.2 789.1 110.6 790.0 117.4 798.4 116.2 0.9995
166.0 151.4 32.1 39.3 170.1 163.0 181.7 163.0 170.9 169.4 169.7 179.6 178.3 179.5 0.9994
878.5 102.6 32.4 38.3 883.4 112.7 895.3 114.0 883.7 119.6 881.7 128.5 891.2 129.3 0.9994
770.8 149.7 36.6 43.7 777.7 161.5 792.4 163.3 780.9 170.9 776.1 179.9 787.5 181.5 0.9994
355.9 120.7 27.4 32.3 358.2 130.8 366.6 129.7 358.8 137.5 361.6 144.7 368.1 143.5 0.9994
661.6 113.1 31.8 37.7 665.2 125.2 677.6 124.6 668.0 133.2 667.2 141.2 676.9 140.6 0.9994
746.0 42.0 21.0 25.0 748.6 51.1 756.8 50.5 750.7 55.5 749.9 61.1 756.0 60.5 0.9993
494.8 136.0 34.0 42.0 498.0 149.3 509.8 149.4 498.3 158.2 499.7 167.7 507.9 167.5 0.9992
177.2 89.0 17.5 22.4 185.0 97.4 192.0 97.2 190.2 101.4 186.1 105.9 191.8 105.8 0.9991
449.1 57.6 16.4 21.9 458.0 65.4 463.9 65.2 462.9 70.0 458.1 74.0 463.0 74.0 0.9990
590.6 43.3 16.1 20.5 600.0 51.3 604.5 50.7 605.3 54.7 601.4 58.9 604.6 58.6 0.9989
607.6 104.0 27.4 32.5 610.0 114.8 620.1 114.3 612.0 121.9 612.4 128.8 619.8 128.1 0.9988
604.0 68.4 21.6 26.7 606.0 78.7 612.4 78.3 605.5 83.4 607.7 89.0 612.3 88.5 0.9987
478.9 80.7 20.9 24.3 481.4 90.2 488.5 90.0 482.7 95.4 483.2 99.8 488.4 99.5 0.9987
80.9 82.2 18.0 23.3 88.8 92.5 94.7 90.6 95.5 94.9 93.1 100.6 97.2 99.2 0.9986
296.0 75.0 19.6 22.2 304.6 82.6 312.4 81.4 311.0 86.7 307.0 91.7 313.0 90.9 0.9983
737.4 17.1 13.6 17.5 741.9 24.4 748.0 23.9 745.6 27.5 743.0 30.8 747.8 30.5 0.9978
988.0 110.3 29.3 34.0 992.2 121.4 1003.3 122.9 994.1 129.7 993.3 136.2 1001.2 137.1 0.9975
220.3 130.8 22.5 28.6 222.9 140.3 228.0 141.0 221.3 146.5 223.5 152.4 226.9 152.6 0.9969
7.6 97.9 18.8 21.7 15.2 107.2 22.6 105.5 21.5 109.9 18.5 115.0 23.8 113.8 0.9969
457.7 33.5 11.5 17.4 465.6 40.7 467.2 39.8 469.1 43.3 466.7 46.8 467.7 46.4 0.9960
110.9 126.8 17.5 25.0 123.0 134.4 124.0 133.8 127.4 138.6 124.6 144.9 125.3 144.6 0.9957
720.4 37.2 12.3 16.7 724.7 43.6 730.2 43.3 728.3 46.5 725.5 49.6 730.3 49.4 0.9954
546.8 47.4 13.0 17.1 551.2 54.0 557.2 53.8 554.7 57.0 551.7 60.1 556.8 60.0 0.9951
380.0 47.4 11.8 18.6 387.7 54.2 388.2 53.6 391.1 56.9 390.2 61.3 390.5 61.1 0.9950
434.0 17.1 11.0 15.5 439.4 23.3 443.2 22.7 442.8 26.0 440.4 29.1 443.3 28.8 0.9939
68.4 64.2 18.6 21.2 79.3 72.0 84.4 70.5 85.1 75.5 81.2 80.4 84.5 79.6 0.9935
965.2 46.1 9.1 12.0 970.2 50.8 973.0 50.3 973.2 52.7 971.3 55.3 973.1 55.0 0.9911
68.9 39.1 11.9 14.2 76.5 43.5 78.6 42.8 80.4 45.7 78.5 49.3 79.8 49.0 0.9824
479.3 118.6 19.0 26.7 483.2 127.0 491.7 127.1 486.6 132.8 484.1 138.4 490.3 138.5 0.9817
279.9 66.7 15.1 19.3 281.9 73.5 286.4 74.0 282.1 77.7 282.0 81.5 285.2 81.6 0.9767
931.3 62.6 19.9 24.9 934.6 70.3 941.9 71.4 935.6 75.6 934.0 80.7 939.5 81.4 0.9708
628.3 51.4 15.1 17.7 633.2 60.1 639.1 58.0 637.7 62.7 636.4 66.3 640.7 64.8 0.9677
850.4 10.3 10.5 13.2 855.7 16.0 858.9 15.3 859.2 18.0 857.3 20.8 859.4 20.4 0.9666
837.2 91.7 21.0 26.3 839.7 99.2 845.7 100.6 838.5 105.3 839.2 110.8 843.3 111.6 0.9661
683.5 27.7 12.9 14.4 690.4 34.1 693.8 33.1 694.0 36.8 692.7 39.7 694.8 39.0 0.9528
989.8 42.6 11.9 14.7 993.9 48.7 998.7 50.0 995.6 52.3 992.9 54.2 996.2 55.2 0.9472
0.0 118.7 12.8 20.3 -1.3 126.5 2.5 126.4 -1.2 130.9 0.3 134.9 2.8 134.5 0.9433
86.0 187.0 15.5 24.1 97.1 196.8 98.5 195.6 101.5 200.3 98.4 205.5 99.2 205.0 0.9394
582.2 9.7 10.1 14.3 588.8 14.7 590.2 14.4 591.2 17.6 588.8 20.5 589.8 20.5 0.9369
475.0 23.0 9.7 13.8 481.5 27.9 482.8 27.7 483.9 30.6 482.3 33.6 483.0 33.6 0.9300
144.8 79.0 19.2 23.5 156.8 86.3 161.8 85.7 161.4 91.8 156.0 96.5 159.7 96.4 0.9264
402.8 12.1 9.4 14.3 408.2 17.2 409.9 17.0 410.7 19.8 409.0 23.1 410.2 23.0 0.9219
328.9 66.1 10.1 16.4 336.2 72.0 337.4 71.8 338.5 75.1 336.3 78.5 337.2 78.6 0.9138
1008.5 42.3 15.1 23.2 1014.7 49.0 1024.1 49.2 1019.6 53.4 1015.7 58.5 1023.1 58.7 0.9082
870.8 1.3 11.1 12.8 876.1 5.6 880.0 5.5 879.1 8.6 876.6 11.2 879.2 11.2 0.9013
220.9 51.0 9.7 11.6 222.4 55.3 226.2 55.4 223.6 58.1 223.1 60.3 225.9 60.2 0.8781
513.1 41.8 12.9 16.2 519.2 48.8 524.0 48.7 522.6 52.3 519.6 55.3 523.2 55.4 0.8682
960.5 3.6 9.5 10.7 963.2 7.3 967.8 7.2 965.7 9.6 963.9 11.9 967.6 11.9 0.8232
412.4 45.0 11.2 13.4 417.7 50.0 421.6 49.9 420.5 53.0 418.1 55.7 420.8 55.8 0.8127
942.3 0.0 9.6 8.5 945.7 1.6 949.7 1.6 948.1 3.8 946.2 5.9 949.3 5.9 0.6344
526.3 42.2 11.5 14.9 530.6 47.8 535.4 47.8 533.6 51.1 531.2 54.3 534.8 54.4 0.6338
645.2 24.6 11.9 15.6 651.1 31.1 655.1 31.0 654.0 34.5 651.4 37.4 654.1 37.4 0.5994
569.9 29.9 16.3 19.9 575.2 37.2 582.1 37.1 578.9 41.0 576.0 44.8 581.4 44.8 0.5870
703.5 0.0 9.7 10.3 707.6 2.6 711.1 2.9 709.6 5.2 707.6 7.6 710.0 8.0 0.5838
264.9 101.2 14.7 17.0 268.3 106.8 275.2 106.7 271.6 110.5 269.1 114.3 274.7 114.2 0.5526
729.5 0.0 9.3 8.3 731.3 0.9 734.9 0.9 732.5 3.6 731.9 5.9 734.4 5.9 0.5307
