0--Parade/0_Parade_marchingband_1_464.jpg
300
489.7 533.0 12.8 15.1 493.0 537.8 498.6 537.4 496.0 540.8 493.9 544.0 498.6 543.7 0.9994
929.7 214.1 11.3 14.7 930.9 219.7 934.1 219.5 931.1 222.4 932.0 225.4 934.4 225.0 0.9994
938.5 424.5 14.0 17.5 946.4 432.2 950.5 432.7 949.4 436.4 945.5 438.5 948.4 439.0 0.9994
627.0 478.3 12.9 14.9 630.8 483.4 636.5 483.4 633.7 486.3 631.4 489.4 636.0 489.4 0.9993
514.7 465.1 12.2 15.3 516.7 470.1 521.0 470.3 517.6 473.2 517.1 476.3 520.6 476.3 0.9993
518.8 608.8 15.2 17.7 524.2 614.5 530.8 614.2 528.4 617.6 525.3 621.6 530.6 621.5 0.9992
890.9 397.3 13.1 16.6 893.3 404.3 898.9 404.3 895.5 407.7 894.2 410.4 898.5 410.3 0.9992
659.5 195.2 11.5 14.1 662.4 200.7 667.3 200.1 665.0 202.9 663.6 206.0 667.4 205.5 0.9992
410.2 606.2 13.6 17.9 414.4 613.6 420.6 613.6 417.8 617.1 415.2 620.3 419.9 620.3 0.9992
638.1 256.2 11.8 15.0 641.1 261.6 646.7 261.6 643.8 264.3 641.6 267.4 646.0 267.5 0.9992
374.7 506.2 11.7 14.9 376.7 512.2 382.0 512.2 378.8 515.3 377.5 518.1 381.6 518.0 0.9991
909.7 478.3 13.2 16.3 911.6 484.5 916.9 484.3 913.4 488.0 912.8 491.1 916.6 490.8 0.9990
801.0 194.8 11.8 14.0 802.9 200.5 807.8 200.0 804.8 203.3 804.3 206.0 807.8 205.5 0.9990
308.7 626.1 12.5 17.4 314.3 633.2 319.3 632.9 317.9 636.4 315.1 639.7 318.8 639.5 0.9989
683.1 351.1 10.3 14.2 684.0 356.1 685.9 356.3 682.9 359.0 684.5 361.9 685.7 361.8 0.9989
1007.8 373.3 12.4 15.7 1011.7 379.9 1017.2 379.8 1014.8 382.9 1012.4 385.5 1016.8 385.4 0.9989
502.7 258.4 10.8 14.2 504.3 263.7 508.8 264.2 505.7 266.7 504.6 269.4 508.0 269.6 0.9989
757.8 169.7 11.2 13.6 760.1 173.3 763.5 174.2 759.6 176.2 759.2 179.2 761.6 179.8 0.9988
86.1 522.2 12.5 16.1 88.8 528.5 94.4 528.7 91.1 531.9 89.2 534.5 93.7 534.6 0.9987
899.6 556.0 13.9 16.7 901.6 561.3 907.3 561.4 903.4 565.0 902.3 568.5 906.7 568.4 0.9987
587.9 521.7 12.7 14.5 592.4 527.1 598.0 527.1 595.7 530.2 593.2 533.0 597.2 533.1 0.9986
398.7 459.5 11.1 13.5 401.3 464.6 406.1 464.7 403.3 467.4 401.7 469.8 405.3 469.9 0.9986
748.9 377.1 12.5 15.9 751.8 384.1 757.4 383.9 754.6 387.2 752.7 389.7 757.1 389.6 0.9985
445.2 637.8 14.4 18.8 449.5 646.3 455.5 645.2 453.3 649.0 451.4 652.8 455.9 652.1 0.9984
877.0 500.7 12.4 15.8 878.8 505.7 882.6 506.2 878.7 509.0 878.8 512.2 881.5 512.4 0.9984
650.9 477.3 12.9 15.7 653.5 482.7 659.0 483.5 655.2 486.2 653.3 488.9 657.7 489.4 0.9983
770.0 638.0 12.5 17.4 773.9 645.9 779.6 645.6 777.1 648.9 774.7 651.8 779.2 651.7 0.9983
856.0 640.6 13.4 17.2 858.8 647.4 864.8 647.4 861.3 650.7 859.5 653.9 864.1 653.9 0.9983
603.3 435.5 10.3 12.6 606.6 440.2 611.5 440.5 609.2 442.9 606.6 445.1 610.5 445.4 0.9982
128.6 618.6 11.9 15.3 133.9 624.8 138.7 624.8 137.3 627.8 134.3 630.6 138.0 630.7 0.9982
847.6 576.7 12.2 15.2 848.9 581.7 853.4 581.9 849.7 585.0 849.4 588.3 852.8 588.3 0.9982
662.2 501.1 12.0 14.8 666.0 505.4 671.5 505.6 669.0 508.4 666.3 511.5 671.0 511.7 0.9981
372.2 631.8 12.5 15.6 375.5 638.7 380.9 638.3 378.3 641.3 376.3 643.9 380.9 643.6 0.9980
197.7 598.6 12.9 16.3 201.6 605.3 207.2 605.9 204.3 608.8 201.8 611.4 206.0 611.9 0.9980
318.2 389.7 11.3 15.3 319.7 396.0 323.9 396.2 320.5 399.1 320.1 401.8 323.2 401.9 0.9979
492.9 198.8 10.7 13.8 496.6 204.6 501.4 204.6 499.4 207.5 497.2 209.9 500.8 209.9 0.9979
275.8 506.4 11.3 14.2 277.4 511.5 281.9 511.6 278.5 514.2 277.9 517.1 281.2 517.1 0.9979
680.7 556.5 13.3 14.9 686.9 561.4 691.8 562.6 689.6 565.2 686.3 567.5 689.7 568.5 0.9979
187.2 624.9 12.8 16.9 191.8 632.2 197.5 632.2 195.1 635.5 192.3 638.3 196.6 638.3 0.9979
375.6 328.0 11.7 14.6 377.3 333.1 382.4 333.2 378.9 336.0 377.6 339.0 381.7 339.0 0.9978
775.7 398.9 12.7 13.9 777.6 405.7 782.4 405.6 779.4 409.3 779.8 410.9 782.7 410.7 0.9978
516.9 530.8 12.0 14.5 519.1 535.7 524.0 536.5 520.0 538.7 518.5 541.3 522.4 541.9 0.9978
83.5 618.8 11.7 15.3 85.5 625.2 90.4 625.4 87.2 628.3 86.1 631.0 89.5 631.1 0.9978
642.0 433.9 12.8 14.4 646.2 439.1 651.9 438.4 649.9 441.3 647.7 444.8 652.0 444.3 0.9978
565.5 407.6 11.7 14.1 568.1 412.5 573.4 413.1 569.9 415.1 568.1 417.9 572.3 418.2 0.9978
596.3 495.7 11.5 13.3 599.3 499.7 604.6 499.6 602.0 502.7 599.9 505.5 604.1 505.5 0.9977
412.7 273.7 12.1 14.2 414.8 279.4 420.1 278.9 417.2 282.3 416.1 285.2 420.0 284.7 0.9977
624.5 497.4 12.0 14.5 627.9 502.3 633.5 502.3 630.8 505.3 628.5 508.3 633.1 508.2 0.9976
713.4 35.1 10.4 13.9 715.1 40.3 719.2 40.4 716.1 43.0 715.3 45.6 718.4 45.7 0.9976
620.9 235.0 11.6 13.6 623.0 238.6 628.0 238.8 624.7 241.6 623.2 244.7 627.2 244.9 0.9976
589.7 270.5 12.7 16.0 593.3 277.1 598.8 277.2 595.9 279.9 593.8 282.8 598.0 282.9 0.9976
601.5 384.3 12.1 15.8 605.7 390.8 611.0 390.3 609.1 393.7 607.0 396.7 610.9 396.4 0.9976
835.7 265.6 11.0 15.8 838.3 270.6 840.0 271.4 836.6 273.9 837.7 277.2 838.8 277.5 0.9975
177.6 600.4 13.5 17.5 179.4 607.6 185.4 608.0 181.3 611.2 180.0 614.2 184.4 614.4 0.9975
894.0 522.5 12.1 16.0 895.9 528.5 900.9 528.9 897.4 531.9 896.3 534.8 900.1 535.0 0.9975
472.5 404.6 11.3 13.5 474.0 408.6 478.1 408.9 474.7 411.7 474.4 414.6 477.1 414.7 0.9975
403.5 233.3 11.7 15.4 410.1 239.1 413.5 238.6 413.7 241.9 411.1 245.3 413.5 245.1 0.9975
846.0 482.5 13.7 15.8 848.8 486.8 854.5 487.0 851.0 490.1 849.3 493.5 853.9 493.5 0.9973
943.4 551.9 13.5 18.5 944.8 558.8 948.0 559.0 943.9 562.6 945.4 566.3 947.6 566.2 0.9973
432.8 454.6 11.0 15.1 434.4 459.8 438.3 460.1 434.9 463.0 434.5 466.1 437.4 466.2 0.9973
639.1 136.9 11.7 15.3 641.1 143.9 646.1 143.4 643.3 146.6 642.4 149.4 646.3 148.9 0.9972
819.1 184.4 10.5 14.3 820.8 190.5 823.3 190.5 821.0 193.7 822.2 196.1 823.8 195.9 0.9971
759.7 502.5 14.2 16.5 762.6 507.2 768.3 507.5 764.6 511.0 762.9 514.3 767.5 514.4 0.9971
391.9 6.3 11.0 13.5 394.1 11.7 399.1 11.3 396.6 14.1 395.1 16.7 399.0 16.4 0.9971
363.1 455.0 11.4 13.4 364.9 459.7 368.0 459.9 365.2 463.0 366.2 465.4 368.1 465.4 0.9971
452.5 528.8 14.0 16.4 455.5 534.0 461.4 534.2 457.8 537.3 455.7 540.7 460.5 540.8 0.9971
867.6 176.1 10.5 13.5 868.9 180.7 871.7 181.0 868.6 183.3 868.9 186.3 870.9 186.4 0.9971
893.8 348.8 13.6 15.9 898.5 354.0 904.2 353.4 902.0 357.2 899.7 360.7 904.1 360.3 0.9970
831.5 512.5 12.2 16.2 832.9 517.9 837.2 518.3 833.4 521.1 833.0 524.5 836.4 524.7 0.9969
795.9 672.7 19.1 23.1 798.7 680.8 806.1 681.0 800.8 685.6 799.6 690.3 804.9 690.3 0.9969
828.6 370.3 12.2 16.6 830.7 375.6 835.5 376.1 831.7 379.1 830.6 382.4 834.5 382.7 0.9969
619.0 526.7 12.1 14.5 621.0 532.1 625.6 531.8 622.7 535.1 622.2 538.0 625.7 537.6 0.9969
734.8 198.9 10.9 13.8 737.0 203.8 741.5 204.0 738.7 206.9 737.4 209.5 740.9 209.6 0.9969
755.5 37.3 10.5 12.0 757.5 41.0 762.0 41.0 759.3 43.6 758.1 46.3 761.5 46.2 0.9969
864.0 430.1 11.8 14.2 866.8 435.0 872.1 435.3 869.0 437.7 866.9 440.6 871.1 440.8 0.9968
382.9 535.7 11.3 16.5 384.3 542.6 388.4 543.0 384.9 546.0 384.6 549.0 387.5 549.2 0.9968
405.9 479.6 11.7 15.4 407.9 485.9 412.6 485.5 409.7 488.8 408.9 491.8 412.4 491.4 0.9967
279.4 476.4 11.8 14.5 282.1 482.2 287.3 482.4 284.4 485.2 282.7 487.9 286.6 488.0 0.9967
67.3 109.8 11.1 13.9 70.0 114.9 75.1 115.0 72.3 117.8 70.4 120.5 74.3 120.6 0.9965
740.3 432.9 13.2 16.0 744.0 439.8 749.5 438.9 747.2 442.4 745.5 445.5 749.8 444.8 0.9965
775.5 228.0 10.5 13.8 777.4 233.9 782.1 234.0 779.0 236.7 778.1 239.2 781.3 239.2 0.9963
788.3 612.5 10.9 13.0 789.8 616.7 794.2 616.8 791.0 619.5 790.3 622.3 793.7 622.3 0.9963
628.6 552.9 11.7 16.2 634.3 559.6 638.4 558.8 637.9 562.3 635.5 565.7 638.6 565.1 0.9962
855.0 198.5 11.2 15.1 857.3 205.0 862.5 204.7 859.9 207.8 858.3 210.6 862.5 210.3 0.9961
392.3 424.6 11.5 15.1 394.3 429.9 398.2 430.6 394.6 433.2 394.1 436.0 396.8 436.4 0.9961
926.6 31.0 10.9 13.2 929.1 35.9 934.0 35.9 931.4 38.5 929.7 41.1 933.6 41.0 0.9960
921.8 363.4 14.5 16.7 923.3 367.8 928.1 368.5 923.3 371.7 923.3 375.4 926.8 375.7 0.9959
586.0 297.8 12.4 15.5 590.3 304.5 595.6 302.8 594.5 306.5 592.6 310.1 596.6 308.9 0.9959
937.2 259.0 10.8 12.4 939.5 262.9 944.0 263.0 941.3 265.7 939.9 268.1 943.3 268.2 0.9959
813.2 411.4 11.2 15.7 814.8 416.3 816.4 416.6 813.9 419.9 815.5 423.4 816.6 423.4 0.9958
1004.6 467.7 13.0 16.8 1006.9 474.0 1012.4 474.2 1008.8 476.9 1007.0 480.3 1011.5 480.5 0.9957
674.3 534.3 11.3 13.5 677.5 538.5 682.8 538.7 680.1 541.7 677.8 544.2 681.9 544.5 0.9956
563.8 487.7 13.6 17.3 572.4 493.5 575.5 493.0 576.3 496.8 573.4 500.6 575.4 500.4 0.9956
836.1 30.2 10.6 13.5 837.4 35.3 840.6 35.7 837.5 38.5 837.9 41.1 840.0 41.3 0.9955
204.5 509.0 13.6 17.5 208.0 516.6 214.0 516.4 211.0 520.1 208.9 523.1 213.5 523.0 0.9955
806.6 32.0 10.3 13.2 810.1 36.3 814.7 36.3 812.7 39.2 810.6 41.8 814.2 41.9 0.9955
234.9 122.4 11.1 12.9 237.1 126.7 242.4 126.8 239.4 129.8 237.8 132.2 241.8 132.3 0.9954
976.2 517.0 13.4 15.5 978.6 522.6 984.5 522.9 980.7 526.4 979.5 529.3 983.4 529.4 0.9953
993.8 208.3 12.8 16.6 995.9 214.5 1000.7 215.0 996.9 217.9 996.0 221.0 999.7 221.2 0.9953
688.8 18.2 8.8 11.6 689.7 22.5 691.9 22.5 689.3 25.0 690.3 27.6 691.8 27.4 0.9953
222.2 96.3 11.0 13.8 224.3 101.9 229.2 101.6 226.5 104.7 225.2 107.3 229.2 107.0 0.9953
993.1 650.7 16.7 18.9 1002.3 656.7 1007.4 656.7 1006.8 660.7 1002.7 664.7 1006.4 664.9 0.9952
268.4 622.0 12.0 15.6 269.9 627.7 273.9 628.1 270.3 631.0 270.4 634.2 273.1 634.3 0.9951
707.7 387.1 11.5 15.9 709.2 391.9 711.7 392.0 708.5 395.2 709.6 398.7 711.5 398.6 0.9950
820.1 220.3 11.2 14.7 822.2 226.1 826.7 226.0 823.9 228.9 822.9 231.7 826.4 231.6 0.9949
67.0 605.2 13.7 16.4 69.5 610.0 75.3 610.4 71.5 614.0 70.1 617.3 74.4 617.5 0.9949
934.6 534.7 11.9 15.0 936.3 540.6 941.3 540.1 938.3 543.6 937.7 546.8 941.2 546.4 0.9948
665.8 423.3 9.8 14.5 667.6 428.0 669.2 428.3 666.9 431.0 668.0 434.2 669.3 434.3 0.9947
462.1 460.6 11.2 15.0 464.1 466.4 469.0 466.6 466.0 469.4 464.5 472.3 468.4 472.3 0.9947
614.6 416.5 11.1 13.7 616.3 421.6 621.1 421.6 618.1 424.4 616.8 427.1 620.7 427.0 0.9946
429.0 398.6 11.0 15.7 431.1 404.4 434.3 404.5 431.4 407.3 431.3 410.8 433.6 410.6 0.9946
297.7 474.0 10.9 14.3 299.1 479.6 303.3 479.6 300.0 482.6 299.7 485.4 302.7 485.3 0.9945
368.1 19.2 8.8 10.9 370.6 22.7 374.8 22.8 372.8 25.0 370.9 27.2 374.3 27.3 0.9944
854.1 345.5 12.5 14.2 859.9 350.5 864.6 349.8 863.7 352.9 861.1 356.1 864.7 355.8 0.9943
760.3 257.4 11.0 13.7 761.9 261.7 765.9 262.1 762.9 265.1 762.6 267.7 765.5 267.8 0.9943
1003.4 538.9 12.8 15.9 1004.9 543.8 1010.0 543.6 1006.1 546.7 1005.4 550.5 1009.5 550.2 0.9943
114.9 490.3 11.2 14.9 118.3 495.7 123.3 496.3 120.5 498.9 118.0 501.4 122.1 501.9 0.9942
593.1 546.6 10.7 15.3 600.5 552.5 602.7 552.0 603.8 555.4 601.1 558.9 602.5 558.8 0.9941
482.7 108.3 10.7 13.4 484.8 114.1 489.3 114.2 486.6 116.8 485.5 119.1 488.6 119.1 0.9941
372.7 478.1 10.9 15.0 374.6 484.0 378.9 484.2 375.8 487.1 374.8 489.9 377.9 490.0 0.9941
905.7 236.9 10.7 13.9 906.8 241.7 910.3 241.8 907.0 244.7 907.4 247.6 910.0 247.5 0.9941
369.9 115.8 11.0 12.6 372.2 120.4 377.2 120.6 374.4 123.3 372.9 125.5 376.5 125.6 0.9940
960.0 410.0 12.6 16.6 961.7 416.0 966.6 416.7 962.3 419.5 961.6 422.7 965.1 423.1 0.9940
816.5 20.9 11.0 14.7 821.0 28.0 825.8 27.5 824.6 30.9 822.2 33.1 825.6 32.8 0.9940
783.8 417.8 12.6 16.7 787.4 424.5 793.2 424.5 790.3 427.9 787.9 430.9 792.5 430.9 0.9939
416.6 526.3 11.7 14.7 419.5 531.2 424.7 531.6 421.7 534.3 419.6 537.1 423.9 537.3 0.9938
378.7 394.0 10.4 13.7 380.1 399.6 385.1 400.0 381.9 402.7 380.5 405.0 384.1 405.2 0.9938
886.8 205.9 10.3 13.3 888.8 210.5 893.1 210.7 890.4 213.2 889.2 215.9 892.4 216.0 0.9936
581.1 472.0 10.9 14.7 587.2 477.8 590.3 476.9 590.8 480.1 588.9 483.4 591.0 482.9 0.9935
704.9 211.0 10.1 13.0 707.1 216.6 711.4 216.0 709.4 218.7 708.3 221.4 711.6 220.9 0.9934
272.1 605.7 11.8 14.8 277.8 612.1 282.4 612.0 281.2 615.1 278.4 617.6 281.6 617.6 0.9933
856.7 370.3 11.3 14.0 858.6 374.9 863.4 375.0 860.2 377.7 859.1 380.8 862.7 380.8 0.9932
520.1 501.3 12.9 15.3 524.3 505.4 530.3 505.5 527.5 508.2 524.5 511.9 529.6 512.0 0.9932
976.7 569.7 12.6 14.4 981.4 574.5 986.7 574.0 984.9 577.5 982.5 580.5 986.4 580.1 0.9932
197.0 461.4 11.3 14.1 199.1 467.1 203.6 467.2 200.6 470.1 199.7 472.6 203.1 472.6 0.9931
436.7 259.9 11.5 14.9 440.4 264.9 445.8 264.8 443.5 267.7 441.0 270.8 445.5 270.7 0.9931
971.3 348.0 11.4 14.8 978.8 353.3 981.2 352.9 981.5 356.5 978.5 359.5 980.1 359.4 0.9930
961.7 377.8 13.1 17.1 963.0 385.0 966.6 384.2 963.8 388.3 965.3 391.7 967.8 390.9 0.9927
423.2 125.4 10.7 13.3 426.5 130.8 431.3 131.2 429.0 133.7 426.8 135.8 430.4 136.1 0.9926
318.7 112.1 10.4 13.5 324.6 116.7 327.8 116.5 327.6 119.2 325.1 122.0 327.4 122.1 0.9925
905.9 127.2 12.7 15.6 908.1 132.6 913.8 132.8 910.3 136.1 908.9 139.3 913.1 139.4 0.9924
800.5 250.5 13.7 16.9 803.9 257.2 809.8 257.4 806.5 260.9 804.5 263.8 808.8 264.0 0.9920
900.8 183.1 12.2 13.4 903.7 187.5 909.2 187.1 906.6 190.2 904.9 193.3 909.3 192.9 0.9919
976.2 495.1 14.0 16.8 979.3 500.6 985.7 500.2 982.5 504.3 980.6 508.1 985.6 507.7 0.9919
872.6 375.2 11.8 13.6 875.8 379.8 880.9 379.3 878.7 382.2 877.0 385.2 881.1 384.8 0.9916
307.0 376.8 11.9 15.8 309.3 384.5 314.3 384.2 311.4 387.5 310.2 390.3 313.9 390.0 0.9914
457.3 221.2 10.9 13.9 458.6 226.4 462.1 226.5 459.3 229.8 459.9 232.3 462.3 232.3 0.9913
740.8 228.1 11.3 13.7 742.6 234.7 747.9 234.5 745.0 237.7 743.7 239.9 747.3 239.8 0.9912
402.6 116.9 10.3 12.5 406.5 121.5 410.9 121.9 408.8 124.3 406.5 126.5 409.7 126.8 0.9911
510.2 552.5 12.7 15.1 512.5 557.4 518.1 558.1 514.1 560.8 512.3 563.7 516.8 564.1 0.9910
853.4 226.9 10.3 13.8 854.7 232.2 858.8 232.1 856.1 234.9 855.4 237.8 858.5 237.7 0.9910
966.2 318.9 11.9 13.9 968.0 323.3 972.2 323.5 969.1 326.6 968.7 329.5 971.6 329.5 0.9909
552.4 522.4 11.4 13.9 554.3 526.9 557.5 527.2 554.7 530.2 555.1 533.1 557.2 533.1 0.9909
139.5 594.3 11.8 13.3 142.7 598.0 148.1 598.4 145.1 601.2 143.0 604.0 147.0 604.3 0.9906
278.8 109.3 10.3 13.4 283.2 114.7 287.4 114.3 286.3 117.1 284.1 119.8 287.2 119.6 0.9904
452.3 306.8 12.4 16.0 455.4 313.1 461.3 313.0 458.4 316.1 456.1 319.2 460.9 319.1 0.9904
934.1 336.9 10.9 14.0 936.5 342.0 941.7 342.0 938.9 344.8 937.1 347.6 941.1 347.6 0.9903
706.9 563.1 11.4 14.2 708.3 567.2 710.6 567.7 707.8 570.8 709.5 573.6 711.0 573.7 0.9900
350.7 606.8 10.1 17.1 352.7 613.0 353.7 613.2 351.1 616.5 352.9 620.0 353.6 619.9 0.9900
692.0 415.1 10.6 15.9 693.7 420.9 696.1 421.3 692.7 424.0 693.5 427.2 695.1 427.3 0.9898
424.5 338.2 11.4 13.9 429.1 342.9 434.1 342.7 432.5 345.7 429.8 348.8 433.7 348.7 0.9897
998.8 356.1 11.0 13.4 1001.4 361.5 1006.4 361.5 1003.8 364.1 1002.1 366.6 1006.0 366.6 0.9897
663.2 314.7 10.7 13.1 664.5 319.1 668.4 319.0 665.4 322.0 665.3 324.8 668.1 324.6 0.9895
486.9 494.5 13.0 16.4 488.8 500.2 494.5 500.7 490.5 503.8 489.1 507.0 493.4 507.3 0.9895
165.8 578.1 12.5 15.1 167.2 582.8 171.7 583.3 168.0 586.5 167.5 589.4 170.6 589.7 0.9891
797.1 181.3 11.8 15.0 800.4 187.6 805.8 187.2 803.3 190.3 801.2 193.1 805.7 192.8 0.9890
805.6 360.5 11.8 13.3 811.1 365.0 815.5 364.9 814.3 367.9 811.6 370.6 814.9 370.6 0.9890
716.4 185.8 10.9 13.1 718.5 190.6 723.5 190.8 720.6 193.3 719.0 195.9 722.8 196.0 0.9887
738.2 298.7 12.1 15.2 739.8 304.3 743.8 304.2 740.6 307.5 740.8 310.6 743.8 310.3 0.9887
282.2 399.0 12.2 14.5 285.1 403.6 290.8 404.1 287.4 407.2 285.3 410.0 289.5 410.4 0.9887
716.1 143.8 12.2 14.6 718.4 149.0 724.2 148.6 721.1 152.3 719.5 155.5 724.0 155.2 0.9887
938.3 196.8 11.9 15.2 941.1 203.4 946.7 203.2 943.8 206.1 941.8 209.0 946.3 208.8 0.9886
409.4 342.1 11.9 14.6 412.0 347.1 417.4 347.7 414.1 350.4 412.1 353.3 416.1 353.7 0.9885
730.4 508.5 14.1 16.3 733.1 513.0 739.2 513.5 735.2 516.8 733.3 520.3 737.9 520.7 0.9885
923.2 401.0 11.7 15.3 924.5 406.7 929.2 407.2 925.5 410.0 924.6 412.5 928.2 412.8 0.9884
148.9 113.8 9.2 10.7 151.0 117.5 154.7 117.6 152.4 119.7 151.3 121.9 154.2 122.0 0.9877
336.3 341.4 10.6 12.8 338.0 345.5 342.2 345.5 339.1 348.2 338.5 351.0 341.6 351.0 0.9876
496.3 338.8 11.2 14.3 497.9 344.2 502.3 345.1 498.7 347.3 497.5 349.6 501.0 350.1 0.9874
583.4 430.3 11.9 14.1 586.9 435.5 592.2 434.9 590.2 437.9 588.2 441.0 592.5 440.6 0.9871
840.0 398.1 11.0 13.6 841.5 402.9 843.8 402.9 841.4 406.2 842.8 408.7 844.1 408.6 0.9863
824.9 489.0 13.2 15.7 828.0 493.9 833.9 493.5 830.8 496.9 828.9 500.6 833.7 500.3 0.9859
468.9 127.3 10.3 13.5 470.3 133.1 475.1 132.6 472.4 135.7 471.6 138.4 475.2 137.8 0.9859
539.1 541.1 11.3 14.6 540.5 547.0 542.7 547.4 540.4 550.6 542.3 552.8 543.6 552.9 0.9857
772.8 22.7 9.3 11.9 774.7 26.9 778.6 27.3 775.9 29.4 774.7 31.6 777.8 31.8 0.9847
260.6 535.1 11.7 15.4 262.2 540.0 265.6 540.4 262.2 543.4 262.5 546.6 265.0 546.7 0.9846
784.4 299.8 11.6 13.8 786.4 304.5 790.9 304.3 787.9 307.8 787.6 310.6 790.6 310.4 0.9843
213.6 477.5 10.4 13.5 215.9 482.4 220.3 482.8 217.6 485.4 216.0 487.8 219.5 488.1 0.9843
118.8 515.9 11.9 15.2 121.5 522.3 126.8 521.2 124.3 525.2 123.3 528.4 127.1 527.6 0.9838
289.1 423.7 11.8 15.4 290.7 428.9 294.9 428.9 291.5 432.2 291.1 435.6 294.1 435.5 0.9835
667.3 39.8 9.5 11.6 668.8 44.2 672.5 44.1 670.0 46.6 669.6 49.1 672.4 48.9 0.9827
538.4 121.0 10.2 12.9 540.0 125.1 542.6 125.4 539.8 127.9 540.3 130.6 542.1 130.6 0.9826
592.9 47.2 10.0 10.1 595.4 51.0 599.5 50.6 597.6 53.0 596.4 55.0 599.6 54.7 0.9822
338.8 120.7 10.6 12.4 340.7 124.8 345.3 125.1 342.4 127.5 341.0 129.8 344.6 130.0 0.9815
177.4 484.9 10.9 12.7 182.7 490.0 186.4 490.1 185.3 492.7 182.7 494.8 185.5 495.0 0.9810
514.9 424.8 10.4 12.9 518.0 428.8 522.9 428.9 520.6 431.3 518.4 434.1 522.4 434.2 0.9807
664.1 246.0 10.7 14.2 667.3 252.1 672.0 251.3 670.3 254.3 668.9 257.4 672.4 256.7 0.9803
1004.3 325.0 11.9 13.4 1006.7 330.0 1011.9 329.1 1009.4 332.5 1008.2 335.4 1012.2 334.7 0.9796
659.2 367.0 12.5 16.4 662.3 373.2 667.8 373.3 664.8 376.4 662.6 379.5 667.1 379.5 0.9793
249.8 471.7 13.3 15.9 251.9 478.2 257.9 477.6 254.6 481.0 253.1 484.3 257.8 483.8 0.9792
123.7 115.6 10.1 12.3 128.9 120.1 132.3 120.6 131.2 123.1 128.4 125.1 130.8 125.6 0.9789
882.4 420.9 11.2 13.4 884.0 425.4 888.3 425.5 885.5 428.7 885.0 431.3 888.2 431.3 0.9788
889.6 223.4 9.9 13.0 891.4 228.0 895.1 228.1 892.3 230.7 891.7 233.4 894.6 233.4 0.9781
766.8 480.5 11.4 14.6 768.5 484.1 771.3 484.6 768.0 487.6 768.6 490.9 770.7 491.1 0.9773
568.7 248.1 10.5 13.5 572.2 252.8 576.5 253.2 574.3 255.9 572.3 258.5 575.4 258.8 0.9772
24.1 117.2 10.5 13.6 29.3 123.6 32.9 122.7 32.8 125.7 30.7 128.5 33.1 128.0 0.9771
973.2 36.0 8.1 9.7 976.5 39.6 979.8 39.4 978.7 41.5 977.1 43.5 979.6 43.4 0.9764
232.3 464.1 11.8 16.0 233.7 470.5 238.6 470.3 235.1 473.7 234.3 476.9 237.9 476.7 0.9756
192.7 101.0 11.0 14.2 194.8 105.8 199.7 105.9 196.8 108.8 195.1 111.9 199.1 111.9 0.9752
687.4 504.5 11.8 15.1 689.0 509.0 692.9 509.1 689.5 512.4 689.5 515.7 692.5 515.7 0.9750
412.1 397.5 10.8 14.0 413.8 402.4 418.1 402.8 414.9 405.5 414.1 408.2 417.2 408.4 0.9746
515.7 295.4 10.9 13.6 517.5 298.9 521.8 299.6 518.4 302.3 517.5 305.2 520.5 305.6 0.9745
974.4 170.6 10.0 13.8 976.1 175.1 979.0 175.3 976.3 178.0 976.4 180.8 978.6 180.9 0.9742
597.0 202.7 10.7 12.7 598.8 207.7 603.4 207.8 600.4 210.5 599.5 213.0 602.7 212.9 0.9738
790.1 475.1 11.9 13.2 791.7 479.6 796.7 479.4 793.4 482.4 792.6 485.1 796.3 484.8 0.9735
524.5 441.5 11.1 12.3 527.2 445.9 531.6 446.2 529.0 448.7 527.5 451.1 530.9 451.3 0.9734
997.1 34.6 11.7 13.3 999.9 39.8 1005.1 39.7 1002.3 42.7 1000.6 45.3 1004.5 45.2 0.9733
983.7 432.5 10.8 13.1 985.6 436.7 990.3 436.6 987.5 439.4 986.2 442.2 989.9 442.1 0.9716
473.1 270.4 10.0 13.8 475.3 275.2 478.9 275.7 476.1 278.2 475.2 281.1 478.0 281.4 0.9712
961.8 641.7 16.7 19.5 971.0 647.5 976.1 647.6 975.4 651.8 971.7 655.9 975.3 656.1 0.9708
813.2 453.2 11.7 15.8 815.3 459.0 820.1 459.2 816.7 462.0 815.6 465.2 819.3 465.3 0.9703
791.1 9.9 10.6 13.7 793.1 15.6 797.8 15.3 795.3 18.3 794.2 21.0 797.7 20.7 0.9690
477.0 465.1 11.9 14.5 479.4 470.5 484.3 470.2 481.5 473.1 480.3 476.1 484.2 475.8 0.9686
598.1 222.1 10.2 13.1 600.0 227.2 604.4 227.5 601.5 230.1 600.0 232.5 603.4 232.8 0.9669
426.2 496.8 12.4 16.4 427.9 501.4 432.8 501.9 429.1 505.1 428.1 508.8 432.0 509.1 0.9665
585.9 141.0 9.2 13.6 591.2 146.5 593.0 146.2 593.5 148.8 591.9 151.5 593.3 151.5 0.9644
420.8 109.7 10.2 12.2 422.5 113.6 426.4 114.0 423.5 116.6 422.9 118.9 425.6 119.1 0.9643
357.3 108.6 10.3 12.6 359.1 112.4 363.3 112.5 360.4 115.2 359.5 117.9 362.7 117.9 0.9632
539.4 390.8 11.1 13.7 541.2 395.9 545.0 395.9 542.2 399.1 542.2 401.9 544.9 401.7 0.9600
744.9 19.1 10.1 12.6 747.2 23.1 752.0 23.3 749.3 25.9 747.4 28.5 751.2 28.6 0.9599
677.0 484.7 9.2 13.7 375.4 459.2 378.0 459.0 378.2 462.0 375.8 464.9 377.6 464.9 0.9595
618.9 43.9 9.3 11.8 678.3 490.0 680.1 490.3 677.6 492.8 678.6 495.5 679.7 495.5 0.9592
230.8 401.6 11.5 15.8 620.4 48.1 622.7 48.3 620.2 50.5 620.8 52.7 622.3 52.8 0.9573
628.2 218.2 10.6 12.9 233.4 407.4 238.0 407.7 235.2 410.7 234.0 413.8 237.4 413.9 0.9570
147.4 492.3 8.4 12.0 629.7 221.9 632.4 222.3 629.1 224.7 629.7 227.6 631.3 227.8 0.9569
534.1 250.2 9.2 12.1 148.8 496.7 151.4 496.8 149.0 499.2 149.0 501.7 151.1 501.7 0.9528
436.5 489.0 10.6 13.5 535.5 254.4 537.5 254.7 535.1 257.1 536.0 259.4 537.4 259.4 0.9507
862.2 250.7 9.3 14.1 438.3 493.7 442.1 494.0 439.2 496.6 438.6 499.3 441.5 499.4 0.9495
985.6 413.4 13.2 15.0 754.4 433.5 759.3 433.7 757.0 436.4 754.9 439.0 758.8 439.1 0.9491
723.1 21.2 10.6 12.3 863.5 255.6 864.5 255.7 862.6 258.8 864.5 261.9 865.2 261.7 0.9486
698.5 40.3 10.8 13.4 988.8 417.7 994.9 417.8 991.5 420.9 989.2 424.1 994.1 424.3 0.9426
498.4 121.8 10.9 13.6 725.6 25.0 729.9 25.2 727.1 27.8 726.0 30.4 729.2 30.5 0.9415
38.6 596.1 11.6 12.2 701.5 45.2 706.4 45.4 703.9 47.9 701.8 50.6 705.8 50.7 0.9404
877.5 485.7 12.7 15.6 501.8 126.9 506.6 126.6 504.7 129.3 502.7 132.2 506.6 132.0 0.9397
954.4 481.2 11.9 14.1 42.0 600.7 47.1 600.3 45.0 603.1 43.0 605.6 47.0 605.3 0.9357
436.8 693.1 13.3 18.9 880.1 491.8 885.8 491.8 882.6 494.7 880.8 497.5 885.2 497.5 0.9351
524.3 236.7 10.6 12.2 958.3 487.0 963.3 486.7 961.4 489.7 959.2 492.4 963.1 492.3 0.9333
693.0 452.2 10.3 13.5 444.5 701.5 445.8 699.7 448.7 703.4 447.7 707.9 448.5 706.7 0.9269
481.3 297.2 10.4 12.7 525.5 242.0 528.1 241.6 526.3 244.7 527.5 246.9 529.2 246.4 0.9260
709.5 441.1 11.8 15.1 694.6 457.2 697.4 457.5 694.7 460.3 694.9 462.9 696.9 462.9 0.9218
319.5 475.6 9.7 13.1 487.9 302.3 489.8 301.6 490.4 304.6 488.9 307.2 489.9 306.9 0.9215
662.8 17.6 10.0 11.9 713.1 446.3 718.1 446.6 715.4 449.5 713.2 452.5 717.2 452.7 0.9215
562.7 211.3 10.7 14.8 321.0 480.2 323.3 480.4 321.2 483.2 321.7 485.8 323.3 485.8 0.9174
594.7 145.7 10.3 11.5 665.0 21.3 669.4 21.7 666.7 24.1 665.1 26.5 668.5 26.8 0.9164
914.8 81.1 8.6 11.0 564.9 216.3 567.8 216.9 564.4 219.2 564.3 222.3 566.5 222.6 0.9120
732.6 278.0 12.4 16.9 596.7 150.5 600.3 150.2 598.4 153.2 598.5 155.1 600.8 154.8 0.9056
11.9 647.6 14.3 17.9 916.2 84.6 918.7 85.1 916.0 87.0 916.0 89.1 917.9 89.4 0.9020
103.6 120.4 9.5 12.8 739.1 284.8 742.9 284.3 742.7 288.2 739.9 291.8 742.7 291.6 0.9019
1012.6 138.0 10.5 12.8 16.1 655.5 21.8 653.2 20.7 657.8 19.4 662.2 23.7 660.4 0.8935
970.6 12.1 9.5 11.4 105.5 125.8 110.0 125.6 107.7 128.4 106.5 130.8 109.9 130.6 0.8924
303.6 605.0 12.3 15.8 1015.0 141.5 1018.8 142.4 1015.5 144.9 1014.6 147.3 1017.4 147.9 0.8921
598.6 254.3 10.3 12.9 326.8 115.7 332.1 116.8 329.2 119.5 326.2 122.0 330.3 122.8 0.8919
653.7 459.3 11.5 13.8 972.7 16.1 976.6 16.2 974.1 18.2 973.0 20.5 976.1 20.5 0.8878
680.6 142.9 11.9 14.7 305.5 610.9 310.9 611.1 307.3 614.3 305.8 617.4 310.1 617.5 0.8806
484.5 445.2 11.6 12.6 601.7 260.6 606.3 260.0 604.5 263.0 603.0 265.2 606.3 264.8 0.8783
787.6 36.0 9.8 12.9 655.3 464.0 659.4 463.8 656.5 467.1 656.5 469.9 659.7 469.7 0.8750
679.7 212.7 13.2 16.3 683.5 147.3 688.4 148.4 684.9 150.8 682.7 153.5 686.4 154.3 0.8745
754.2 210.0 10.4 12.5 487.0 449.6 491.9 449.3 489.3 452.2 487.9 454.9 491.8 454.6 0.8705
218.3 0.0 9.3 11.4 790.5 40.6 794.8 40.4 793.0 43.2 791.2 45.8 794.5 45.7 0.8650
817.7 395.9 13.0 14.2 683.8 218.8 688.5 220.0 684.9 222.2 682.9 224.9 686.4 225.8 0.8640
795.2 547.8 10.9 15.7 756.4 214.9 759.4 215.4 757.1 218.0 757.3 219.8 759.2 220.1 0.8459
775.0 568.2 12.6 14.9 220.3 3.7 223.8 3.8 221.4 6.2 220.6 8.5 223.4 8.6 0.8370
838.0 248.5 12.0 14.5 821.7 401.1 827.6 400.9 824.9 404.2 822.3 407.0 826.7 407.0 0.8310
700.2 229.4 10.8 14.2 554.8 383.8 559.6 383.7 558.0 386.7 555.4 390.0 559.1 390.0 0.8247
232.9 80.7 10.4 11.4 -1.3 599.1 4.1 599.2 1.6 601.7 -0.6 604.2 3.5 604.3 0.8228
617.1 121.4 10.8 13.8 972.7 440.0 974.5 440.6 971.5 442.9 972.3 445.8 973.5 446.1 0.8058
582.6 0.0 9.5 10.3 277.6 117.9 280.8 117.8 278.7 120.3 278.4 122.6 280.7 122.4 0.7962
684.1 254.6 12.3 16.1 627.8 563.7 634.5 563.7 631.4 567.5 628.4 571.2 633.8 571.3 0.7917
151.9 512.6 9.6 14.5 797.2 552.4 800.1 552.7 797.3 555.8 797.5 559.2 799.9 559.2 0.7887
455.6 372.1 10.1 9.8 777.4 571.9 782.7 572.6 779.1 575.5 777.2 578.8 781.2 579.3 0.7776
304.7 499.9 11.2 13.9 841.1 254.2 845.7 253.7 843.5 256.7 842.1 259.8 845.8 259.4 0.7603
632.3 358.2 10.7 13.3 704.5 235.3 708.7 234.8 707.5 237.9 705.4 240.8 708.7 240.6 0.7583
995.1 312.0 9.9 12.3 235.4 85.4 239.1 85.1 237.3 87.9 236.7 89.9 239.2 89.6 0.7492
755.6 358.5 11.0 13.2 814.8 681.0 818.6 680.9 818.5 684.8 815.0 688.6 817.8 688.7 0.7430
830.7 0.0 9.3 8.2 619.3 125.8 624.1 125.6 621.4 128.6 620.0 131.6 623.9 131.5 0.7372
762.8 238.7 13.8 15.5 584.7 3.3 588.6 2.9 586.7 5.6 585.7 7.9 588.8 7.6 0.7370
592.2 0.0 9.7 9.5 686.6 260.6 691.6 260.9 688.5 264.0 686.9 266.9 690.7 267.2 0.7301
289.3 110.2 8.1 10.2 156.7 517.5 159.9 517.4 159.4 520.4 157.1 523.4 159.5 523.5 0.7156
215.5 88.7 9.5 12.5 458.3 375.8 462.6 375.9 460.3 378.2 458.7 380.0 462.0 380.1 0.6892
118.1 574.0 11.9 12.4 687.7 216.1 693.2 217.6 689.5 219.6 687.0 221.8 691.1 222.9 0.6799
763.8 543.1 12.1 16.5 307.3 505.4 313.0 505.5 310.0 508.5 307.8 511.1 312.1 511.2 0.6757
706.2 493.3 11.8 11.6 234.4 513.0 238.1 513.5 234.8 515.9 234.4 518.4 237.1 518.6 0.6514
1014.7 438.9 8.9 18.2 636.4 363.3 640.9 362.9 639.5 365.8 637.2 368.8 640.8 368.6 0.6420
800.1 0.0 10.4 10.1 996.5 316.2 999.0 316.5 996.5 319.2 996.7 321.5 998.5 321.6 0.5865
164.2 111.4 9.6 13.3 757.9 363.5 762.6 364.1 759.3 366.3 757.7 368.8 761.4 369.1 0.5811
255.5 532.2 12.8 15.7 832.3 1.3 836.3 1.1 834.0 3.4 833.1 5.6 836.3 5.4 0.5796
912.4 317.3 9.6 11.7 766.7 244.2 773.1 244.4 770.0 247.2 767.1 250.5 772.3 250.7 0.5757
51.6 603.1 10.2 12.2 594.1 1.1 598.4 1.0 595.9 3.9 594.8 6.6 598.1 6.4 0.5559
723.4 271.8 10.8 14.2 802.1 253.0 808.2 253.1 805.2 256.5 802.5 259.3 807.2 259.4 0.5405
492.1 0.0 10.4 9.2 292.1 114.0 294.9 114.0 293.6 116.2 292.4 118.3 294.4 118.4 0.5373
649.7 44.8 8.9 12.2 468.1 226.5 471.1 226.4 470.7 229.2 468.3 231.9 470.6 231.9 0.5132
