0--Parade/0_Parade_Parade_0_213.jpg
67
510.3 406.2 45.7 51.0 519.5 431.6 536.3 424.6 529.5 439.0 529.3 448.0 542.8 442.2 0.9998
494.1 240.1 25.1 27.2 498.6 251.0 509.0 248.9 503.7 256.5 502.3 261.5 510.4 259.8 0.9998
200.1 307.2 22.1 25.6 204.6 320.0 213.7 316.4 210.3 323.3 209.4 328.4 216.3 325.5 0.9998
759.5 115.8 22.4 30.6 769.4 128.8 778.3 126.5 777.7 132.3 772.6 139.1 779.9 137.4 0.9997
982.2 101.1 25.3 29.7 986.2 114.1 995.1 112.5 989.2 119.2 989.2 124.7 995.9 123.3 0.9997
67.4 451.7 30.2 33.3 71.8 465.6 79.9 462.8 75.9 473.1 80.2 477.8 87.2 475.1 0.9997
624.2 389.7 39.5 55.2 629.2 411.3 638.6 412.1 626.3 422.1 631.7 431.9 638.7 431.9 0.9997
404.4 271.6 26.0 30.7 409.0 284.9 420.0 282.5 414.6 290.7 413.8 296.3 422.2 294.3 0.9997
590.0 376.7 36.8 44.5 595.1 395.8 609.8 392.8 601.1 404.0 600.4 411.9 612.1 409.4 0.9996
717.2 534.6 43.8 61.3 725.1 556.0 734.4 560.8 718.2 568.2 723.0 579.0 729.7 582.0 0.9996
68.7 365.8 22.1 26.5 72.9 377.7 82.3 375.0 78.0 381.4 76.7 387.0 84.1 384.8 0.9996
210.7 607.5 43.6 57.9 217.7 627.1 225.1 631.0 211.2 639.1 218.0 649.9 222.5 652.1 0.9996
302.2 592.1 54.8 65.4 309.7 619.3 330.2 616.4 316.6 633.6 318.3 644.3 333.4 641.6 0.9996
455.0 262.7 28.5 31.9 463.5 278.7 474.9 273.7 473.0 282.2 470.6 289.0 478.9 285.1 0.9996
657.0 186.1 23.0 28.7 666.3 197.0 675.6 194.9 674.3 200.4 669.6 207.6 677.0 206.1 0.9996
777.0 257.1 43.0 51.8 783.8 279.2 802.0 275.3 792.2 287.0 790.4 297.8 804.7 294.5 0.9996
151.2 321.7 20.1 25.7 152.8 332.6 157.2 331.7 152.4 337.5 155.6 342.6 158.5 341.6 0.9996
565.8 212.8 25.4 32.3 573.4 228.7 584.7 225.4 581.0 233.4 577.4 239.7 585.7 237.2 0.9996
26.9 437.3 25.9 29.3 32.6 451.2 43.4 447.3 39.7 454.7 37.2 460.3 46.6 457.3 0.9995
816.9 175.3 30.2 34.1 820.5 190.7 828.8 187.7 822.5 195.4 825.6 202.1 831.8 199.5 0.9995
640.9 279.5 36.5 40.8 648.8 296.8 665.6 291.0 660.2 298.3 656.4 310.4 670.5 305.8 0.9995
375.9 294.3 26.0 36.9 392.5 309.8 398.4 307.9 401.0 314.9 393.4 322.2 398.4 321.2 0.9995
939.0 190.5 38.1 48.9 943.7 211.2 959.4 210.5 947.5 218.7 945.4 228.1 958.1 227.3 0.9995
867.7 107.5 28.0 36.3 870.3 122.9 877.0 122.3 870.3 130.6 875.2 136.9 879.8 136.0 0.9995
432.8 215.4 20.1 23.5 435.4 225.5 442.8 224.0 438.3 230.3 439.2 234.4 444.7 233.1 0.9995
143.9 421.6 27.6 31.7 149.5 437.5 152.3 436.9 150.4 445.2 158.9 448.7 159.5 447.8 0.9995
803.5 109.2 20.7 31.9 806.7 123.0 808.6 122.9 805.2 129.8 810.8 134.3 812.6 133.8 0.9994
544.6 304.9 31.1 36.8 547.8 321.8 558.3 318.9 551.0 327.8 554.4 335.0 561.8 332.4 0.9994
670.8 251.9 33.0 40.2 683.0 269.8 696.4 267.2 693.1 274.2 687.9 282.9 698.2 280.9 0.9992
116.3 377.6 23.4 29.7 122.2 392.0 131.9 389.1 128.2 396.8 126.3 401.9 134.1 399.6 0.9992
384.4 349.1 27.3 42.6 402.1 366.2 404.2 363.7 411.9 370.4 407.6 380.8 409.0 379.6 0.9991
473.9 547.3 31.3 46.8 479.8 562.8 481.8 563.8 473.2 572.2 481.2 581.4 482.5 581.7 0.9991
109.8 324.1 23.7 26.7 114.8 336.0 125.0 333.3 120.3 339.1 118.0 344.8 126.4 342.5 0.9990
365.5 242.5 17.9 22.6 368.0 252.6 370.1 252.0 367.8 257.7 373.0 260.9 374.4 260.1 0.9989
189.4 477.4 25.7 35.8 206.3 488.3 206.4 488.4 214.3 492.4 211.0 501.9 210.9 502.5 0.9988
451.1 404.1 39.1 42.8 458.2 422.0 475.5 416.8 468.1 428.6 465.7 438.2 479.1 434.1 0.9987
997.8 244.4 25.9 60.2 1001.4 267.7 1014.1 267.7 999.8 278.5 1004.0 290.2 1013.6 289.7 0.9986
52.5 407.2 24.2 26.5 57.4 418.9 67.8 416.7 63.0 423.3 61.6 428.9 69.1 427.1 0.9985
900.3 418.8 45.3 55.0 927.0 442.5 940.3 437.2 941.3 452.2 928.6 463.1 937.5 459.4 0.9983
339.6 412.0 32.6 39.7 342.6 428.8 356.0 427.9 345.6 434.6 344.8 443.0 354.9 442.2 0.9982
952.2 270.0 32.9 42.0 955.4 283.6 963.5 284.8 953.4 293.1 957.5 300.1 964.4 300.5 0.9981
377.5 496.3 33.1 47.6 381.6 517.0 394.8 515.6 385.8 526.7 386.9 533.9 397.0 532.5 0.9978
205.8 536.6 39.2 43.6 222.6 559.5 232.1 547.7 236.2 559.4 233.0 570.6 240.7 561.8 0.9975
478.8 619.2 39.8 63.4 484.3 644.8 488.4 645.9 481.0 659.1 490.3 670.1 492.3 670.7 0.9969
918.3 103.6 20.5 30.4 921.9 114.5 922.1 115.1 920.5 121.6 926.6 126.7 926.7 127.1 0.9968
864.9 356.0 35.1 49.1 870.0 373.6 874.3 374.9 865.4 383.1 872.4 392.3 875.4 392.8 0.9967
27.0 363.2 18.4 23.8 33.6 373.7 41.1 371.1 39.9 376.9 37.3 382.3 43.1 380.3 0.9966
18.1 523.6 32.1 42.7 23.1 539.7 33.5 538.0 25.8 548.1 28.2 556.2 35.9 554.6 0.9948
412.0 211.7 21.0 25.8 415.1 224.1 420.5 222.2 417.1 228.3 419.6 232.8 423.3 231.0 0.9919
855.6 47.9 12.8 13.6 858.1 55.4 862.1 52.7 861.3 57.3 862.9 60.1 865.3 57.9 0.9893
593.0 264.8 26.6 30.5 604.2 277.2 613.5 273.2 613.4 281.3 609.4 288.7 616.5 285.8 0.9891
106.2 524.7 29.9 40.5 121.4 542.8 128.1 538.0 132.6 546.6 128.9 556.9 133.2 553.6 0.9881
564.1 81.2 9.3 11.5 566.3 84.9 570.6 85.1 568.2 87.4 566.7 89.8 570.0 89.9 0.9854
545.9 82.6 8.9 10.3 548.0 86.5 551.8 86.2 550.0 88.3 548.8 90.4 551.9 90.2 0.9827
353.3 466.5 20.4 39.0 367.8 477.5 367.9 477.1 372.0 484.0 369.3 494.2 369.7 494.0 0.9791
66.9 314.7 14.4 21.8 68.7 324.0 72.9 324.3 69.4 328.7 70.7 332.4 73.6 332.4 0.9742
595.1 109.7 10.1 13.3 597.4 115.6 601.7 115.5 599.2 118.4 598.1 120.9 601.4 120.8 0.9624
106.6 256.5 14.8 18.3 114.3 263.4 118.6 262.7 119.0 266.0 116.6 270.4 119.4 270.0 0.9622
918.2 48.2 17.0 20.6 927.9 56.9 933.4 56.8 932.7 60.9 928.1 64.4 932.4 64.6 0.9541
247.0 374.7 17.0 26.2 250.0 383.9 250.1 384.3 249.1 390.0 253.5 394.4 253.5 394.7 0.9276
909.3 3.2 11.2 16.9 911.3 10.2 913.7 9.8 911.4 13.4 912.8 16.7 914.2 16.2 0.9155
629.1 238.4 21.1 32.9 633.0 253.1 634.1 252.9 631.1 260.0 636.0 265.5 636.4 264.9 0.9104
814.5 43.1 10.8 12.4 819.1 47.4 823.3 47.5 821.8 50.2 819.3 52.7 822.5 52.9 0.8921
6.4 316.5 14.6 18.0 10.3 323.0 17.2 322.8 13.9 327.1 11.5 330.9 16.6 330.7 0.8580
346.3 179.2 9.6 13.0 347.4 184.4 349.1 184.3 347.6 187.4 349.2 189.7 350.3 189.5 0.8487
884.1 18.3 10.5 16.3 886.2 24.3 888.1 24.6 885.4 27.6 886.4 30.7 887.6 30.8 0.8269
321.0 195.5 10.9 14.1 322.7 201.5 323.9 201.1 322.4 204.4 324.8 207.0 325.5 206.6 0.6845
