0--Parade/0_Parade_Parade_0_715.jpg
8
452.8 276.0 59.3 72.3 484.8 298.7 507.0 301.6 505.2 312.4 483.8 325.1 504.2 327.9 0.9998
880.7 268.6 54.7 67.2 913.8 286.3 931.9 290.7 931.0 302.3 906.3 311.2 923.5 315.9 0.9996
243.6 312.3 54.7 69.5 267.7 338.5 290.9 342.3 282.4 351.8 266.6 362.6 286.0 365.7 0.9996
945.1 552.7 53.8 65.3 972.5 578.6 994.2 579.3 990.1 589.4 977.0 603.6 992.0 603.9 0.9995
681.6 420.0 51.1 60.6 711.1 443.5 727.7 444.5 727.9 452.4 717.0 465.4 728.6 466.0 0.9995
914.9 471.4 51.6 60.1 940.3 488.2 961.3 488.4 957.8 498.5 939.6 511.1 959.2 511.8 0.9993
118.5 246.4 36.2 65.9 149.6 272.7 149.7 271.3 150.8 285.9 143.9 298.6 144.2 297.1 0.9925
649.2 496.8 38.9 68.8 678.4 518.3 678.8 515.1 686.2 527.9 681.1 545.7 682.8 543.5 0.9890
