0--Parade/0_Parade_marchingband_1_1047.jpg
21
403.7 58.2 52.4 64.7 433.3 79.4 445.2 75.6 453.3 87.9 441.9 105.1 451.0 102.6 0.9999
866.1 513.6 59.7 74.7 877.7 543.8 904.5 545.4 886.3 557.2 878.7 570.7 899.0 571.8 0.9996
401.4 459.6 35.6 48.1 425.5 473.0 428.2 472.7 437.7 481.4 430.2 493.3 431.3 493.9 0.9995
442.6 408.9 32.4 42.9 462.9 422.8 469.3 421.1 473.6 429.5 465.7 440.1 470.2 439.4 0.9994
548.8 414.1 28.4 34.5 565.9 423.2 571.5 422.7 575.9 428.3 569.8 438.1 573.7 438.0 0.9994
845.7 174.0 28.1 29.9 853.8 183.5 865.9 183.8 859.8 189.4 855.1 195.7 864.1 195.9 0.9985
922.0 232.2 18.4 21.3 927.6 238.7 935.5 238.6 931.7 243.3 928.4 247.6 934.6 247.6 0.9985
281.4 216.6 19.9 25.5 286.3 225.8 295.1 225.8 290.2 230.5 287.2 235.7 293.9 235.7 0.9979
150.3 157.6 28.4 32.5 157.4 168.6 169.7 168.2 163.2 174.4 159.1 181.7 168.5 181.4 0.9970
591.9 449.5 19.6 26.1 605.0 457.6 608.7 457.4 610.5 462.6 605.9 468.5 608.4 468.5 0.9968
690.2 206.1 21.9 27.0 695.3 215.6 705.3 215.9 699.8 221.4 696.4 226.5 703.8 226.7 0.9950
795.8 222.8 17.1 19.2 800.0 228.6 807.7 228.3 803.7 232.8 801.1 237.0 807.1 236.7 0.9879
313.1 233.2 19.8 26.4 317.5 243.6 326.6 243.5 321.6 249.2 318.9 254.1 325.7 253.9 0.9805
318.3 202.7 20.2 24.1 323.5 210.9 332.4 209.8 328.4 215.7 325.6 220.7 332.5 219.9 0.9738
470.6 261.6 13.9 16.7 64.3 145.6 74.3 145.5 69.5 151.8 65.6 156.7 73.3 156.6 0.9664
489.9 267.8 13.4 17.5 474.3 266.8 479.9 266.7 476.8 270.6 475.1 274.0 479.6 273.9 0.9620
778.1 231.0 15.0 16.3 493.1 274.6 499.0 274.7 495.7 277.9 493.5 281.1 498.3 281.1 0.9606
535.4 229.1 14.9 17.4 782.8 236.8 788.9 236.5 786.3 240.6 784.0 243.8 788.5 243.6 0.9329
416.1 239.3 14.2 16.7 538.9 234.5 544.7 234.8 541.2 238.5 539.7 241.6 544.2 241.7 0.9002
248.8 282.9 13.0 15.8 421.4 245.1 427.4 245.1 424.9 248.5 422.0 252.0 426.7 252.0 0.8374
558.9 237.9 14.1 16.4 969.2 521.1 973.3 519.4 976.4 527.4 971.7 535.7 974.8 534.8 0.6333
