0--Parade/0_Parade_marchingband_1_541.jpg
21
929.0 516.0 11.9 14.1 930.9 520.4 935.2 520.7 931.7 523.5 931.2 526.4 934.4 526.6 0.9910
461.9 433.9 9.0 11.2 462.9 437.3 465.6 437.9 462.5 440.0 462.7 442.2 464.6 442.5 0.9905
689.6 488.4 10.2 12.0 691.0 492.6 695.1 493.0 692.0 495.4 691.4 497.7 694.1 497.9 0.9871
633.7 471.7 9.2 11.0 635.5 475.2 639.2 475.5 636.6 477.7 635.7 479.9 638.3 480.1 0.9835
961.1 435.6 8.4 10.0 962.4 438.6 965.5 439.1 962.9 441.0 962.4 443.1 964.7 443.3 0.9799
768.4 483.1 10.6 13.1 770.3 487.0 773.8 487.5 770.7 490.1 770.4 492.8 772.8 493.1 0.9781
929.6 437.0 8.4 9.8 931.2 440.6 934.2 440.6 932.2 442.7 931.8 444.7 934.0 444.6 0.9688
425.2 431.2 8.6 9.9 426.9 434.5 430.2 434.6 428.0 436.7 427.2 438.7 429.7 438.7 0.9672
700.2 447.5 8.8 9.1 701.8 450.6 704.9 450.7 702.6 452.7 702.2 454.5 704.6 454.4 0.9622
843.0 518.2 9.9 11.5 845.2 521.6 849.3 522.1 846.5 524.3 845.1 526.5 848.3 526.8 0.9444
575.1 463.3 7.6 9.8 576.4 466.3 578.6 466.7 576.3 468.4 576.3 470.5 577.9 470.7 0.9434
754.1 584.4 16.1 16.8 765.0 592.4 766.8 593.5 765.6 597.4 760.3 598.2 760.9 599.2 0.9194
6.6 446.0 9.7 11.5 11.6 450.1 14.8 450.0 14.2 452.5 12.0 455.0 14.3 455.0 0.8475
897.0 447.9 7.7 9.5 898.3 450.9 900.4 451.2 898.3 452.9 898.3 454.9 899.9 455.0 0.7972
596.8 430.5 7.2 8.3 598.1 433.4 600.5 433.6 598.5 435.1 598.1 436.8 599.9 436.9 0.7714
511.3 394.2 6.3 7.9 512.3 396.7 514.4 396.9 512.6 398.4 512.4 400.0 513.9 400.1 0.7661
516.8 453.9 7.9 9.5 518.3 456.8 521.4 457.1 519.1 459.0 518.3 460.9 520.7 461.0 0.7432
533.2 426.0 7.0 8.4 534.3 428.8 536.3 428.9 534.4 430.5 534.5 432.3 536.1 432.3 0.7045
651.4 438.5 7.1 8.4 652.7 441.3 654.9 441.4 653.0 443.0 652.9 444.7 654.5 444.8 0.6769
757.4 448.7 9.3 10.7 759.1 452.9 761.5 453.1 758.9 455.1 759.4 457.2 760.8 457.2 0.5810
994.3 443.1 7.5 8.4 995.7 445.7 998.8 445.8 996.7 447.6 996.0 449.5 998.3 449.5 0.5442
