0--Parade/0_Parade_marchingband_1_200.jpg
19
492.4 344.1 18.0 20.3 497.5 350.5 505.1 350.6 501.2 355.3 498.1 358.8 504.2 359.0 0.9986
639.6 357.8 13.2 14.6 643.4 362.1 649.5 362.2 646.5 365.3 643.9 368.4 648.8 368.5 0.9976
159.7 344.4 12.1 14.2 163.3 349.4 168.8 349.5 166.1 352.6 163.9 355.2 168.1 355.3 0.9963
361.4 336.7 15.3 17.1 366.3 341.7 372.7 341.8 369.8 345.0 367.0 348.9 372.1 349.0 0.9962
120.2 350.5 13.5 14.9 123.9 354.9 129.7 354.9 126.7 358.4 124.6 361.4 129.0 361.4 0.9959
890.6 346.4 13.7 14.9 896.5 351.5 901.7 351.5 900.0 355.0 897.2 357.9 900.8 357.9 0.9958
868.3 361.1 10.5 12.4 873.6 365.2 877.3 365.1 876.5 367.8 873.9 370.3 876.6 370.4 0.9945
263.2 357.3 10.9 13.3 266.2 361.3 270.6 361.4 268.3 364.3 266.5 366.9 270.2 367.0 0.9934
243.9 361.9 13.8 15.0 247.4 367.2 253.8 367.0 250.7 370.4 248.5 373.5 253.3 373.3 0.9910
95.0 348.1 9.3 12.3 99.5 353.9 102.7 354.3 101.3 356.7 99.1 358.2 101.1 358.7 0.9453
278.8 356.5 10.2 12.5 281.9 361.3 286.7 361.2 284.5 364.2 282.6 366.6 286.2 366.5 0.8998
198.8 362.7 9.6 11.4 201.8 367.2 206.3 367.2 204.3 369.9 202.4 372.2 205.7 372.2 0.8501
943.7 346.5 7.3 9.8 944.7 350.8 947.1 350.9 945.1 353.0 945.2 354.8 946.9 354.7 0.8225
384.6 347.1 12.2 12.8 388.3 351.2 394.0 351.3 391.4 354.5 388.9 357.1 393.2 357.2 0.8024
781.0 359.2 10.7 12.1 785.0 363.4 789.9 363.3 788.0 366.4 785.6 368.8 789.2 368.8 0.6798
925.2 343.2 7.2 10.0 926.4 346.8 927.9 347.1 925.9 349.0 926.3 351.0 927.3 351.2 0.6755
219.6 348.5 11.4 13.5 222.6 353.0 227.9 353.2 225.1 356.1 223.1 358.7 227.1 358.9 0.6202
610.7 341.9 9.5 11.0 613.1 345.8 617.7 346.1 615.2 348.4 613.3 350.7 616.8 350.8 0.5069
180.1 359.7 10.1 12.2 183.2 363.7 187.5 364.2 185.1 366.6 183.1 368.9 186.4 369.3 0.5014
