0--Parade/0_Parade_marchingband_1_479.jpg
25
182.9 244.5 10.2 12.6 188.5 249.3 191.5 249.3 191.1 251.6 188.5 253.8 190.9 253.9 0.9996
721.8 227.8 15.1 19.4 730.6 235.3 735.4 234.6 735.6 238.7 731.7 242.8 735.2 242.4 0.9992
546.4 227.5 12.0 13.5 551.5 232.4 556.2 231.5 555.3 234.5 553.1 237.7 556.5 237.1 0.9991
990.0 205.5 10.7 14.1 991.0 211.3 994.6 211.3 991.4 214.0 991.9 216.6 994.6 216.5 0.9987
244.4 235.0 11.5 13.0 247.9 239.3 253.2 238.9 251.2 241.3 249.3 244.6 253.2 244.2 0.9985
495.5 249.3 15.5 17.9 504.2 256.1 509.3 255.5 508.7 259.8 504.9 263.2 508.4 263.0 0.9984
618.3 243.1 13.5 15.2 623.6 248.7 629.1 248.1 627.5 251.4 625.0 254.6 629.1 254.3 0.9984
377.2 242.9 15.5 18.8 384.7 249.8 390.8 249.6 389.5 253.3 385.9 257.2 390.4 257.1 0.9983
417.2 232.6 13.8 15.6 423.5 237.9 429.1 237.2 427.9 240.6 424.8 244.3 429.2 243.9 0.9983
830.0 231.0 14.8 17.6 838.4 237.7 843.7 237.7 842.8 241.7 838.8 244.8 842.3 245.0 0.9982
346.4 253.7 10.0 11.8 349.6 258.3 354.2 257.6 352.7 260.7 351.1 263.2 354.4 262.7 0.9981
500.0 225.1 12.4 15.4 505.7 231.3 510.7 231.5 509.1 234.7 506.2 237.4 509.6 237.5 0.9977
615.6 262.2 14.1 14.8 623.1 268.6 628.1 268.0 627.1 271.9 623.7 274.5 626.6 274.2 0.9977
302.6 233.1 10.9 14.7 307.0 238.6 311.7 238.6 310.0 241.9 307.4 244.6 310.8 244.7 0.9966
126.2 247.1 9.3 10.6 129.0 250.8 133.4 250.6 131.5 253.0 129.7 255.2 133.2 255.1 0.9960
477.5 241.9 9.6 11.8 483.2 246.3 486.1 246.3 485.9 248.8 483.3 251.0 485.2 251.2 0.9957
146.4 246.9 9.7 12.0 150.8 251.0 154.7 250.8 153.6 253.4 151.4 255.9 154.4 255.8 0.9953
576.3 231.6 10.3 10.5 580.4 235.7 584.7 235.8 583.0 238.2 581.0 239.9 583.8 240.0 0.9951
629.4 238.7 10.7 12.7 632.6 243.7 637.1 243.8 634.8 246.6 632.9 248.5 636.3 248.7 0.9908
512.3 232.9 9.7 12.1 515.8 237.5 520.1 237.0 518.7 239.6 516.8 242.2 520.0 241.9 0.9841
336.2 241.2 10.0 11.1 339.8 244.9 344.2 244.6 342.6 246.7 340.7 249.3 344.1 249.2 0.9810
456.8 240.3 6.6 7.8 458.5 243.6 461.4 243.4 459.9 245.1 459.0 246.5 461.3 246.4 0.9755
229.1 246.7 9.9 11.1 543.2 303.3 547.0 304.4 545.1 307.1 541.7 308.3 543.8 309.3 0.8117
403.5 244.4 8.2 9.8 232.4 251.1 236.9 250.7 235.1 253.6 233.4 256.1 236.8 255.8 0.7426
702.9 228.4 8.9 11.1 405.2 248.8 408.6 249.0 406.4 251.1 405.5 252.9 408.0 253.0 0.7207
