0--Parade/0_Parade_marchingband_1_692.jpg
88
572.0 159.5 22.1 26.5 575.6 170.2 584.8 169.9 579.1 175.4 577.3 180.4 584.6 180.0 0.9999
214.9 390.3 27.3 36.5 219.1 405.2 231.2 406.4 222.4 412.8 219.9 417.7 229.6 418.6 0.9998
966.5 428.9 23.3 33.4 983.5 442.8 987.4 442.4 989.3 449.4 981.3 454.8 984.3 454.8 0.9997
39.6 400.7 27.4 36.7 44.0 413.3 51.4 414.3 42.0 418.9 42.6 426.6 48.6 427.0 0.9997
455.0 412.1 26.3 34.6 460.7 426.8 473.2 425.9 466.8 432.9 462.6 438.4 473.2 437.6 0.9997
129.7 402.4 27.3 34.4 133.8 415.2 146.2 415.0 138.2 422.6 135.3 427.4 146.4 427.1 0.9997
724.6 370.7 25.5 35.8 736.2 383.9 746.5 384.3 743.6 390.9 736.8 397.7 744.4 398.1 0.9996
168.3 302.9 23.1 27.4 171.7 310.7 181.2 311.4 173.8 316.9 171.5 322.3 179.3 322.6 0.9994
329.6 230.1 21.6 28.3 333.2 241.4 341.8 241.0 336.3 245.8 334.5 251.0 341.9 250.6 0.9994
414.9 97.1 19.0 24.9 419.5 106.7 428.4 106.7 423.7 111.7 420.3 116.3 427.3 116.3 0.9993
820.0 95.9 17.3 22.7 823.4 104.9 831.2 105.3 826.4 109.5 824.0 113.6 829.8 113.9 0.9993
842.5 413.4 25.9 33.6 855.2 426.8 865.1 426.3 863.4 432.9 856.8 439.3 864.1 439.0 0.9993
358.3 415.6 26.5 28.6 369.5 424.7 380.6 424.2 377.2 430.3 371.0 435.9 380.0 435.7 0.9993
245.2 350.8 26.5 35.1 249.9 364.4 261.9 364.5 254.5 370.6 250.9 376.2 261.5 376.2 0.9993
466.8 366.1 24.7 34.0 473.1 379.3 484.5 379.1 478.7 386.0 474.8 392.2 483.1 392.1 0.9992
432.8 446.7 28.4 35.6 439.0 460.6 452.1 460.2 445.1 465.9 440.4 472.6 451.7 472.3 0.9992
775.4 146.5 20.9 27.5 780.8 158.3 790.2 157.9 785.8 163.1 782.0 167.8 789.9 167.6 0.9991
569.8 462.6 30.2 32.7 579.7 472.8 593.1 472.0 587.9 478.9 582.2 486.3 592.6 485.6 0.9991
269.6 311.4 26.1 31.9 274.8 323.5 286.7 324.5 279.0 330.0 274.9 335.1 284.5 335.8 0.9991
240.3 241.0 21.8 25.7 244.5 248.1 252.4 249.0 246.2 254.1 244.9 259.3 251.0 259.8 0.9991
212.7 254.2 22.9 24.9 217.5 261.3 227.0 261.8 220.9 267.1 218.0 272.2 225.4 272.6 0.9990
752.6 244.6 21.7 28.3 757.5 256.0 768.2 255.9 762.6 260.7 758.9 266.2 767.3 266.0 0.9990
563.4 230.6 21.8 29.4 568.5 243.2 578.7 241.9 573.9 248.5 570.5 253.6 579.0 252.5 0.9990
278.1 215.2 18.7 22.7 281.4 221.6 289.1 221.9 283.6 226.6 281.9 231.7 287.5 231.8 0.9989
725.3 280.7 22.5 29.1 730.7 291.2 741.6 291.3 736.0 296.8 731.6 302.2 740.7 302.3 0.9989
503.8 314.9 25.1 32.8 509.0 327.2 521.2 327.4 514.3 333.7 510.3 339.8 519.8 339.9 0.9989
789.9 128.9 19.1 26.0 794.8 138.8 803.3 139.0 798.8 143.0 795.7 148.2 802.3 148.3 0.9988
533.2 240.3 23.1 29.0 538.8 252.2 549.7 252.4 544.0 257.4 540.0 262.9 548.1 263.1 0.9988
418.8 267.2 24.5 26.4 424.4 275.4 433.9 275.3 428.1 281.2 425.7 286.8 432.5 286.6 0.9988
308.3 281.1 24.0 31.0 312.5 292.3 323.5 292.7 316.5 298.3 313.0 304.3 322.2 304.4 0.9987
407.2 128.2 19.5 26.2 411.7 138.1 420.5 138.5 415.3 143.1 411.9 147.9 419.2 148.2 0.9987
921.0 375.6 25.3 30.5 937.1 384.7 943.2 384.3 944.9 391.3 938.0 398.0 942.0 398.2 0.9986
644.3 247.2 21.5 24.5 648.1 254.1 656.8 254.6 650.7 259.7 648.8 265.0 655.3 265.2 0.9986
523.9 93.0 18.4 21.9 526.1 100.1 532.3 100.1 527.2 105.5 527.7 109.7 532.0 109.5 0.9985
372.0 201.1 21.9 28.7 378.1 212.7 387.8 213.1 382.6 217.4 378.6 222.4 386.5 222.7 0.9985
310.9 144.3 17.7 19.0 313.7 150.5 320.9 150.9 315.7 155.0 314.3 158.7 319.5 158.9 0.9985
621.9 411.7 27.8 31.3 629.5 421.4 642.1 420.7 636.2 428.2 631.8 435.2 641.0 434.7 0.9983
872.5 197.5 21.0 25.0 876.0 204.7 884.8 204.9 878.6 210.2 876.6 215.5 883.3 215.6 0.9983
793.2 108.4 19.2 25.0 798.8 119.5 807.5 119.1 803.6 123.7 800.6 128.2 806.9 127.9 0.9982
121.5 347.7 27.7 28.6 126.9 358.7 138.2 356.8 132.0 363.7 130.1 370.1 138.3 368.6 0.9982
838.3 372.0 25.3 26.7 847.0 381.8 857.4 380.7 853.5 386.9 849.6 392.5 857.1 391.6 0.9981
285.8 416.5 26.3 31.2 289.1 425.5 296.0 426.9 287.0 432.5 289.3 439.4 293.6 440.2 0.9981
437.7 102.5 19.2 25.5 441.2 114.0 449.0 113.3 444.6 118.3 442.9 122.6 448.9 122.1 0.9980
361.4 80.5 16.8 18.8 363.7 86.0 369.6 86.1 364.4 89.8 363.9 94.2 368.2 94.1 0.9977
401.9 5.4 16.1 19.9 404.5 11.5 410.2 11.9 405.5 16.0 405.0 20.1 409.0 20.2 0.9977
381.0 167.6 19.7 24.8 385.8 178.8 394.6 178.5 390.1 183.5 386.9 187.4 393.9 187.1 0.9977
707.1 348.2 24.0 29.3 713.6 360.2 724.0 360.5 718.2 366.5 714.2 371.6 721.8 371.9 0.9975
752.5 189.0 21.4 26.2 757.0 201.5 766.9 200.5 762.0 205.8 759.1 210.4 766.6 209.6 0.9974
873.8 115.7 21.2 25.4 878.4 122.2 886.1 122.6 880.2 127.6 878.5 133.4 884.5 133.6 0.9973
528.6 277.0 24.6 27.9 536.3 290.2 546.6 289.3 542.3 294.9 538.6 299.2 546.3 298.5 0.9971
348.8 229.1 19.1 29.3 353.3 240.0 360.6 241.3 355.0 246.1 352.7 251.2 358.3 252.1 0.9971
752.0 220.7 21.1 26.0 759.6 232.1 769.3 231.9 765.4 237.2 761.0 241.7 767.8 241.6 0.9968
853.4 132.6 23.9 27.8 860.1 140.5 871.2 140.8 865.7 145.5 861.1 152.1 869.9 152.4 0.9962
443.9 79.8 19.2 22.2 448.2 88.2 457.4 87.9 452.4 91.8 449.3 97.0 456.3 96.7 0.9955
583.5 160.2 17.2 23.6 585.4 169.6 593.9 169.6 588.8 174.4 586.4 178.6 593.1 178.5 0.9926
438.6 247.7 22.5 28.5 442.7 255.4 451.0 255.6 444.6 261.7 443.5 268.1 449.6 268.0 0.9923
321.9 118.7 18.4 21.8 325.9 123.8 332.7 123.9 328.0 127.9 326.0 133.5 331.5 133.6 0.9913
146.1 327.5 19.5 24.6 149.8 334.2 157.8 334.5 152.1 339.4 150.0 344.9 156.0 345.1 0.9910
398.4 307.1 19.9 24.3 401.8 314.1 409.2 314.7 402.7 318.9 400.8 324.6 406.2 325.0 0.9899
736.4 273.2 20.9 28.6 740.1 285.7 748.9 285.0 743.8 290.6 741.3 295.7 748.0 295.2 0.9897
476.9 189.5 20.0 22.9 480.8 195.9 488.0 196.2 482.3 200.6 480.9 205.5 486.3 205.7 0.9872
79.2 392.1 23.8 26.7 82.6 401.2 91.2 400.9 85.0 407.1 84.6 412.2 90.9 411.8 0.9858
558.6 198.7 20.7 25.5 564.2 211.1 573.0 210.4 568.6 215.7 566.0 219.8 572.2 219.3 0.9834
464.9 213.3 19.9 23.4 468.9 220.1 475.9 220.4 470.9 225.4 469.9 230.4 475.2 230.4 0.9810
381.2 306.9 20.4 24.3 387.4 314.8 396.5 314.7 392.1 320.1 388.6 325.2 395.4 325.2 0.9809
196.3 287.0 22.1 28.6 203.5 296.3 211.1 296.2 206.8 303.0 203.4 308.6 209.0 308.4 0.9794
471.4 345.8 25.5 30.3 478.1 359.2 489.4 358.8 483.8 364.0 480.0 369.9 488.5 369.5 0.9723
315.7 267.2 22.7 25.6 322.6 277.9 332.7 278.0 328.1 282.1 323.9 287.1 331.5 287.2 0.9693
509.4 124.9 14.4 18.1 511.5 130.8 516.0 131.6 511.6 135.0 511.4 138.6 514.5 139.1 0.9515
368.9 189.9 21.5 28.1 374.3 202.9 383.5 202.4 378.5 207.6 375.6 212.4 383.1 212.0 0.9456
783.3 124.2 15.7 20.7 790.3 136.0 797.4 136.0 794.5 140.1 790.9 142.0 796.2 142.2 0.9453
819.7 325.3 25.1 29.8 828.3 334.9 839.3 333.4 836.1 340.3 831.9 347.5 839.9 346.5 0.9324
287.9 278.3 20.5 28.6 294.3 289.7 302.5 290.4 298.7 296.0 295.5 300.8 301.7 301.3 0.9127
908.6 70.9 17.2 19.3 913.4 76.4 920.2 77.4 915.8 80.6 913.1 84.5 918.1 85.2 0.9097
520.4 299.2 24.6 30.9 526.4 310.5 536.4 311.4 529.8 315.9 526.4 322.0 533.6 322.6 0.9060
672.5 124.9 20.9 24.5 678.2 132.2 686.9 133.3 681.8 138.1 678.3 142.2 684.8 143.1 0.8995
897.4 99.9 12.7 15.6 900.4 105.0 905.3 105.1 902.4 108.5 901.0 111.9 904.7 111.9 0.8972
184.4 285.1 19.9 26.3 189.8 292.3 196.9 292.9 192.3 298.3 190.2 303.7 195.5 304.1 0.8818
517.7 311.1 22.5 32.3 523.4 325.2 532.4 325.6 527.8 331.6 523.9 336.7 530.3 337.0 0.8795
555.3 53.6 12.2 14.4 557.5 58.0 561.7 57.8 558.8 61.2 557.9 64.4 561.2 64.1 0.8545
672.7 217.8 15.4 18.7 676.7 222.8 682.5 222.7 679.4 226.9 677.4 231.0 682.0 230.9 0.8148
493.7 164.6 13.7 15.8 497.4 168.7 502.9 168.8 499.8 171.7 497.8 175.4 502.2 175.4 0.7048
575.8 32.6 11.1 13.6 577.9 36.4 581.6 36.8 578.6 39.5 578.1 42.5 580.7 42.7 0.6989
413.1 0.0 13.5 15.2 416.3 4.4 422.2 4.5 418.9 7.8 416.9 11.2 421.1 11.3 0.6498
501.1 158.6 12.8 16.3 503.9 163.0 508.3 163.3 505.3 166.4 504.1 169.9 507.8 170.0 0.6368
358.9 208.7 15.8 22.7 363.8 218.1 369.5 218.8 366.4 223.1 363.7 226.8 368.0 227.4 0.5753
921.6 35.2 12.7 15.7 926.5 40.1 930.9 40.3 928.6 44.0 926.1 47.1 929.3 47.4 0.5473
660.2 225.0 17.1 21.6 664.4 231.3 670.8 231.4 667.0 236.1 665.2 240.9 669.9 240.9 0.5359
