0--Parade/0_Parade_Parade_0_39.jpg
57
986.0 123.6 33.1 41.8 988.3 137.6 1000.2 135.6 990.1 145.2 992.7 154.4 1002.5 152.5 0.9993
384.1 642.5 10.2 13.2 385.8 646.6 389.2 647.2 385.6 649.3 385.5 652.2 387.9 652.5 0.9993
445.4 565.1 10.1 12.6 448.6 569.8 453.1 570.0 451.0 572.2 448.8 574.5 452.5 574.7 0.9991
276.0 666.7 10.4 14.0 277.7 671.7 279.7 672.3 276.4 674.7 277.6 677.5 278.8 677.7 0.9986
533.5 575.9 11.2 13.4 535.2 581.1 539.8 582.1 536.0 584.1 535.0 586.2 538.2 586.9 0.9983
491.0 564.4 10.3 12.6 493.5 569.1 498.0 570.4 494.8 572.2 492.9 573.9 496.3 574.8 0.9981
248.8 662.5 12.1 13.5 250.4 668.4 254.2 666.9 252.0 670.7 253.1 673.8 255.6 672.4 0.9978
364.0 671.5 10.5 11.1 365.3 676.0 369.3 676.1 366.3 679.0 366.6 681.0 369.0 681.0 0.9971
356.5 643.6 12.1 14.9 359.1 647.6 362.9 648.8 358.8 650.9 358.2 654.0 361.1 654.8 0.9962
510.7 551.7 9.3 11.2 511.7 555.3 514.6 555.8 511.6 558.0 511.7 560.3 513.8 560.5 0.9954
374.1 609.2 9.7 13.0 375.9 613.7 378.1 613.9 375.3 616.5 376.0 619.2 377.4 619.2 0.9946
536.9 525.4 8.6 10.2 538.8 528.7 542.6 529.1 540.0 530.9 538.7 532.9 541.6 533.2 0.9941
692.2 549.1 8.0 10.7 695.7 553.8 699.0 553.8 697.9 555.9 695.9 557.6 698.5 557.7 0.9911
484.4 606.9 9.3 11.0 486.8 611.3 491.0 610.9 489.0 613.6 487.7 615.6 490.9 615.3 0.9897
13.4 414.2 6.1 7.4 15.0 416.9 17.9 416.9 16.4 418.4 15.3 419.9 17.7 419.9 0.9865
301.0 653.3 10.9 15.0 303.0 658.8 304.7 659.7 301.6 662.2 303.0 664.8 304.1 665.3 0.9845
489.2 531.6 8.6 10.7 490.4 535.2 493.1 535.5 490.3 537.3 490.5 539.6 492.2 539.7 0.9797
314.8 627.3 10.2 11.3 320.0 631.8 323.5 631.5 322.6 634.4 320.2 636.3 322.4 636.2 0.9773
436.1 584.5 9.5 11.0 438.6 588.3 442.9 589.5 439.9 590.8 437.9 592.3 441.2 593.2 0.9739
26.9 416.8 6.6 7.8 28.0 419.6 30.9 419.5 29.3 421.1 28.6 422.8 30.8 422.7 0.9738
771.0 494.1 6.4 7.8 772.7 496.7 775.7 496.8 774.1 498.3 772.7 499.9 775.2 500.0 0.9730
516.6 493.8 7.0 8.2 518.5 497.1 521.5 497.1 519.9 498.7 518.8 500.1 521.1 500.1 0.9719
922.8 545.5 19.3 26.6 926.9 558.0 933.6 557.2 929.8 563.5 929.9 567.8 934.5 567.1 0.9693
564.5 476.4 7.4 8.5 565.7 479.1 568.7 479.1 566.7 480.9 566.0 482.6 568.3 482.6 0.9668
552.2 463.0 9.1 10.9 553.3 467.2 556.6 467.5 554.2 469.7 554.1 471.6 556.5 471.7 0.9570
579.8 452.8 6.8 8.5 581.0 456.2 583.1 456.6 581.0 458.0 580.7 459.4 582.2 459.7 0.9543
817.5 507.3 7.8 9.3 819.0 510.4 822.5 510.6 820.4 512.6 819.3 514.5 822.0 514.6 0.9496
0.9 420.3 6.2 7.4 2.7 423.1 5.5 423.2 4.1 424.7 2.8 426.0 5.1 426.1 0.9469
541.1 461.2 5.7 7.6 542.5 463.9 545.1 464.1 543.5 465.5 542.6 466.9 544.7 467.0 0.9466
518.1 649.6 11.8 14.7 524.6 654.2 528.2 652.9 528.7 656.7 526.4 660.6 529.0 659.8 0.9411
47.1 398.2 7.0 8.2 49.0 401.2 52.3 401.1 50.7 402.8 49.5 404.5 52.1 404.4 0.9184
560.4 535.9 9.5 10.8 563.2 539.9 567.9 540.0 565.6 542.4 563.4 544.6 567.1 544.7 0.9001
921.1 433.4 7.7 9.5 923.9 437.1 927.3 437.1 925.9 439.0 924.2 440.9 926.8 440.9 0.8873
702.4 413.8 6.7 8.3 703.8 416.5 707.2 416.6 705.3 418.3 704.0 420.1 706.8 420.1 0.8866
475.5 598.8 9.4 11.4 480.0 602.6 483.1 602.2 482.7 604.7 480.7 607.1 483.1 606.9 0.8753
870.7 430.2 6.2 6.8 872.3 432.7 875.1 432.5 873.7 434.0 872.7 435.4 875.0 435.3 0.8643
485.8 498.5 5.8 7.8 487.6 501.5 489.9 501.4 488.8 502.9 487.9 504.4 489.9 504.4 0.8456
43.8 424.5 6.1 7.1 537.2 573.9 544.7 574.0 541.3 577.9 537.7 581.7 543.8 581.8 0.8432
760.7 544.4 7.3 8.6 45.6 427.0 48.4 427.0 47.1 428.4 45.9 429.8 48.2 429.8 0.7836
642.3 446.6 5.8 8.1 764.2 548.0 766.8 547.7 766.3 549.8 764.8 551.5 766.6 551.4 0.7438
678.0 473.6 7.8 9.6 371.5 609.5 374.0 609.6 373.4 612.1 371.4 614.4 373.3 614.5 0.7192
80.0 429.9 6.7 8.2 645.6 449.7 646.9 449.6 647.0 451.2 645.8 452.7 646.7 452.7 0.7171
0.0 440.5 7.0 10.7 680.0 476.7 683.3 477.0 681.3 478.7 679.9 480.6 682.6 480.8 0.7046
465.0 561.0 9.4 12.0 81.8 433.1 84.8 433.0 83.4 434.6 82.3 436.3 84.7 436.2 0.6707
122.4 362.9 6.9 8.5 -0.6 444.1 3.7 443.7 1.4 446.2 0.3 448.6 3.5 448.3 0.6640
664.5 448.9 7.8 9.6 936.1 482.0 941.4 480.5 939.3 486.2 940.0 489.9 944.0 488.5 0.6482
546.9 498.2 7.5 8.7 466.9 565.0 468.9 565.7 466.2 567.7 466.5 570.1 467.8 570.5 0.6408
636.7 409.5 6.2 7.8 125.0 366.4 127.9 366.5 126.6 368.2 125.2 369.7 127.4 369.8 0.6226
447.7 536.4 7.6 9.4 666.4 452.2 669.3 452.7 667.0 454.3 666.0 456.1 668.3 456.4 0.6195
615.5 491.3 7.9 9.8 549.1 501.3 552.8 501.1 551.3 503.1 549.8 504.9 552.7 504.8 0.6159
856.1 398.2 5.2 6.7 638.4 412.4 641.1 412.4 639.9 414.0 638.8 415.5 640.9 415.4 0.6132
795.2 451.8 6.0 7.8 449.2 540.1 452.2 540.1 450.2 542.1 449.6 544.0 451.9 544.0 0.5576
30.9 435.3 6.7 8.3 617.1 494.8 620.1 495.0 617.9 497.0 617.4 499.0 619.6 499.0 0.5415
105.0 430.6 8.8 10.7 857.5 400.8 860.0 400.8 858.7 402.2 857.7 403.4 859.7 403.5 0.5406
905.7 456.0 7.3 8.6 796.3 454.5 798.6 454.6 797.0 456.1 796.5 457.7 798.3 457.7 0.5368
334.5 624.2 8.4 13.3 32.8 438.2 36.0 438.2 34.5 439.9 33.1 441.7 35.7 441.6 0.5236
120.7 406.5 6.7 7.6 108.8 434.0 112.7 434.2 111.3 436.5 108.8 438.7 111.8 438.9 0.5027
