0--Parade/0_Parade_marchingband_1_589.jpg
42
679.3 126.8 19.1 27.2 690.2 137.3 696.5 137.7 696.2 142.6 690.2 147.3 695.1 147.7 0.9994
927.9 124.5 16.0 23.0 938.2 133.3 941.7 133.0 942.9 137.2 938.8 141.8 941.4 141.8 0.9993
736.0 167.7 9.1 12.9 737.0 172.6 739.2 172.8 736.5 175.2 737.4 177.7 738.9 177.6 0.9990
256.0 117.7 17.1 20.2 264.4 124.6 270.6 123.5 270.2 128.5 266.7 133.3 271.0 132.6 0.9989
579.9 125.2 17.0 20.9 584.9 133.0 592.8 134.3 588.3 137.7 584.5 141.0 590.4 142.0 0.9982
777.8 105.0 12.2 15.4 783.5 110.7 787.9 110.7 786.8 114.0 783.8 116.9 787.1 117.0 0.9982
448.8 120.5 12.0 14.7 455.2 125.0 459.4 124.8 458.8 128.2 455.9 131.4 458.9 131.4 0.9981
856.9 167.4 10.1 14.3 858.6 172.0 860.0 172.5 857.0 174.9 858.3 178.0 859.2 178.3 0.9980
882.7 147.6 10.5 12.7 884.5 152.4 888.8 152.9 885.7 155.2 884.5 157.5 887.7 157.7 0.9979
889.5 97.9 9.2 10.8 891.5 102.8 895.8 102.4 893.7 105.1 892.7 107.1 895.9 106.7 0.9973
646.7 114.0 13.2 15.7 653.4 119.3 657.9 119.2 657.1 122.7 653.8 126.0 657.1 126.1 0.9970
487.7 122.9 10.4 12.5 492.3 127.1 496.7 127.1 495.2 130.0 492.5 132.5 495.7 132.6 0.9967
996.5 188.6 9.9 12.3 997.7 192.5 1001.4 192.7 998.6 195.4 998.4 197.9 1000.8 198.0 0.9967
197.6 106.7 14.7 17.8 204.4 112.1 210.0 111.9 208.3 116.4 205.1 120.0 209.1 120.0 0.9966
532.2 122.3 13.7 16.0 538.7 127.5 544.0 127.2 542.7 130.9 539.5 134.6 543.4 134.5 0.9965
808.7 171.3 9.5 12.6 810.2 176.2 812.6 176.6 809.4 178.6 809.9 181.0 811.3 181.2 0.9960
296.2 121.4 11.3 14.7 301.1 126.0 305.5 125.4 304.8 128.4 302.4 132.1 305.8 131.7 0.9954
743.2 112.5 7.5 9.9 744.5 116.5 747.2 116.7 745.1 118.5 744.7 120.3 746.7 120.4 0.9954
321.0 131.6 10.9 13.2 325.8 136.6 330.0 136.0 329.2 138.7 327.1 141.8 330.1 141.5 0.9945
1.5 120.0 12.6 16.3 7.6 125.9 12.3 125.5 11.4 129.3 8.5 132.8 11.9 132.7 0.9937
970.3 189.5 9.2 12.4 971.4 194.5 974.0 194.3 971.8 197.1 972.5 199.6 974.2 199.3 0.9936
956.9 108.2 8.4 10.6 957.9 111.7 960.6 112.0 957.8 114.1 958.0 116.3 960.0 116.4 0.9919
59.7 115.1 15.1 16.4 64.8 120.9 70.9 120.6 68.4 124.5 65.8 128.0 70.4 127.9 0.9910
926.4 93.8 8.0 10.0 927.8 97.4 931.0 97.3 929.0 99.6 928.5 101.8 930.9 101.7 0.9906
706.4 173.0 8.2 12.2 707.7 177.0 709.6 177.4 707.2 179.5 707.6 182.0 709.0 182.1 0.9901
121.9 97.2 18.6 22.5 133.4 103.4 138.1 102.7 139.1 108.0 134.8 113.6 138.1 113.4 0.9897
502.8 104.9 8.0 10.6 504.1 109.1 506.5 109.2 504.4 111.0 504.4 113.0 506.2 113.0 0.9890
855.1 93.4 7.5 10.1 856.7 97.1 859.8 97.2 857.8 99.3 857.0 101.3 859.4 101.3 0.9840
100.0 99.0 12.9 16.8 105.9 105.4 111.0 105.0 109.6 108.6 106.6 112.0 110.5 111.8 0.9838
625.9 158.3 9.4 12.1 627.4 163.8 631.3 164.1 628.6 166.4 627.8 168.4 630.6 168.5 0.9835
974.8 99.7 9.4 13.7 976.0 104.9 979.7 105.0 976.8 107.9 976.4 110.6 979.1 110.6 0.9788
831.5 185.2 8.8 12.6 832.7 189.4 833.9 189.8 831.9 192.2 833.1 194.8 833.9 194.9 0.9762
615.7 108.7 8.1 10.1 616.6 112.8 619.7 112.8 617.4 115.0 617.2 117.0 619.4 116.9 0.9694
551.1 128.4 10.7 12.9 557.3 133.3 560.4 132.7 560.3 136.1 557.9 138.9 559.8 138.6 0.9631
809.6 130.3 8.9 11.0 811.6 134.3 815.2 134.6 812.8 137.1 811.7 139.2 814.5 139.4 0.9630
424.8 115.0 8.9 10.5 426.4 119.8 430.2 119.4 428.1 121.9 427.5 124.0 430.4 123.7 0.9249
463.9 112.8 8.3 10.1 466.2 117.2 469.9 117.5 467.8 119.4 466.2 121.0 469.0 121.3 0.6655
333.6 106.8 7.3 9.7 335.2 110.5 338.5 110.6 336.5 112.7 335.5 114.6 338.0 114.6 0.6454
171.5 104.6 13.5 14.5 176.8 109.5 182.6 109.4 180.4 113.5 177.4 116.2 181.6 116.2 0.6017
280.3 114.7 9.2 10.9 282.4 118.6 286.2 119.0 283.6 121.2 282.4 123.3 285.3 123.6 0.5960
997.1 173.7 9.0 10.5 998.6 177.1 1001.9 177.2 999.3 179.5 998.8 181.6 1001.2 181.6 0.5304
157.6 105.9 11.4 13.4 160.9 109.9 166.2 109.6 163.9 112.3 161.8 115.5 165.9 115.3 0.5272
