0--Parade/0_Parade_marchingband_1_381.jpg
31
221.5 131.0 21.9 27.6 230.6 141.0 240.1 140.7 237.1 146.4 231.9 151.9 239.0 151.7 0.9995
448.0 142.0 29.6 35.7 462.9 153.8 474.5 153.5 473.2 160.9 465.1 168.7 473.5 168.6 0.9994
320.3 127.2 26.3 30.8 328.9 137.4 341.4 136.6 337.1 142.4 332.1 150.2 341.2 149.5 0.9993
632.0 140.6 32.8 43.4 650.7 152.8 661.0 153.6 662.6 160.6 654.1 171.0 661.6 171.8 0.9990
912.4 138.7 11.3 17.1 914.3 144.6 915.9 145.0 912.8 148.3 914.6 151.8 915.8 151.8 0.9989
711.6 127.8 17.4 23.9 720.8 136.8 726.4 136.9 726.3 141.1 722.1 146.0 726.2 146.1 0.9988
77.1 149.8 12.7 14.1 80.9 155.1 86.9 155.3 84.0 158.7 81.6 161.2 85.7 161.3 0.9987
976.0 146.8 20.4 24.3 984.5 154.4 992.8 153.4 991.7 158.2 987.4 164.6 993.7 163.8 0.9986
115.0 137.3 14.8 17.5 119.3 143.8 126.2 143.7 122.9 147.4 120.4 151.0 125.2 151.0 0.9978
825.4 128.5 15.4 21.6 832.8 134.5 837.7 134.0 837.7 138.6 834.1 144.0 838.2 143.9 0.9973
758.4 146.9 9.2 11.9 760.3 151.0 764.3 151.1 761.9 153.7 760.8 156.0 763.8 156.1 0.9947
880.4 140.2 9.5 13.2 882.2 144.4 883.5 144.8 881.0 147.4 882.6 150.1 883.4 150.2 0.9945
42.3 138.7 9.6 11.4 46.1 142.5 49.8 142.3 48.5 144.8 46.8 147.3 49.6 147.2 0.9938
384.6 145.9 11.4 13.3 389.6 150.5 393.9 150.6 392.3 153.6 389.8 156.0 392.9 156.1 0.9910
491.0 137.8 12.0 15.5 495.8 142.7 500.9 143.3 498.6 146.5 495.7 149.3 499.6 149.8 0.9889
194.5 131.0 15.3 20.6 204.7 137.0 207.1 136.7 208.7 141.3 204.9 146.0 206.4 146.0 0.9888
687.2 142.2 9.3 13.8 688.8 147.6 691.1 147.9 688.5 150.4 689.1 152.9 690.7 153.0 0.9876
271.3 135.1 9.5 12.1 273.8 139.3 278.1 139.4 275.8 141.9 274.0 144.4 277.3 144.5 0.9869
62.1 140.7 11.0 13.2 64.7 145.1 69.8 145.0 67.1 147.9 65.4 150.6 69.4 150.6 0.9847
355.5 147.8 8.6 11.7 358.3 152.4 362.3 152.3 360.7 154.6 358.9 156.9 362.0 156.9 0.9834
291.4 140.9 10.5 11.3 294.0 144.1 298.9 144.1 296.2 146.7 294.4 149.2 298.2 149.2 0.9817
32.0 139.7 8.3 10.0 34.3 142.8 38.0 142.8 36.1 145.0 34.7 147.2 37.6 147.2 0.9690
773.5 153.2 8.9 11.8 774.5 157.7 777.0 157.9 774.8 160.3 775.2 162.4 777.0 162.5 0.9664
135.1 143.5 9.0 10.8 137.6 146.8 142.2 146.9 140.0 149.2 137.9 151.6 141.6 151.7 0.9478
253.2 143.2 9.2 10.9 254.9 146.9 258.9 147.1 256.4 149.4 255.1 151.7 258.2 151.9 0.9358
475.1 137.9 11.4 14.5 480.6 142.1 484.6 141.9 483.8 145.4 481.1 148.7 484.2 148.6 0.9337
590.1 157.3 9.4 12.1 595.2 161.8 597.9 161.5 597.9 164.4 595.7 167.1 597.5 167.1 0.9051
425.9 127.2 14.5 18.0 430.7 133.6 436.8 134.1 433.7 137.7 430.6 140.8 435.2 141.2 0.8840
22.5 138.0 9.2 11.6 25.6 142.1 29.8 141.8 28.1 144.6 26.5 147.1 29.7 146.8 0.7885
747.1 146.5 7.5 10.2 748.7 150.1 751.4 150.4 749.4 152.4 748.8 154.4 750.9 154.5 0.7194
542.4 148.0 8.8 10.9 544.7 152.1 549.1 152.0 546.9 154.6 545.2 156.9 548.7 156.9 0.5363
