0--Parade/0_Parade_Parade_0_570.jpg
29
624.6 623.1 116.6 136.8 661.5 693.2 703.6 662.3 703.1 700.5 693.7 737.5 725.3 713.6 0.9998
83.0 162.7 220.1 275.5 155.4 311.3 248.2 270.3 233.1 353.2 195.7 391.4 277.7 357.4 0.9997
415.4 124.0 166.1 220.2 469.2 229.6 542.1 198.6 529.8 257.4 497.7 298.1 564.6 272.0 0.9997
855.3 542.3 107.2 146.8 887.9 598.7 931.2 615.1 898.5 635.1 875.5 649.9 907.9 663.7 0.9996
267.0 1318.2 33.5 45.4 277.2 1337.7 292.8 1338.5 284.9 1348.0 277.5 1353.8 290.1 1354.6 0.9994
429.4 771.0 109.1 131.0 461.7 830.1 508.8 816.6 495.2 842.5 483.2 874.2 519.6 862.5 0.9994
720.5 570.1 110.5 132.2 751.9 618.0 800.1 606.5 785.5 639.6 774.9 673.8 808.6 663.7 0.9993
657.7 1280.7 20.5 28.9 668.7 1293.2 676.1 1292.9 675.0 1298.6 669.7 1303.7 674.9 1303.7 0.9993
931.0 1278.3 27.2 39.3 933.9 1293.5 942.8 1293.5 934.7 1301.3 936.1 1308.4 943.0 1308.1 0.9989
44.0 1287.1 25.3 36.0 57.5 1302.0 65.8 1302.0 65.1 1308.0 58.7 1314.6 64.7 1314.8 0.9985
575.6 1321.1 25.4 35.0 584.3 1337.0 595.2 1336.7 590.8 1343.6 585.8 1348.8 594.4 1348.6 0.9983
706.4 1323.7 23.5 31.0 716.1 1335.8 725.8 1337.0 721.7 1342.0 715.8 1346.9 723.4 1348.0 0.9982
148.8 1309.6 24.8 34.1 160.4 1323.9 170.3 1323.7 167.5 1330.9 161.0 1336.4 168.7 1336.4 0.9979
479.7 1289.7 25.5 34.9 483.5 1304.5 492.8 1303.8 486.4 1311.1 485.8 1317.4 492.9 1316.7 0.9978
869.6 919.6 27.9 38.9 873.5 933.8 884.9 934.6 875.4 940.4 873.8 948.5 882.4 949.0 0.9977
522.5 1323.8 21.3 29.5 531.1 1337.3 539.3 1335.5 537.4 1342.1 533.3 1347.4 539.9 1346.1 0.9976
326.6 1260.9 27.6 36.4 336.2 1275.7 348.4 1277.5 342.0 1283.5 335.7 1288.9 345.0 1290.3 0.9975
761.7 895.0 23.6 30.6 765.9 904.9 773.1 906.6 764.8 910.8 763.8 916.9 769.2 918.0 0.9975
831.3 1322.6 23.0 32.6 840.3 1335.4 850.1 1336.1 846.0 1342.5 840.4 1347.8 847.8 1348.5 0.9970
700.4 1257.1 16.7 22.4 706.8 1265.6 714.4 1266.3 711.2 1270.3 707.0 1274.1 713.0 1274.6 0.9954
515.3 1259.1 16.9 24.1 519.6 1268.6 527.6 1267.9 524.2 1272.3 521.2 1277.3 528.0 1276.7 0.9951
909.2 1325.3 23.0 30.1 920.8 1338.3 928.5 1338.7 926.5 1344.4 921.3 1349.0 926.8 1349.6 0.9834
875.9 111.0 15.2 18.8 879.0 119.2 885.5 117.4 882.5 121.6 881.2 126.0 886.3 124.5 0.9825
915.3 1282.1 15.2 20.7 922.1 1290.8 928.4 1291.5 925.9 1295.3 922.4 1298.7 926.8 1299.3 0.9724
821.0 1278.3 14.3 20.2 826.4 1286.4 832.7 1286.3 830.3 1290.4 827.1 1294.2 832.0 1294.2 0.9718
914.7 92.9 14.7 17.1 917.4 100.5 923.9 98.8 921.1 102.6 919.9 106.8 924.8 105.4 0.9706
54.6 559.4 28.8 33.0 62.8 576.0 74.3 569.0 73.7 578.1 71.4 585.8 80.5 580.3 0.9680
842.6 121.7 14.5 17.5 845.9 130.1 852.0 128.2 849.7 132.2 848.6 136.1 853.2 134.6 0.9606
684.5 211.5 13.6 17.4 687.6 218.8 693.6 218.8 690.3 221.6 688.2 224.9 693.0 224.9 0.9168
