50--Celebration_Or_Party/50_Celebration_Or_Party_houseparty_50_1018.jpg
65
91.1 264.0 13.3 19.8 100.2 272.2 102.9 272.1 103.9 275.9 99.8 279.4 101.8 279.5 0.9978
865.5 8.8 12.6 15.7 867.0 15.8 871.9 15.5 868.7 19.0 868.6 21.7 872.0 21.4 0.9978
140.6 217.0 11.3 14.4 146.7 223.1 150.6 222.9 150.1 225.8 147.3 228.5 149.8 228.5 0.9978
768.1 270.1 12.2 15.4 769.8 275.7 774.2 276.5 770.2 279.1 769.8 281.8 772.9 282.2 0.9970
642.3 255.4 13.5 18.9 843.3 14.6 847.9 14.2 845.0 18.0 845.3 20.3 848.2 19.9 0.9969
613.7 323.6 12.9 19.6 644.0 262.8 647.0 263.4 643.1 267.1 644.9 270.4 646.7 270.6 0.9966
557.3 149.4 6.8 8.6 617.1 330.7 617.8 331.8 614.7 335.0 616.9 338.4 617.3 338.9 0.9964
206.4 164.6 7.1 9.5 558.6 152.8 561.7 152.8 559.9 154.4 558.9 156.0 561.4 156.0 0.9961
748.6 209.7 10.3 13.1 740.4 258.0 744.5 259.4 740.2 261.8 739.3 264.8 742.4 265.7 0.9957
112.2 296.2 16.1 18.1 210.1 168.4 212.4 168.3 212.0 170.1 210.3 171.7 212.1 171.8 0.9955
13.3 321.4 14.2 19.1 750.4 214.7 754.0 215.2 750.9 217.5 750.5 219.8 753.1 220.1 0.9955
711.4 208.4 10.0 14.1 121.6 304.8 126.4 303.5 126.0 308.4 121.7 311.3 124.5 310.6 0.9955
838.8 256.8 12.1 15.3 22.4 329.5 25.4 328.8 26.1 333.1 22.2 336.5 24.3 336.3 0.9950
733.7 223.7 10.5 13.2 713.9 214.2 718.2 214.4 715.8 217.1 714.2 219.4 717.6 219.5 0.9946
683.0 187.3 8.4 10.4 841.4 262.3 845.0 263.4 840.9 265.3 840.4 268.1 842.8 268.8 0.9939
844.5 315.0 17.2 21.7 735.7 228.7 740.0 229.5 736.7 231.7 735.6 233.8 738.6 234.3 0.9931
729.9 280.3 12.9 17.9 684.6 191.1 688.2 191.1 686.0 193.1 685.1 195.2 688.0 195.2 0.9923
59.5 325.8 13.0 18.5 847.5 323.2 851.5 324.8 846.5 327.7 846.5 331.2 849.3 332.3 0.9922
565.2 208.9 11.4 13.4 732.2 286.2 734.6 286.6 731.0 290.0 732.5 293.7 734.0 293.8 0.9914
900.1 0.4 14.3 17.8 67.7 332.3 70.4 331.5 71.6 335.2 68.8 339.3 70.9 338.9 0.9905
656.2 150.2 7.0 8.9 568.4 214.0 573.8 214.6 570.8 217.3 568.4 219.3 572.5 219.8 0.9904
785.7 238.9 12.5 14.9 902.3 7.4 907.3 7.2 903.8 10.9 903.5 14.4 907.3 14.1 0.9904
810.0 9.8 10.7 13.5 657.2 153.3 660.0 153.5 657.9 155.1 657.3 156.8 659.6 156.9 0.9887
97.9 229.1 10.6 12.1 789.0 243.8 794.1 245.2 790.1 247.2 788.0 249.7 791.7 250.7 0.9872
144.0 245.1 10.0 14.4 811.7 15.4 815.5 15.1 812.9 18.2 813.0 20.7 815.6 20.4 0.9869
162.4 243.6 11.7 15.8 100.1 234.3 105.1 233.6 102.7 236.7 101.6 239.1 105.1 238.5 0.9854
591.9 288.9 12.3 17.5 150.0 250.9 152.4 250.5 152.6 253.6 150.0 256.3 151.7 256.1 0.9852
809.9 421.1 21.0 24.5 169.0 250.2 172.7 250.1 171.9 253.4 168.7 256.0 171.5 256.1 0.9843
9.1 356.5 15.1 19.9 593.4 296.2 596.6 296.8 593.5 300.2 595.0 302.9 597.1 303.2 0.9841
684.9 286.3 13.9 16.7 814.1 428.0 819.7 430.5 812.4 433.6 812.4 438.2 816.3 439.9 0.9834
588.2 148.9 6.9 8.7 16.7 365.2 21.3 364.0 21.6 368.1 18.9 372.5 22.0 371.7 0.9773
668.3 180.8 8.0 10.8 689.3 294.2 695.3 293.8 692.8 297.8 690.4 300.5 694.5 300.3 0.9765
813.6 283.0 12.7 16.9 589.3 151.9 592.3 151.9 590.4 153.7 589.6 155.5 592.0 155.5 0.9746
690.7 255.3 11.9 15.6 670.8 185.1 674.5 185.2 672.8 187.3 671.1 189.3 674.1 189.3 0.9745
303.8 149.1 7.0 9.2 816.9 289.1 822.7 290.0 819.0 293.2 816.8 296.0 820.9 296.6 0.9717
786.8 205.8 10.0 13.2 692.0 260.4 695.5 260.7 692.1 263.9 692.3 267.3 694.8 267.4 0.9599
639.6 218.2 10.2 13.3 305.7 153.3 308.9 153.2 307.5 155.0 306.1 156.6 308.8 156.6 0.9548
777.7 230.6 9.3 11.5 97.7 221.5 102.1 220.8 101.0 224.1 99.1 226.7 102.0 226.2 0.9533
849.4 277.1 14.2 18.5 725.7 323.1 729.1 324.3 723.7 327.7 725.1 332.4 727.4 333.0 0.9508
514.6 146.8 6.3 7.5 788.7 211.0 793.8 211.1 790.9 214.1 789.4 216.5 793.0 216.6 0.9507
703.6 199.8 11.2 14.5 641.8 223.9 646.1 224.0 643.5 226.8 642.4 229.1 645.6 229.1 0.9497
582.8 256.1 11.1 15.7 23.0 268.1 27.3 267.6 25.8 270.6 24.0 273.4 27.4 273.1 0.9493
511.1 219.1 12.1 14.6 780.1 234.5 783.9 235.0 781.3 237.0 779.8 239.0 782.9 239.3 0.9408
544.1 163.8 10.8 13.5 851.7 284.4 857.6 285.3 853.3 288.6 851.9 291.4 856.5 292.0 0.9300
909.5 184.6 9.6 12.1 516.2 149.5 519.1 149.4 517.8 151.1 516.6 152.6 518.9 152.6 0.9224
322.7 136.1 6.4 7.9 706.0 206.4 711.0 206.8 708.0 209.8 706.1 211.9 709.7 212.1 0.9197
794.0 333.5 15.4 22.8 584.6 263.4 588.1 263.7 585.6 266.9 585.7 269.3 588.1 269.4 0.9052
667.0 349.4 16.6 21.9 243.9 220.9 246.8 220.8 246.4 223.7 244.3 226.0 246.2 226.0 0.9003
65.5 399.1 23.6 24.8 513.4 226.4 518.4 225.7 516.1 229.6 515.8 231.8 519.1 231.2 0.8954
970.4 0.0 18.8 18.5 827.7 537.2 829.8 539.2 822.9 543.7 825.3 551.2 827.4 552.1 0.8767
679.6 14.1 7.2 8.5 546.4 170.5 551.2 170.1 548.7 173.0 547.4 175.2 551.0 174.9 0.8602
628.5 507.5 17.5 28.0 604.9 180.1 607.8 180.5 603.8 182.8 604.3 186.0 606.2 186.2 0.8285
44.0 418.2 19.8 27.4 915.0 190.1 917.2 189.4 918.0 191.8 916.2 194.4 917.6 193.9 0.7901
532.2 154.5 7.2 8.4 324.1 139.3 327.3 139.4 325.5 141.1 324.3 142.6 326.8 142.7 0.7889
585.1 174.9 7.7 8.9 740.8 203.2 744.1 203.6 741.5 205.8 740.9 208.0 743.4 208.2 0.7801
681.7 242.5 11.7 15.0 797.2 339.5 799.3 340.1 795.4 343.9 796.3 349.0 798.2 349.4 0.7329
696.6 15.8 6.7 8.0 751.7 187.2 755.5 187.2 753.7 189.3 751.9 191.2 755.0 191.3 0.7204
182.9 235.1 10.8 13.5 669.0 355.2 674.0 355.9 669.1 360.0 669.2 364.9 672.9 365.2 0.7104
658.1 207.5 10.4 13.8 71.8 410.9 81.8 407.6 78.8 414.5 76.9 419.8 84.6 417.2 0.6637
600.0 135.9 6.4 8.9 789.9 195.1 793.3 195.0 791.6 197.0 790.3 198.7 793.0 198.7 0.6073
626.2 155.0 7.4 9.9 933.7 202.9 939.2 202.5 937.2 206.6 935.0 209.9 938.7 209.6 0.5751
124.6 330.3 17.5 21.8 972.4 5.6 978.9 5.3 973.8 10.7 974.4 14.7 978.7 14.2 0.5747
889.1 395.1 21.0 23.0 681.4 17.3 684.6 17.3 683.0 19.1 681.8 20.8 684.3 20.8 0.5602
916.2 557.7 19.1 30.9 158.2 190.8 161.9 190.9 160.2 192.9 158.4 194.6 161.3 194.7 0.5400
672.8 236.4 10.2 12.9 166.1 187.4 169.3 187.4 168.0 189.6 166.3 191.7 168.8 191.8 0.5358
