50--Celebration_Or_Party/50_Celebration_Or_Party_birthdayparty_50_88.jpg
31
792.9 71.6 30.4 36.0 797.5 85.3 810.9 84.4 802.4 92.2 799.5 97.5 811.9 96.6 0.9998
812.4 125.2 36.1 44.2 817.1 141.3 832.1 138.4 823.0 149.3 821.6 156.5 836.2 153.9 0.9998
306.9 75.4 27.9 36.9 314.5 90.7 327.4 89.7 321.4 97.4 316.1 103.0 327.4 102.1 0.9998
325.3 263.4 33.7 43.4 334.2 281.6 350.0 280.8 342.4 288.8 336.1 296.1 349.4 295.4 0.9998
945.1 86.1 31.7 38.1 949.8 101.4 963.7 100.3 954.7 107.6 951.6 114.7 963.4 113.8 0.9997
65.7 56.2 27.2 36.7 71.8 73.4 84.2 70.6 79.0 77.6 75.8 85.6 85.4 83.5 0.9997
568.0 220.9 32.0 38.6 575.9 237.2 590.6 236.8 583.1 245.0 577.0 249.2 590.6 249.0 0.9997
154.6 77.0 28.0 36.1 164.6 90.5 177.7 90.7 172.3 97.2 164.4 102.3 177.1 102.6 0.9997
357.9 91.0 27.4 36.4 366.3 104.6 379.4 105.4 373.1 112.3 365.8 116.5 378.0 117.3 0.9996
657.8 65.7 29.1 36.5 663.1 81.5 675.3 77.3 670.1 86.7 667.3 93.0 679.3 89.6 0.9996
460.4 87.5 26.5 36.6 466.2 101.8 479.1 101.0 472.4 108.6 467.5 114.6 479.2 114.0 0.9995
865.9 82.2 31.0 41.2 870.9 99.4 884.3 99.3 875.5 107.0 872.6 112.7 884.4 112.6 0.9995
134.6 251.8 34.4 42.4 144.5 268.9 160.3 268.4 152.8 276.5 145.6 282.4 160.0 282.0 0.9995
697.2 76.7 25.8 34.8 704.4 90.6 716.6 90.5 710.9 96.3 704.9 101.8 716.2 101.8 0.9995
229.3 95.4 26.1 34.4 236.5 109.4 249.2 108.6 243.5 115.8 237.5 120.3 249.6 119.7 0.9995
449.8 280.2 33.6 39.1 459.9 294.0 475.2 290.6 470.0 300.9 463.2 308.0 477.6 305.3 0.9994
413.2 217.8 29.0 37.7 417.8 230.9 431.5 230.2 423.3 239.3 419.9 244.7 432.5 244.0 0.9994
701.9 259.3 36.5 45.4 707.9 277.6 723.1 276.8 713.8 286.1 711.2 294.8 722.6 294.0 0.9994
488.8 84.1 26.6 37.6 495.9 99.5 508.5 99.0 502.6 105.9 496.8 111.6 508.4 111.3 0.9993
589.3 79.3 27.1 35.1 595.0 93.2 607.7 91.8 601.2 98.4 596.9 105.4 607.9 104.4 0.9993
544.1 296.6 30.4 36.1 552.0 309.2 566.1 308.9 559.3 315.9 553.4 322.2 565.7 321.9 0.9993
423.5 103.0 26.6 36.9 429.3 117.4 442.2 117.2 435.4 124.5 430.0 129.7 442.2 129.5 0.9993
94.1 93.3 25.8 30.7 100.3 106.8 112.2 104.9 106.8 111.5 102.3 116.6 113.1 115.1 0.9992
693.5 183.6 32.0 38.6 700.4 199.0 716.0 197.7 708.4 205.1 702.1 211.4 716.6 210.4 0.9991
511.8 306.6 27.4 30.2 518.9 319.6 531.7 318.3 525.8 325.5 522.3 331.4 531.0 330.4 0.9991
534.9 76.1 24.9 28.2 542.3 85.3 553.9 86.2 547.8 90.4 542.3 96.1 551.8 96.8 0.9991
226.2 57.7 25.4 31.6 232.5 70.3 244.1 69.8 238.0 75.0 234.0 81.8 242.8 81.4 0.9990
431.2 81.9 24.4 30.3 437.6 94.6 449.5 94.5 444.0 99.3 439.6 105.3 448.6 105.1 0.9988
285.1 97.3 22.1 27.9 291.4 108.0 300.9 109.2 295.3 113.4 291.0 118.1 298.6 119.0 0.9986
614.8 85.8 23.6 34.0 620.7 98.6 631.9 98.7 625.8 105.2 621.9 111.9 630.4 112.0 0.9979
885.5 63.9 25.4 32.6 892.9 76.4 903.3 78.2 896.7 81.9 891.8 87.3 900.0 88.7 0.9934
