50--Celebration_Or_Party/50_Celebration_Or_Party_houseparty_50_87.jpg
52
27.7 426.8 69.6 62.2 64.4 450.9 68.9 446.0 87.2 450.3 84.1 469.3 87.4 466.7 1.0000
558.6 453.8 60.7 84.6 595.2 490.7 606.7 485.2 617.3 500.8 602.8 519.3 611.0 515.8 0.9998
835.1 441.1 47.6 59.8 856.7 470.0 872.5 460.7 875.2 475.2 867.1 489.5 878.9 482.4 0.9998
306.4 517.1 70.2 87.7 346.0 552.4 363.1 544.1 372.1 562.5 357.9 584.8 369.6 578.8 0.9997
866.3 328.0 43.1 54.2 886.7 350.5 903.8 347.3 902.2 360.2 890.8 370.9 903.1 368.7 0.9997
567.9 312.3 26.8 34.5 579.1 328.4 590.6 325.6 588.4 334.5 581.9 340.3 590.8 338.2 0.9996
154.5 412.0 65.5 45.2 186.3 427.8 184.3 420.6 200.1 421.9 207.6 435.9 206.6 431.6 0.9996
952.0 372.7 44.5 53.6 975.1 393.1 988.7 389.2 991.0 400.0 982.3 413.1 992.7 410.3 0.9996
913.9 274.0 27.2 32.4 924.4 288.6 936.1 286.8 933.0 293.3 928.0 300.1 936.4 298.7 0.9995
678.7 366.1 43.4 57.8 705.7 382.0 710.9 381.2 719.7 391.6 710.9 406.7 714.4 406.8 0.9994
924.2 534.9 50.8 75.2 952.7 564.9 965.5 561.1 971.7 575.3 956.9 591.4 967.1 589.1 0.9994
505.2 332.4 36.1 40.8 524.2 349.4 537.6 348.6 534.5 359.5 522.1 364.3 532.5 364.1 0.9994
825.3 295.9 25.2 33.8 842.3 309.8 847.8 309.6 849.1 316.7 840.5 321.5 845.1 321.6 0.9994
546.2 254.8 17.2 22.7 552.4 264.2 560.0 262.9 557.8 268.1 554.5 272.6 560.5 271.6 0.9993
678.1 301.0 32.2 36.8 687.6 314.0 700.1 309.6 698.5 313.9 695.3 326.1 705.4 322.7 0.9992
946.3 263.4 27.8 33.3 959.1 276.4 970.0 274.6 969.1 281.3 961.9 288.2 970.8 287.0 0.9992
186.1 487.8 46.6 66.3 212.6 517.5 227.0 510.0 230.7 527.5 212.8 539.4 224.9 534.5 0.9991
213.2 385.8 29.9 47.4 229.5 402.9 236.0 399.9 239.8 408.6 233.7 420.6 238.9 418.6 0.9990
783.4 276.0 28.9 37.3 796.0 289.8 808.0 290.1 805.8 295.0 799.4 304.1 807.7 304.5 0.9989
919.4 316.1 30.7 34.5 934.0 328.9 946.3 326.9 945.3 335.6 937.0 342.7 946.2 341.4 0.9987
546.8 393.8 32.4 44.4 566.3 410.8 572.8 408.1 577.2 416.9 569.7 427.0 574.6 425.5 0.9986
393.7 360.3 30.3 41.2 397.7 377.2 408.9 375.9 401.5 386.8 403.8 391.9 413.7 390.4 0.9985
223.4 376.0 31.9 43.5 237.8 393.5 249.0 390.0 248.1 401.5 240.4 410.8 248.3 408.3 0.9976
534.3 309.0 24.1 38.2 550.6 320.8 554.3 319.8 557.5 327.7 552.4 337.1 554.8 336.8 0.9972
501.3 271.0 18.1 23.5 506.9 280.8 514.9 280.0 512.0 284.9 508.7 289.7 515.1 289.2 0.9965
427.0 299.3 26.0 29.1 436.9 310.2 448.4 309.1 444.8 316.6 439.7 322.4 447.8 321.6 0.9945
141.5 277.4 18.2 23.8 149.2 287.6 155.2 285.2 155.6 290.3 153.1 295.8 157.7 294.1 0.9939
414.8 226.0 14.1 13.9 418.8 231.7 424.9 230.5 422.9 233.4 421.2 237.0 425.5 236.1 0.9937
380.9 231.5 11.8 14.3 384.6 237.0 389.8 236.8 387.8 239.8 385.4 242.7 389.4 242.6 0.9930
471.9 276.8 19.9 22.6 477.6 285.2 487.0 285.7 482.4 289.4 478.7 294.0 485.5 294.4 0.9927
246.0 262.0 15.4 20.4 250.0 270.3 256.6 269.7 253.6 274.3 251.7 278.3 256.7 277.8 0.9917
656.8 271.7 19.2 25.9 663.4 284.7 672.1 282.8 669.7 289.3 666.7 293.8 673.0 292.4 0.9916
622.7 324.4 21.4 27.8 628.1 335.7 638.1 336.3 632.6 341.7 628.7 346.0 636.4 346.5 0.9914
559.6 251.2 15.0 20.9 563.0 259.3 569.3 258.7 565.8 263.0 564.1 267.3 569.0 266.7 0.9914
765.2 243.4 15.0 16.4 770.5 248.4 776.8 248.5 774.0 251.9 770.9 255.4 775.9 255.5 0.9912
114.9 528.5 70.0 87.1 135.3 565.7 165.7 557.5 156.7 577.0 150.5 596.6 172.2 590.0 0.9908
590.4 277.1 21.1 26.1 600.3 286.9 608.1 288.0 605.6 291.6 600.1 296.4 606.1 297.4 0.9870
832.2 272.2 23.6 28.7 842.4 281.6 852.2 281.0 850.0 286.0 844.7 293.0 852.7 292.6 0.9870
583.5 245.2 13.7 18.2 585.7 252.3 591.5 251.5 588.3 255.9 587.4 259.7 591.6 259.0 0.9868
593.7 228.2 13.0 15.9 596.8 233.8 602.2 234.6 598.5 237.3 596.3 240.0 600.6 240.6 0.9855
480.5 314.3 19.5 29.5 494.0 325.3 496.1 324.7 497.7 330.9 493.6 336.5 495.1 336.5 0.9818
617.0 373.8 28.6 41.6 633.9 393.7 639.6 390.2 641.5 400.4 635.8 407.8 639.6 405.4 0.9813
279.6 237.8 10.4 13.1 282.5 242.9 287.7 243.0 285.2 245.4 283.1 248.1 286.9 248.2 0.9803
619.5 285.3 23.2 28.4 630.7 293.0 638.6 293.4 637.5 297.8 631.8 304.7 637.8 305.2 0.9792
283.3 290.7 24.3 30.4 291.4 303.0 300.8 303.1 296.3 309.1 292.6 314.2 299.5 314.4 0.9780
203.0 340.7 30.8 37.7 215.2 357.4 223.0 354.1 223.5 361.7 221.9 368.5 227.9 366.1 0.9751
125.1 321.7 24.8 31.1 132.6 330.7 143.5 328.5 141.0 334.3 136.5 343.4 145.8 341.7 0.9698
858.2 267.9 22.3 27.1 863.1 280.4 872.9 279.9 867.7 285.3 864.7 289.9 872.0 289.4 0.9649
241.0 233.1 12.5 16.5 618.1 265.7 623.2 265.3 622.0 268.9 619.2 272.4 623.2 272.2 0.9445
183.2 295.2 23.2 27.4 245.5 239.8 250.7 239.3 249.1 243.1 246.9 246.5 250.6 246.1 0.9115
333.3 234.1 10.8 14.2 793.9 327.7 798.6 330.2 791.1 333.6 791.5 339.7 795.0 341.4 0.8543
712.7 343.6 38.8 53.3 278.0 263.8 283.5 263.2 282.7 268.2 279.2 272.7 283.2 272.4 0.8467
