50--Celebration_Or_Party/50_Celebration_Or_Party_birthdayparty_50_400.jpg
8
794.6 348.9 95.9 151.5 811.1 408.5 813.7 415.5 789.7 439.9 818.1 462.7 818.5 467.1 0.9998
399.7 219.6 42.5 60.8 417.3 246.9 435.8 245.0 431.4 257.1 419.0 265.7 435.1 264.5 0.9997
291.3 205.3 46.2 65.6 314.4 232.8 331.6 232.9 328.1 244.6 316.7 256.2 329.1 256.2 0.9995
481.3 277.4 46.8 61.6 497.5 307.3 517.8 305.9 510.0 320.3 497.9 324.6 515.9 323.6 0.9993
106.0 354.4 88.8 151.1 179.8 417.0 176.2 412.7 202.4 439.9 180.5 469.2 178.0 466.9 0.9981
272.7 299.2 46.8 78.5 308.0 328.8 310.9 326.8 319.0 340.6 309.0 358.1 311.6 356.9 0.9980
623.4 129.2 52.0 68.3 633.0 157.8 639.1 160.6 631.1 174.8 644.9 181.9 649.3 183.0 0.9975
646.5 336.8 49.6 53.9 668.9 350.3 670.3 353.1 656.3 352.6 652.6 370.1 652.9 371.4 0.9954
