50--Celebration_Or_Party/50_Celebration_Or_Party_houseparty_50_628.jpg
12
837.5 206.1 34.5 42.7 846.9 224.2 863.7 223.8 855.9 233.3 847.9 237.9 863.0 237.6 0.9997
762.8 202.3 31.2 39.7 768.0 220.3 782.1 214.9 776.0 224.8 772.8 232.1 786.6 227.8 0.9997
897.9 173.7 43.5 52.1 909.0 195.7 929.1 192.3 920.5 203.4 913.1 213.1 930.6 210.5 0.9996
473.9 178.1 37.5 45.1 487.4 195.8 504.6 194.3 499.3 202.8 491.2 212.7 504.6 211.5 0.9995
36.1 191.5 45.8 50.0 47.9 209.1 69.2 208.7 58.9 216.6 50.6 227.4 68.5 227.0 0.9995
181.5 172.1 39.6 51.6 195.2 192.2 213.1 191.3 206.4 200.3 198.0 210.8 212.5 210.2 0.9995
283.4 318.4 42.0 49.2 301.1 337.2 319.1 337.3 312.5 349.8 300.1 355.9 314.2 356.3 0.9994
388.6 298.3 41.4 50.8 398.4 316.7 417.9 314.7 409.0 324.6 402.7 336.0 418.7 334.2 0.9994
542.5 285.2 40.1 52.4 553.1 304.1 572.3 303.3 563.8 313.1 554.7 321.7 573.3 320.9 0.9994
591.9 204.4 34.0 40.3 608.6 217.0 622.0 221.4 616.1 227.7 604.5 231.4 616.6 235.1 0.9993
320.7 190.9 32.4 44.7 334.4 208.8 348.3 207.4 345.6 215.6 336.5 223.7 349.0 222.8 0.9993
690.0 169.4 40.5 49.3 701.3 187.9 720.4 186.3 712.2 194.7 704.3 206.1 720.2 204.8 0.9991
