50--Celebration_Or_Party/50_Celebration_Or_Party_houseparty_50_332.jpg
10
270.0 259.0 55.7 50.8 291.7 277.8 305.5 272.6 310.6 276.9 308.0 294.0 318.7 290.1 0.9997
946.0 159.6 47.1 56.6 956.9 178.4 979.1 178.2 967.0 186.6 957.7 198.4 978.7 198.1 0.9997
656.3 239.1 44.8 74.6 662.5 266.4 681.9 263.1 668.9 276.9 667.6 293.0 684.6 290.0 0.9997
476.6 230.5 49.1 66.7 497.7 246.8 518.3 250.2 511.5 259.9 496.2 273.8 513.6 276.9 0.9997
37.1 253.6 45.2 55.5 45.9 273.6 67.3 272.1 55.1 281.0 47.8 293.3 67.1 292.1 0.9996
380.1 251.0 46.0 59.0 390.4 277.0 410.5 271.6 402.3 284.5 397.7 296.1 415.7 291.3 0.9996
743.8 181.3 44.9 59.1 752.2 200.0 772.0 199.5 759.3 210.8 754.0 223.7 769.9 223.4 0.9996
118.7 213.3 41.2 48.9 125.0 231.1 141.7 229.9 131.0 241.5 128.9 249.6 142.7 248.6 0.9995
816.2 330.2 50.0 80.1 822.3 361.1 842.0 357.1 827.0 373.2 828.7 388.8 846.6 385.1 0.9995
913.5 331.5 8.9 10.6 915.3 335.8 919.2 335.3 917.3 337.8 916.4 340.1 919.5 339.7 0.9789
