50--Celebration_Or_Party/50_Celebration_Or_Party_birthdayparty_50_67.jpg
24
668.8 325.8 53.4 63.2 685.3 350.1 709.0 356.6 694.1 368.0 680.4 371.2 700.1 376.4 0.9995
429.2 140.9 19.9 26.8 435.4 150.9 444.7 151.8 440.0 156.1 435.4 160.9 442.8 161.7 0.9995
310.5 238.7 15.6 21.0 314.9 246.0 322.4 246.0 318.8 249.8 315.4 253.9 321.9 253.9 0.9992
627.4 218.8 15.5 19.2 635.6 226.0 641.2 226.3 640.0 230.0 635.5 232.9 640.1 233.4 0.9991
510.5 245.0 20.6 23.8 513.2 254.1 518.9 252.3 515.1 258.7 517.5 263.6 521.7 262.0 0.9990
567.8 241.3 15.6 24.3 580.3 249.7 581.0 249.5 583.4 254.9 578.7 259.5 579.5 259.8 0.9990
244.7 234.5 16.2 21.5 249.4 242.3 257.2 242.3 253.6 246.3 249.9 250.1 256.8 250.1 0.9989
888.9 217.0 16.9 20.2 894.1 227.0 901.2 224.4 899.3 230.1 897.5 233.9 902.7 232.0 0.9988
36.0 172.7 13.5 15.9 39.9 178.0 46.0 177.9 43.3 180.4 40.9 184.3 45.7 184.2 0.9988
538.8 228.9 13.8 19.2 546.3 236.1 550.6 235.7 550.4 239.6 547.1 243.4 550.4 243.3 0.9986
176.7 238.4 18.0 21.5 183.0 247.2 190.7 247.2 187.4 251.6 183.8 255.0 189.9 255.0 0.9986
959.0 222.3 14.8 19.0 963.5 228.8 970.1 228.7 967.4 231.6 964.6 236.0 970.0 235.9 0.9985
561.9 140.2 16.0 22.1 570.3 149.5 575.8 149.7 574.7 154.0 570.3 157.5 574.5 157.9 0.9983
873.3 266.5 25.2 41.1 892.2 281.2 892.8 280.6 898.7 287.1 894.4 296.8 894.5 296.6 0.9954
1016.5 226.8 7.1 19.0 1022.3 235.0 1027.6 233.6 1026.9 237.9 1024.7 242.0 1028.5 241.1 0.9938
193.2 150.9 8.2 10.4 198.7 154.9 200.4 155.3 200.4 157.4 198.1 159.0 199.1 159.4 0.9938
377.5 229.3 14.6 18.3 380.4 236.6 383.8 236.8 380.3 240.2 381.0 243.4 383.3 243.4 0.9914
359.7 229.2 14.1 15.5 364.2 234.6 370.7 235.6 367.1 239.1 364.1 241.4 368.6 242.2 0.9848
208.8 287.4 29.2 42.5 230.2 303.7 233.3 302.7 236.5 312.5 227.8 320.3 230.0 320.1 0.9584
53.6 171.9 8.3 12.0 54.9 176.3 56.9 176.8 54.5 179.0 54.9 181.2 56.2 181.4 0.9248
324.9 218.2 10.4 12.7 352.6 303.2 352.2 304.1 348.0 308.8 351.0 315.1 350.4 315.4 0.8589
479.6 250.1 20.7 24.6 326.8 223.0 330.4 223.3 327.5 225.9 326.9 228.4 329.5 228.5 0.7179
469.6 226.0 13.7 15.1 482.9 258.2 488.2 259.3 483.3 264.7 485.4 268.8 488.9 269.5 0.6545
482.1 225.0 13.4 14.9 478.5 230.0 487.1 229.5 484.1 235.1 480.1 240.4 486.6 240.1 0.5319
