50--Celebration_Or_Party/50_Celebration_Or_Party_houseparty_50_52.jpg
9
541.4 343.7 77.3 107.7 551.1 382.5 581.5 381.1 554.8 399.6 551.1 419.8 580.5 418.6 0.9997
320.5 312.3 86.9 89.5 350.1 351.1 384.4 341.7 378.7 352.4 369.0 379.0 396.6 371.3 0.9996
459.9 245.0 72.5 99.0 486.5 283.2 519.5 284.2 508.2 300.2 490.0 317.7 517.5 318.3 0.9996
619.0 285.6 64.6 88.2 640.2 318.2 669.4 320.0 656.1 334.0 642.2 350.6 664.7 352.2 0.9995
184.7 193.7 41.6 53.0 188.9 211.8 203.7 212.3 190.6 223.2 190.7 233.6 201.4 234.1 0.9995
0.0 179.7 45.7 73.3 -7.1 208.3 12.9 203.9 -1.5 220.5 2.0 233.9 20.3 229.5 0.9993
286.9 176.2 29.7 40.7 301.5 191.6 311.3 190.3 311.2 197.8 305.1 206.7 312.1 205.8 0.9959
830.0 259.7 24.9 31.7 837.1 270.9 849.0 271.2 843.1 278.2 837.9 284.0 847.0 284.3 0.9834
157.8 231.3 37.7 55.3 181.9 247.1 185.8 246.9 189.6 255.4 182.7 268.9 186.2 269.1 0.6028
