50--Celebration_Or_Party/50_Celebration_Or_Party_houseparty_50_279.jpg
29
522.7 527.2 43.8 49.4 534.5 545.1 555.1 543.9 545.9 557.2 537.7 564.0 554.6 562.9 0.9997
304.5 266.2 35.0 39.9 315.7 281.8 332.2 282.9 324.2 291.4 315.7 295.7 329.6 296.6 0.9997
502.5 368.7 39.6 48.4 512.8 386.5 531.6 386.6 522.0 397.2 513.9 403.5 530.9 403.5 0.9997
708.4 412.5 45.4 58.7 725.4 435.1 745.8 438.3 736.7 446.9 722.2 453.3 741.7 456.2 0.9997
462.6 218.5 33.4 43.2 471.3 236.1 487.4 236.4 479.2 245.2 471.9 250.7 486.2 250.9 0.9996
47.2 250.2 39.2 36.4 57.8 272.9 69.1 262.5 68.4 272.9 69.8 279.8 78.7 271.7 0.9996
590.6 274.5 33.4 39.3 598.3 290.3 614.5 291.0 605.6 299.5 599.1 304.1 612.5 304.7 0.9996
532.1 166.2 33.8 46.1 541.8 183.4 558.5 185.9 549.4 193.6 540.0 198.3 555.5 200.3 0.9995
629.5 143.2 37.1 49.7 638.6 162.4 656.1 162.4 646.9 173.2 639.3 178.6 656.0 178.5 0.9995
766.8 220.7 37.4 48.9 775.5 240.2 792.9 241.0 782.6 249.8 775.6 256.3 791.3 257.0 0.9995
679.7 509.8 49.8 57.1 690.7 533.1 713.2 530.3 702.2 541.1 695.3 552.5 714.4 550.0 0.9995
394.3 366.6 41.8 56.3 404.7 391.8 423.6 390.1 414.6 400.9 407.7 409.1 424.7 407.6 0.9995
213.2 372.6 38.1 46.7 222.7 392.2 240.5 392.8 230.6 401.4 222.2 406.9 238.4 407.4 0.9995
436.2 521.5 39.9 51.8 444.8 543.6 462.5 543.0 453.0 554.1 447.5 561.0 462.2 560.5 0.9995
844.9 228.0 43.3 54.0 853.5 249.3 873.8 251.1 860.5 259.8 853.0 267.4 870.9 268.9 0.9995
431.4 242.5 30.6 41.2 440.6 258.3 455.3 258.3 448.3 266.9 440.9 273.1 454.0 273.2 0.9995
341.9 529.4 40.0 50.7 352.1 549.7 371.1 550.1 361.0 560.1 352.8 566.4 370.0 566.7 0.9994
603.7 356.4 40.3 52.4 614.1 378.6 631.8 379.7 621.8 390.5 614.2 394.7 630.5 395.5 0.9994
385.9 267.5 36.5 42.4 396.8 284.8 414.6 284.1 406.9 294.7 398.4 299.8 413.4 299.3 0.9993
222.5 262.4 37.4 43.7 232.9 276.6 251.0 281.2 239.4 286.5 229.6 292.3 245.0 295.9 0.9993
597.9 493.9 46.5 52.2 607.1 511.3 627.2 514.6 612.4 525.6 606.2 531.2 622.4 534.0 0.9993
647.0 298.0 34.8 47.0 656.9 317.6 673.0 317.2 665.7 326.3 659.6 334.4 671.9 334.2 0.9993
285.3 225.2 34.1 39.8 295.0 240.3 310.8 240.8 302.6 246.0 295.6 253.7 308.8 254.0 0.9993
366.4 214.5 33.0 39.8 375.2 229.8 390.9 230.3 382.6 236.1 375.9 243.8 388.9 244.2 0.9992
693.7 232.3 35.1 41.5 700.8 247.0 718.4 248.5 707.8 257.1 701.1 262.9 715.8 264.1 0.9992
516.5 256.3 32.7 42.1 525.3 273.8 540.5 276.6 531.5 284.1 524.2 288.0 536.5 290.1 0.9992
143.6 245.0 34.7 41.5 151.4 263.3 167.9 262.8 159.4 271.6 153.1 275.9 168.0 275.4 0.9991
405.2 210.6 29.4 37.3 413.3 224.2 427.0 224.5 420.2 232.7 413.9 236.9 426.5 237.2 0.9990
721.1 302.8 33.6 43.4 730.3 320.6 746.1 322.0 737.8 330.2 729.8 334.3 744.1 335.4 0.9989
