50--Celebration_Or_Party/50_Celebration_Or_Party_houseparty_50_31.jpg
10
678.0 1017.1 47.5 60.8 700.4 1042.4 718.9 1045.9 711.6 1057.4 693.7 1059.8 711.4 1063.1 0.9998
834.5 244.1 60.9 84.4 854.7 272.9 857.9 273.5 837.1 284.0 842.7 305.3 844.6 304.7 0.9997
459.3 225.3 58.3 80.9 486.4 252.9 511.1 253.5 505.0 271.7 480.5 279.7 505.7 281.0 0.9996
143.7 202.3 73.5 93.1 163.6 232.7 196.6 240.0 174.5 258.3 159.4 269.8 183.3 276.4 0.9996
272.4 1017.0 51.8 71.4 279.5 1046.1 303.0 1046.7 286.5 1061.6 282.4 1071.2 301.2 1071.5 0.9996
96.9 396.5 78.0 112.7 120.0 441.9 159.4 440.0 143.3 470.3 121.4 481.7 156.6 480.3 0.9995
182.4 637.6 259.6 373.1 252.6 791.0 378.0 784.2 322.9 866.1 281.9 937.5 365.9 931.4 0.9995
732.1 147.3 79.6 115.6 749.3 188.3 785.8 182.5 768.2 206.8 759.4 233.1 787.0 228.2 0.9994
576.1 551.1 251.6 345.4 664.8 692.1 783.3 687.7 744.9 757.5 681.8 816.4 778.4 811.5 0.9992
172.0 373.3 60.3 83.3 186.3 402.7 215.9 400.6 201.7 418.0 188.3 431.2 217.2 429.6 0.9991
