50--Celebration_Or_Party/50_Celebration_Or_Party_houseparty_50_284.jpg
16
330.5 509.5 96.8 126.3 391.6 571.6 413.8 562.5 419.4 592.9 392.3 614.8 406.6 608.0 0.9999
366.0 306.3 31.3 40.9 384.1 322.6 391.0 319.4 395.1 328.2 388.8 337.3 394.3 335.2 0.9997
456.4 332.0 28.0 31.0 467.3 343.8 478.6 348.4 471.2 352.3 464.0 354.4 472.6 358.1 0.9996
788.0 320.5 23.6 31.0 791.6 331.7 801.0 333.4 793.1 338.1 791.5 343.4 798.6 344.6 0.9995
165.0 379.6 27.2 38.4 182.9 394.9 187.6 392.4 192.2 400.6 185.0 409.3 187.9 407.8 0.9993
562.4 321.6 22.1 28.7 566.6 331.9 575.3 333.2 568.8 337.6 566.5 342.6 573.7 343.4 0.9982
694.1 301.4 23.4 27.5 699.8 309.8 710.0 311.6 703.5 316.9 699.4 321.4 707.0 322.8 0.9965
907.9 326.2 26.0 34.8 910.9 340.0 922.7 340.0 914.5 346.2 912.0 352.9 920.9 352.7 0.9964
562.0 249.6 10.1 13.0 567.2 254.8 570.2 254.4 569.9 257.5 567.9 260.2 569.9 260.0 0.8724
621.8 239.0 11.6 13.2 626.1 243.8 630.9 243.3 629.3 246.3 627.2 249.2 630.8 249.0 0.8640
590.3 232.2 11.5 15.5 597.2 239.1 599.4 239.3 599.4 242.7 596.6 245.0 598.0 245.4 0.7733
831.9 239.2 9.4 12.3 833.5 243.7 836.7 244.2 833.9 246.6 833.6 248.9 835.8 249.2 0.7431
687.6 228.4 10.4 12.6 690.5 232.9 695.6 232.7 693.3 235.5 691.3 238.4 695.4 238.2 0.6593
710.0 223.1 11.9 13.1 713.2 227.9 718.3 227.9 715.8 230.5 713.8 233.2 717.8 233.2 0.6348
710.2 243.8 15.1 17.9 713.7 248.8 720.4 248.9 716.7 252.7 714.2 256.7 719.8 256.8 0.5411
599.2 251.5 12.1 13.8 603.4 256.8 607.7 256.6 605.9 259.5 604.2 262.4 607.3 262.3 0.5282
