50--Celebration_Or_Party/50_Celebration_Or_Party_houseparty_50_229.jpg
11
394.6 244.9 9.9 12.8 396.5 248.9 398.4 249.0 395.8 251.6 396.9 254.5 398.1 254.4 0.9967
118.8 319.0 10.4 13.2 121.2 323.9 125.8 324.5 122.7 326.9 121.0 329.2 124.2 329.7 0.9948
20.6 316.4 9.3 13.0 26.8 321.3 28.5 321.2 29.2 323.8 27.0 326.2 28.0 326.3 0.9920
175.6 318.1 9.7 12.3 180.0 323.0 183.9 322.9 182.7 325.6 180.2 327.9 183.0 328.0 0.9920
262.2 317.7 9.5 11.6 264.7 322.4 269.1 322.3 267.0 325.1 265.6 327.2 268.6 327.1 0.9902
486.6 268.5 10.2 11.2 489.9 272.4 494.5 272.8 492.1 275.2 489.7 277.4 493.3 277.7 0.9831
286.1 312.7 8.8 11.2 288.7 317.4 292.7 317.5 290.7 319.6 289.1 321.5 292.1 321.6 0.9802
54.2 324.4 9.7 11.7 57.9 328.1 62.3 328.6 60.4 331.1 57.9 333.3 61.1 333.7 0.9664
228.6 317.0 10.4 12.6 232.6 321.6 236.5 321.6 234.8 324.1 232.8 326.5 235.8 326.6 0.8291
300.2 310.8 10.5 13.5 723.9 322.6 731.8 323.3 727.4 327.3 724.1 330.8 729.5 331.3 0.6597
732.6 302.8 8.4 9.2 303.8 315.7 308.4 315.7 306.5 318.7 304.5 321.4 308.0 321.4 0.5329
