50--Celebration_Or_Party/50_Celebration_Or_Party_houseparty_50_15.jpg
9
207.3 404.0 246.3 262.7 255.0 510.4 366.3 493.6 303.6 535.3 275.3 602.7 366.6 589.0 0.9998
583.2 458.2 242.4 258.2 646.5 562.0 756.9 573.4 694.2 615.7 651.2 658.5 730.9 667.5 0.9995
798.9 161.2 50.2 52.0 820.4 178.8 841.1 178.2 837.0 184.3 826.5 198.0 842.8 197.7 0.9991
147.3 176.0 51.0 60.4 163.7 196.0 186.6 200.7 173.9 208.5 161.4 218.3 180.3 222.1 0.9988
861.4 185.2 49.3 58.1 869.4 210.2 892.4 206.8 879.9 219.1 874.3 229.4 894.7 226.5 0.9984
511.9 209.5 50.4 53.3 517.9 227.5 537.9 225.8 522.4 237.1 521.4 249.5 536.2 247.9 0.9971
790.7 295.8 51.8 53.0 807.8 312.5 831.3 315.2 819.3 323.4 806.1 331.4 827.3 333.6 0.9955
704.3 724.5 29.4 34.5 712.3 734.7 719.7 738.5 708.9 740.9 706.8 747.9 711.8 750.6 0.9942
318.9 725.1 28.9 31.0 328.4 736.5 341.5 738.1 334.6 742.7 328.8 748.5 338.1 749.8 0.9776
