50--Celebration_Or_Party/50_Celebration_Or_Party_houseparty_50_110.jpg
50
191.9 95.0 16.9 23.3 201.8 103.4 206.5 103.6 207.1 107.6 202.6 112.3 206.1 112.6 0.9997
254.1 100.7 16.0 25.3 257.0 110.7 258.6 111.4 254.2 115.4 257.2 120.2 258.3 120.5 0.9994
685.6 18.7 14.0 19.4 688.3 26.7 694.7 27.2 690.9 30.6 688.6 33.4 694.0 33.7 0.9994
630.5 34.2 14.2 16.3 635.7 40.1 642.2 39.4 640.0 43.4 637.0 47.0 641.8 46.5 0.9993
460.7 43.4 23.5 30.4 474.2 58.0 481.4 56.7 480.7 63.5 473.5 68.4 478.2 67.7 0.9993
535.3 45.7 16.6 21.0 542.8 53.1 549.9 52.5 548.1 57.4 543.9 61.8 549.2 61.5 0.9993
687.1 486.6 15.1 18.2 697.4 495.5 699.7 494.8 699.8 499.7 694.8 502.0 695.8 501.8 0.9992
737.0 43.6 15.3 21.4 738.8 53.2 743.6 53.4 739.5 57.5 740.4 60.8 743.8 60.7 0.9991
893.9 440.9 12.7 16.0 898.4 448.8 903.7 447.3 902.3 451.1 900.2 454.1 904.2 453.0 0.9988
244.4 279.9 16.1 21.5 253.6 288.4 258.4 288.0 258.7 292.0 254.9 296.3 258.2 296.1 0.9987
447.8 257.3 19.6 27.7 457.1 268.6 464.4 269.5 461.7 274.6 456.1 278.1 462.3 279.0 0.9987
591.4 30.1 13.7 17.9 593.1 36.7 598.7 37.3 594.2 40.2 593.1 43.6 597.4 44.0 0.9987
156.7 289.8 16.9 20.2 158.1 296.9 164.2 296.9 159.1 301.3 159.4 305.5 163.7 305.3 0.9986
510.9 246.1 16.5 24.7 515.4 256.2 523.2 255.8 519.7 260.5 516.1 264.3 523.0 264.1 0.9986
790.7 22.8 18.7 25.0 793.4 33.1 797.8 33.7 792.3 37.6 793.5 42.0 796.9 42.2 0.9985
860.3 443.6 14.2 18.1 868.7 452.7 872.7 451.7 872.9 455.7 869.4 458.8 872.0 458.2 0.9985
283.4 289.6 12.4 17.8 290.6 296.7 294.1 296.4 294.4 299.8 291.2 303.2 293.9 303.2 0.9984
123.3 113.9 21.2 28.9 128.0 124.7 136.7 123.1 132.6 128.7 130.6 135.0 138.0 133.7 0.9982
973.7 425.6 12.5 16.6 979.0 433.3 984.4 432.6 983.0 436.3 980.2 439.5 984.2 439.0 0.9980
926.5 495.5 13.9 21.6 930.7 502.6 931.2 503.3 927.2 506.2 928.5 510.9 929.1 511.2 0.9979
345.0 279.8 14.6 19.3 346.6 287.4 349.7 287.7 345.8 291.9 348.2 295.2 350.2 295.1 0.9976
350.5 106.4 11.4 14.4 353.0 112.1 358.3 112.3 355.3 114.9 353.4 117.5 357.5 117.6 0.9975
481.4 80.3 25.5 28.2 496.8 92.1 502.6 91.7 501.0 99.2 492.6 102.6 496.5 102.7 0.9974
567.8 27.6 13.7 17.0 576.9 35.2 579.1 35.7 578.4 39.8 573.6 41.3 574.8 41.9 0.9969
0.0 102.0 14.0 19.3 5.9 109.1 11.6 108.8 10.3 112.6 6.7 116.3 11.2 116.3 0.9967
19.3 101.8 11.4 15.6 25.4 107.3 29.2 107.0 29.3 110.2 26.7 113.8 29.3 113.7 0.9966
774.7 415.7 11.6 14.4 777.5 423.6 782.6 423.1 780.3 426.8 779.4 428.7 782.5 428.3 0.9952
786.9 55.3 14.3 24.5 790.5 63.4 793.2 64.5 788.2 68.0 788.4 72.8 790.9 73.4 0.9950
360.4 291.1 11.7 17.5 364.4 297.2 366.4 298.1 362.7 300.4 362.1 303.9 363.6 304.4 0.9948
61.2 100.3 10.8 13.6 62.6 105.8 66.1 105.6 63.3 108.5 63.5 111.1 65.9 110.9 0.9946
49.2 263.9 20.3 37.5 65.3 278.1 65.1 277.8 69.8 285.1 64.3 292.3 64.6 292.7 0.9943
716.9 32.9 13.1 14.9 719.2 38.3 723.5 38.7 720.0 41.7 719.6 44.5 722.7 44.6 0.9933
238.3 420.6 8.1 12.8 243.6 425.6 244.8 425.2 245.7 428.1 243.6 430.6 244.4 430.5 0.9933
410.4 123.0 41.7 57.1 975.5 539.2 982.4 541.3 976.2 545.4 975.1 549.1 980.8 550.6 0.9915
103.6 287.5 14.5 17.9 444.9 147.5 444.5 146.5 443.8 160.9 432.9 169.4 431.6 168.7 0.9906
355.0 94.0 9.7 12.2 108.3 294.9 114.7 294.6 112.0 298.0 109.3 301.3 114.5 301.2 0.9878
146.5 313.3 19.3 23.4 137.9 104.4 140.2 104.5 137.4 107.8 138.8 110.9 140.3 110.9 0.9837
232.2 98.4 8.4 10.4 357.5 99.0 362.2 98.9 359.9 101.6 358.2 103.8 361.6 103.8 0.9833
758.6 442.4 9.4 13.1 219.2 104.3 220.4 104.1 221.5 107.4 219.2 110.7 220.0 110.7 0.9816
653.1 437.9 10.0 14.2 154.6 319.7 155.6 321.0 150.6 321.9 150.8 326.9 151.4 327.7 0.9732
587.8 76.3 11.6 13.3 234.7 102.4 238.6 102.6 236.5 104.5 234.9 106.4 237.9 106.5 0.9601
144.2 303.5 9.5 11.4 762.9 448.3 766.0 447.6 765.7 450.7 764.0 453.2 765.9 452.8 0.9576
489.4 262.2 6.4 7.6 654.7 443.3 656.7 443.5 654.2 446.5 655.2 449.4 656.5 449.4 0.9312
555.3 438.9 9.9 12.2 591.2 82.3 596.8 80.8 595.0 84.7 593.4 87.8 597.2 86.7 0.8983
500.5 435.7 10.1 13.5 145.7 308.0 149.7 307.8 147.1 310.0 146.3 312.5 149.3 312.3 0.7785
759.3 396.4 9.1 10.0 565.5 30.9 571.1 31.6 567.4 34.6 565.4 37.6 569.8 38.0 0.7537
663.8 401.3 9.5 12.0 1002.0 215.5 1005.6 215.6 1003.4 217.6 1002.4 219.7 1005.2 219.7 0.7126
121.7 400.1 11.9 13.8 491.2 265.2 494.1 265.5 492.5 267.0 491.2 268.3 493.4 268.5 0.7046
652.9 463.2 11.4 15.3 757.2 15.5 765.4 16.0 760.6 20.0 757.5 24.0 764.0 24.3 0.6715
476.3 259.3 6.2 7.6 225.3 431.1 226.9 431.2 225.3 432.7 225.5 434.2 226.7 434.2 0.6215
