50--Celebration_Or_Party/50_Celebration_Or_Party_houseparty_50_823.jpg
8
409.3 139.2 132.6 155.4 441.2 212.9 494.0 186.9 478.9 233.3 468.1 259.8 517.3 237.2 0.9997
884.4 212.7 13.7 17.9 892.3 219.7 895.6 219.0 896.1 222.8 893.3 226.3 895.6 226.0 0.9977
827.5 201.5 16.2 21.2 831.5 210.7 838.5 211.2 834.3 215.5 831.8 218.6 836.9 219.0 0.9944
824.5 131.7 12.2 16.2 828.0 138.5 833.6 138.3 830.9 141.5 828.7 144.5 833.4 144.4 0.9935
663.8 120.1 14.9 22.5 672.5 130.0 676.6 129.5 676.5 134.1 673.1 138.0 675.9 137.9 0.9918
976.3 147.3 7.4 11.2 981.5 151.6 982.7 151.5 983.3 154.0 981.5 156.2 982.2 156.3 0.9793
623.1 150.1 12.0 15.6 626.7 156.4 632.0 156.5 629.3 159.4 627.1 162.3 631.3 162.3 0.9345
900.3 138.6 8.6 11.7 903.0 142.7 906.5 142.4 905.2 144.9 903.7 147.5 906.5 147.3 0.7691
