50--Celebration_Or_Party/50_Celebration_Or_Party_houseparty_50_381.jpg
23
440.9 78.0 150.6 190.4 475.1 152.9 547.1 158.7 506.4 203.0 479.6 222.6 539.0 226.8 0.9996
46.9 49.1 30.8 38.1 54.6 64.0 69.3 61.9 63.0 71.7 57.6 77.7 70.6 75.9 0.9996
206.0 142.5 37.7 51.2 215.5 160.4 233.2 159.8 224.6 172.5 217.5 179.3 233.1 178.7 0.9995
838.6 62.7 30.9 40.0 846.8 79.6 861.2 77.8 854.8 86.2 849.7 93.8 861.2 92.5 0.9995
960.0 56.8 40.0 52.9 972.5 76.5 991.2 77.7 982.3 87.0 972.1 94.0 989.4 95.1 0.9995
683.6 26.7 25.1 37.1 692.6 41.2 703.7 44.8 697.3 49.9 690.1 52.8 699.7 55.8 0.9995
141.5 96.7 34.8 43.6 149.2 115.1 164.5 111.6 157.7 122.6 154.3 131.4 166.4 128.6 0.9995
719.4 115.0 35.9 41.6 736.6 130.0 750.1 133.9 744.5 140.5 732.5 144.0 743.8 147.4 0.9993
57.3 175.2 33.7 45.9 68.8 192.1 84.7 190.7 79.2 201.6 71.5 210.2 83.7 209.2 0.9993
244.1 49.4 29.0 33.7 247.9 64.4 260.1 66.3 250.5 72.4 249.3 76.9 257.1 78.2 0.9992
258.2 237.2 39.2 49.6 266.2 255.1 283.8 254.9 273.6 267.8 268.8 272.4 284.9 272.0 0.9992
790.8 125.0 36.7 43.5 800.0 140.3 818.4 139.5 809.6 148.4 801.5 155.8 818.1 155.2 0.9992
267.1 125.8 35.4 47.6 276.3 141.2 292.4 141.4 284.0 152.0 277.9 159.9 291.0 160.1 0.9992
798.0 56.6 28.9 39.1 805.8 70.8 819.5 71.8 812.1 78.3 806.4 85.6 817.2 86.3 0.9991
730.1 14.1 28.4 34.9 736.7 28.3 749.8 26.2 743.9 34.0 739.6 40.4 751.0 38.6 0.9991
259.8 317.0 38.8 50.0 270.5 339.4 288.1 337.3 280.8 348.6 274.9 356.7 288.6 354.8 0.9990
886.9 69.7 34.7 39.8 893.3 83.8 909.5 80.9 901.4 90.2 897.2 99.3 910.7 97.1 0.9990
77.3 132.7 33.6 37.5 83.9 146.6 99.3 143.6 92.1 152.1 88.2 161.1 100.2 158.8 0.9989
253.5 93.9 30.2 35.6 258.7 108.6 271.6 107.5 263.6 114.9 261.1 122.0 270.3 121.0 0.9980
28.6 138.3 27.7 37.4 33.1 152.8 45.0 152.1 37.5 160.8 36.4 167.2 45.5 166.4 0.9967
0.0 65.1 17.1 45.4 -10.4 84.4 6.0 80.2 0.3 90.6 -4.8 99.4 9.7 96.1 0.9961
124.7 68.7 26.4 31.7 131.0 80.4 142.5 80.0 136.3 86.6 133.1 93.0 141.3 92.6 0.9947
333.4 110.8 27.3 38.0 340.2 127.1 352.7 126.3 346.6 135.1 343.3 141.6 352.1 141.0 0.6786
