50--Celebration_Or_Party/50_Celebration_Or_Party_birthdayparty_50_137.jpg
11
80.6 224.4 45.9 57.8 93.9 247.3 115.1 245.4 106.4 258.3 97.4 268.1 115.1 266.3 0.9996
234.0 206.4 45.2 58.6 245.1 228.7 266.4 230.6 254.0 242.6 244.5 249.2 263.1 250.9 0.9996
380.6 186.3 46.4 57.6 395.1 208.6 416.6 209.7 406.5 220.7 394.6 228.0 414.0 229.0 0.9996
33.4 192.6 45.5 56.1 48.5 209.9 70.1 210.1 61.3 221.3 48.3 230.8 68.9 231.2 0.9996
750.4 217.9 49.6 64.0 760.6 243.8 782.9 241.4 771.3 255.1 764.7 265.2 785.2 263.0 0.9996
688.6 199.4 44.3 59.7 700.2 222.4 721.1 224.8 709.0 235.0 699.4 242.3 717.8 244.3 0.9996
163.0 241.0 49.5 63.5 177.3 268.4 199.9 267.3 189.8 279.7 181.0 290.0 199.0 288.8 0.9996
477.1 227.5 47.4 62.9 494.9 252.8 515.5 256.2 506.1 265.8 492.2 272.9 509.9 276.0 0.9995
841.1 219.3 52.4 67.5 851.3 250.5 873.7 244.5 862.9 260.2 858.7 270.4 879.7 265.2 0.9995
319.3 219.6 43.6 59.5 332.5 241.9 352.9 242.8 343.1 250.7 332.5 261.8 351.5 262.4 0.9995
585.3 193.7 53.1 69.6 598.5 222.1 622.7 225.8 606.8 238.5 597.2 246.2 616.2 249.3 0.9994
