50--Celebration_Or_Party/50_Celebration_Or_Party_houseparty_50_321.jpg
52
693.7 7083.2 193.0 237.1 717.7 7181.3 786.1 7174.7 735.2 7224.7 736.6 7267.4 790.4 7260.8 0.9993
381.9 2481.7 73.5 96.6 397.5 2517.8 430.9 2520.5 409.7 2536.2 396.5 2552.6 425.2 2554.3 0.9992
82.1 8524.0 136.7 173.5 148.8 8587.4 203.7 8598.0 184.4 8624.8 142.9 8651.1 185.7 8660.1 0.9990
421.7 7152.1 160.7 202.7 438.9 7225.1 489.0 7219.5 449.0 7271.4 462.2 7300.9 506.2 7294.3 0.9990
71.2 1588.4 95.7 125.3 125.1 1640.2 156.9 1639.4 154.0 1663.7 128.0 1685.7 150.8 1686.3 0.9990
13.2 5853.2 92.2 126.1 23.0 5900.7 55.4 5902.9 25.7 5923.2 25.7 5948.0 48.5 5948.6 0.9989
493.4 148.4 133.3 157.6 529.2 195.5 592.3 200.7 558.2 230.6 528.2 257.3 585.0 261.4 0.9988
258.8 5867.8 108.3 154.2 343.1 5933.5 351.3 5933.5 357.7 5971.3 317.7 5990.1 322.6 5992.2 0.9987
284.8 7913.3 139.8 176.6 337.0 7978.5 397.4 7996.7 361.7 8022.6 324.9 8042.5 371.9 8057.0 0.9986
747.0 2253.4 164.3 212.1 765.1 2339.5 830.3 2334.0 781.8 2374.4 774.3 2411.2 828.9 2405.6 0.9985
624.7 178.5 127.8 161.8 656.5 240.7 718.2 240.6 686.3 273.0 660.7 297.3 714.4 297.0 0.9983
559.2 2371.3 99.2 122.3 575.1 2416.0 617.4 2415.9 587.3 2437.2 577.5 2463.1 609.0 2462.4 0.9983
903.2 194.6 52.1 68.5 920.5 219.1 944.1 219.3 933.9 232.1 922.1 245.3 941.8 245.6 0.9982
350.8 145.3 127.8 160.3 404.3 209.1 459.0 214.5 437.4 245.5 403.5 267.8 445.8 272.8 0.9981
452.2 6410.4 89.2 114.3 490.4 6458.8 525.1 6455.2 516.3 6479.2 497.8 6500.3 524.8 6498.2 0.9981
482.9 8672.7 122.5 151.1 514.6 8726.4 573.8 8735.1 538.5 8757.0 512.0 8780.7 560.2 8787.4 0.9980
425.2 7976.2 116.6 143.3 449.1 8041.2 501.4 8038.8 473.2 8069.9 461.3 8094.1 497.0 8091.8 0.9980
572.2 6499.0 87.3 110.8 587.5 6540.2 624.0 6542.6 597.8 6561.7 587.6 6580.6 617.2 6582.0 0.9980
285.1 8628.9 119.1 169.5 314.8 8699.5 371.0 8698.2 341.4 8732.9 321.3 8761.0 365.7 8759.9 0.9980
730.9 3877.1 115.0 155.7 752.5 3933.7 804.3 3935.1 772.4 3962.6 754.5 3988.7 800.8 3989.6 0.9975
386.3 4005.0 124.4 170.4 412.2 4062.4 468.5 4072.0 430.2 4102.4 407.0 4124.5 457.7 4131.9 0.9971
182.5 5052.4 151.8 212.2 214.4 5140.4 284.2 5129.8 250.5 5172.8 229.2 5211.6 290.9 5202.8 0.9970
140.4 6566.0 70.1 89.3 157.7 6600.6 189.8 6602.0 171.8 6618.0 158.9 6633.1 185.5 6634.1 0.9969
622.5 896.8 79.1 125.0 640.0 932.7 642.2 934.3 622.4 956.5 633.9 987.3 636.0 987.2 0.9969
443.3 4473.9 71.3 92.6 461.8 4512.6 494.0 4511.1 479.0 4528.2 466.3 4544.7 493.2 4543.5 0.9968
298.4 836.3 94.8 133.2 323.6 889.2 368.7 887.0 347.4 914.7 327.0 935.1 367.7 933.4 0.9966
568.9 5053.7 96.3 124.8 583.5 5100.1 627.6 5102.4 598.0 5125.9 586.0 5147.2 620.1 5148.4 0.9966
300.3 3041.5 70.0 90.0 310.3 3076.0 332.6 3075.7 314.4 3093.6 315.6 3111.0 332.5 3109.8 0.9962
117.5 2445.9 63.2 75.2 137.4 2472.3 165.4 2473.3 151.3 2486.7 137.9 2500.9 161.8 2501.7 0.9947
405.1 1536.1 76.0 98.7 426.4 1574.5 462.8 1576.2 444.0 1594.3 428.3 1609.9 457.8 1611.0 0.9940
576.6 5941.4 75.1 98.7 600.2 5977.3 633.0 5977.2 618.0 5996.5 602.4 6014.7 629.7 6014.7 0.9938
705.8 5928.4 52.2 68.2 711.5 5957.8 725.3 5957.4 712.0 5972.1 716.6 5985.1 725.8 5983.7 0.9908
765.3 5991.7 79.4 113.0 777.9 6036.6 793.2 6037.5 776.4 6061.8 788.9 6079.8 800.4 6079.2 0.9858
396.3 5100.2 63.1 87.6 407.3 5135.8 431.8 5137.2 414.4 5152.6 409.0 5168.5 428.5 5168.9 0.9851
966.3 8681.9 45.2 63.6 970.3 8702.1 982.9 8703.4 968.6 8717.3 971.7 8732.2 980.3 8732.3 0.9828
813.9 4520.5 44.8 59.6 824.0 4542.7 844.0 4544.0 831.8 4555.4 824.3 4567.0 840.7 4567.8 0.9820
0.0 4521.1 85.0 134.9 14.5 4570.4 22.6 4568.6 14.5 4601.7 36.3 4625.5 43.3 4622.7 0.9810
350.0 4624.3 44.7 58.5 363.7 4648.0 381.3 4646.5 373.9 4659.7 367.5 4671.6 380.8 4670.5 0.9768
624.1 5893.3 56.3 71.4 639.8 5919.8 664.0 5918.8 652.6 5933.3 643.6 5947.8 662.9 5947.1 0.9743
573.4 1634.6 78.8 96.2 621.3 1670.0 642.8 1670.1 640.5 1691.0 619.8 1706.7 635.0 1708.0 0.9726
16.0 2431.2 58.9 70.1 42.7 2463.8 62.6 2466.1 55.3 2481.6 41.1 2492.3 55.0 2494.7 0.9618
491.7 1609.6 41.5 49.8 502.8 1628.3 522.8 1627.4 513.6 1638.0 505.7 1648.6 522.2 1648.0 0.9506
843.7 2981.4 73.3 119.1 856.4 3022.7 858.0 3021.2 842.3 3046.7 860.2 3073.3 862.0 3070.2 0.9470
861.9 3509.5 65.0 80.0 873.6 3535.9 899.0 3537.7 880.6 3553.0 874.7 3570.1 894.7 3570.9 0.9295
696.0 8710.0 40.7 53.3 716.1 8733.5 726.4 8732.8 724.7 8745.4 718.2 8755.0 724.7 8754.9 0.9036
61.8 241.4 39.4 47.7 78.4 258.8 93.5 257.9 89.2 268.7 80.9 279.2 92.9 278.8 0.8994
686.0 1645.3 41.9 61.8 691.8 1666.6 700.7 1667.4 689.5 1680.5 693.9 1693.7 699.5 1693.5 0.8347
722.2 8667.1 45.0 71.9 751.5 8694.3 759.8 8694.2 762.6 8709.8 751.7 8724.8 756.7 8725.7 0.7367
662.4 5936.9 40.6 60.8 677.9 5960.1 692.8 5959.6 687.5 5973.1 680.1 5985.7 691.5 5985.6 0.7036
393.3 3811.1 47.2 58.5 401.9 3832.8 419.8 3831.7 408.2 3844.3 406.2 3856.7 420.0 3855.4 0.6657
166.2 1623.7 54.6 67.6 172.6 1647.5 193.7 1647.5 178.5 1663.2 176.8 1678.5 192.4 1677.7 0.6306
618.4 4118.1 208.6 243.2 950.6 1746.3 970.4 1747.1 959.6 1757.6 951.9 1767.9 967.9 1768.4 0.5226
