50--Celebration_Or_Party/50_Celebration_Or_Party_houseparty_50_25.jpg
9
919.2 408.7 67.8 78.2 931.7 438.4 961.7 436.1 944.6 457.5 938.9 469.1 961.8 466.8 0.9998
386.7 443.8 63.7 81.4 405.7 474.0 435.1 475.7 420.5 492.2 405.7 502.7 432.2 504.1 0.9997
622.2 532.0 80.6 108.3 632.5 572.3 663.5 577.3 636.6 598.1 634.3 611.7 659.5 615.5 0.9997
668.4 386.9 58.7 86.4 674.3 420.7 694.6 420.5 674.5 434.8 676.9 450.2 695.2 449.5 0.9996
259.2 484.2 42.8 67.9 289.1 513.2 292.9 509.4 303.7 521.8 294.0 537.0 295.6 534.8 0.9996
55.6 450.2 48.9 57.6 75.5 474.5 96.2 471.3 91.1 484.6 80.9 495.5 96.8 493.2 0.9995
233.7 389.9 44.2 58.2 245.0 416.8 265.2 415.2 255.7 426.5 249.6 436.9 264.8 435.4 0.9992
430.9 394.0 48.9 62.9 435.6 417.7 451.3 417.0 437.6 427.0 438.5 441.3 449.6 440.8 0.9992
602.6 363.8 49.0 97.8 642.3 400.0 641.0 398.0 649.6 419.1 640.5 438.1 640.2 436.9 0.9921
