50--Celebration_Or_Party/50_Celebration_Or_Party_houseparty_50_392.jpg
25
730.9 490.4 103.0 133.5 778.2 540.1 819.9 543.0 810.3 567.5 780.6 591.7 812.5 593.9 0.9999
8.3 494.4 66.2 71.2 38.4 515.6 64.6 524.4 53.2 533.0 34.9 544.4 54.0 551.7 0.9995
214.3 495.7 70.0 89.7 231.7 531.3 263.7 531.7 246.8 546.5 235.6 564.2 258.5 564.7 0.9992
492.3 434.4 44.5 57.8 508.1 456.7 528.0 457.3 519.7 466.7 510.2 478.0 525.5 478.5 0.9991
872.6 438.3 50.8 66.3 899.1 464.7 917.0 462.0 917.2 472.4 907.6 489.0 920.6 486.8 0.9990
126.0 417.0 27.1 32.8 133.6 430.1 145.7 430.2 139.5 437.4 134.9 443.1 143.9 443.2 0.9984
331.9 421.4 24.8 32.1 338.1 433.0 349.2 432.5 343.6 439.1 339.9 445.7 349.0 445.3 0.9980
211.1 406.4 22.8 27.1 218.6 414.6 228.8 414.4 224.5 420.1 219.7 426.0 228.2 425.8 0.9975
652.6 401.4 57.1 77.5 658.5 424.6 673.7 426.2 656.4 440.9 660.5 457.7 670.6 458.7 0.9962
381.8 413.7 17.9 22.4 388.3 422.0 396.1 422.1 393.2 425.7 389.6 430.6 395.6 430.6 0.9956
268.9 392.0 14.5 21.2 277.9 399.7 281.2 399.4 281.9 403.8 278.3 408.2 280.7 408.1 0.9953
575.0 453.0 91.9 106.7 606.7 491.3 646.4 494.8 626.1 510.4 607.2 531.0 636.8 533.8 0.9953
923.5 423.2 30.1 37.2 937.1 437.8 949.7 437.8 946.5 443.9 939.5 451.9 948.4 452.0 0.9952
405.9 428.3 30.1 38.3 417.1 442.6 430.6 441.4 426.5 449.5 420.5 457.9 430.2 457.1 0.9947
453.7 412.2 21.3 28.7 459.8 423.0 470.4 422.9 465.7 428.0 461.4 434.0 469.6 433.8 0.9916
38.5 429.6 27.4 31.9 45.9 441.3 57.5 439.2 52.7 446.3 49.2 454.2 57.8 452.6 0.9904
123.1 458.4 28.9 40.6 127.6 473.3 140.0 472.6 132.2 481.1 129.9 489.6 139.4 488.9 0.9888
586.0 391.0 20.9 23.9 593.9 400.2 602.6 398.9 600.2 403.7 596.6 409.5 603.0 408.6 0.9842
998.9 425.2 23.9 37.1 1009.9 438.9 1023.3 438.5 1018.4 446.0 1011.9 453.6 1022.5 453.5 0.9674
358.8 408.6 16.4 20.4 362.6 416.9 369.9 416.7 366.1 421.6 364.0 425.3 369.2 425.1 0.9579
388.8 454.6 23.2 36.4 401.8 468.8 406.9 466.7 409.0 473.9 405.8 482.7 409.2 481.3 0.9435
299.8 400.1 14.3 16.9 305.4 406.1 311.6 407.4 308.3 411.0 304.6 413.3 309.1 414.3 0.9099
78.1 455.6 36.9 45.5 91.3 469.2 107.1 470.0 100.4 478.7 92.4 488.3 105.1 489.0 0.8854
755.7 391.2 21.4 30.4 765.4 401.8 774.0 400.8 772.5 407.4 767.5 414.5 774.2 413.9 0.6742
134.4 403.0 21.0 23.8 141.5 411.9 150.3 411.6 146.7 417.0 143.2 421.6 149.5 421.4 0.5932
