50--Celebration_Or_Party/50_Celebration_Or_Party_birthdayparty_50_442.jpg
16
853.2 338.2 16.8 21.4 856.5 347.1 863.6 347.2 859.3 351.5 857.8 354.9 863.1 354.9 0.9986
995.8 376.9 21.4 27.1 1001.6 387.6 1012.0 387.6 1007.0 393.2 1002.1 396.8 1011.4 396.8 0.9980
537.2 366.2 13.0 16.3 544.7 372.7 547.5 371.5 549.2 374.8 546.6 378.7 548.3 377.9 0.9964
466.9 325.9 14.1 19.1 471.8 333.8 478.1 333.2 475.8 337.4 473.2 341.1 477.9 340.7 0.9958
758.4 333.0 16.4 22.4 765.9 342.5 772.2 342.3 770.4 346.7 766.6 350.5 771.2 350.4 0.9953
402.1 367.8 13.1 19.2 410.3 375.9 413.6 375.8 413.9 379.6 410.4 382.9 412.6 383.1 0.9951
524.1 327.3 12.2 16.7 531.4 333.9 534.8 333.4 535.1 336.9 532.6 340.4 534.8 340.2 0.9935
246.1 475.9 20.1 32.4 260.4 487.2 261.7 486.5 265.4 492.1 261.9 499.7 262.7 499.4 0.9919
429.6 343.0 13.3 17.5 436.2 349.3 440.4 348.7 440.1 352.5 437.3 356.2 440.4 355.9 0.9913
660.8 431.8 15.9 23.9 671.4 441.3 674.3 440.5 676.5 445.4 673.0 450.3 674.9 449.9 0.9899
898.3 365.4 21.7 28.3 906.8 376.7 915.9 376.4 912.8 382.4 908.6 387.6 914.8 387.4 0.9893
776.5 379.8 22.0 30.1 786.1 393.0 793.3 391.1 793.2 397.1 790.2 403.1 795.3 401.7 0.9861
570.3 371.1 11.0 17.7 572.5 377.2 573.8 377.7 570.4 380.7 571.7 384.4 572.5 384.5 0.9840
456.7 374.7 11.9 16.9 464.2 381.2 465.6 380.5 467.8 383.7 466.0 387.6 466.8 387.3 0.9827
809.2 402.0 19.6 30.9 812.6 414.1 817.1 414.3 811.8 420.1 813.4 425.9 816.6 425.7 0.9702
479.3 378.5 13.6 17.5 484.6 386.4 490.5 386.3 488.4 389.9 485.5 392.8 489.7 392.8 0.9664
