50--Celebration_Or_Party/50_Celebration_Or_Party_birthdayparty_50_54.jpg
8
373.7 358.5 40.4 55.2 399.0 379.6 406.6 377.9 411.9 388.2 403.9 400.0 408.3 399.2 0.9995
581.6 312.6 31.6 42.4 585.4 327.3 597.6 329.4 585.9 335.5 585.3 343.8 594.6 345.2 0.9991
466.5 320.2 32.4 44.3 470.8 339.1 485.0 340.5 474.3 349.3 473.0 355.7 482.8 356.6 0.9990
713.0 366.2 39.9 54.8 717.6 386.0 725.8 388.2 714.6 397.7 720.7 406.6 726.2 407.9 0.9989
764.2 423.4 36.4 60.7 771.3 443.8 772.2 444.4 765.2 454.1 770.5 467.7 772.0 467.8 0.9983
684.2 350.4 30.1 42.0 689.3 363.7 693.1 365.0 685.1 373.3 689.2 381.6 691.4 382.2 0.9948
388.8 460.2 37.4 49.1 418.8 478.0 421.6 477.3 424.1 489.3 411.9 497.8 413.6 497.7 0.9948
211.1 270.4 23.4 34.9 988.0 213.0 994.2 213.3 990.7 216.7 988.5 219.7 993.0 219.9 0.7448
