30--Surgeons/30_Surgeons_Surgeons_30_739.jpg
11
840.5 171.2 65.5 85.9 848.1 205.6 873.9 214.5 850.3 228.0 848.8 235.3 867.8 241.8 0.9998
191.8 196.5 66.4 88.7 206.3 237.1 237.7 235.7 221.3 254.9 210.7 265.3 237.0 264.1 0.9998
477.0 123.8 80.5 108.5 488.7 167.2 523.5 169.6 498.5 196.9 494.8 204.5 524.8 205.9 0.9997
273.6 74.2 65.4 73.3 287.6 106.6 314.9 99.5 303.8 119.6 301.0 133.5 320.5 127.2 0.9997
160.8 51.9 51.8 64.6 165.8 73.8 183.6 71.5 168.7 86.3 171.8 99.6 185.7 97.4 0.9997
31.6 0.0 61.2 72.8 44.2 28.9 71.1 26.6 56.4 42.2 49.6 55.0 71.2 53.0 0.9996
697.8 153.3 70.7 93.8 706.7 191.4 736.5 189.6 715.4 207.0 710.9 222.7 736.8 220.9 0.9996
43.8 184.2 64.0 81.7 54.2 222.8 82.5 221.8 65.2 239.8 59.6 249.3 82.1 248.2 0.9995
389.3 84.7 68.0 86.5 402.3 115.4 429.9 123.6 406.5 135.5 398.5 146.9 420.2 153.3 0.9995
343.9 216.1 67.5 100.9 356.9 265.0 386.6 264.4 368.7 282.8 360.6 292.9 386.9 292.3 0.9989
1005.1 180.0 18.3 82.6 1012.9 216.6 1025.8 217.3 1012.7 234.1 1019.2 246.3 1029.5 246.3 0.5809
