30--Surgeons/30_Surgeons_Surgeons_30_94.jpg
8
234.1 82.9 130.1 206.7 330.1 168.0 349.4 166.7 366.2 209.1 320.7 241.0 336.2 241.1 0.9998
453.1 153.9 77.9 86.4 482.1 184.1 516.1 192.1 498.4 207.1 476.0 213.1 505.9 219.7 0.9997
58.9 6.5 90.6 131.3 105.3 60.0 139.3 57.8 138.8 82.1 111.0 105.6 140.4 103.9 0.9997
734.7 175.8 76.2 93.0 748.6 212.0 785.0 209.9 764.8 230.8 753.4 244.4 786.1 242.6 0.9997
625.7 107.2 67.3 88.6 643.1 146.2 675.1 143.6 660.1 160.5 648.9 177.1 673.5 175.0 0.9993
966.6 197.9 40.4 47.3 985.7 216.8 1000.9 219.9 994.6 228.6 982.9 234.3 993.4 236.9 0.9991
808.3 145.8 38.4 51.9 823.6 163.9 840.4 161.3 836.9 173.2 827.0 183.5 841.8 181.4 0.9985
346.1 135.1 53.9 74.3 366.9 164.6 390.9 162.0 384.2 177.2 372.6 191.7 391.4 190.0 0.9972
