39--Ice_Skating/39_Ice_Skating_Ice_Skating_39_869.jpg
277
309.6 351.6 9.4 12.2 312.1 356.2 316.7 356.1 314.5 358.5 312.7 360.8 316.5 360.7 0.9998
217.1 546.8 13.7 17.5 220.6 553.5 227.5 553.4 224.3 556.8 221.3 560.1 227.1 560.0 0.9998
502.4 367.2 10.2 13.2 504.1 372.2 508.0 372.4 505.3 374.6 504.4 377.0 507.6 377.0 0.9997
439.8 393.6 10.5 12.8 442.2 398.5 447.0 398.3 444.6 400.7 442.8 403.2 446.9 403.0 0.9997
841.5 403.1 12.4 15.9 843.0 408.6 846.5 409.6 842.1 412.1 842.4 415.1 844.9 415.7 0.9997
684.8 351.3 10.9 14.3 687.7 356.9 692.9 357.2 690.2 359.9 687.8 362.0 692.4 362.2 0.9997
67.2 451.0 13.0 16.9 70.2 458.4 76.5 457.8 73.7 461.4 71.8 464.5 77.0 464.0 0.9997
475.4 460.9 10.5 13.5 476.6 466.5 480.3 466.5 477.4 469.2 477.3 471.6 480.2 471.5 0.9997
788.8 376.9 11.6 14.0 792.7 382.1 798.0 383.0 794.9 385.3 792.0 387.3 796.3 388.0 0.9996
548.4 404.4 9.8 13.0 550.8 410.1 555.3 410.0 553.0 412.4 551.4 414.6 555.2 414.5 0.9996
733.2 360.0 10.0 12.4 736.2 364.6 740.9 364.5 738.7 367.0 736.6 369.6 740.6 369.6 0.9996
548.9 274.4 7.4 9.7 550.4 278.5 553.9 278.4 551.9 280.4 550.8 282.1 553.7 282.1 0.9996
795.4 406.3 11.8 14.6 799.9 411.8 805.2 412.5 802.6 415.1 799.4 417.4 803.7 417.9 0.9996
756.1 365.8 11.6 14.0 759.4 371.4 764.8 371.2 762.4 374.1 760.2 376.6 764.6 376.5 0.9996
378.0 510.4 13.9 17.3 381.3 517.3 387.7 516.9 384.7 520.4 382.5 523.7 387.7 523.4 0.9995
176.3 450.0 12.3 16.4 183.6 456.4 187.2 455.4 188.0 459.0 185.1 462.7 187.9 462.1 0.9995
608.7 355.4 10.6 13.9 611.4 361.1 616.3 361.0 613.8 363.5 611.9 365.9 616.1 365.8 0.9995
718.6 391.1 11.0 14.4 720.6 396.9 725.5 397.3 722.2 399.7 720.6 402.1 724.6 402.4 0.9995
815.5 382.4 11.8 14.8 818.1 389.9 823.3 388.7 821.2 392.0 819.8 394.4 824.1 393.4 0.9995
516.7 367.2 10.6 13.6 519.4 372.3 524.1 372.3 521.6 374.7 519.7 377.1 523.8 377.1 0.9995
191.6 491.6 12.2 15.6 196.3 498.0 201.3 497.5 199.8 500.6 197.1 503.6 201.4 503.4 0.9995
166.3 495.5 12.7 15.9 171.3 502.2 176.8 501.6 175.2 504.5 172.3 507.5 177.0 507.1 0.9995
814.2 415.8 12.6 15.4 816.5 421.9 822.1 421.9 818.7 425.0 817.1 427.5 821.8 427.4 0.9995
425.9 406.9 9.9 13.1 428.1 412.2 433.0 411.9 430.6 414.6 428.9 417.0 433.0 416.8 0.9995
217.2 399.6 11.4 13.5 223.4 405.1 226.9 404.5 226.9 407.4 224.4 410.1 227.0 409.8 0.9995
272.2 447.5 10.5 13.6 274.4 453.3 278.8 453.3 276.3 455.6 274.9 457.8 278.6 457.7 0.9995
561.4 358.7 10.1 12.6 566.6 363.3 570.3 363.8 569.1 366.1 566.2 368.2 569.0 368.7 0.9995
585.7 341.6 9.6 12.6 588.0 347.0 592.4 346.8 590.2 349.3 588.6 351.5 592.3 351.4 0.9994
583.3 365.5 10.6 13.8 586.4 371.2 591.4 371.4 589.0 374.0 586.7 376.2 590.7 376.3 0.9994
118.3 413.3 11.8 14.3 121.3 418.9 126.8 419.1 124.0 422.0 121.7 424.3 126.2 424.4 0.9994
885.1 424.1 13.9 15.8 887.1 430.5 891.8 429.3 889.0 433.6 889.7 437.0 893.1 435.9 0.9994
499.6 385.5 10.5 13.9 502.1 391.3 507.0 391.2 504.6 393.8 502.8 396.2 506.9 396.1 0.9994
697.1 343.3 10.3 13.2 699.7 348.7 704.5 348.7 702.0 351.1 700.1 353.4 704.1 353.4 0.9994
150.0 598.5 16.3 20.2 157.2 606.9 163.8 607.1 161.5 610.6 157.2 613.7 162.6 614.0 0.9994
748.3 474.9 12.3 15.9 750.7 481.1 756.0 481.0 752.8 484.0 751.4 487.1 755.8 486.9 0.9994
298.0 423.4 10.5 13.8 300.4 429.0 305.4 429.0 302.7 431.7 300.8 434.1 305.0 434.1 0.9994
793.3 452.9 12.7 16.8 796.2 459.9 802.1 460.2 798.7 463.4 796.3 465.6 801.5 465.9 0.9994
593.1 377.9 11.4 14.4 596.3 384.8 601.4 383.8 599.4 387.0 597.6 389.4 601.7 388.7 0.9994
970.6 423.5 14.7 18.2 973.9 430.9 980.5 430.7 977.1 433.9 974.7 437.1 980.3 436.9 0.9994
141.1 494.4 12.4 14.9 146.6 500.5 151.5 499.7 150.5 503.0 147.8 505.9 151.7 505.4 0.9994
770.6 383.2 11.4 14.1 772.9 388.8 777.9 388.7 775.1 391.3 773.4 393.8 777.6 393.7 0.9994
337.6 448.9 10.5 14.0 341.1 454.6 346.0 454.5 343.9 457.1 341.5 459.6 345.6 459.6 0.9994
436.7 461.9 11.9 15.2 438.3 468.5 443.1 468.6 439.8 471.6 439.0 474.0 442.8 474.0 0.9994
212.6 378.0 11.1 14.4 215.9 384.2 221.1 383.8 218.9 386.9 217.0 389.6 220.8 389.3 0.9994
842.2 471.2 12.8 16.0 844.2 477.2 849.5 478.3 845.2 480.7 843.8 483.0 847.9 483.8 0.9993
213.4 528.2 11.6 15.0 217.5 534.0 222.8 534.1 220.6 536.9 217.8 539.7 222.2 539.8 0.9993
184.4 372.2 9.5 11.9 188.1 376.9 192.3 377.1 190.5 379.3 188.2 381.4 191.5 381.6 0.9993
204.9 360.6 9.7 12.7 208.5 365.8 212.8 365.4 211.5 368.0 209.4 370.4 212.9 370.2 0.9993
315.0 371.8 11.0 13.5 317.8 376.8 323.0 377.0 320.3 379.6 318.0 382.1 322.3 382.2 0.9993
615.7 377.7 11.1 13.9 618.7 383.4 623.9 382.8 621.6 385.6 619.5 388.1 624.2 387.6 0.9993
248.8 482.2 11.4 14.6 253.9 487.9 258.4 487.6 257.2 490.6 254.5 493.5 258.1 493.4 0.9993
397.5 354.2 9.5 12.3 401.2 359.1 405.3 359.0 403.8 361.5 401.6 363.8 404.8 363.8 0.9993
906.9 392.3 13.6 15.2 909.1 397.7 914.8 397.6 911.1 401.3 910.2 404.3 914.3 404.1 0.9993
400.6 497.4 12.0 15.6 404.3 503.5 409.8 503.2 407.7 506.3 405.1 509.3 409.7 509.1 0.9993
668.1 342.0 11.0 13.2 671.0 347.2 675.7 346.8 673.5 349.5 671.9 352.1 675.7 351.8 0.9993
422.0 392.0 10.2 12.2 424.3 396.8 429.0 396.4 426.7 399.0 425.4 401.5 429.2 401.2 0.9993
683.3 454.1 12.1 15.7 685.9 460.2 691.3 460.6 688.0 463.6 686.0 465.8 690.6 466.0 0.9993
185.5 388.0 11.2 14.2 188.3 393.7 193.3 393.3 191.1 396.0 189.4 398.7 193.5 398.4 0.9993
304.6 377.8 10.5 13.2 308.6 383.6 313.4 383.4 311.7 386.1 309.1 388.2 313.0 388.0 0.9993
249.9 555.1 14.4 18.7 254.7 563.5 261.2 562.5 259.0 566.9 256.1 570.0 261.4 569.2 0.9992
722.5 503.1 13.1 17.0 725.0 510.6 730.3 509.7 727.6 513.8 726.6 516.4 731.3 515.6 0.9992
201.2 375.1 9.6 12.3 203.6 379.7 208.0 379.6 205.7 382.0 204.0 384.4 207.7 384.3 0.9992
652.8 497.8 13.7 18.2 656.8 505.3 662.8 505.2 659.8 508.3 657.2 511.4 662.3 511.3 0.9992
745.4 386.0 10.4 13.2 748.4 391.3 753.4 391.3 751.1 394.0 748.8 396.3 752.9 396.3 0.9992
838.7 372.1 10.9 13.1 841.3 377.1 846.6 377.4 843.5 379.7 841.5 382.1 845.8 382.2 0.9992
832.3 389.8 12.2 15.5 834.3 396.3 839.2 395.8 836.3 399.4 835.5 402.0 839.4 401.6 0.9992
357.2 418.3 10.3 13.1 360.0 423.8 364.7 423.7 362.4 426.2 360.5 428.5 364.3 428.4 0.9992
780.6 310.9 9.8 12.9 782.4 316.2 786.5 315.9 784.1 318.2 783.1 320.7 786.5 320.3 0.9992
76.7 536.1 14.6 17.6 83.8 543.4 89.4 542.4 88.7 546.3 85.5 550.0 89.3 549.4 0.9992
463.6 482.2 11.7 15.8 467.4 488.1 472.8 488.4 470.2 491.6 467.3 494.0 472.0 494.2 0.9992
807.2 369.9 10.5 14.8 810.1 375.9 815.1 376.3 812.5 379.2 810.3 381.5 814.2 381.7 0.9992
857.5 428.0 13.1 17.8 859.4 435.8 864.8 435.9 861.0 439.4 860.0 442.0 864.4 442.0 0.9992
606.8 420.1 11.5 14.5 608.5 426.1 613.2 425.7 610.3 428.4 609.5 431.2 613.4 430.8 0.9992
838.7 423.0 12.5 16.4 840.5 429.4 845.6 430.1 841.3 432.6 840.1 435.6 844.1 436.1 0.9992
510.9 336.5 9.2 11.6 512.6 340.9 516.0 340.9 513.7 343.0 513.0 345.2 515.8 345.1 0.9992
604.5 340.4 9.7 11.9 606.5 345.2 610.7 345.4 608.1 347.6 606.7 349.7 610.1 349.8 0.9992
82.1 436.5 13.4 16.4 86.9 444.0 93.0 443.2 91.0 446.7 88.1 449.5 93.3 448.9 0.9992
137.8 421.1 13.1 16.0 141.9 427.5 147.9 427.6 145.2 430.9 142.1 433.0 147.6 433.1 0.9991
677.1 510.8 12.8 15.9 679.3 518.3 684.7 517.1 682.1 520.6 681.0 523.4 685.6 522.4 0.9991
34.6 456.7 14.1 17.7 38.2 463.8 44.6 463.8 41.3 467.3 38.7 470.0 44.2 470.0 0.9991
757.0 310.2 8.9 11.5 758.9 314.6 762.7 314.6 760.4 316.8 759.3 318.8 762.4 318.8 0.9991
311.3 533.4 13.1 17.3 315.2 541.5 321.2 541.1 318.5 545.0 315.9 547.4 320.8 547.2 0.9991
735.9 515.1 12.0 16.3 738.2 522.7 743.4 522.3 740.6 525.8 739.3 528.2 743.7 527.8 0.9991
140.3 548.5 14.0 17.4 144.9 555.6 151.4 556.1 148.2 559.2 144.9 562.1 150.2 562.4 0.9991
266.2 519.0 12.6 16.0 269.8 525.4 275.7 524.9 273.1 528.0 270.8 531.1 275.7 530.7 0.9991
275.9 376.6 10.8 13.6 280.6 381.9 284.7 381.7 283.5 384.2 281.1 386.7 284.4 386.7 0.9991
223.9 373.2 10.0 12.9 226.1 378.1 230.5 378.4 227.7 380.8 226.1 383.1 229.6 383.3 0.9991
650.5 378.2 12.5 16.3 653.7 384.3 659.4 384.5 656.3 387.2 653.9 390.0 658.9 390.2 0.9991
591.1 283.2 7.3 9.5 592.5 287.0 595.8 287.0 593.8 288.9 592.9 290.6 595.6 290.6 0.9991
748.3 507.2 13.2 18.2 751.0 515.4 757.0 514.7 754.0 518.7 752.3 521.7 757.3 521.1 0.9991
698.9 416.5 13.1 15.9 702.0 423.2 708.1 422.4 705.4 426.5 703.5 429.0 708.5 428.3 0.9991
108.6 432.0 12.2 14.2 112.0 437.9 117.6 436.7 115.6 439.8 113.7 442.9 118.2 442.0 0.9990
727.7 329.0 9.9 11.6 730.2 333.2 734.9 333.2 732.5 335.2 730.7 337.5 734.4 337.5 0.9990
740.1 540.0 14.2 19.2 742.3 548.0 748.0 548.3 743.9 552.0 742.6 554.8 747.4 554.8 0.9990
297.3 366.2 10.0 12.3 298.8 371.6 302.9 371.1 300.5 373.8 300.0 376.3 303.2 375.8 0.9990
409.1 397.4 9.6 12.6 410.6 402.8 415.0 402.8 412.4 405.2 411.2 407.4 414.7 407.3 0.9990
570.5 377.6 10.4 14.1 573.3 383.8 578.3 384.0 575.8 386.6 573.7 388.9 577.4 389.0 0.9990
625.2 345.2 10.1 13.0 627.7 349.6 632.5 350.2 629.6 352.3 627.5 354.7 631.4 355.2 0.9990
176.4 412.8 11.0 14.3 179.9 418.8 184.9 418.6 182.6 421.5 180.4 423.8 184.7 423.7 0.9989
216.9 570.0 15.4 19.0 222.8 577.3 228.9 576.5 227.1 580.4 224.3 584.2 229.3 583.7 0.9989
657.4 360.3 10.3 12.8 659.9 365.1 664.7 364.9 662.3 367.3 660.5 369.9 664.6 369.7 0.9989
706.4 350.1 10.8 13.9 707.9 355.9 712.2 355.8 709.3 358.6 708.8 361.3 712.1 361.1 0.9989
722.6 469.7 12.1 15.5 724.4 476.2 729.7 476.4 726.1 479.2 725.1 482.0 728.9 482.1 0.9989
690.9 483.2 12.1 15.2 693.9 489.0 699.5 488.6 696.7 492.1 695.0 495.1 699.2 494.8 0.9989
322.1 431.5 11.1 14.4 324.4 437.4 329.5 437.1 326.8 440.0 325.3 442.8 329.4 442.5 0.9989
378.3 404.9 10.2 13.7 381.5 411.0 386.2 410.9 384.1 413.5 382.0 415.8 385.9 415.8 0.9989
670.8 371.2 11.2 13.8 673.1 376.6 678.3 376.4 675.5 379.1 673.9 381.7 678.1 381.5 0.9989
298.9 502.7 12.3 15.6 302.2 509.9 307.7 508.9 305.6 512.3 303.8 515.2 308.2 514.4 0.9989
134.7 456.0 12.6 15.7 139.7 463.0 144.8 462.1 143.5 465.6 140.9 468.3 145.0 467.7 0.9989
866.5 379.9 10.9 15.2 868.2 385.6 870.8 386.1 867.4 388.5 868.0 391.3 870.0 391.6 0.9988
156.8 427.4 10.6 13.7 161.0 433.3 165.3 432.8 164.0 435.8 161.9 438.4 165.3 438.1 0.9988
685.2 373.9 11.1 13.8 687.6 379.8 692.5 378.7 690.3 381.7 688.8 384.2 693.3 383.3 0.9988
946.6 403.9 14.7 18.8 948.8 411.5 955.1 411.5 950.9 415.1 949.4 418.3 954.6 418.2 0.9988
648.1 451.3 11.2 14.6 650.7 457.4 655.7 457.1 653.2 459.9 651.5 462.5 655.7 462.3 0.9988
668.0 397.3 11.6 14.3 671.7 402.4 677.0 402.5 674.4 405.0 671.9 407.7 676.4 407.8 0.9988
400.9 340.4 9.8 12.3 403.2 345.3 407.5 345.3 405.2 347.6 403.7 349.9 407.2 349.8 0.9988
517.8 456.8 11.1 13.4 520.3 462.2 525.4 461.9 522.9 464.6 521.3 467.1 525.5 466.8 0.9988
449.5 409.6 10.0 12.9 451.8 414.9 456.3 415.1 453.6 417.4 452.0 419.5 455.6 419.6 0.9988
557.7 448.0 11.0 14.7 559.6 453.9 564.5 454.2 561.3 456.9 559.8 459.2 563.9 459.3 0.9988
653.3 320.2 8.3 10.9 654.9 324.8 658.3 325.0 655.9 327.1 655.1 329.0 657.7 329.0 0.9988
813.7 493.3 14.0 18.1 816.1 501.0 822.0 501.3 818.2 504.9 816.7 507.6 821.3 507.8 0.9988
666.4 482.3 11.3 14.9 669.4 488.1 674.8 488.2 672.1 491.2 670.0 493.9 674.0 494.0 0.9988
363.0 354.4 9.5 12.1 365.9 359.1 370.1 359.7 367.7 361.7 365.5 363.6 368.9 364.0 0.9988
794.4 513.4 12.8 16.3 796.2 520.8 800.7 520.5 797.6 524.1 798.0 526.8 801.1 526.5 0.9987
713.0 369.2 11.5 13.3 715.2 373.5 720.7 373.2 717.8 376.0 716.1 378.9 720.7 378.6 0.9987
847.9 505.5 15.6 19.3 850.5 513.5 857.1 513.0 853.1 517.2 851.6 520.1 857.5 519.7 0.9987
196.4 416.6 11.3 14.4 199.8 422.5 205.1 422.2 202.8 425.0 200.4 427.5 205.1 427.3 0.9987
290.0 380.8 10.4 13.0 293.9 386.1 298.5 386.5 296.4 389.0 293.7 390.7 297.6 391.1 0.9987
250.5 380.9 9.8 12.5 253.9 386.0 258.3 386.1 256.4 388.4 254.2 390.6 257.7 390.7 0.9987
159.0 395.2 10.8 13.9 163.7 401.0 168.1 400.8 166.8 403.4 164.4 406.0 167.7 405.9 0.9987
376.2 452.1 11.1 14.9 377.5 458.1 381.0 458.3 378.0 461.4 378.5 463.8 381.1 463.9 0.9987
343.6 373.5 10.0 12.9 347.3 378.8 351.4 378.8 349.7 381.1 347.6 383.4 351.1 383.4 0.9987
414.6 515.3 12.1 15.2 417.0 522.2 422.6 522.5 419.3 525.6 417.6 527.4 422.1 527.5 0.9987
629.9 553.9 14.0 17.8 634.2 561.5 640.4 562.1 637.2 565.8 634.0 567.5 639.4 568.0 0.9986
507.7 270.8 7.5 9.9 509.6 274.9 513.1 274.9 511.2 276.9 509.9 278.8 512.7 278.8 0.9986
723.9 315.3 8.6 10.6 725.9 319.3 729.5 319.4 727.3 321.4 726.2 323.4 729.0 323.4 0.9986
749.2 406.1 11.6 14.6 751.1 412.2 756.0 411.9 753.1 415.0 752.3 417.8 756.1 417.4 0.9986
417.6 474.0 11.4 14.6 420.6 480.0 425.9 479.6 423.4 482.7 421.4 485.1 425.9 484.8 0.9986
645.7 329.4 9.8 10.9 648.7 332.9 653.4 333.0 651.2 335.2 648.9 337.5 652.8 337.6 0.9986
402.0 429.8 10.7 13.9 404.7 435.2 409.6 435.4 406.8 438.0 404.8 440.4 408.9 440.5 0.9986
246.4 439.5 11.3 14.9 249.2 445.2 254.3 444.7 251.9 448.2 250.0 450.9 254.5 450.5 0.9986
89.3 511.9 14.5 18.0 95.5 519.1 101.2 519.1 99.1 522.2 95.9 525.3 100.5 525.4 0.9985
92.7 392.9 11.3 12.6 95.9 399.5 100.6 397.6 99.3 401.3 98.6 403.9 101.8 402.4 0.9985
435.8 376.1 9.4 11.7 438.1 380.6 442.3 380.5 440.1 382.8 438.7 385.0 441.9 384.9 0.9985
766.7 400.5 10.9 14.3 769.6 406.3 774.6 406.6 771.9 409.2 769.8 411.6 773.9 411.8 0.9985
504.3 513.9 13.7 16.8 507.0 521.4 513.0 520.9 509.7 524.8 508.2 527.5 512.9 527.2 0.9985
493.0 270.2 7.8 10.1 494.4 274.5 498.0 274.2 496.1 276.4 495.2 278.3 498.1 278.0 0.9984
414.6 359.5 9.7 13.2 418.7 364.8 422.7 365.4 420.7 367.6 418.1 369.5 421.3 370.1 0.9984
584.9 422.7 11.0 14.5 587.7 428.5 592.9 428.6 590.2 431.1 588.0 433.5 592.4 433.6 0.9984
693.8 315.5 9.0 11.4 695.6 320.0 699.9 319.7 697.7 321.9 696.3 324.1 699.9 323.9 0.9984
418.6 442.8 11.6 14.8 421.5 448.7 426.8 448.7 424.1 451.6 422.1 454.1 426.5 454.1 0.9983
573.9 350.3 10.0 11.9 577.4 354.7 581.9 354.8 579.9 357.2 577.6 359.4 581.4 359.5 0.9983
535.6 384.0 10.8 14.0 539.0 389.7 543.7 389.5 541.7 392.2 539.5 394.4 543.8 394.3 0.9983
326.2 363.7 10.1 13.2 329.3 369.3 333.9 369.2 331.8 371.7 329.8 374.1 333.5 374.1 0.9983
350.6 340.6 8.8 11.8 352.7 345.3 357.0 345.3 354.8 347.5 353.1 349.6 356.7 349.6 0.9983
574.8 457.6 11.3 14.3 576.6 463.5 581.2 463.0 578.5 466.3 577.7 468.7 581.5 468.2 0.9982
735.1 399.9 11.0 14.3 737.4 405.6 742.5 405.9 739.5 409.0 737.9 411.3 741.8 411.5 0.9982
303.0 325.4 8.4 10.7 305.3 329.9 309.4 329.5 307.8 331.9 306.2 334.1 309.5 333.8 0.9982
292.8 475.3 11.6 15.4 294.8 481.4 300.3 481.4 297.1 484.5 295.4 487.4 299.9 487.3 0.9982
808.9 401.2 11.4 14.6 812.2 406.7 816.9 406.8 814.3 409.3 812.4 412.0 816.3 412.0 0.9982
174.3 383.7 9.7 12.7 175.5 388.8 179.5 388.7 176.7 391.4 176.4 393.9 179.2 393.7 0.9982
534.1 267.0 7.1 8.8 536.0 270.4 539.6 270.5 537.8 272.2 536.1 274.0 539.1 274.1 0.9981
438.3 271.8 7.9 10.0 440.1 276.1 443.5 275.6 442.0 277.6 441.0 279.4 443.8 279.1 0.9981
777.2 414.3 11.2 13.9 779.2 420.1 783.9 419.9 781.1 422.5 780.0 425.0 783.8 424.8 0.9981
382.6 345.9 9.8 11.7 385.8 350.5 390.4 350.4 388.4 352.7 386.4 355.0 389.9 354.9 0.9981
823.0 505.6 14.1 17.9 825.6 512.9 832.0 513.1 828.1 516.5 826.2 519.2 831.5 519.3 0.9980
493.8 357.7 10.1 13.2 496.2 363.2 500.7 363.0 498.3 365.9 496.8 368.2 500.3 368.0 0.9980
631.9 415.7 11.9 14.5 635.4 420.4 640.8 420.3 638.3 423.4 635.9 426.2 640.5 426.2 0.9980
544.3 367.8 10.0 12.9 546.9 373.5 551.6 373.4 549.3 376.1 547.4 378.3 551.3 378.3 0.9980
193.4 538.7 13.5 15.1 198.4 546.5 203.5 544.1 203.3 547.9 202.0 551.5 205.5 549.7 0.9980
342.0 359.2 10.5 13.0 344.2 365.1 349.1 364.9 346.5 367.6 345.0 369.8 348.7 369.6 0.9980
41.7 440.3 12.4 14.2 45.8 445.4 51.3 444.8 49.2 448.1 47.0 451.1 51.2 450.7 0.9979
535.6 485.6 11.6 14.8 538.2 491.6 543.6 491.8 540.5 494.8 538.5 496.9 543.0 497.0 0.9979
254.3 356.6 9.2 11.7 256.9 361.4 261.1 361.3 259.2 363.6 257.4 365.7 260.9 365.6 0.9979
400.2 448.0 11.4 14.0 403.0 454.1 408.2 454.1 405.4 457.3 403.5 459.3 407.5 459.3 0.9979
675.0 329.5 9.8 13.6 676.3 335.1 679.1 335.2 676.5 338.1 677.1 340.4 679.1 340.3 0.9979
786.3 553.1 14.2 16.1 790.0 560.4 796.0 561.4 792.2 564.6 789.8 566.0 794.2 566.7 0.9978
125.6 395.3 11.1 12.9 129.2 399.1 134.3 399.2 132.0 401.8 129.5 404.5 133.6 404.7 0.9978
477.5 396.1 10.5 13.0 480.2 401.9 485.0 400.8 483.2 403.9 481.7 406.3 485.7 405.4 0.9978
287.0 354.3 9.4 11.9 290.4 358.8 294.5 358.4 293.1 361.0 291.1 363.6 294.5 363.4 0.9978
537.7 336.9 9.8 12.6 540.8 342.1 545.3 342.0 543.3 344.5 541.3 346.7 544.8 346.7 0.9977
424.8 340.4 9.0 11.3 427.4 344.4 431.7 344.5 429.6 346.6 427.7 348.9 431.3 348.9 0.9977
622.5 314.8 8.3 10.7 624.9 319.0 628.7 319.1 626.8 321.1 625.2 322.9 628.2 322.9 0.9976
355.1 545.4 13.5 16.2 359.4 551.7 365.1 550.9 362.8 555.1 360.6 558.0 365.2 557.5 0.9976
366.4 300.5 7.4 8.8 368.4 303.9 372.0 303.6 370.5 305.6 369.0 307.4 371.9 307.2 0.9976
523.3 271.9 8.2 10.6 525.0 276.3 528.5 276.2 526.5 278.2 525.4 280.1 528.4 280.0 0.9976
513.3 324.1 9.4 11.1 515.5 328.5 519.8 328.6 517.4 330.8 515.8 332.8 519.2 332.9 0.9975
474.6 515.0 11.9 14.6 478.0 521.0 483.4 521.5 480.4 524.5 478.1 526.5 482.2 526.9 0.9975
456.7 321.5 8.5 10.5 458.4 325.5 461.7 325.7 459.3 327.6 458.5 329.4 461.1 329.5 0.9975
367.6 310.5 8.1 10.0 369.8 314.4 373.0 314.6 371.1 316.4 369.9 318.2 372.5 318.4 0.9974
525.6 396.0 10.9 15.1 528.3 402.2 533.4 402.3 530.7 405.1 528.6 407.5 533.0 407.5 0.9974
374.4 361.2 10.4 13.5 379.3 366.9 383.4 367.0 382.1 369.9 379.3 371.9 382.2 372.1 0.9973
329.9 512.1 12.3 15.3 333.1 518.5 338.7 518.4 336.0 521.4 333.8 523.9 338.3 523.8 0.9973
502.8 406.8 10.0 13.6 505.0 412.7 509.7 412.6 507.1 415.5 505.6 417.9 509.4 417.8 0.9971
412.5 299.1 7.9 9.9 414.4 303.3 418.0 303.2 416.2 305.3 414.9 307.0 417.8 306.9 0.9971
644.3 350.2 10.1 12.6 647.1 354.8 651.8 355.2 649.3 357.3 647.2 359.6 650.9 359.9 0.9970
397.9 323.2 8.0 10.2 399.8 327.3 403.5 327.0 401.8 329.2 400.6 331.1 403.6 330.9 0.9970
495.1 495.9 10.7 14.5 497.8 501.7 502.8 501.9 500.1 504.9 498.1 507.0 502.2 507.2 0.9970
557.1 379.9 10.9 14.4 560.1 385.8 565.2 385.6 562.8 388.6 560.9 391.2 565.0 391.0 0.9969
430.0 526.7 12.3 15.9 434.4 534.0 440.2 533.4 438.1 537.0 435.5 539.7 440.0 539.3 0.9969
793.9 326.9 9.8 11.6 796.3 331.3 800.7 331.5 798.2 333.8 796.7 335.8 800.1 335.9 0.9968
629.6 365.5 9.8 13.0 632.1 370.3 637.0 370.5 634.4 372.9 632.2 375.3 636.4 375.5 0.9966
652.7 340.0 9.8 12.4 654.4 344.3 658.0 344.9 654.9 346.9 654.1 349.1 656.9 349.5 0.9966
454.3 366.3 9.4 12.5 456.6 371.3 461.2 371.4 458.7 373.9 456.9 376.2 460.7 376.2 0.9966
81.0 416.1 12.0 14.1 83.6 421.7 89.0 420.9 86.5 424.1 85.0 427.0 89.5 426.3 0.9966
358.0 452.7 11.0 14.5 360.3 459.5 365.0 458.9 362.6 462.1 361.5 464.5 365.2 464.0 0.9966
338.6 323.0 8.6 11.4 342.1 327.7 345.5 327.4 344.5 329.7 342.8 331.9 345.4 331.8 0.9966
756.9 297.1 8.3 10.7 758.9 301.4 762.6 301.5 760.5 303.2 759.0 305.0 762.1 305.2 0.9965
303.2 338.0 8.8 10.7 305.7 342.3 309.7 341.9 308.1 344.2 306.6 346.4 309.8 346.1 0.9964
524.9 325.6 8.9 11.8 527.1 330.2 531.3 330.3 529.1 332.5 527.3 334.6 530.8 334.7 0.9963
446.6 351.5 9.3 12.6 449.2 355.8 453.5 355.6 451.5 358.4 449.8 361.0 453.4 360.9 0.9962
477.2 336.2 8.8 11.0 479.4 340.6 483.6 340.8 481.4 342.9 479.7 344.9 483.0 344.9 0.9962
565.8 502.1 10.1 13.0 567.7 507.2 571.9 507.3 569.2 509.8 568.1 512.2 571.4 512.2 0.9960
272.0 365.5 10.5 12.5 273.9 370.3 278.6 370.4 275.6 372.8 274.4 375.2 278.1 375.2 0.9960
242.1 317.7 8.4 10.4 245.9 321.8 249.2 321.6 248.4 323.7 246.4 325.8 249.0 325.7 0.9960
136.5 384.5 10.0 13.9 141.6 389.6 145.0 389.3 144.6 392.2 142.2 395.0 144.9 394.9 0.9959
292.1 453.2 11.6 15.0 295.1 459.8 300.6 459.8 297.7 462.9 295.7 465.3 299.9 465.3 0.9959
440.3 329.0 9.8 12.6 443.0 334.2 447.3 333.9 445.4 336.4 443.7 338.7 447.2 338.6 0.9958
322.6 329.3 8.2 10.7 325.0 333.6 328.8 333.6 327.0 335.8 325.4 337.7 328.4 337.7 0.9957
577.6 327.0 7.6 10.2 579.7 331.5 583.2 331.7 581.3 333.4 579.8 335.1 582.6 335.2 0.9956
583.6 311.2 7.9 10.2 585.2 315.5 588.7 315.6 586.5 317.6 585.4 319.4 588.1 319.5 0.9955
367.6 328.4 7.4 10.0 370.7 332.2 373.6 332.2 372.6 334.3 370.9 336.2 373.2 336.2 0.9954
639.5 521.9 12.7 15.0 642.8 528.7 648.5 527.9 646.0 530.9 643.9 533.7 648.6 533.0 0.9953
691.5 396.0 11.6 15.3 693.1 402.0 697.9 402.2 694.6 405.2 693.5 407.6 697.8 407.6 0.9953
458.9 294.1 7.8 10.1 460.7 298.0 464.4 298.1 462.4 300.1 461.0 301.9 463.9 301.9 0.9952
547.5 333.2 8.1 11.2 548.8 337.8 551.8 337.7 549.8 339.9 549.4 342.0 551.8 341.8 0.9950
419.4 324.8 8.1 10.1 421.5 329.1 425.1 329.0 423.3 331.0 422.0 332.8 424.9 332.8 0.9950
492.5 340.1 8.5 11.1 493.8 344.0 497.2 344.3 494.7 346.4 493.9 348.6 496.6 348.7 0.9948
684.6 296.5 8.8 11.6 686.2 300.9 690.1 300.9 687.9 302.9 686.6 305.0 689.9 305.0 0.9946
547.1 289.2 8.3 10.5 550.3 293.8 553.8 293.6 552.6 295.9 550.8 297.8 553.5 297.8 0.9945
598.0 288.6 7.1 8.8 599.5 292.3 602.6 292.1 601.0 293.9 600.1 295.5 602.6 295.3 0.9942
493.9 331.0 8.5 10.2 496.4 335.7 500.1 335.5 498.4 337.7 497.0 339.5 499.9 339.4 0.9940
475.6 327.4 8.4 10.7 478.1 331.5 481.9 331.5 480.0 333.7 478.4 335.5 481.5 335.5 0.9937
722.0 302.2 8.5 10.3 723.8 306.2 727.5 306.3 725.3 308.3 724.1 310.1 727.1 310.2 0.9936
431.8 297.4 7.8 10.2 434.1 301.8 437.6 301.8 435.8 303.8 434.4 305.5 437.2 305.5 0.9934
567.5 340.7 10.1 12.3 569.8 345.7 574.4 345.2 572.2 347.6 570.8 350.1 574.3 349.7 0.9932
559.1 271.4 7.9 10.5 561.0 275.5 564.1 275.3 562.4 277.4 561.5 279.5 564.1 279.3 0.9930
429.9 359.4 9.4 12.0 431.0 364.6 434.5 364.8 432.0 367.3 431.9 369.2 434.3 369.2 0.9929
312.9 576.6 13.3 14.9 315.4 581.9 321.6 581.9 318.1 585.5 316.6 588.3 321.0 588.2 0.9927
456.3 387.3 9.9 12.4 458.1 393.1 462.1 392.1 460.2 395.1 459.9 397.5 462.6 396.7 0.9914
475.6 287.4 8.0 10.1 477.5 291.2 481.0 291.4 478.9 293.2 477.6 295.1 480.5 295.2 0.9911
586.1 268.0 7.9 10.1 588.2 271.9 592.0 272.3 589.8 274.0 588.0 275.8 591.2 276.0 0.9907
605.9 276.3 7.7 10.6 607.5 281.0 611.1 281.0 609.1 283.0 607.7 284.7 610.7 284.8 0.9904
105.5 391.0 11.1 14.3 107.7 397.8 111.8 397.9 109.1 400.8 108.8 402.8 111.7 402.7 0.9899
522.7 563.3 13.6 17.9 526.3 572.0 532.4 571.4 529.8 575.3 527.6 577.8 532.6 577.3 0.9888
281.1 317.2 8.2 10.1 282.5 320.9 285.3 321.1 283.0 323.1 282.9 325.0 284.9 325.1 0.9880
344.8 309.1 8.5 10.8 347.3 313.7 351.3 313.4 349.6 315.8 348.0 317.9 351.2 317.7 0.9854
355.0 316.7 9.5 11.1 357.4 322.1 361.5 320.4 360.4 323.5 359.8 326.0 362.7 324.7 0.9840
334.4 358.9 8.3 11.1 336.8 363.3 340.6 363.4 338.8 365.6 337.1 367.7 340.1 367.8 0.9839
853.2 391.6 11.3 14.7 855.2 397.8 859.3 398.1 856.2 400.5 855.4 403.1 858.3 403.3 0.9813
158.1 374.3 9.2 13.0 160.6 379.3 164.8 379.1 162.9 381.8 161.2 384.2 164.7 384.1 0.9808
407.1 285.0 6.8 8.4 408.6 288.4 412.0 288.2 410.3 290.0 409.2 291.7 411.9 291.5 0.9807
532.6 357.7 10.1 11.3 535.3 361.9 539.9 362.2 537.6 363.7 535.5 365.8 539.5 366.0 0.9792
567.9 273.5 7.1 9.4 568.9 276.9 571.6 277.1 569.4 278.8 568.9 280.6 571.1 280.8 0.9791
472.0 389.5 9.6 12.7 473.4 394.9 477.4 394.3 475.0 397.1 474.7 399.8 477.6 399.2 0.9770
232.4 359.3 9.3 12.6 236.8 364.1 240.0 363.8 239.4 366.4 237.5 368.9 239.9 368.8 0.9734
485.9 372.4 10.1 13.2 489.8 378.1 494.0 377.8 492.5 380.7 490.6 383.1 493.7 383.0 0.9695
379.0 325.5 8.8 10.3 381.9 328.8 386.2 329.0 384.3 331.0 382.1 333.2 385.6 333.3 0.9648
231.6 325.3 7.3 9.3 235.1 328.7 237.7 328.6 237.2 330.5 235.5 332.3 237.5 332.3 0.9594
417.7 316.6 8.1 10.1 419.4 321.1 423.2 320.8 421.3 323.1 420.2 325.0 423.1 324.8 0.9588
253.0 372.5 10.5 13.3 257.1 377.9 262.0 377.9 260.1 380.7 257.7 383.2 261.3 383.3 0.9527
471.9 280.4 7.1 9.1 473.3 284.2 476.2 284.3 474.4 286.2 473.6 287.8 475.8 287.8 0.9498
630.7 338.4 9.5 12.3 633.9 343.5 638.1 343.6 636.1 345.8 634.2 348.0 637.3 348.1 0.9490
156.2 415.5 11.0 13.0 160.1 419.9 165.1 419.6 163.1 422.7 160.6 425.4 164.6 425.2 0.9270
72.2 402.7 9.8 13.3 77.2 408.0 80.3 407.2 80.4 410.0 78.7 413.1 81.1 412.5 0.9199
461.2 340.8 9.2 11.4 464.2 345.6 468.2 345.4 466.4 347.8 464.8 349.8 467.8 349.7 0.9144
484.6 355.1 9.0 11.8 487.2 359.9 491.2 359.6 489.4 362.3 487.8 364.6 491.0 364.4 0.9065
582.3 282.2 7.7 9.4 585.4 286.5 588.6 286.5 587.3 288.6 585.8 290.3 588.2 290.3 0.8422
451.4 301.2 7.3 9.2 453.5 305.1 456.8 304.9 455.3 306.9 454.0 308.6 456.6 308.5 0.8340
457.6 348.5 8.7 12.1 460.5 353.1 464.1 353.4 462.1 355.6 460.5 357.7 463.4 358.0 0.8028
384.5 337.4 8.7 10.4 387.4 341.7 391.4 341.7 389.6 344.0 387.8 345.9 390.9 345.9 0.7972
402.9 298.4 7.0 9.1 404.0 301.7 406.9 301.9 404.8 303.7 404.2 305.5 406.4 305.5 0.7778
456.8 278.9 6.9 9.0 458.2 282.4 461.6 282.3 459.7 284.2 458.6 286.0 461.3 286.0 0.6844
517.2 267.4 6.6 8.1 519.1 270.7 522.3 270.7 520.8 272.4 519.4 274.0 521.9 274.0 0.6582
560.6 283.9 7.7 9.4 562.6 287.7 566.3 287.7 564.5 289.8 563.0 291.8 565.9 291.7 0.6423
343.9 304.3 8.2 10.1 346.1 308.3 350.0 308.1 348.1 310.2 346.7 312.3 349.8 312.2 0.6144
485.1 281.4 7.2 8.3 487.5 284.9 490.4 284.9 489.2 286.5 487.8 288.0 490.0 288.0 0.5689
