39--Ice_Skating/39_Ice_Skating_Ice_Skating_39_25.jpg
18
110.2 117.9 18.7 29.9 125.9 130.3 127.0 129.0 131.7 135.0 127.1 140.7 127.2 140.3 0.9999
652.1 182.3 21.2 16.5 665.6 191.4 667.8 192.9 665.9 197.1 659.4 196.0 659.6 197.4 0.9998
167.6 104.2 31.4 43.6 171.4 119.7 184.3 119.6 174.3 128.5 173.9 136.3 184.5 136.0 0.9996
251.6 77.0 15.8 24.4 262.9 87.1 265.6 87.0 266.4 92.2 261.1 96.0 263.3 96.2 0.9991
39.6 74.9 15.6 25.8 51.1 84.9 52.3 84.4 55.1 89.4 50.5 94.3 51.5 94.4 0.9989
13.5 121.1 19.4 31.1 28.0 133.2 29.9 132.7 32.7 138.6 27.4 144.7 28.7 144.7 0.9971
870.8 163.0 15.1 24.2 881.8 171.8 882.2 171.4 885.6 176.1 882.2 181.2 882.6 181.1 0.9963
601.7 84.0 9.8 13.4 602.8 89.9 605.3 89.7 602.8 92.5 603.8 95.1 605.5 94.8 0.9954
509.5 152.3 17.4 27.2 521.6 163.6 524.2 163.3 525.9 168.5 520.9 172.9 523.0 173.0 0.9952
768.5 148.8 13.1 21.0 777.5 156.0 778.7 155.2 781.2 159.6 778.0 164.4 779.1 164.2 0.9773
722.8 107.7 9.6 11.1 725.3 111.9 729.8 111.7 727.7 114.3 726.1 116.6 729.4 116.5 0.9706
653.6 80.1 8.5 10.7 655.2 84.8 657.5 84.7 655.9 87.2 656.6 88.9 658.2 88.7 0.9512
310.3 169.8 13.2 20.7 319.6 177.5 321.3 177.3 321.9 181.9 318.2 185.8 319.6 185.9 0.9180
677.5 99.6 11.7 14.5 349.1 86.4 354.4 86.5 351.2 89.6 349.8 92.8 353.8 92.7 0.8687
303.3 69.2 12.9 15.8 681.2 105.0 685.8 105.1 683.4 107.9 681.6 110.6 685.2 110.7 0.8598
558.0 85.8 11.2 14.3 305.7 74.2 309.0 75.2 305.1 77.9 305.5 80.9 307.6 81.6 0.8016
404.8 152.2 16.1 24.8 560.3 91.5 565.6 91.5 562.6 94.6 560.9 97.5 564.7 97.5 0.6121
754.3 89.4 9.7 10.9 1001.0 145.9 1002.5 145.4 1003.9 149.7 1001.5 154.0 1002.9 153.8 0.5064
