39--Ice_Skating/39_Ice_Skating_Ice_Skating_39_241.jpg
15
801.4 420.1 24.8 33.3 806.8 434.4 818.1 433.3 812.3 440.8 809.1 446.5 817.6 445.7 0.9993
215.5 393.5 22.8 26.2 219.0 403.4 227.2 403.2 221.7 409.6 222.2 413.8 227.9 413.4 0.9992
288.3 370.7 15.5 18.7 291.1 379.4 297.5 379.1 293.8 383.6 293.3 386.1 297.9 385.8 0.9992
622.1 369.4 12.1 16.3 625.0 375.5 630.4 375.4 627.5 378.5 625.6 381.6 630.1 381.5 0.9969
464.0 360.5 13.0 17.9 465.8 368.0 471.5 367.6 467.9 371.7 467.3 375.0 471.4 374.6 0.9954
87.8 350.3 11.1 13.5 89.2 355.7 92.3 355.3 89.7 358.4 90.7 361.2 92.8 360.7 0.9934
122.2 341.3 8.1 8.9 124.6 344.6 128.0 344.6 126.3 346.6 125.0 348.3 127.6 348.2 0.9793
286.2 478.6 13.6 16.5 288.3 484.6 291.5 484.9 288.9 489.1 291.0 491.6 293.0 491.7 0.9781
542.9 347.0 6.0 6.8 544.5 349.4 547.4 349.4 546.1 351.0 544.7 352.4 547.0 352.4 0.9670
31.4 547.0 17.4 24.6 33.5 556.9 37.3 557.1 33.4 562.7 36.2 566.9 38.5 566.7 0.9567
761.4 342.0 7.4 8.5 763.6 344.8 766.9 344.9 765.2 346.7 763.7 348.3 766.3 348.4 0.9437
148.2 386.3 9.6 12.2 149.8 390.6 153.1 390.8 150.4 393.4 150.3 396.0 152.7 396.0 0.9322
579.8 337.3 7.9 9.1 581.6 340.5 585.6 340.2 583.7 342.5 582.4 344.6 585.6 344.4 0.9195
778.6 342.6 6.0 8.8 779.5 345.9 780.4 346.0 778.9 347.9 779.9 349.7 780.4 349.6 0.8312
450.1 333.4 9.5 12.3 451.8 338.3 455.5 338.6 452.8 341.0 452.3 343.3 454.8 343.5 0.7697
