39--Ice_Skating/39_Ice_Skating_Ice_Skating_39_286.jpg
10
873.9 142.8 44.2 53.6 893.3 164.9 912.3 162.6 909.5 170.7 898.8 183.0 914.1 181.3 0.9997
642.5 160.3 42.0 60.4 669.1 184.0 676.1 182.0 683.2 192.8 674.3 205.6 679.2 204.9 0.9993
727.6 183.2 37.2 44.6 746.8 201.7 760.1 202.9 755.9 211.0 746.8 217.9 756.2 219.3 0.9993
304.7 203.4 40.4 53.1 319.1 223.1 336.8 221.9 331.8 229.6 324.4 243.3 337.5 242.3 0.9990
541.5 178.3 35.7 39.6 556.3 191.7 566.7 189.9 569.8 194.0 565.1 206.1 573.0 205.2 0.9987
997.6 209.8 25.8 31.0 1009.1 220.7 1020.8 220.3 1017.6 227.6 1011.6 234.0 1019.9 233.8 0.9982
798.7 239.8 27.2 35.0 810.2 253.4 821.5 254.2 817.8 260.3 811.1 266.1 820.0 266.8 0.9977
347.8 214.8 29.3 35.4 358.6 230.2 371.7 228.0 368.9 232.1 363.7 241.8 373.8 240.1 0.9977
476.5 237.6 37.5 47.3 492.9 253.7 502.5 251.5 503.1 257.5 499.6 270.3 506.5 268.8 0.9960
328.0 222.4 25.8 42.6 335.6 234.5 346.8 235.6 339.9 240.6 334.3 250.8 343.6 251.7 0.9650
