39--Ice_Skating/39_Ice_Skating_Ice_Skating_39_413.jpg
30
57.6 398.8 18.5 24.4 62.8 408.3 71.2 408.5 66.9 413.4 63.5 417.3 70.1 417.5 0.9994
219.0 440.1 18.2 22.8 222.8 449.4 230.6 449.4 226.0 454.3 224.2 458.0 229.8 457.8 0.9992
726.8 19.8 14.6 19.9 728.8 27.5 734.2 27.6 730.1 31.7 729.8 35.4 733.8 35.4 0.9990
631.8 14.7 16.0 20.5 635.2 23.1 642.0 22.9 638.2 27.5 636.4 30.9 641.5 30.7 0.9990
403.5 106.4 16.4 22.3 407.6 116.2 415.1 116.1 411.2 120.8 408.5 123.9 414.4 123.9 0.9990
629.2 147.0 15.4 19.9 631.1 155.5 636.5 154.6 632.8 159.2 633.2 163.1 636.9 162.3 0.9989
269.5 653.8 22.5 28.3 280.7 665.3 288.5 665.7 286.1 671.7 279.6 675.6 285.1 676.1 0.9989
539.4 73.9 17.2 21.6 545.5 82.7 553.0 82.4 550.0 87.1 546.4 90.6 552.1 90.4 0.9988
737.0 578.2 17.6 25.5 749.4 588.8 753.0 587.7 755.1 593.0 750.8 598.1 753.3 597.7 0.9988
169.1 287.0 17.0 23.4 174.1 297.8 181.7 297.8 178.0 302.5 174.7 305.4 180.6 305.4 0.9987
336.2 247.7 17.2 20.3 342.1 256.2 349.5 256.5 346.1 260.7 342.5 263.8 348.0 264.1 0.9987
565.7 92.4 14.8 20.1 568.0 99.9 572.2 100.0 568.2 104.0 569.0 108.0 571.8 107.8 0.9987
536.1 445.0 15.9 21.4 548.2 452.4 550.2 452.3 552.0 456.8 547.5 461.1 548.8 461.3 0.9986
827.4 22.5 14.8 18.4 830.7 29.3 836.9 29.7 833.1 33.4 831.2 36.5 835.8 36.7 0.9986
243.7 645.6 19.3 24.0 253.5 654.3 260.3 653.1 260.0 658.4 255.6 663.9 260.5 663.3 0.9985
216.6 170.8 17.3 21.9 219.5 180.1 226.7 180.7 221.8 184.9 220.5 187.9 225.7 188.3 0.9985
710.9 484.3 18.5 24.5 722.7 494.8 725.9 495.0 725.3 500.5 719.3 503.1 721.8 503.5 0.9983
473.8 184.5 15.9 21.6 477.3 192.9 485.0 193.0 480.8 197.2 477.9 201.3 484.3 201.3 0.9981
669.6 68.1 15.3 20.9 674.4 76.3 681.6 76.1 678.5 80.4 675.4 84.4 680.8 84.3 0.9980
89.5 159.7 17.1 18.8 92.1 165.5 98.9 166.0 94.1 170.7 93.8 174.1 98.7 174.3 0.9980
510.0 61.1 15.2 18.5 513.4 69.3 520.3 69.2 516.5 72.8 514.3 75.8 519.5 75.8 0.9975
0.0 146.8 16.4 21.1 5.0 154.1 13.0 153.8 9.9 159.2 6.0 163.1 11.9 162.8 0.9970
237.8 295.4 17.6 19.5 241.9 304.1 249.4 304.1 245.1 308.8 243.1 311.7 248.3 311.7 0.9967
222.1 91.5 15.1 18.5 224.8 100.1 229.8 99.4 226.9 103.9 227.5 107.0 230.7 106.3 0.9960
119.1 651.2 18.1 25.2 132.7 661.4 135.2 661.3 137.4 666.5 132.7 670.8 133.8 671.1 0.9951
858.0 90.6 13.9 18.5 862.0 98.8 868.3 98.6 865.5 102.3 862.9 105.3 868.0 105.2 0.9945
265.9 33.7 14.4 18.4 268.2 41.2 273.6 40.8 270.1 44.6 269.6 48.2 273.7 47.8 0.9940
615.6 88.9 14.9 18.6 619.1 95.9 625.5 95.8 621.9 99.7 620.0 103.4 625.2 103.2 0.9813
436.3 229.2 18.2 21.0 440.7 240.1 448.2 241.8 443.1 245.6 440.3 246.8 445.3 248.0 0.9771
1016.1 351.0 7.6 16.3 1023.9 356.3 1026.2 355.9 1027.0 359.7 1025.3 363.2 1026.9 363.1 0.7395
