39--Ice_Skating/39_Ice_Skating_iceskiing_39_404.jpg
11
22.7 441.7 22.2 27.5 34.0 450.9 42.3 450.5 41.1 456.8 35.0 462.3 40.9 462.2 0.9989
294.2 417.7 20.8 24.1 307.1 427.0 312.1 425.8 313.1 432.1 308.1 437.3 311.1 436.7 0.9933
8.8 399.2 11.4 14.8 12.0 404.9 17.2 405.1 14.7 407.4 12.6 410.4 16.7 410.5 0.9887
210.0 429.4 12.5 13.7 212.1 434.7 216.6 434.6 213.7 438.1 213.8 440.6 216.9 440.3 0.9807
225.3 393.2 9.5 12.5 226.8 397.9 229.6 397.7 227.4 400.3 227.9 402.9 229.9 402.6 0.9803
243.5 423.4 12.8 11.8 246.2 429.5 250.8 428.4 248.9 432.1 249.2 434.1 252.1 433.1 0.9502
765.3 414.6 12.0 15.9 767.0 420.7 769.6 420.4 767.4 424.3 769.2 427.3 770.9 426.8 0.9295
887.9 435.9 18.9 24.9 889.9 445.8 893.9 445.8 889.8 451.4 893.3 455.5 896.0 455.2 0.9121
959.3 409.0 9.7 11.5 961.2 414.5 965.2 414.0 963.1 416.8 962.6 418.8 965.3 418.4 0.8734
588.1 423.1 14.9 21.7 599.7 431.0 600.7 430.4 603.1 435.7 599.3 440.1 599.9 439.9 0.6883
902.3 407.5 16.0 16.9 909.1 412.6 915.2 412.8 913.0 416.4 909.2 420.0 914.0 420.3 0.6745
