39--Ice_Skating/39_Ice_Skating_Ice_Skating_39_780.jpg
14
363.5 387.8 10.8 13.9 369.0 393.9 372.8 394.1 371.8 396.9 369.0 399.1 371.8 399.3 0.9927
504.0 592.2 11.6 15.8 511.6 598.4 513.7 598.1 513.8 601.9 510.4 604.6 511.8 604.6 0.9822
40.2 504.4 14.0 19.6 47.6 512.2 51.3 511.1 52.4 514.7 50.2 519.5 52.7 518.9 0.9778
380.8 338.9 10.7 11.2 385.2 342.4 389.8 342.9 387.8 345.3 385.2 347.4 388.6 347.8 0.9756
879.0 634.3 14.3 18.4 881.4 642.4 883.3 643.0 881.1 646.8 884.4 649.2 885.5 649.4 0.9734
146.7 433.4 11.5 12.7 148.9 438.5 152.5 438.6 150.1 441.9 150.8 443.7 153.0 443.6 0.9727
626.1 416.2 10.4 15.1 632.9 421.9 635.2 421.8 635.2 425.1 632.5 428.0 634.2 428.1 0.9682
4.0 368.4 10.8 13.3 6.2 373.6 10.8 373.8 7.8 376.4 6.5 378.9 10.1 379.0 0.9635
438.6 371.6 7.5 9.9 442.8 375.7 444.8 375.7 444.6 377.9 443.0 379.7 444.2 379.8 0.9349
323.4 419.0 11.0 14.7 329.5 425.3 332.6 425.5 332.1 428.4 329.3 430.7 331.5 431.0 0.9344
401.0 362.4 8.7 10.5 404.7 366.6 408.0 366.5 406.9 368.8 405.0 370.7 407.5 370.7 0.9302
194.8 334.6 7.5 8.4 196.4 337.7 200.1 337.6 198.1 339.5 197.1 341.4 200.0 341.2 0.9125
106.8 309.4 8.6 10.4 109.7 313.4 113.3 313.1 112.0 315.3 110.4 317.6 113.3 317.4 0.9046
661.4 325.6 7.6 8.6 665.3 329.2 667.6 329.4 667.0 331.2 665.2 332.6 666.8 332.8 0.5870
