39--Ice_Skating/39_Ice_Skating_Ice_Skating_39_43.jpg
8
617.8 231.6 42.7 55.4 627.0 255.5 645.8 252.4 636.5 263.2 631.2 273.2 648.2 270.5 0.9997
345.2 183.5 45.5 56.3 360.5 201.8 380.9 205.2 370.6 215.6 357.7 221.3 377.1 224.2 0.9996
454.8 208.9 42.8 52.4 470.0 226.1 488.0 237.6 474.0 240.9 459.9 242.1 476.8 251.3 0.9996
531.8 183.0 40.6 50.8 542.7 206.6 562.8 205.7 553.7 217.3 545.1 223.3 561.6 222.6 0.9994
72.5 248.9 8.5 10.2 77.1 252.6 79.9 252.1 80.0 254.4 78.0 256.7 80.2 256.4 0.9958
53.7 248.0 7.9 8.6 56.4 251.0 59.6 250.9 58.3 252.8 56.8 254.5 59.4 254.5 0.9645
225.9 249.3 7.0 8.7 230.1 252.7 231.7 252.8 231.7 254.7 230.0 256.3 230.9 256.5 0.9273
943.5 203.8 12.6 14.7 945.4 208.8 950.6 208.8 946.8 212.2 946.1 215.3 949.7 215.2 0.9189
