39--Ice_Skating/39_Ice_Skating_Ice_Skating_39_750.jpg
15
408.8 238.7 51.3 71.6 437.8 265.7 455.8 267.3 453.6 281.2 434.7 290.5 451.5 292.2 0.9996
873.5 218.0 14.6 19.4 877.9 227.1 884.5 226.7 881.5 231.0 879.1 234.0 884.2 233.7 0.9992
967.4 221.6 14.4 17.2 969.5 227.6 975.5 227.2 971.8 230.8 970.7 234.4 975.6 234.0 0.9991
644.6 205.2 46.6 59.1 655.4 222.0 676.2 225.2 662.5 234.2 653.8 244.8 671.8 247.2 0.9991
232.9 216.5 22.1 28.8 236.6 229.2 246.0 229.6 240.0 235.9 238.3 239.5 245.3 239.6 0.9986
713.2 213.2 19.2 23.9 715.3 222.7 720.3 221.4 716.2 227.6 719.2 232.3 722.6 231.0 0.9985
590.8 223.7 17.4 19.3 595.2 230.6 603.1 230.0 599.4 234.6 596.9 238.5 603.0 237.9 0.9980
813.6 250.4 12.1 16.1 815.1 257.0 819.1 256.9 815.8 260.0 816.0 262.9 819.0 262.7 0.9975
61.7 215.9 22.6 27.8 67.9 226.3 78.3 227.0 72.6 232.0 68.4 237.0 76.2 237.6 0.9974
795.8 226.2 12.4 13.3 797.9 231.3 802.7 230.7 800.0 233.9 799.6 236.7 803.4 236.1 0.9973
917.3 220.9 10.5 14.1 919.7 226.8 924.2 226.8 921.7 229.4 920.2 231.8 923.8 231.9 0.9969
937.9 226.6 10.9 14.8 939.5 232.5 943.0 232.1 940.4 235.0 940.6 238.0 943.4 237.6 0.9963
330.0 237.1 49.2 74.0 368.7 260.5 368.0 258.6 377.0 273.0 368.5 290.9 368.4 289.8 0.9742
786.1 226.8 7.8 10.2 787.7 230.8 790.7 230.9 788.6 232.8 787.9 234.8 790.4 234.9 0.9709
956.5 226.8 8.8 12.3 958.6 231.9 962.2 231.9 960.2 234.3 959.1 236.8 962.0 236.7 0.9057
