39--Ice_Skating/39_Ice_Skating_Ice_Skating_39_162.jpg
45
386.3 598.3 19.2 31.9 388.8 609.2 388.8 610.6 383.1 615.6 388.3 621.7 387.6 622.2 0.9998
547.6 361.6 15.5 22.1 549.6 369.9 553.0 370.5 548.4 374.2 549.8 378.1 552.3 378.3 0.9998
111.0 644.8 26.8 30.8 118.7 656.6 130.3 657.2 124.0 663.4 118.9 668.6 128.1 669.1 0.9997
412.8 278.3 14.9 20.8 414.1 286.0 417.9 286.1 413.5 290.1 415.0 294.4 417.7 294.2 0.9995
147.0 623.6 26.6 38.8 150.9 638.5 154.0 639.1 148.4 647.0 154.6 653.7 156.6 653.7 0.9994
113.2 354.7 18.4 24.9 117.7 363.7 127.0 363.8 122.3 369.0 118.9 374.0 125.9 374.0 0.9994
905.1 274.9 14.9 18.1 909.0 280.7 915.9 280.5 912.5 284.7 910.0 288.6 915.2 288.4 0.9993
139.7 300.4 15.0 19.1 147.8 308.9 152.7 308.7 151.6 312.8 147.5 315.7 150.8 315.7 0.9993
317.4 319.2 19.0 24.6 320.4 327.2 326.7 328.2 320.2 332.3 319.6 337.4 324.1 338.0 0.9992
796.5 386.8 20.5 25.8 809.2 396.5 813.9 398.4 812.4 403.4 805.3 406.1 808.6 407.8 0.9992
423.0 296.9 14.7 21.9 425.3 306.0 427.6 306.3 424.5 310.8 427.2 314.5 428.6 314.5 0.9991
317.6 290.1 14.3 19.2 326.0 296.4 329.5 296.3 330.4 299.7 327.2 304.0 329.7 304.1 0.9991
388.9 327.8 16.2 22.1 390.6 336.0 395.3 336.3 390.4 340.6 391.9 344.8 395.1 344.8 0.9990
924.7 310.3 14.6 22.0 926.3 319.2 930.2 319.0 926.2 323.4 927.8 327.6 930.6 327.2 0.9987
0.0 643.7 20.6 34.3 -0.1 655.2 11.5 656.6 3.9 661.8 -0.3 668.7 8.5 669.6 0.9986
312.1 270.2 17.7 23.3 322.6 281.3 328.1 281.0 327.4 285.8 322.6 289.3 326.5 289.3 0.9986
983.0 311.9 15.4 22.9 985.4 320.1 988.1 320.4 983.5 324.7 985.9 329.5 987.6 329.4 0.9985
373.3 317.3 14.2 19.7 375.4 325.0 379.7 325.0 376.3 329.3 377.2 332.7 380.6 332.4 0.9983
263.6 604.1 21.1 34.6 279.1 616.3 279.6 615.3 285.0 622.0 280.6 629.6 281.2 629.3 0.9981
231.2 331.6 15.5 23.1 233.4 340.9 239.7 341.8 234.5 345.4 233.5 349.4 238.0 349.9 0.9980
569.9 311.3 16.5 16.2 573.3 320.3 577.2 318.2 576.2 323.4 579.3 325.8 581.3 323.9 0.9973
23.1 468.4 17.5 27.2 33.8 479.2 37.6 478.6 39.5 483.8 35.0 489.2 37.8 489.1 0.9972
856.7 344.7 18.9 20.4 859.7 354.3 863.3 353.1 860.9 358.9 865.5 362.0 867.4 360.8 0.9970
184.3 320.3 11.8 18.2 191.9 326.6 193.7 326.2 195.3 330.0 192.3 333.9 193.8 333.9 0.9969
772.8 307.7 16.9 20.8 777.2 313.8 785.1 314.1 780.9 318.1 777.9 322.8 784.0 322.9 0.9967
723.3 297.4 15.4 22.3 725.1 306.1 729.6 306.6 725.0 310.8 726.0 315.0 729.3 315.1 0.9965
773.8 385.8 17.2 27.5 787.3 396.5 788.0 395.8 789.8 402.2 784.7 407.4 785.4 407.1 0.9958
17.0 310.3 14.5 18.9 25.5 318.5 29.6 317.8 30.0 321.7 26.5 325.5 29.2 325.1 0.9947
106.9 299.7 13.6 19.5 115.8 307.4 118.0 306.6 119.3 311.1 116.1 315.1 117.3 314.8 0.9944
976.8 403.2 17.8 27.1 990.2 412.8 991.3 411.9 993.8 418.5 988.5 424.0 989.3 423.7 0.9922
888.6 624.4 14.8 27.0 899.5 633.4 898.8 632.7 903.7 637.2 901.6 643.6 901.4 643.4 0.9856
798.3 310.7 13.6 19.9 800.7 318.1 803.0 319.3 799.0 322.5 800.2 326.0 801.5 326.8 0.9787
819.6 286.3 15.2 17.8 821.6 291.6 825.8 292.6 821.6 296.3 822.5 299.6 825.2 300.2 0.9755
861.6 305.2 15.6 20.2 864.0 313.2 867.7 313.4 863.9 317.9 866.0 321.7 868.3 321.6 0.9750
622.0 326.8 13.6 23.1 625.5 334.0 626.4 334.6 622.5 338.2 623.8 343.4 624.6 343.6 0.9733
437.9 434.8 16.4 23.6 450.6 443.5 451.8 442.7 453.9 448.6 449.7 453.2 450.3 452.9 0.9723
846.0 411.0 15.2 23.6 857.3 418.3 858.4 418.1 860.9 423.1 856.6 428.2 857.6 428.3 0.9701
718.3 288.3 13.7 16.0 722.9 293.9 729.3 293.5 726.6 297.5 723.9 300.9 728.5 300.7 0.9542
906.7 435.0 16.1 28.0 672.8 291.7 679.8 291.5 676.9 296.1 673.7 300.3 679.1 300.2 0.9060
284.4 309.2 13.8 21.3 914.3 445.7 916.9 446.2 915.5 451.1 913.7 456.4 915.7 456.8 0.9043
873.9 268.5 13.4 18.2 286.6 317.2 290.5 317.4 286.8 321.3 287.1 325.3 290.0 325.3 0.8626
430.1 380.4 14.0 17.1 880.6 276.5 884.6 275.9 884.4 279.7 881.6 283.1 884.5 282.9 0.8620
250.0 314.0 13.3 19.2 432.2 386.5 436.5 386.7 433.0 391.0 433.7 394.2 436.4 394.2 0.8600
978.3 436.9 15.4 23.5 252.7 321.1 255.3 322.0 251.5 324.9 252.1 328.2 253.9 328.7 0.7715
904.8 388.9 14.3 26.2 936.1 281.0 941.4 281.0 937.9 284.8 937.1 288.0 941.0 287.9 0.6593
