39--Ice_Skating/39_Ice_Skating_Ice_Skating_39_318.jpg
42
956.3 638.2 18.2 20.1 962.4 647.3 970.2 647.7 966.5 652.6 962.4 653.6 968.8 654.0 0.9997
661.4 660.6 15.8 20.5 671.8 669.0 675.0 668.1 676.7 672.6 672.9 676.9 674.8 676.5 0.9990
889.0 583.6 12.3 14.5 895.7 588.7 900.0 588.3 899.0 592.1 895.4 594.7 898.4 594.6 0.9989
624.4 556.0 14.7 17.7 634.1 561.9 637.3 561.2 638.5 565.3 634.9 569.3 637.0 569.0 0.9988
545.2 514.4 14.9 18.3 549.5 520.3 556.5 520.0 553.3 523.8 550.6 527.9 556.0 527.7 0.9984
621.0 344.0 9.9 12.8 625.4 349.5 629.3 349.2 628.2 351.7 626.1 354.0 629.0 353.9 0.9959
488.3 551.0 17.7 15.9 496.1 556.7 498.5 554.7 502.0 556.4 502.2 561.6 503.6 560.1 0.9958
592.2 386.0 9.3 10.1 596.1 389.5 599.9 389.8 598.3 391.9 596.0 393.8 598.8 394.2 0.9952
635.0 366.5 9.9 13.5 639.2 372.2 643.2 372.1 641.7 374.8 639.5 377.2 642.5 377.2 0.9951
492.6 401.7 8.1 9.3 495.1 405.1 498.8 405.2 497.0 407.2 495.3 408.9 498.2 409.0 0.9938
828.9 713.8 16.6 20.2 831.6 719.2 836.9 721.0 830.9 724.3 830.9 728.4 834.6 729.5 0.9932
341.1 279.0 6.5 8.3 344.2 282.4 346.6 282.4 345.9 284.0 344.3 285.5 346.1 285.6 0.9922
608.9 338.0 6.3 8.5 612.0 341.5 614.3 341.3 613.9 343.1 612.6 344.7 614.2 344.6 0.9915
850.1 398.5 9.2 10.9 855.2 402.7 857.9 402.7 857.5 405.1 855.2 407.0 857.1 407.1 0.9910
952.0 389.1 7.4 11.5 957.1 393.9 958.2 393.6 959.1 395.8 957.3 397.9 958.0 397.9 0.9885
410.9 292.4 6.3 7.7 412.5 295.4 415.3 295.3 413.9 296.8 412.9 298.3 415.2 298.2 0.9786
247.6 415.8 10.6 14.6 254.5 422.3 256.5 421.4 257.7 424.5 255.5 427.4 256.7 426.9 0.9719
260.7 326.6 6.3 8.1 262.7 329.7 265.5 329.7 264.2 331.3 263.0 332.8 265.2 332.8 0.9658
277.0 299.6 7.1 7.7 278.5 302.2 281.8 302.1 280.1 303.9 279.0 305.6 281.5 305.5 0.9626
187.7 285.8 6.8 7.9 189.0 288.6 192.1 288.4 190.4 290.3 189.6 292.1 192.0 291.9 0.9550
473.0 450.5 9.8 11.9 477.5 455.0 481.2 454.7 480.4 457.4 478.3 459.9 480.8 459.7 0.9549
644.6 635.1 12.6 15.6 647.4 641.8 652.7 641.8 649.6 645.1 648.0 647.5 651.9 647.5 0.9548
58.0 257.6 5.9 7.4 59.3 260.4 62.0 260.5 60.4 261.9 59.4 263.3 61.7 263.4 0.9493
291.3 281.1 6.4 7.8 293.0 283.7 296.1 283.8 294.6 285.3 293.3 286.9 295.7 287.0 0.9474
199.2 313.2 7.3 8.7 201.9 317.4 205.0 317.3 203.7 319.2 202.3 320.6 204.6 320.6 0.9455
337.4 376.2 8.2 9.4 340.3 379.8 343.9 379.5 342.6 381.8 341.1 383.8 343.8 383.6 0.9324
358.2 397.9 7.7 11.5 363.3 402.8 364.6 402.7 365.1 405.0 363.3 406.9 364.0 407.1 0.9181
380.6 284.9 7.0 8.2 382.8 287.9 386.1 287.7 384.8 289.6 383.5 291.4 386.1 291.3 0.8907
228.0 238.0 6.5 8.0 229.6 240.8 232.8 240.7 231.2 242.5 230.1 244.2 232.7 244.1 0.8810
125.6 624.2 11.1 17.9 133.1 631.2 134.8 630.7 135.9 634.3 133.4 638.2 134.6 638.0 0.8537
867.0 413.3 8.1 11.5 871.0 417.7 873.5 417.6 873.0 420.0 871.2 422.2 873.2 422.3 0.8440
47.4 319.6 12.8 16.3 49.9 324.9 56.1 324.5 52.9 327.9 51.0 331.5 56.1 331.2 0.8367
314.6 296.9 6.0 7.4 316.0 299.7 318.9 299.7 317.4 301.2 316.2 302.7 318.6 302.7 0.8349
178.7 362.9 7.4 10.5 680.7 762.3 682.9 761.1 685.4 765.8 682.8 770.9 684.4 770.3 0.7509
204.8 340.0 6.4 8.3 183.5 367.4 185.2 367.5 185.3 369.8 183.3 371.7 184.3 372.0 0.7186
51.1 329.0 7.1 8.8 208.3 343.5 210.0 343.2 210.1 344.9 208.9 346.6 210.1 346.5 0.6805
430.0 415.5 8.0 8.5 52.2 332.2 55.2 332.2 53.3 333.9 52.6 335.8 55.0 335.7 0.6264
507.9 290.4 5.9 7.1 432.3 419.3 435.8 419.4 434.1 421.3 432.7 422.8 435.3 422.8 0.5972
162.2 250.6 5.6 6.9 510.3 293.3 512.6 293.1 512.0 294.6 510.8 296.1 512.7 295.9 0.5917
104.1 277.7 6.0 7.4 163.6 253.2 166.2 253.2 164.8 254.7 163.9 256.1 166.0 256.0 0.5512
321.4 436.3 8.7 12.7 630.3 234.4 634.2 234.4 632.7 236.6 630.7 238.6 633.7 238.7 0.5494
128.4 276.3 5.9 6.9 105.7 280.7 108.5 280.8 106.9 282.3 105.8 283.7 108.0 283.8 0.5347
