39--Ice_Skating/39_Ice_Skating_Ice_Skating_39_424.jpg
19
488.4 701.4 15.6 14.1 495.7 706.9 499.3 710.9 494.6 711.4 490.5 711.0 492.5 714.1 0.9959
511.0 534.9 8.5 10.3 512.7 539.0 516.4 538.8 514.4 540.9 513.4 542.9 516.4 542.7 0.9931
346.8 725.7 11.1 15.2 354.7 731.8 356.7 731.5 356.8 735.1 353.8 737.8 355.0 737.8 0.9919
55.4 592.1 9.0 10.6 58.2 596.3 62.0 596.2 60.3 598.4 58.6 600.3 61.6 600.3 0.9901
803.2 633.3 10.7 15.0 809.9 639.1 812.1 638.6 812.8 641.8 809.9 644.5 811.7 644.4 0.9887
111.8 588.3 10.7 11.8 113.5 593.3 118.3 592.9 115.8 596.0 115.0 598.2 118.3 597.8 0.9715
984.4 554.6 7.1 10.1 988.9 558.9 990.5 558.9 990.7 561.0 988.9 562.6 989.9 562.7 0.9445
175.7 542.0 8.2 8.5 177.8 545.7 181.5 545.5 179.7 547.6 178.5 549.3 181.3 549.1 0.9194
161.7 600.9 8.9 10.1 163.4 605.0 167.5 604.9 165.2 607.1 164.0 609.1 167.2 609.0 0.9004
706.6 492.3 6.8 7.7 499.4 541.2 500.7 541.1 500.9 542.9 499.5 544.6 500.4 544.7 0.8908
538.9 475.9 6.2 7.1 708.3 495.0 711.5 495.2 709.7 496.8 708.4 498.5 711.0 498.6 0.8905
749.5 477.5 5.9 7.6 540.0 478.4 542.7 478.5 541.0 480.2 540.5 481.6 542.4 481.6 0.8262
417.1 496.0 6.8 9.6 116.4 425.1 121.2 425.0 118.7 427.8 117.0 430.5 120.9 430.4 0.7902
999.7 461.6 8.4 10.5 750.7 480.6 753.3 480.5 752.0 482.1 751.2 483.6 753.2 483.5 0.7597
18.6 509.6 6.8 8.1 418.4 499.8 420.4 499.9 418.7 501.8 418.7 503.8 420.2 503.7 0.6949
202.7 284.6 7.1 8.0 1002.3 465.9 1005.9 466.0 1004.1 467.9 1002.4 469.8 1005.4 469.9 0.6596
216.1 544.1 7.4 7.8 20.0 512.3 22.7 512.5 21.0 514.0 20.2 515.7 22.3 515.8 0.6556
150.6 292.0 12.3 14.3 367.8 621.6 369.3 621.8 369.2 623.7 367.5 625.1 368.4 625.3 0.6221
415.5 625.1 6.7 9.3 204.4 287.2 207.6 287.5 205.6 289.2 204.3 290.8 206.7 291.0 0.5732
