39--Ice_Skating/39_Ice_Skating_Ice_Skating_39_900.jpg
11
360.8 527.4 24.5 27.2 364.3 538.8 373.6 538.1 367.7 545.2 368.2 549.8 374.2 549.1 0.9992
437.8 415.2 17.5 21.7 444.1 424.0 452.1 423.9 449.1 428.6 445.2 432.3 451.3 432.3 0.9978
96.3 507.6 20.2 25.0 104.7 517.3 113.1 518.1 109.5 522.7 104.7 526.7 110.9 527.4 0.9971
93.9 448.8 11.7 14.4 96.8 454.1 102.0 453.7 99.5 456.7 97.8 459.8 101.8 459.5 0.9856
573.1 483.0 11.2 13.9 576.1 488.2 581.4 488.1 579.0 491.0 577.1 494.0 581.0 493.9 0.9804
832.1 508.8 24.3 32.9 835.2 518.5 839.4 519.8 833.6 527.1 837.4 533.1 839.9 533.7 0.9740
130.3 466.2 10.3 12.8 132.1 470.9 136.0 470.5 133.4 473.5 133.2 476.2 136.0 475.8 0.9115
206.1 455.1 10.1 13.2 208.8 459.4 213.6 459.5 211.1 462.3 209.3 465.1 212.9 465.2 0.8977
335.5 453.0 10.0 12.3 340.3 457.6 344.1 458.0 342.8 460.4 340.2 462.4 342.9 462.9 0.8694
405.8 450.5 12.4 20.5 413.5 457.6 414.4 456.6 417.0 460.7 415.1 465.6 416.0 465.1 0.8555
178.1 468.8 9.2 10.7 179.7 472.6 182.9 472.6 180.5 474.9 180.3 477.0 182.6 476.9 0.6632
