39--Ice_Skating/39_Ice_Skating_Ice_Skating_39_379.jpg
13
424.7 338.8 25.2 36.4 443.6 354.3 446.1 353.7 448.3 362.0 439.7 367.5 441.5 367.5 0.9994
202.7 374.7 14.9 17.1 206.1 382.2 213.0 383.0 208.9 386.7 206.5 388.8 211.1 389.4 0.9991
124.7 339.6 14.6 18.0 131.4 345.8 137.3 345.7 135.7 349.4 132.1 353.1 136.5 353.2 0.9979
212.6 327.5 16.8 19.4 219.5 336.5 225.5 338.3 222.1 341.5 218.2 343.3 222.1 344.7 0.9978
560.7 335.3 16.7 25.1 562.9 343.8 566.7 344.1 562.2 349.3 564.5 354.4 567.2 354.2 0.9924
42.6 364.7 12.3 17.1 51.2 371.5 52.7 371.3 54.0 375.1 51.2 378.4 52.0 378.4 0.9827
364.0 345.9 9.3 12.3 365.6 351.0 367.7 351.2 365.2 353.8 366.0 356.1 367.3 356.1 0.9156
663.4 344.9 7.2 8.8 664.5 348.5 666.7 348.3 665.0 350.3 665.3 352.0 666.8 351.9 0.9128
91.4 346.9 12.8 15.0 93.9 353.2 99.8 352.6 96.8 356.4 95.4 359.7 99.9 359.2 0.7995
933.1 339.5 14.5 22.1 941.5 347.8 945.4 347.8 945.2 352.3 941.6 356.3 944.3 356.5 0.6859
781.7 368.5 7.6 8.5 783.2 372.1 785.9 371.9 784.3 373.9 784.1 375.6 786.1 375.3 0.6199
291.3 382.4 10.9 13.5 294.5 387.5 298.2 387.6 296.0 390.6 295.1 393.2 297.6 393.2 0.6158
722.7 368.7 6.6 9.3 723.6 372.1 725.2 372.4 723.4 373.9 723.7 375.8 724.8 375.8 0.5812
