39--Ice_Skating/39_Ice_Skating_Ice_Skating_39_15.jpg
24
137.4 187.2 26.3 34.9 140.8 200.5 148.8 200.6 141.5 206.9 142.1 213.5 148.5 213.1 0.9997
625.8 266.5 34.5 52.8 652.6 284.4 654.5 284.2 659.9 295.8 648.6 305.5 649.8 305.8 0.9995
674.6 188.2 37.5 64.7 702.4 209.0 705.1 208.7 711.7 221.0 700.6 234.7 702.9 235.3 0.9993
782.4 108.1 33.4 56.7 806.9 131.3 810.4 130.8 814.5 142.4 803.4 151.7 805.7 151.8 0.9991
536.6 135.1 26.2 45.4 557.4 150.1 556.3 150.0 562.4 159.7 555.6 168.7 555.3 169.0 0.9990
602.4 148.2 23.9 29.7 605.3 160.8 614.1 161.0 607.7 167.7 608.4 172.2 614.2 172.2 0.9986
365.0 143.3 22.6 27.4 367.9 154.0 375.5 153.8 369.6 160.0 370.2 165.3 375.6 164.8 0.9975
579.8 142.2 20.5 29.3 585.4 153.2 591.7 152.9 588.1 158.8 586.9 164.8 591.5 164.4 0.9971
83.8 143.8 17.8 22.6 86.4 153.5 90.9 152.7 87.5 158.1 89.8 162.1 92.6 161.3 0.9958
867.1 133.0 21.5 24.3 872.5 140.6 882.2 140.3 877.5 144.3 874.1 150.5 881.5 150.3 0.9946
285.0 136.1 20.0 27.7 287.5 147.5 294.8 146.7 289.8 153.0 290.1 158.4 295.2 157.6 0.9939
216.9 149.9 21.6 27.1 219.5 161.0 226.8 160.5 221.1 166.2 221.3 171.5 226.2 170.9 0.9889
943.4 136.9 18.0 23.7 948.2 145.9 956.7 145.8 952.6 150.8 949.5 155.8 955.5 155.8 0.9804
158.5 122.9 20.0 24.7 165.0 131.5 174.0 131.6 169.9 136.7 165.7 141.7 172.9 141.9 0.9757
989.4 131.8 15.0 20.3 991.7 138.8 995.3 139.2 991.3 143.2 992.1 147.3 994.3 147.4 0.9697
9.6 166.6 20.8 24.4 13.7 174.6 22.8 174.3 17.7 179.4 15.2 184.5 22.4 184.3 0.9549
208.4 147.0 22.0 25.3 213.2 157.0 221.0 156.1 216.3 162.9 216.6 167.9 221.7 167.0 0.9070
293.8 139.2 23.5 28.9 298.4 149.2 308.5 149.4 302.9 155.6 299.7 161.0 307.2 161.2 0.8260
829.1 196.7 17.0 20.1 833.9 204.5 841.0 205.2 836.9 208.9 833.8 212.4 839.3 212.9 0.7935
190.4 150.2 15.1 22.3 193.5 160.1 199.6 159.2 196.5 164.7 196.0 169.1 200.2 168.3 0.7643
659.6 142.8 19.9 25.2 924.0 154.1 931.4 153.9 927.7 158.2 925.1 161.6 930.5 161.5 0.6920
360.0 125.3 11.6 14.6 663.3 151.9 670.4 152.4 664.9 158.0 664.0 163.0 669.1 163.2 0.6281
683.4 132.9 18.3 20.5 199.9 155.3 204.3 155.6 200.0 160.8 200.7 165.5 203.5 165.5 0.5983
405.0 149.8 17.0 23.1 366.7 131.2 369.6 131.4 368.8 134.9 365.6 137.2 367.4 137.5 0.5853
