39--Ice_Skating/39_Ice_Skating_Ice_Skating_39_703.jpg
9
445.5 127.2 35.6 50.9 455.9 147.1 472.4 147.0 464.9 156.8 456.9 164.3 471.7 164.1 0.9997
494.6 127.2 38.3 49.1 502.7 146.3 519.4 144.2 511.0 154.9 506.3 163.0 521.1 161.1 0.9997
406.5 173.3 39.7 51.2 419.1 192.8 437.8 190.9 430.6 202.4 421.2 210.7 438.3 209.1 0.9997
529.7 162.8 40.1 50.5 540.9 182.3 559.4 182.5 550.1 192.3 541.4 199.6 558.0 199.8 0.9996
647.3 122.0 45.0 60.5 656.7 146.6 677.4 146.7 664.8 158.6 658.5 166.7 677.2 166.5 0.9996
811.2 114.9 49.7 66.8 821.0 139.7 843.0 140.9 828.6 153.1 821.0 162.8 840.5 164.0 0.9996
177.3 94.3 50.5 64.8 192.7 119.4 214.7 119.0 204.5 129.8 194.3 141.1 213.7 140.7 0.9996
314.0 193.0 38.3 47.1 329.6 210.0 346.1 208.4 341.9 219.6 330.9 226.9 345.6 225.6 0.9995
99.1 184.8 6.5 7.8 100.2 187.7 102.1 187.5 100.6 189.3 100.9 190.8 102.2 190.6 0.8361
