33--Running/33_Running_Running_33_779.jpg
41
55.9 90.5 43.6 54.2 69.2 108.1 89.7 107.1 81.4 120.0 70.4 128.4 89.3 127.6 0.9996
750.3 282.5 36.6 44.3 759.7 297.7 776.6 297.0 767.9 305.0 762.1 315.5 774.6 314.9 0.9995
421.1 89.9 28.0 38.0 424.2 102.6 431.6 102.6 422.3 109.5 425.3 117.7 431.0 117.4 0.9993
930.1 285.2 29.4 35.1 950.9 296.9 955.6 296.2 959.0 304.0 951.0 311.4 953.9 311.3 0.9992
592.2 295.8 20.7 25.6 605.4 305.2 610.2 305.3 610.5 310.2 605.4 314.9 608.7 315.4 0.9988
303.1 387.8 10.5 12.4 304.5 391.6 307.2 392.2 304.0 394.6 305.0 397.1 306.6 397.3 0.9982
439.3 186.2 12.8 15.2 447.3 191.7 450.7 191.1 451.2 194.8 448.3 198.0 450.4 197.7 0.9981
589.8 386.6 17.0 21.3 601.7 394.3 604.5 394.8 604.1 400.1 597.9 402.9 599.7 403.7 0.9979
232.6 106.5 7.7 10.7 236.7 110.8 239.2 110.6 239.0 112.8 237.2 114.8 239.0 114.7 0.9971
545.0 381.6 14.7 16.7 549.3 387.5 556.0 386.6 553.3 391.0 550.9 394.6 556.0 394.0 0.9969
145.5 459.0 20.1 22.6 149.3 466.4 158.0 466.2 152.3 469.6 149.5 474.8 156.9 474.6 0.9969
728.3 386.1 9.5 11.4 731.2 390.2 735.5 390.6 733.2 392.8 731.2 394.8 734.5 395.1 0.9966
780.7 379.7 12.9 14.4 782.3 384.4 786.7 384.5 783.3 387.8 783.5 390.7 786.6 390.6 0.9946
244.9 391.6 10.5 11.7 246.9 396.5 251.5 395.9 249.2 399.1 248.4 401.4 251.6 400.9 0.9941
196.7 388.6 10.5 12.1 200.0 392.8 205.0 392.9 202.9 395.5 200.5 397.9 204.3 398.0 0.9924
397.2 497.8 6.4 8.5 398.8 501.2 401.6 501.3 400.1 502.8 399.0 504.3 401.3 504.3 0.9913
616.0 479.6 8.8 10.8 617.6 483.2 620.2 483.2 618.0 485.6 618.3 487.9 620.1 487.7 0.9882
176.2 103.3 8.9 13.0 182.6 109.6 183.3 109.2 184.1 112.3 181.5 114.2 181.8 114.1 0.9874
443.5 496.0 5.9 7.2 445.0 498.6 447.8 498.6 446.4 500.0 445.3 501.4 447.6 501.4 0.9872
719.2 195.3 8.9 14.0 720.6 199.5 721.8 199.7 719.5 202.6 720.8 205.8 721.7 205.8 0.9859
604.6 478.7 9.4 11.1 607.0 482.8 610.9 481.9 609.4 484.8 608.7 487.4 611.6 486.6 0.9835
435.7 499.9 6.3 7.4 437.7 502.4 440.8 502.6 439.3 504.2 437.8 505.6 440.3 505.8 0.9833
528.7 384.6 12.3 14.9 531.8 389.7 537.5 389.7 534.7 392.8 532.6 396.0 536.9 396.0 0.9797
326.5 97.0 9.5 11.9 327.8 101.5 330.2 101.3 327.9 104.2 328.9 106.6 330.4 106.2 0.9762
703.4 394.1 10.3 15.9 711.2 400.6 712.0 400.3 713.1 404.0 709.8 406.9 710.3 406.9 0.9758
493.2 84.8 19.3 27.3 497.9 95.3 507.2 94.4 503.0 101.4 500.3 106.6 507.3 105.9 0.9745
280.4 99.6 8.2 10.1 282.5 103.2 286.4 103.1 284.5 105.3 283.0 107.4 286.1 107.3 0.9738
204.1 100.8 8.7 9.7 208.0 104.7 211.0 105.0 209.8 107.1 207.8 108.6 209.9 108.9 0.9716
452.6 500.3 5.9 6.9 454.3 502.6 457.2 502.5 455.8 504.0 454.6 505.5 456.9 505.5 0.9710
563.0 198.0 10.7 13.1 566.5 202.4 571.7 202.4 569.4 205.4 566.9 208.2 571.0 208.3 0.9708
556.5 481.3 8.9 10.9 561.3 485.0 564.2 484.8 563.9 487.3 561.7 489.6 563.8 489.6 0.9708
253.8 186.6 6.6 9.0 255.3 190.0 258.1 189.9 256.6 191.6 255.7 193.3 258.0 193.2 0.9682
413.7 500.0 6.3 7.4 415.4 503.1 418.3 503.1 416.9 504.8 415.7 506.1 417.9 506.1 0.9169
461.1 528.6 6.6 8.3 462.5 531.8 465.6 532.0 463.8 533.6 462.7 535.1 465.1 535.2 0.9140
404.3 494.6 6.6 8.3 405.8 497.8 408.8 497.8 407.2 499.5 406.2 501.1 408.5 501.1 0.9104
607.4 394.6 14.3 16.9 614.1 400.9 619.4 400.6 618.1 404.4 615.0 407.7 618.6 407.6 0.8637
11.0 469.5 21.8 23.6 717.0 381.5 721.3 381.2 720.2 384.5 717.6 387.3 720.7 387.2 0.7597
623.4 202.0 7.8 10.4 290.9 101.9 293.8 101.9 291.9 104.1 291.3 106.1 293.5 106.1 0.6925
308.1 206.7 6.6 8.0 658.6 398.3 663.4 397.8 662.4 403.0 659.5 407.3 663.1 407.1 0.6834
451.7 533.0 7.1 8.1 22.6 478.0 30.0 478.3 28.6 483.3 22.5 487.7 27.6 488.2 0.6214
285.1 98.9 7.9 10.0 624.7 206.0 627.0 206.2 624.9 208.5 625.0 210.5 626.6 210.5 0.5561
