33--Running/33_Running_Running_33_436.jpg
13
260.4 145.4 44.6 59.3 270.6 168.6 290.7 165.8 281.0 175.1 274.3 188.2 292.5 185.6 0.9997
544.8 143.8 45.0 60.4 556.2 169.8 576.9 166.2 568.5 181.6 559.1 187.9 579.9 185.1 0.9996
30.9 120.9 47.0 66.6 38.7 148.8 60.5 148.6 47.3 161.5 41.9 172.5 59.0 172.2 0.9995
426.0 136.6 42.0 55.8 435.2 160.6 454.5 157.5 445.3 168.1 439.5 179.2 455.7 176.7 0.9995
754.0 30.4 59.4 86.6 772.9 64.5 799.9 63.8 789.6 76.9 777.5 94.8 798.8 94.1 0.9994
907.7 121.9 35.6 48.1 919.9 142.3 936.1 140.7 930.7 149.3 922.7 157.8 937.0 156.5 0.9993
479.1 159.3 32.8 44.2 487.9 179.7 503.8 178.2 496.8 188.1 490.9 194.4 503.4 193.2 0.9993
589.6 113.1 37.6 47.7 599.7 131.7 616.8 131.1 608.2 139.9 600.8 147.7 616.7 147.2 0.9993
336.3 166.0 28.6 36.2 341.7 181.9 354.5 177.7 349.5 186.4 347.0 194.3 358.0 190.9 0.9988
368.2 186.1 27.5 36.5 376.1 200.9 388.5 200.4 382.7 206.9 377.1 212.8 388.6 212.4 0.9984
233.7 186.3 29.0 39.0 243.2 202.9 256.4 202.0 251.1 209.6 245.6 216.8 255.6 216.2 0.9979
312.2 170.3 23.9 33.9 320.1 184.0 330.9 183.5 326.6 190.0 321.4 196.3 330.5 196.0 0.9962
455.3 130.7 33.1 45.9 463.0 151.0 476.1 151.6 468.5 160.0 463.6 166.4 473.5 166.9 0.9227
