18--Concerts/18_Concerts_Concerts_18_658.jpg
15
354.4 408.1 29.7 39.9 358.3 424.2 370.3 426.2 360.1 433.0 359.2 438.3 368.2 439.7 0.9997
446.4 308.7 28.1 35.6 450.2 323.8 462.0 323.7 453.9 330.7 452.2 335.5 462.5 335.2 0.9995
952.3 251.3 28.0 36.9 957.3 265.2 969.6 268.3 959.9 274.0 956.5 277.8 966.8 280.1 0.9994
631.8 227.7 25.7 33.7 636.4 241.0 648.0 242.7 640.0 248.3 636.6 252.5 646.2 253.8 0.9993
484.6 147.0 25.1 31.5 487.5 160.1 497.2 161.2 489.5 167.3 489.1 171.3 496.4 172.0 0.9991
133.6 177.8 24.6 30.6 140.7 187.6 144.9 191.7 136.1 193.2 135.5 198.9 137.8 201.7 0.9990
854.5 349.8 25.2 33.7 857.8 361.9 867.1 363.7 858.4 369.3 857.9 374.1 865.6 375.4 0.9989
669.9 410.8 28.9 36.5 676.8 421.8 682.4 425.0 671.7 428.8 672.6 436.0 676.7 438.1 0.9985
755.4 158.4 25.6 32.4 761.1 169.4 768.1 172.2 759.0 175.5 758.4 181.3 763.6 183.2 0.9982
119.9 47.3 23.0 32.6 122.9 61.1 126.7 62.5 120.7 68.1 125.4 72.9 127.7 73.4 0.9981
313.2 98.2 25.4 33.6 316.2 111.4 326.3 112.0 318.0 118.0 316.3 124.1 324.3 124.3 0.9978
828.7 12.4 19.6 31.2 834.1 23.4 835.5 24.4 829.6 29.0 832.8 35.4 833.5 35.6 0.9949
579.0 63.5 22.8 33.7 583.6 76.2 586.6 78.6 579.7 82.8 582.5 88.9 584.4 90.2 0.9814
269.6 235.0 20.3 31.4 276.6 244.6 278.1 246.5 272.3 250.3 273.1 257.0 274.4 258.1 0.9731
138.6 351.1 23.4 32.0 144.8 361.5 146.7 363.1 140.2 367.5 143.0 373.9 144.2 374.8 0.9347
