18--Concerts/18_Concerts_Concerts_18_649.jpg
43
326.7 321.6 88.9 110.4 340.6 365.1 378.2 368.5 349.0 388.9 342.6 406.8 371.3 410.0 0.9998
410.8 149.8 28.6 35.9 416.0 163.6 429.5 163.0 421.4 169.0 416.9 176.2 428.4 175.8 0.9997
910.7 203.8 51.7 61.9 931.7 221.6 953.0 227.9 941.6 234.4 927.0 244.5 944.3 249.9 0.9997
162.3 211.4 57.6 60.1 170.4 231.5 194.2 229.4 178.0 240.3 173.6 255.9 191.8 254.3 0.9997
39.4 363.1 105.8 119.7 54.6 424.8 95.8 416.2 73.3 451.2 76.4 462.3 108.9 455.2 0.9996
489.8 122.7 196.9 277.1 537.9 223.5 629.1 225.5 576.1 259.9 535.4 315.5 622.8 317.2 0.9996
986.0 138.4 29.7 34.6 996.1 152.6 1008.8 151.4 1004.5 156.5 999.2 164.3 1009.3 163.4 0.9996
290.8 204.7 32.3 38.2 298.1 221.6 313.1 218.9 306.4 226.7 302.3 235.0 314.2 232.8 0.9996
745.3 244.6 78.6 90.5 769.0 270.3 803.7 276.9 782.6 291.7 764.0 306.1 792.6 312.0 0.9995
64.3 251.7 34.9 42.7 72.5 270.4 87.4 267.5 80.9 277.0 76.8 285.2 88.6 283.0 0.9994
724.7 156.3 24.1 28.6 731.0 165.2 742.0 166.0 735.8 170.5 731.3 176.4 740.1 177.0 0.9993
101.3 235.8 51.6 57.6 111.1 260.6 133.3 258.2 120.9 269.3 116.6 281.5 132.9 279.4 0.9993
248.3 196.5 23.1 27.6 260.4 207.6 268.0 206.0 267.9 211.9 262.8 217.7 268.8 216.9 0.9993
830.3 205.7 52.3 63.7 843.9 228.1 867.2 234.1 850.0 240.4 838.7 251.7 855.9 256.6 0.9992
796.9 168.2 23.8 32.5 801.7 182.2 812.5 182.1 806.5 187.9 803.0 193.1 812.1 192.9 0.9992
330.0 188.3 24.9 30.6 336.5 199.4 348.5 198.5 343.1 205.1 338.6 211.5 348.6 210.9 0.9990
807.0 135.0 24.7 29.6 809.5 145.4 818.0 146.0 810.4 151.9 810.8 157.7 816.7 157.8 0.9990
379.0 201.0 36.4 38.2 389.3 215.0 406.2 213.7 398.9 222.2 392.9 230.5 405.3 229.5 0.9989
846.4 132.1 19.6 23.8 850.7 140.6 859.3 141.4 853.4 144.9 850.5 149.5 857.2 150.1 0.9987
164.9 180.1 23.1 25.7 171.2 190.3 181.8 189.7 177.0 195.1 173.2 200.2 181.8 199.7 0.9980
30.0 187.3 13.8 17.4 34.8 194.0 40.9 194.0 38.3 197.4 35.5 200.6 40.3 200.6 0.9976
35.4 267.6 18.0 20.2 38.5 277.0 45.9 274.9 42.2 279.4 41.4 283.8 47.0 282.1 0.9976
919.0 163.3 33.5 42.0 924.5 180.3 934.8 181.5 924.8 188.1 924.1 195.0 931.8 195.7 0.9975
901.2 134.0 21.9 26.8 908.5 145.0 917.6 145.8 912.7 150.5 908.3 154.7 915.5 155.4 0.9973
53.4 173.0 13.8 17.6 57.0 180.1 63.6 179.4 60.8 182.9 58.5 186.3 64.0 185.8 0.9972
400.4 156.9 12.1 17.1 403.3 163.3 408.8 163.3 405.9 166.9 404.0 170.1 408.4 170.0 0.9961
377.4 147.4 13.2 17.8 379.3 154.6 383.6 154.7 379.7 157.9 379.7 161.3 382.6 161.2 0.9957
711.2 147.8 13.8 18.6 713.8 155.5 719.4 155.2 716.1 158.8 714.8 162.2 719.3 161.9 0.9957
284.5 174.4 12.9 16.2 288.0 180.6 293.7 179.9 291.3 183.4 289.6 186.9 293.8 186.4 0.9953
136.6 156.9 17.3 21.6 141.0 166.1 148.5 165.3 145.0 169.7 142.8 173.9 148.5 173.2 0.9949
978.8 122.6 22.4 26.0 985.1 132.2 994.9 132.6 989.5 137.2 986.0 142.2 993.4 142.4 0.9925
369.4 255.7 45.2 48.6 377.4 272.4 396.4 272.7 384.6 282.1 379.5 291.1 393.4 291.3 0.9919
202.3 166.7 10.1 15.4 208.9 172.0 211.0 171.5 212.1 174.7 209.6 178.3 210.8 178.1 0.9818
288.5 159.7 9.4 11.9 289.6 164.5 292.4 164.5 289.8 167.1 290.3 169.4 292.3 169.2 0.9709
233.9 182.3 16.3 19.7 240.6 190.6 246.5 189.9 245.0 194.0 242.0 197.7 246.4 197.3 0.9650
951.2 120.7 15.3 16.4 954.5 125.9 961.7 126.3 957.5 129.5 955.1 133.0 960.4 133.2 0.9639
261.0 164.7 9.3 11.6 263.5 169.5 267.5 169.3 265.7 171.7 264.3 174.0 267.4 173.8 0.9499
2.6 189.1 14.9 16.7 9.8 194.1 15.2 193.3 14.6 197.4 11.8 201.4 15.7 200.9 0.9494
210.9 164.8 9.5 11.7 212.3 169.3 216.6 169.0 214.1 171.6 213.3 174.1 216.3 173.9 0.8833
760.4 168.8 8.4 10.4 762.6 172.8 766.6 172.7 764.9 174.8 763.1 176.8 766.3 176.8 0.8744
226.9 161.3 11.5 14.3 229.4 166.5 235.2 166.7 232.1 169.8 230.0 172.7 234.3 172.8 0.8445
109.9 208.8 24.7 29.4 116.8 220.4 127.2 220.8 121.6 225.6 117.9 230.7 126.1 231.0 0.6938
337.5 163.3 11.3 12.6 887.9 196.0 904.6 197.0 895.2 205.4 889.1 215.5 901.9 216.2 0.5335
