18--Concerts/18_Concerts_Concerts_18_340.jpg
12
460.7 692.2 39.8 55.0 477.5 711.8 495.2 712.4 489.8 721.6 478.9 732.3 493.3 733.0 0.9993
284.7 684.8 27.8 35.5 299.7 698.8 308.8 698.6 308.0 705.5 301.4 712.1 307.8 712.2 0.9991
924.0 673.8 32.1 43.5 928.7 695.2 938.7 693.5 932.4 703.4 934.5 709.6 941.8 708.0 0.9990
589.0 691.8 34.0 56.9 595.5 712.0 596.1 713.2 590.5 724.2 598.1 734.1 598.9 734.5 0.9920
563.9 745.2 25.1 27.3 579.6 758.3 584.4 759.9 581.6 765.7 573.5 767.0 576.3 768.5 0.9899
393.3 790.4 14.8 19.2 397.0 798.3 404.0 798.1 400.6 802.5 398.2 806.0 403.3 805.9 0.9882
735.9 797.3 10.6 13.3 740.5 802.1 744.8 802.3 743.3 805.0 740.5 807.4 743.9 807.7 0.9657
709.8 789.3 12.2 14.4 711.8 793.8 716.5 793.8 713.2 797.1 712.7 800.3 716.0 800.2 0.9624
455.7 336.4 7.6 8.8 456.8 339.6 459.5 339.4 457.6 341.5 457.6 343.3 459.5 343.1 0.9374
87.8 721.0 15.8 21.4 99.1 729.1 100.7 728.4 102.6 733.5 98.7 737.7 99.6 737.5 0.8876
958.6 319.0 8.6 10.1 963.4 322.9 965.7 323.0 965.3 325.2 963.2 326.9 964.8 327.1 0.8861
237.0 752.2 15.7 25.8 244.9 762.1 249.3 761.6 249.3 766.4 245.9 771.7 249.3 771.7 0.8067
