18--Concerts/18_Concerts_Concerts_18_145.jpg
21
539.5 421.7 12.1 14.2 541.3 428.3 544.9 427.4 542.7 431.2 543.9 433.7 546.2 433.0 0.9992
117.0 483.8 10.6 13.6 122.1 488.8 125.9 488.7 125.1 491.5 122.5 494.0 125.5 494.0 0.9992
473.8 437.3 10.7 12.4 479.3 441.9 483.1 442.2 481.9 445.1 479.1 447.3 481.8 447.7 0.9989
390.0 466.4 10.3 12.6 394.7 471.0 398.8 470.5 398.0 473.5 395.6 476.3 398.8 476.1 0.9981
161.6 479.4 11.7 13.5 166.1 484.7 170.9 483.5 170.0 486.4 168.0 489.8 171.7 488.9 0.9979
862.0 440.2 12.5 16.1 869.2 446.6 872.8 446.7 871.8 450.5 868.2 453.0 870.5 453.3 0.9969
489.5 527.4 12.1 15.3 491.1 534.2 495.2 534.2 492.3 537.7 492.9 540.1 495.5 540.0 0.9942
708.2 421.4 10.4 13.5 710.1 428.5 714.5 428.7 711.7 431.4 710.9 433.0 713.7 433.0 0.9917
47.4 462.8 11.5 13.8 53.1 468.3 57.6 468.3 56.4 471.5 53.3 473.9 56.5 474.0 0.9897
191.0 536.9 12.4 16.0 195.6 543.8 201.0 543.5 198.9 546.6 196.6 549.7 200.7 549.5 0.9873
766.5 519.8 11.3 13.4 771.2 523.4 776.1 523.9 774.1 526.6 771.4 529.4 775.2 529.7 0.9870
293.6 540.4 12.3 14.3 296.5 545.8 302.3 545.9 299.2 549.3 297.1 551.8 301.4 551.9 0.9687
323.1 496.8 10.3 12.3 326.8 501.1 331.3 501.1 329.4 503.6 327.2 506.2 330.8 506.2 0.9311
730.6 509.5 9.5 12.8 735.9 513.9 738.5 513.5 738.6 516.2 736.6 519.0 738.4 518.9 0.8973
782.3 510.4 10.1 11.8 784.9 514.9 789.5 514.8 787.2 517.4 785.6 519.7 789.2 519.6 0.8922
812.5 479.7 9.7 12.9 815.8 484.6 820.6 484.5 818.6 487.5 816.5 490.2 820.0 490.2 0.7997
470.1 572.8 11.4 14.4 473.5 577.9 479.1 577.5 476.9 580.7 474.6 584.1 478.9 583.8 0.7980
402.9 583.2 9.3 11.7 405.0 587.6 408.9 587.7 406.4 590.0 405.4 592.2 408.4 592.3 0.7915
576.0 584.4 12.1 16.4 577.7 589.6 581.2 590.1 577.7 593.4 577.9 596.7 580.4 596.9 0.7011
834.8 489.1 10.7 14.5 838.1 494.8 843.4 494.7 840.9 497.7 838.6 500.6 842.9 500.5 0.6706
714.5 466.3 10.6 12.4 717.0 471.8 721.7 471.8 719.2 474.5 717.6 476.7 721.2 476.7 0.5871
