18--Concerts/18_Concerts_Concerts_18_580.jpg
19
111.3 315.1 43.6 57.2 131.2 340.5 148.7 336.9 146.2 349.1 135.2 359.8 149.0 357.3 0.9997
524.9 270.4 24.4 28.8 538.5 279.7 546.7 280.2 545.8 286.1 539.7 291.9 545.1 292.5 0.9997
448.6 272.3 24.8 31.3 460.0 283.8 469.8 282.5 468.2 290.0 462.4 296.6 469.2 295.7 0.9996
671.3 262.6 25.6 31.7 678.2 271.1 684.0 273.4 674.7 276.3 674.0 283.8 678.2 285.4 0.9995
351.7 322.6 34.5 40.2 360.9 337.2 377.7 336.5 369.9 346.1 362.0 351.2 377.6 350.7 0.9995
583.6 263.6 28.4 36.7 593.7 278.0 606.1 278.6 600.8 285.8 594.5 291.7 603.7 292.2 0.9994
610.4 359.5 29.1 33.8 618.2 371.1 631.3 371.8 624.0 377.3 618.5 383.8 629.1 384.4 0.9993
322.6 338.7 27.3 30.5 330.4 350.8 343.1 349.5 337.7 356.9 333.6 363.2 342.7 362.2 0.9993
562.2 353.4 32.7 39.8 570.7 370.6 586.3 370.4 578.4 379.2 571.9 383.6 585.1 383.5 0.9993
739.5 234.3 23.7 36.4 745.5 247.7 747.3 248.5 739.8 253.7 742.8 261.4 743.9 261.7 0.9992
642.3 343.4 36.3 44.7 648.2 360.2 664.5 360.3 653.8 368.6 649.3 376.0 663.1 376.2 0.9992
0.0 274.7 28.2 53.2 -1.8 294.3 18.0 292.6 10.3 301.2 1.1 312.3 19.1 310.9 0.9992
229.3 364.5 33.6 45.1 242.6 382.1 257.1 380.1 255.1 387.6 248.2 399.2 258.9 397.6 0.9992
545.4 181.6 27.6 35.4 557.2 194.2 568.4 192.8 566.3 199.5 559.1 206.7 569.1 205.6 0.9991
278.9 307.8 36.2 41.0 289.4 320.8 306.6 320.8 298.5 329.3 291.0 338.1 304.1 338.2 0.9991
764.6 380.0 26.8 40.1 770.7 392.6 772.8 393.7 764.3 399.8 769.0 409.2 770.1 409.7 0.9989
468.6 334.6 32.7 42.4 476.7 351.7 492.4 350.8 484.8 360.0 478.5 366.5 492.3 365.8 0.9987
726.0 366.6 28.9 39.2 733.4 376.5 738.2 378.6 728.1 383.9 729.7 393.7 732.9 395.0 0.9956
865.2 380.3 32.4 37.7 873.7 396.3 888.7 397.0 881.0 402.9 875.6 409.8 886.4 410.3 0.9915
