18--Concerts/18_Concerts_Concerts_18_737.jpg
97
202.3 438.5 72.5 96.8 212.4 475.4 239.8 479.6 213.2 495.8 209.8 511.7 231.3 515.2 0.9999
370.9 413.0 69.3 85.9 389.5 432.5 423.9 432.0 409.4 437.9 393.9 467.2 423.2 466.7 0.9998
521.8 537.1 90.1 115.0 546.8 579.8 586.5 574.0 571.5 592.7 559.5 623.6 588.7 619.3 0.9998
629.5 385.4 74.2 95.1 642.1 424.2 670.0 410.1 657.7 430.9 657.6 456.1 682.4 444.4 0.9998
107.7 402.0 57.7 73.1 113.6 428.7 135.9 428.0 116.5 439.9 114.9 455.7 133.0 455.1 0.9998
500.7 303.0 63.3 74.3 515.1 323.5 545.8 320.5 531.1 325.5 519.8 351.0 546.5 348.3 0.9998
939.6 209.5 21.4 22.7 944.2 219.4 953.8 218.8 948.6 225.3 946.3 228.1 953.5 227.6 0.9997
886.7 405.1 61.8 66.5 894.0 431.5 911.2 432.0 895.8 447.0 904.0 456.7 915.3 456.6 0.9997
779.9 263.3 33.5 39.6 782.8 278.9 794.4 276.6 785.8 285.5 786.9 294.0 795.6 291.8 0.9996
269.1 545.9 98.6 132.5 281.8 596.4 320.6 600.8 282.4 621.3 279.9 646.9 308.1 650.5 0.9996
971.4 314.1 52.2 63.2 982.8 342.1 1006.3 335.5 996.7 349.1 992.6 364.0 1011.0 358.3 0.9996
827.8 294.7 40.8 46.1 833.0 310.1 849.3 308.8 837.8 317.9 836.3 327.1 850.9 325.6 0.9995
150.2 344.8 41.2 47.7 155.4 361.9 171.3 361.4 159.7 371.5 158.5 381.3 169.9 380.5 0.9995
209.0 352.5 43.5 54.7 222.7 372.9 242.5 370.6 236.2 380.0 228.2 393.6 243.3 391.8 0.9995
95.6 367.1 48.6 54.7 105.1 386.2 125.8 383.1 115.3 394.4 111.6 407.8 126.5 405.1 0.9995
171.6 257.5 23.7 27.9 174.4 266.1 182.8 266.2 175.9 271.6 175.4 277.9 182.1 277.6 0.9994
911.0 287.6 45.1 53.7 915.7 308.4 931.6 309.9 917.0 319.7 918.5 328.4 930.2 329.2 0.9994
860.5 224.9 24.3 28.0 865.1 233.6 876.2 233.4 869.9 239.4 866.4 245.4 875.7 245.1 0.9994
722.3 363.6 63.7 76.3 745.8 390.3 773.6 394.7 760.5 406.5 745.0 419.0 765.2 422.8 0.9993
425.7 227.9 15.4 21.3 428.7 237.0 436.1 236.5 432.2 241.4 429.8 244.4 436.2 244.1 0.9993
970.1 225.7 21.6 26.2 973.4 233.5 979.1 234.5 971.6 239.0 972.5 244.9 976.3 245.4 0.9993
271.3 349.3 44.6 58.0 277.2 372.6 297.3 372.0 283.1 382.7 279.8 394.8 294.6 394.2 0.9991
829.8 217.1 16.7 19.3 832.3 224.1 839.3 223.2 835.2 228.3 834.4 232.2 839.6 231.3 0.9991
199.7 290.3 21.8 36.7 203.5 303.9 205.9 304.0 200.9 311.1 205.4 318.3 207.3 318.1 0.9991
18.6 253.6 13.7 17.5 20.1 259.9 25.2 260.4 20.7 263.7 20.5 267.1 24.1 267.3 0.9989
682.0 273.9 23.4 31.7 688.4 286.6 698.7 286.1 693.9 292.1 690.0 298.4 697.8 298.1 0.9988
156.4 259.4 18.0 25.4 160.5 269.3 168.4 268.8 164.4 273.5 162.1 279.0 168.1 278.5 0.9987
602.7 302.4 31.1 35.2 608.5 318.2 622.1 317.3 614.4 324.6 611.4 330.8 621.3 330.0 0.9987
46.8 247.2 15.5 19.7 49.9 255.8 56.6 255.3 52.9 259.6 51.4 263.1 56.4 262.7 0.9987
651.6 248.6 15.7 21.5 659.8 257.3 665.4 256.7 665.0 261.1 661.3 265.8 665.4 265.4 0.9987
449.5 340.6 50.8 63.3 462.5 365.4 484.9 360.0 477.2 374.3 472.2 389.4 488.5 385.0 0.9987
993.6 180.4 18.4 24.8 995.6 189.5 1002.6 189.3 996.8 194.0 996.1 199.1 1001.7 198.8 0.9986
605.4 331.2 37.3 45.4 611.0 347.9 627.0 349.0 615.6 356.2 611.9 365.1 623.4 365.9 0.9985
380.0 538.5 72.3 102.0 392.9 575.5 424.2 577.9 400.2 595.2 393.3 616.0 415.5 617.7 0.9985
71.9 314.3 31.9 41.3 85.7 333.5 97.9 330.2 96.2 339.7 89.9 347.2 99.1 344.9 0.9984
878.3 336.1 44.8 56.3 884.1 357.1 897.2 361.5 881.6 369.5 882.0 377.2 892.0 380.0 0.9982
588.3 273.6 27.6 35.3 592.0 287.2 603.3 286.9 594.2 293.0 592.7 300.8 601.1 300.5 0.9981
968.3 462.8 55.0 88.7 985.4 491.9 1018.9 489.6 1001.2 506.1 991.0 526.3 1017.2 524.4 0.9978
886.4 269.7 27.7 32.6 895.7 281.4 908.1 282.0 902.5 287.4 896.8 294.4 905.9 294.9 0.9978
267.8 285.5 26.7 38.3 271.6 299.6 279.0 299.4 271.0 306.0 271.7 314.1 277.4 313.7 0.9977
122.7 274.6 23.6 27.6 127.1 284.8 136.8 284.2 131.3 289.4 128.9 295.5 136.1 295.1 0.9977
240.4 279.6 25.2 33.3 251.5 292.0 261.7 292.7 258.4 298.7 250.9 303.9 259.3 304.7 0.9975
701.4 213.8 14.5 19.9 710.1 221.5 713.8 221.2 714.1 225.5 710.3 229.3 713.0 229.3 0.9974
777.6 394.9 48.9 69.2 792.2 419.9 814.8 422.1 802.7 434.9 792.7 447.3 809.4 449.1 0.9974
638.5 531.3 92.9 119.1 650.7 567.2 680.5 570.5 652.4 585.8 647.4 611.3 671.3 613.9 0.9971
53.8 268.2 17.6 22.6 57.0 277.5 65.2 277.2 60.6 282.1 58.5 286.4 64.5 286.1 0.9970
604.4 244.4 13.8 17.0 608.9 251.2 615.0 251.4 612.3 254.4 609.7 257.7 614.1 257.8 0.9969
453.9 249.6 19.6 23.4 458.4 258.3 467.4 258.0 462.5 262.4 459.5 267.6 466.3 267.3 0.9967
67.0 281.0 20.0 23.5 72.3 290.5 81.5 289.7 77.5 294.8 74.4 299.8 81.6 299.1 0.9967
111.0 277.6 23.0 30.9 118.3 291.2 127.0 288.5 125.1 294.2 123.1 301.6 129.5 299.5 0.9965
903.6 208.6 15.1 21.9 906.4 216.4 907.6 216.7 904.0 220.8 907.2 225.2 908.1 225.1 0.9965
0.0 519.5 43.8 98.1 -22.0 568.0 6.2 560.5 -12.6 580.7 -13.1 597.9 10.2 591.7 0.9965
499.9 236.0 16.4 22.1 509.0 244.2 514.1 243.3 514.4 248.0 510.8 252.9 514.4 252.4 0.9961
763.0 242.7 22.9 30.5 770.4 255.0 780.6 255.1 776.2 261.3 771.8 266.6 779.2 266.7 0.9959
285.1 411.7 45.3 64.2 296.0 433.5 316.5 431.2 307.8 443.0 301.1 458.4 316.9 456.5 0.9958
912.2 176.6 9.6 12.6 918.1 182.0 920.9 181.7 920.9 184.6 918.2 186.9 920.0 186.9 0.9958
544.5 249.5 17.5 21.4 548.4 258.8 556.0 259.7 551.1 264.1 548.5 267.1 553.7 267.8 0.9952
720.8 292.9 31.1 38.4 726.4 307.3 738.4 309.1 728.4 313.3 724.7 320.3 734.4 321.6 0.9939
698.6 289.1 29.5 35.4 704.2 305.4 717.8 305.3 710.5 314.7 707.2 318.5 717.4 318.2 0.9931
697.2 345.3 36.5 43.8 708.8 359.0 724.5 360.7 716.2 367.1 709.1 375.7 721.1 377.0 0.9922
530.9 217.6 10.5 12.8 532.1 222.1 535.5 222.2 532.4 224.8 532.6 227.5 535.1 227.4 0.9921
215.8 234.6 13.9 19.4 217.9 242.4 220.6 242.6 216.7 246.6 218.7 250.3 220.1 250.2 0.9919
868.4 203.5 14.5 19.5 870.1 211.3 873.9 211.8 869.5 215.3 870.6 218.8 873.2 218.9 0.9909
88.8 305.6 25.0 34.5 102.3 316.9 109.0 315.9 110.3 322.1 105.5 330.6 110.8 330.1 0.9895
197.8 238.0 14.9 17.6 201.6 244.0 209.0 243.8 205.5 247.7 202.7 251.5 208.3 251.3 0.9894
369.7 253.5 17.8 22.9 375.7 263.0 383.2 262.2 380.4 267.3 377.5 271.8 383.0 271.2 0.9893
20.7 302.1 18.4 21.6 26.7 309.3 35.2 310.5 30.9 314.3 26.7 318.2 33.0 319.2 0.9891
0.0 286.7 16.0 27.9 -0.9 298.3 8.2 298.6 2.9 304.5 -0.4 309.0 6.4 309.2 0.9879
997.0 293.4 26.4 36.7 1012.1 307.7 1020.2 307.9 1019.3 314.6 1012.9 320.5 1019.1 321.0 0.9875
781.5 182.1 10.0 11.6 784.6 185.6 789.2 185.7 787.1 188.0 785.0 190.5 788.7 190.5 0.9862
451.4 298.0 30.6 35.3 461.1 313.8 473.9 310.8 469.5 318.2 465.7 326.4 475.0 324.2 0.9786
338.5 292.2 25.5 31.8 343.8 302.8 353.6 303.7 346.6 309.6 343.9 315.5 351.0 316.1 0.9770
0.0 266.4 12.3 18.0 -1.6 271.8 5.6 271.9 0.7 275.3 -1.0 279.6 4.4 279.6 0.9756
511.4 231.7 14.9 19.4 512.8 240.4 519.1 238.5 516.0 243.7 515.7 247.9 520.4 246.4 0.9728
911.0 249.3 21.8 29.5 917.4 261.2 925.9 259.5 922.6 266.9 920.7 272.8 926.8 271.5 0.9721
649.0 225.3 13.3 18.9 650.6 233.9 654.5 234.4 650.5 237.9 651.1 241.1 653.8 241.2 0.9712
560.4 219.2 11.6 15.2 562.1 225.6 566.1 225.5 563.0 228.7 563.0 231.7 565.9 231.5 0.9693
494.7 263.9 19.2 23.4 501.2 273.0 509.3 273.1 505.9 276.8 502.4 281.2 508.6 281.2 0.9682
640.0 286.8 16.9 26.4 644.0 295.8 643.9 296.3 639.8 299.8 642.3 305.9 642.3 306.1 0.9675
830.8 251.5 22.8 28.8 834.9 261.7 842.9 262.3 836.9 267.9 835.3 273.1 841.4 273.4 0.9620
530.6 243.4 13.2 17.1 532.6 249.3 536.2 249.5 532.8 253.1 533.7 256.5 536.2 256.4 0.9597
930.2 171.1 10.4 12.8 933.7 175.4 938.5 175.3 936.5 178.2 934.2 181.0 938.0 181.0 0.9587
877.2 176.7 8.1 10.0 878.9 180.3 882.1 180.4 880.0 182.3 879.2 184.2 881.6 184.2 0.9533
572.8 239.3 19.9 22.0 577.1 246.1 585.8 246.7 580.5 251.1 577.5 255.9 584.3 256.2 0.9440
530.1 277.7 21.6 28.6 534.0 288.1 539.6 288.1 535.0 294.2 536.3 299.1 540.2 298.9 0.8862
363.3 241.3 14.2 17.4 367.1 248.4 373.4 248.5 370.0 251.7 367.4 255.0 372.0 255.2 0.8762
0.1 374.6 30.5 40.2 9.2 386.6 20.5 387.0 14.1 395.0 10.3 402.8 18.7 403.0 0.8757
458.8 218.8 9.2 12.5 460.2 223.3 463.1 223.5 460.5 226.1 460.5 228.7 462.7 228.8 0.8386
272.0 244.4 15.0 17.8 275.3 252.1 281.7 251.8 278.1 255.8 276.4 259.3 281.5 259.1 0.8287
85.6 250.3 18.6 21.8 94.1 257.1 101.6 257.0 99.5 261.8 95.0 266.7 100.6 266.8 0.8117
863.0 174.9 9.2 11.1 864.5 179.1 868.6 179.0 866.2 181.3 865.2 183.7 868.2 183.6 0.7561
496.6 283.5 23.8 29.3 501.1 293.9 509.4 294.1 503.9 299.5 502.8 304.5 509.5 304.5 0.6858
624.0 242.2 13.1 16.4 628.5 248.7 634.3 247.9 632.2 251.5 630.0 255.0 634.6 254.4 0.6656
651.7 273.3 20.6 24.8 654.9 282.1 660.1 281.8 655.3 286.5 656.4 291.5 660.3 291.0 0.6182
683.1 236.6 21.0 25.2 686.4 247.2 695.2 246.8 690.4 252.8 688.2 257.6 694.5 257.2 0.6108
187.8 233.6 8.8 10.5 190.3 238.4 194.5 238.3 192.6 240.7 190.9 242.6 194.0 242.6 0.5805
737.6 233.9 15.8 20.2 741.8 242.9 748.3 242.5 745.5 246.6 743.6 250.3 748.4 250.1 0.5758
