18--Concerts/18_Concerts_Concerts_18_236.jpg
8
540.8 234.7 29.3 31.8 547.2 247.6 559.8 247.8 552.7 255.6 548.9 259.9 558.4 259.9 0.9997
80.1 416.4 28.7 34.8 93.8 432.9 103.0 429.6 103.8 437.1 99.5 444.8 105.5 442.5 0.9761
710.0 413.6 10.9 14.4 712.4 418.0 717.9 418.5 714.8 421.5 712.6 424.5 716.8 424.8 0.9219
714.6 451.7 9.8 11.2 717.0 455.6 721.5 455.2 719.3 457.7 718.0 460.3 721.3 460.0 0.9029
100.1 373.6 25.5 29.8 115.4 383.0 123.3 383.6 121.8 389.4 114.7 395.3 120.5 395.9 0.8424
696.1 429.8 9.1 12.3 699.2 434.8 703.1 434.6 701.6 437.2 699.9 439.6 702.9 439.5 0.7153
709.1 393.6 7.6 8.8 646.1 425.2 648.5 427.1 642.0 431.0 642.6 437.8 644.2 438.9 0.6597
1000.8 400.2 22.0 32.3 711.2 396.7 714.6 396.7 712.9 398.6 711.6 400.4 714.3 400.4 0.6292
