18--Concerts/18_Concerts_Concerts_18_94.jpg
15
122.5 585.8 45.6 53.6 146.4 613.2 160.5 612.6 156.8 624.6 142.9 629.5 152.1 629.8 0.9997
505.4 247.8 17.4 19.6 509.4 254.2 516.8 254.3 512.4 258.3 510.0 262.4 515.8 262.4 0.9991
722.5 237.8 16.5 22.1 724.8 246.2 731.3 246.4 726.3 250.4 725.1 254.7 730.1 254.7 0.9984
560.9 227.4 15.8 21.0 564.2 236.1 571.6 236.4 567.2 240.0 564.8 243.9 570.1 244.1 0.9977
843.9 243.9 16.4 21.0 847.6 252.7 854.9 253.5 850.5 257.4 847.9 260.4 853.5 261.0 0.9975
783.6 578.3 42.1 50.2 793.9 601.0 812.5 599.8 803.4 610.9 798.1 619.3 811.0 618.3 0.9970
206.7 264.4 16.2 21.3 208.8 273.6 212.7 274.2 208.8 278.5 210.9 281.8 213.3 282.0 0.9969
85.2 515.7 22.2 36.1 102.8 527.3 103.8 527.3 107.4 534.8 101.3 542.3 102.0 542.6 0.9962
165.4 540.6 20.2 35.2 181.3 552.4 180.9 552.4 185.5 559.1 180.4 566.3 180.6 566.9 0.9947
240.7 480.2 18.3 30.1 254.7 490.8 255.1 490.1 258.8 496.6 254.3 502.8 254.7 502.6 0.9936
433.0 465.2 15.1 27.4 444.2 474.6 444.1 473.8 447.8 479.1 444.7 485.4 445.0 485.1 0.9882
309.3 436.1 14.5 22.3 319.7 444.2 321.0 443.6 323.9 448.1 321.2 453.1 322.1 452.9 0.9725
516.6 487.5 14.0 23.1 801.7 638.9 803.8 640.5 795.7 648.1 799.7 658.1 800.8 658.9 0.9644
374.3 431.8 14.8 23.8 526.9 494.8 527.0 494.2 530.2 498.9 528.3 504.5 528.3 504.4 0.9566
255.9 615.2 29.4 49.7 384.6 440.3 385.7 439.4 388.6 444.4 385.4 449.8 386.0 449.4 0.8201
