18--Concerts/18_Concerts_Concerts_18_924.jpg
8
119.1 195.3 24.7 32.2 128.5 208.0 139.0 207.5 135.5 213.2 130.4 219.6 138.6 219.2 0.9991
887.5 278.8 38.0 61.7 895.6 302.7 898.2 304.3 888.4 312.5 894.6 325.0 896.7 325.4 0.9990
480.3 278.3 26.6 37.2 490.3 291.2 496.6 296.1 487.0 299.0 483.6 304.3 488.3 307.8 0.9979
988.2 254.3 33.6 43.2 994.0 271.2 1000.1 274.7 990.2 282.2 995.3 287.9 999.3 290.0 0.9974
828.2 298.2 25.9 40.1 832.4 312.8 835.5 314.5 827.7 320.7 830.8 328.5 832.7 329.4 0.9952
715.7 358.8 37.5 62.6 728.7 376.5 729.9 377.9 718.1 385.1 720.2 400.9 721.7 401.0 0.9749
693.7 308.3 31.4 43.8 698.2 325.4 701.2 326.2 695.1 334.6 700.7 341.9 703.1 342.1 0.9134
576.2 308.1 20.7 34.9 580.6 321.8 579.3 321.9 576.1 329.0 581.8 336.0 580.5 335.7 0.8960
