18--Concerts/18_Concerts_Concerts_18_607.jpg
8
478.0 495.6 19.7 27.7 483.3 505.2 492.3 505.9 487.3 510.8 483.6 516.1 490.6 516.7 0.9990
391.0 494.1 18.2 24.3 396.7 504.9 405.1 504.8 401.5 509.7 397.6 513.5 404.3 513.4 0.9989
693.5 506.1 16.7 21.8 695.5 514.6 702.2 514.7 697.4 519.7 697.0 523.5 701.6 523.5 0.9983
868.0 373.5 16.2 21.2 877.2 381.3 882.1 381.3 881.5 385.4 877.2 389.3 881.0 389.6 0.9981
581.0 482.5 19.4 26.3 585.6 493.5 594.5 492.5 590.4 498.6 588.0 503.4 594.5 502.6 0.9973
631.5 351.5 15.5 20.1 635.8 359.9 642.9 359.8 639.5 363.7 636.7 367.3 642.3 367.3 0.9862
353.6 400.8 16.4 21.5 360.0 410.0 367.3 410.0 364.4 414.8 360.8 418.3 365.9 418.4 0.9862
74.8 357.4 14.5 17.8 79.4 364.7 85.0 363.4 83.5 366.6 81.6 371.1 86.1 370.1 0.8287
