18--Concerts/18_Concerts_Concerts_18_320.jpg
32
534.1 363.5 95.2 146.9 562.2 410.9 608.3 412.6 587.0 433.4 567.9 469.3 599.8 470.4 0.9992
98.4 961.0 23.5 29.3 105.9 970.9 117.1 970.2 112.8 976.5 107.9 983.0 116.6 982.5 0.9935
188.2 818.2 17.2 24.3 192.3 826.9 200.5 827.2 196.0 832.1 192.7 836.6 199.4 836.8 0.9917
35.9 887.2 19.8 28.7 43.5 898.3 52.0 897.6 49.5 903.4 45.4 909.4 51.7 908.9 0.9911
166.3 989.7 25.1 34.3 177.3 1000.5 186.8 999.3 185.3 1006.8 180.0 1014.8 187.2 1014.2 0.9896
168.0 795.3 15.5 20.6 171.2 803.5 178.8 803.3 174.8 806.9 172.2 811.2 178.0 811.0 0.9836
878.3 850.2 18.2 23.9 885.7 859.6 893.4 858.0 891.7 864.3 888.1 869.4 893.5 868.4 0.9832
177.6 744.1 14.2 18.2 182.4 750.2 188.7 750.7 185.7 753.8 182.7 757.4 187.6 757.8 0.9760
249.4 830.3 15.6 19.6 254.6 837.3 262.1 837.3 258.7 841.9 255.5 845.7 260.8 845.8 0.9756
248.2 764.9 15.6 17.9 252.4 772.9 259.2 772.8 255.8 776.8 253.5 779.9 258.6 779.8 0.9690
833.4 823.0 15.9 21.4 836.5 831.7 844.4 831.4 840.3 836.6 838.1 840.5 843.7 840.2 0.9670
390.3 949.6 25.2 36.8 398.6 965.6 409.8 965.0 405.4 972.4 400.6 978.9 408.6 978.5 0.9653
74.1 828.9 17.6 21.7 79.4 836.5 87.9 836.3 84.2 841.1 80.9 845.6 87.2 845.5 0.9352
741.0 815.0 16.9 22.9 745.9 825.1 753.2 823.6 750.7 829.0 748.6 833.5 754.1 832.4 0.9241
874.8 800.1 17.3 22.2 877.1 808.5 885.1 808.7 879.8 813.7 877.9 817.8 883.8 817.9 0.9132
108.7 829.8 14.0 18.4 111.9 837.0 117.5 836.6 114.4 840.6 113.2 844.4 117.5 844.0 0.9027
927.2 993.1 22.9 30.7 930.5 1005.6 938.0 1006.0 931.7 1012.5 932.6 1018.0 937.8 1018.0 0.9004
861.7 907.4 20.8 25.5 865.9 915.3 875.8 915.7 869.8 921.0 866.4 926.6 874.4 926.8 0.8779
339.3 879.4 19.0 22.6 343.8 886.5 353.2 885.8 348.8 891.4 346.0 896.9 352.9 896.4 0.8768
759.1 751.8 15.3 20.9 763.3 760.6 770.3 760.3 767.0 764.4 764.3 768.2 769.9 768.0 0.8688
39.4 770.5 16.8 20.0 44.8 777.7 52.2 777.4 49.1 781.2 46.1 785.5 51.7 785.3 0.8622
234.3 957.2 22.2 27.6 239.1 965.6 248.9 965.1 243.5 970.9 240.5 977.1 249.0 976.6 0.8615
230.6 721.6 13.7 18.7 233.6 727.5 239.1 728.5 235.0 731.8 233.2 735.4 237.3 736.1 0.8501
59.0 876.6 17.0 24.5 64.4 886.3 72.7 885.6 69.4 890.5 66.0 895.6 72.5 895.2 0.8286
884.0 722.5 14.5 18.3 888.5 728.7 895.6 728.7 892.5 732.7 889.5 736.7 894.9 736.7 0.7940
983.4 845.5 21.9 24.7 989.5 853.3 999.3 853.3 994.5 858.4 990.6 863.6 998.5 863.5 0.7918
99.3 812.4 13.5 17.5 101.9 819.7 107.7 820.4 103.6 823.7 101.7 826.8 106.1 827.2 0.7700
844.0 982.2 24.9 28.4 850.0 992.1 861.7 992.2 855.8 998.6 851.3 1003.8 860.6 1003.8 0.7456
276.1 742.0 17.8 23.2 284.2 751.5 291.8 751.3 289.7 756.1 285.2 760.3 290.8 760.4 0.6841
163.7 723.5 12.6 14.6 167.3 729.1 172.7 728.9 170.2 732.2 168.3 735.2 172.5 735.0 0.6666
267.5 793.7 16.5 20.1 271.4 800.3 279.1 800.6 274.7 804.4 271.7 808.5 278.0 808.7 0.6535
810.5 764.2 20.1 26.0 815.7 773.8 825.1 773.4 820.6 778.4 817.1 784.1 824.2 783.8 0.5978
