18--Concerts/18_Concerts_Concerts_18_187.jpg
28
346.1 67.5 21.5 27.9 352.0 78.3 362.1 78.2 357.2 83.3 352.9 88.4 361.5 88.3 0.9998
264.2 38.9 20.1 24.9 272.5 49.7 280.7 48.5 278.6 54.1 274.7 59.0 281.2 58.3 0.9997
757.1 33.7 20.1 24.7 762.7 44.5 771.9 44.2 767.3 49.3 764.0 53.7 771.4 53.5 0.9997
818.4 129.6 21.8 27.2 819.7 141.3 825.3 140.6 819.3 146.9 822.5 152.5 826.0 151.4 0.9996
673.4 50.0 19.5 23.9 677.9 59.7 686.5 58.4 682.6 64.5 680.3 68.9 687.0 67.8 0.9996
742.4 81.4 21.3 28.4 748.5 92.1 758.4 92.7 753.1 97.4 748.6 102.5 757.0 102.9 0.9995
436.8 69.5 21.5 27.7 442.6 80.7 452.1 80.7 447.3 85.6 443.4 90.3 451.3 90.3 0.9995
829.6 36.0 20.1 23.8 833.2 44.3 841.4 44.0 836.4 49.5 835.2 53.9 841.5 53.5 0.9995
195.8 49.0 19.3 26.1 204.4 59.5 212.0 59.8 209.4 64.7 204.3 69.1 210.5 69.6 0.9995
348.2 23.9 22.3 28.9 354.0 35.5 363.5 34.9 359.1 40.2 355.6 45.4 363.6 44.9 0.9994
874.4 79.2 19.9 24.2 878.5 89.7 887.4 88.4 882.8 93.6 880.7 98.4 887.4 97.3 0.9994
662.3 79.7 20.4 26.9 667.3 90.0 676.9 89.4 672.2 95.1 668.6 100.0 676.6 99.5 0.9994
103.2 26.5 19.1 25.1 110.6 36.8 119.0 36.4 115.8 42.4 111.4 46.6 117.6 46.4 0.9992
48.3 72.7 17.5 24.3 54.7 82.1 62.4 82.0 59.5 86.8 55.7 91.3 61.3 91.3 0.9991
949.7 90.5 21.7 28.8 955.1 102.9 964.1 104.0 958.4 109.1 955.6 113.2 961.7 114.0 0.9989
197.4 21.0 20.4 24.4 205.4 31.5 214.4 31.3 211.1 36.4 206.8 40.7 213.2 40.5 0.9989
593.5 69.0 19.0 23.9 598.4 77.9 607.7 78.1 603.0 82.3 599.2 87.0 606.8 87.1 0.9989
273.5 72.5 19.3 25.7 280.7 82.3 289.2 81.9 286.0 87.0 281.8 92.1 288.8 91.9 0.9988
592.3 31.7 19.3 24.0 597.2 42.7 605.3 42.7 601.1 48.1 598.6 51.3 604.9 51.3 0.9987
121.8 72.1 17.9 26.7 127.4 82.5 135.7 81.9 132.8 86.7 129.2 92.5 135.7 92.0 0.9986
623.2 132.9 21.8 26.8 629.3 144.8 639.0 144.2 634.6 150.4 631.2 154.5 638.3 154.0 0.9985
422.9 35.8 20.9 24.3 427.7 45.1 436.4 43.6 432.4 49.9 430.5 54.5 437.6 53.3 0.9984
511.7 20.9 19.9 23.1 518.2 29.4 527.1 29.5 523.2 34.7 519.4 38.8 525.7 38.8 0.9983
812.8 80.2 18.4 23.1 818.0 86.6 826.6 87.2 822.1 92.6 818.4 96.9 825.2 97.3 0.9979
330.0 121.7 17.2 26.1 338.5 132.4 344.9 131.8 343.8 137.1 339.1 141.8 344.5 141.5 0.9950
869.8 159.4 19.9 30.6 874.3 168.4 875.6 169.0 869.7 174.2 873.1 181.3 874.1 181.5 0.9937
957.7 94.8 21.5 29.7 960.9 107.9 970.2 108.6 963.7 113.7 961.6 118.4 968.2 118.9 0.9933
240.5 102.9 21.1 26.9 250.8 114.0 257.6 114.1 255.7 119.9 251.0 124.0 255.8 124.3 0.8479
