41--Swimming/41_Swimming_Swimming_41_577.jpg
30
893.4 192.1 41.5 52.3 899.8 212.6 917.6 209.7 907.1 221.3 903.8 229.5 921.3 226.8 0.9998
261.9 126.6 33.9 38.9 275.6 137.6 290.9 140.7 284.5 144.5 274.2 151.5 288.1 154.0 0.9996
601.0 306.3 36.2 45.2 612.6 324.0 630.0 324.0 622.6 333.1 612.4 338.3 628.9 338.3 0.9996
277.2 300.8 36.5 45.6 286.2 317.7 304.0 316.7 295.4 326.8 287.9 333.6 304.1 332.8 0.9996
771.5 309.6 36.0 44.1 781.9 326.2 799.4 325.7 791.6 334.4 782.6 340.6 799.1 340.1 0.9996
688.5 311.3 35.4 48.3 698.5 331.4 715.1 331.9 707.2 342.3 698.8 346.7 714.1 347.1 0.9996
111.5 154.2 40.0 48.6 121.6 171.2 140.4 171.1 130.9 180.2 122.4 187.4 140.8 187.4 0.9995
426.3 215.2 35.4 44.8 435.7 231.4 453.0 232.5 443.7 241.0 435.8 247.2 450.9 248.1 0.9995
821.2 132.4 31.0 38.6 828.6 147.0 843.4 146.9 835.7 154.3 829.3 159.8 843.4 159.6 0.9995
232.5 182.2 36.1 50.1 243.9 198.7 261.5 198.7 253.7 205.5 244.5 216.8 260.1 216.9 0.9995
190.8 125.6 36.8 43.6 203.1 139.8 220.4 140.3 213.3 148.8 204.0 156.0 219.2 156.5 0.9995
356.0 126.8 31.5 37.6 364.4 137.9 379.2 139.0 371.3 146.3 364.7 153.3 377.6 154.1 0.9995
419.9 121.8 31.7 36.1 427.2 134.1 442.4 133.4 434.7 140.3 428.8 147.1 442.1 146.6 0.9994
600.9 182.5 35.1 42.9 616.7 196.6 631.0 200.1 625.3 206.6 614.0 212.2 625.7 215.2 0.9994
529.4 104.3 29.0 39.1 538.6 118.0 552.9 119.8 546.1 124.7 538.0 131.8 550.3 133.3 0.9994
493.9 319.9 38.7 48.8 503.2 338.1 522.4 337.7 512.6 347.4 503.4 354.3 522.5 353.8 0.9993
70.4 264.2 39.9 47.7 80.8 281.2 100.2 280.9 90.9 291.1 81.8 298.4 99.4 298.2 0.9993
158.7 302.1 44.1 48.0 176.2 316.6 195.4 319.5 187.5 327.3 175.4 334.7 192.1 337.1 0.9993
654.6 203.4 35.2 45.6 664.5 220.4 681.2 221.2 672.5 229.3 664.0 235.3 679.7 236.1 0.9993
609.8 124.8 31.9 40.7 617.2 140.4 632.8 140.8 624.2 148.8 617.5 153.9 632.1 154.1 0.9993
63.0 125.8 34.3 41.4 72.3 139.4 88.8 138.5 81.4 148.4 74.5 155.7 88.6 154.9 0.9993
316.2 121.1 29.3 38.9 322.3 136.2 336.6 135.3 328.9 142.9 324.5 151.0 335.8 150.2 0.9992
387.1 286.9 40.8 54.1 396.3 307.5 415.9 307.3 405.0 317.3 397.1 325.7 415.1 325.7 0.9992
705.6 89.0 32.5 39.5 714.2 102.4 729.3 101.5 722.1 108.1 715.9 117.2 728.9 116.4 0.9992
861.8 299.7 37.6 46.8 871.2 318.0 889.7 316.4 881.3 326.3 872.6 333.3 890.9 331.8 0.9992
822.5 200.1 37.4 44.5 831.1 216.4 849.9 216.8 840.0 224.6 832.0 231.6 848.6 232.0 0.9990
217.3 97.1 31.3 37.3 226.1 109.2 240.4 109.6 233.1 115.5 226.9 123.4 238.8 123.7 0.9990
320.3 193.2 37.8 57.6 328.9 210.3 348.0 210.8 337.4 220.3 329.7 231.5 347.2 231.8 0.9989
734.7 200.9 29.6 41.5 743.9 216.3 757.9 216.2 751.6 224.7 744.0 230.2 757.5 230.1 0.9984
503.2 197.9 30.5 40.7 507.3 214.5 521.1 212.3 512.9 221.8 510.4 227.7 523.5 225.8 0.9976
