41--Swimming/41_Swimming_Swimming_41_358.jpg
9
133.0 444.1 41.9 58.6 145.1 470.0 165.2 467.3 157.4 480.4 148.3 488.6 166.2 486.5 0.9996
552.5 412.4 45.7 61.3 564.4 433.1 586.0 435.1 573.6 448.0 563.5 454.7 583.7 456.4 0.9994
416.7 183.1 28.5 36.8 423.5 197.9 437.0 197.8 429.6 204.4 424.7 210.8 435.6 210.8 0.9994
551.6 68.2 23.6 30.2 557.6 79.5 568.7 80.2 562.7 85.5 557.5 89.7 567.4 90.3 0.9994
721.4 195.5 27.2 36.0 729.9 209.3 742.2 211.7 735.4 216.7 729.1 221.8 738.6 223.7 0.9993
892.1 452.3 46.2 56.2 904.5 474.4 926.4 476.9 913.9 489.2 903.9 494.1 922.0 496.3 0.9993
285.7 69.2 23.6 29.8 292.3 80.6 303.2 81.1 297.5 85.9 292.6 91.0 302.1 91.4 0.9991
94.2 184.3 31.6 37.3 102.1 199.4 115.4 197.2 109.5 205.8 104.8 211.9 117.1 210.1 0.9991
791.7 77.5 22.8 26.5 799.3 86.5 809.5 88.2 804.0 92.4 798.3 96.1 807.0 97.5 0.9986
