41--Swimming/41_Swimming_Swimming_41_443.jpg
14
176.2 762.2 21.9 30.2 181.3 775.0 191.4 774.7 186.1 780.7 182.5 785.6 190.8 785.3 0.9990
616.7 843.1 25.9 29.1 625.1 853.6 636.5 853.4 631.5 860.5 626.4 865.5 635.0 865.5 0.9981
745.1 781.2 21.5 20.4 757.2 786.3 758.1 790.2 751.2 789.3 747.7 792.5 747.9 795.5 0.9949
55.8 691.4 22.7 28.8 63.8 702.5 74.2 703.0 69.7 707.3 64.6 712.7 73.0 713.1 0.9933
340.8 862.7 23.5 29.5 356.3 874.8 361.1 873.8 361.9 880.6 355.7 885.9 358.7 885.4 0.9864
174.4 536.9 11.5 15.1 176.5 542.6 182.0 542.8 178.8 545.5 176.8 548.4 181.4 548.5 0.9780
157.0 770.0 16.9 24.1 167.5 781.7 171.2 779.5 173.4 784.3 170.9 789.4 173.2 787.9 0.9729
766.5 540.5 11.5 15.0 768.9 544.9 773.8 545.5 770.3 548.1 768.6 551.1 772.6 551.5 0.9277
931.6 534.3 9.4 12.6 933.8 538.9 938.4 539.0 935.9 541.3 934.0 543.9 937.9 544.0 0.8963
702.3 557.8 11.8 15.6 705.0 563.9 710.3 564.4 706.9 567.5 704.8 570.4 708.9 570.7 0.8565
1003.1 481.5 7.0 8.6 1006.4 484.9 1008.9 485.3 1007.9 487.0 1006.1 488.4 1008.0 488.8 0.8131
293.0 595.7 10.9 15.7 299.9 601.7 302.1 601.2 303.0 604.6 300.7 608.0 302.1 607.8 0.7395
257.7 450.1 10.2 12.6 259.7 455.5 264.7 455.5 261.9 458.4 260.5 460.8 264.3 460.7 0.6791
597.3 574.0 9.1 13.3 602.3 579.6 604.8 579.4 604.8 582.1 602.7 584.5 604.4 584.5 0.5152
