11--Meeting/11_Meeting_Meeting_11_Meeting_Meeting_11_80.jpg
15
200.5 357.1 49.9 68.6 237.9 387.8 239.3 387.2 238.5 405.9 224.6 413.7 224.2 413.8 0.9996
111.5 276.6 35.5 51.7 138.4 297.3 140.6 298.4 142.0 310.1 129.4 316.9 130.6 318.4 0.9995
296.9 168.1 11.6 15.3 301.8 175.1 306.7 174.4 305.3 177.8 302.8 180.5 306.3 180.1 0.9992
916.2 232.2 26.2 35.8 920.7 245.2 925.3 247.3 916.6 251.9 919.8 258.8 922.4 260.1 0.9991
404.9 164.9 11.5 15.1 406.4 171.2 411.0 170.5 408.0 173.5 407.5 176.5 411.3 175.8 0.9990
831.4 207.0 26.3 30.6 835.7 216.8 847.3 218.2 838.7 223.7 835.8 229.6 844.2 230.7 0.9990
670.2 195.4 16.9 23.8 672.2 205.5 675.9 206.3 671.6 210.7 674.4 214.5 676.7 214.8 0.9990
586.1 184.5 13.6 18.5 589.1 192.2 593.3 191.5 590.6 196.0 591.0 199.4 594.2 198.7 0.9988
357.9 166.2 11.2 15.6 362.6 172.6 367.2 172.6 365.7 175.6 363.3 178.4 366.5 178.5 0.9979
633.3 192.5 13.2 19.4 635.6 199.9 636.5 200.5 634.2 204.5 637.7 207.8 638.1 208.0 0.9975
166.1 217.7 21.3 33.3 182.2 231.8 183.8 230.4 184.5 238.5 179.0 244.5 179.9 243.5 0.9925
559.2 180.9 12.4 13.0 561.9 187.8 564.1 187.4 563.0 190.9 565.9 192.3 566.8 191.9 0.9920
129.5 234.5 18.4 33.1 144.3 247.3 144.2 246.7 147.5 252.9 144.0 259.8 143.8 259.7 0.9887
509.0 174.8 10.3 11.3 510.9 179.5 512.5 179.6 511.0 182.5 513.2 184.0 514.0 183.9 0.9877
594.0 184.4 11.3 16.8 594.7 191.1 596.3 191.2 594.2 195.0 596.5 198.1 597.7 198.0 0.8260
