11--Meeting/11_Meeting_Meeting_11_Meeting_Meeting_11_553.jpg
24
510.2 216.3 19.5 24.1 514.2 227.5 521.3 225.6 518.0 231.9 517.8 236.2 523.2 234.7 0.9994
655.9 208.7 19.6 25.3 661.2 218.2 670.2 218.5 665.6 223.0 661.7 227.3 669.3 227.6 0.9994
381.9 251.1 14.6 18.9 384.4 258.5 391.0 258.6 386.9 262.1 385.0 265.5 390.5 265.5 0.9993
703.3 199.5 22.1 28.3 708.3 211.8 717.9 210.6 713.1 217.5 710.9 222.4 717.9 221.5 0.9992
593.7 225.6 18.2 22.2 598.6 234.8 606.9 234.9 602.7 239.1 599.5 243.0 605.7 243.2 0.9992
327.5 251.7 14.9 18.5 330.5 258.8 336.8 258.6 333.1 262.0 331.3 265.7 336.2 265.5 0.9992
802.7 206.1 19.8 24.9 806.3 215.7 814.8 215.9 809.3 219.7 806.7 224.8 813.3 225.0 0.9990
862.9 203.6 25.8 34.7 868.2 217.2 878.8 217.2 872.5 223.6 869.4 229.9 877.2 229.9 0.9983
74.5 229.8 16.9 23.2 79.9 238.6 87.3 239.0 83.8 243.6 80.0 247.3 86.4 247.6 0.9981
438.2 224.5 16.5 21.9 441.3 232.9 448.4 233.4 443.7 237.2 441.6 241.1 447.0 241.4 0.9981
193.5 237.0 15.3 20.0 198.0 246.7 204.7 246.4 201.7 250.7 199.4 253.7 204.4 253.5 0.9980
343.9 297.3 15.0 17.5 347.9 303.4 355.1 304.4 350.9 307.8 347.8 310.5 353.2 311.3 0.9972
472.2 267.8 15.8 19.1 475.3 274.9 482.0 275.2 477.9 279.5 476.3 282.7 481.2 282.8 0.9957
539.2 227.5 14.0 17.6 542.8 235.6 548.8 234.8 546.0 239.1 544.4 242.1 548.9 241.5 0.9953
294.1 256.1 14.3 17.6 298.1 262.5 304.6 262.7 301.3 266.2 298.6 269.6 303.6 269.8 0.9946
250.7 269.9 16.0 18.6 255.9 275.3 262.9 276.6 258.9 280.1 255.3 283.3 260.8 284.3 0.9940
125.5 313.8 13.5 17.7 127.4 321.2 132.6 320.3 129.7 325.0 129.6 328.2 133.6 327.4 0.9889
139.0 230.4 13.6 16.4 142.8 235.8 149.3 235.7 146.4 239.6 143.7 243.1 148.7 243.0 0.9884
294.3 289.7 12.9 18.3 296.4 296.7 298.4 297.3 295.4 301.0 297.4 304.3 298.6 304.6 0.9859
360.8 254.3 11.5 13.4 364.2 258.6 369.7 259.0 366.9 262.0 364.4 264.5 368.6 264.8 0.9773
252.9 249.0 16.5 18.7 257.2 254.8 265.1 254.9 261.0 258.3 257.9 262.9 264.0 263.0 0.9007
403.7 274.9 16.5 21.6 408.3 282.7 415.6 283.7 411.3 287.7 407.5 291.1 413.4 291.8 0.8672
198.3 311.2 13.9 15.4 200.9 317.1 204.6 317.7 201.7 321.0 202.3 323.1 204.6 323.5 0.7518
216.4 256.7 15.5 18.9 219.7 265.2 224.7 265.2 221.1 269.2 220.6 272.4 224.1 272.3 0.5975
