11--Meeting/11_Meeting_Meeting_11_Meeting_Meeting_11_289.jpg
9
47.6 281.2 56.9 68.4 80.1 308.9 97.1 309.3 94.8 325.2 76.6 335.0 87.2 336.0 0.9998
727.9 306.9 51.8 50.7 739.2 335.3 749.2 332.1 744.6 347.8 756.8 351.4 761.9 348.3 0.9997
303.7 284.3 44.1 56.3 318.9 306.8 339.8 306.7 331.5 317.1 322.0 328.3 337.4 328.2 0.9992
908.2 306.3 61.7 84.4 924.8 336.3 948.5 340.6 930.5 353.5 921.0 368.5 937.9 372.3 0.9991
449.1 268.1 40.5 50.5 461.2 287.9 479.0 288.0 470.5 298.9 462.6 305.8 477.0 305.9 0.9989
606.4 306.6 45.1 56.4 619.4 330.5 637.6 336.8 624.1 345.7 616.2 350.4 628.4 355.2 0.9984
241.4 256.3 42.8 77.3 276.5 285.4 278.4 284.7 281.0 301.5 271.6 316.7 273.2 315.7 0.9961
798.1 298.7 39.2 44.5 807.4 316.3 825.7 315.3 816.6 324.1 811.0 333.2 824.6 332.4 0.9941
932.4 295.1 54.8 81.3 936.4 328.2 950.5 329.7 938.2 346.0 939.5 360.0 949.0 361.0 0.6726
