11--Meeting/11_Meeting_Meeting_11_Meeting_Meeting_11_380.jpg
29
605.6 149.3 23.1 27.2 613.9 159.1 624.2 159.2 619.9 164.3 614.6 169.4 623.1 169.6 0.9998
254.2 202.7 27.8 36.3 264.7 215.3 277.1 216.1 271.9 223.6 263.8 228.2 275.2 228.9 0.9998
460.0 150.1 18.4 25.0 465.4 160.1 473.6 159.9 469.8 163.6 466.0 168.7 472.9 168.6 0.9997
201.0 173.0 26.4 33.7 207.8 187.6 220.3 186.4 214.7 193.1 209.5 198.2 220.7 197.3 0.9997
335.9 177.8 27.2 35.1 347.8 191.4 358.8 191.8 355.7 197.6 348.7 203.6 357.7 204.0 0.9997
772.3 193.2 23.9 30.4 778.9 205.4 790.0 205.5 784.4 211.8 779.6 216.3 788.6 216.4 0.9997
395.1 295.7 28.1 35.1 406.3 307.7 418.5 309.5 413.1 316.0 404.9 320.1 416.1 321.6 0.9997
352.5 248.1 27.7 35.4 361.5 263.0 374.6 262.9 369.1 269.4 362.8 275.2 373.8 275.0 0.9997
589.1 225.8 24.2 28.5 595.6 236.6 606.9 235.5 602.0 241.0 597.5 246.5 607.5 245.7 0.9996
182.7 313.5 29.5 36.5 191.9 329.2 205.7 328.0 200.0 335.9 193.7 341.5 205.6 340.5 0.9996
571.4 275.1 34.5 42.9 582.4 288.1 598.2 287.8 591.4 296.9 583.2 304.2 597.6 304.0 0.9996
483.8 270.9 29.1 33.7 492.0 283.7 505.5 281.1 500.3 290.3 495.1 296.5 506.6 294.5 0.9996
507.1 161.5 25.4 33.6 515.4 174.3 527.3 175.7 521.6 181.7 514.5 185.5 525.5 186.8 0.9996
728.6 204.7 22.5 29.1 735.0 214.7 745.9 215.7 740.3 221.0 734.8 225.6 744.3 226.4 0.9995
437.4 147.5 24.9 30.7 446.0 159.2 457.3 160.5 451.9 165.7 445.2 169.4 455.3 170.5 0.9995
452.3 229.7 26.8 34.9 460.7 243.0 473.3 243.2 467.7 249.2 461.6 255.7 472.1 255.9 0.9995
414.1 175.5 24.3 32.1 423.2 187.6 434.0 189.2 429.0 194.5 422.0 198.1 431.8 199.5 0.9995
670.0 293.6 30.0 36.3 678.5 307.6 692.6 306.0 686.6 314.7 681.0 321.0 692.9 319.7 0.9995
495.3 140.4 22.2 28.8 501.6 152.1 511.5 150.9 507.3 155.8 503.8 162.4 511.5 161.4 0.9994
651.6 221.5 24.5 30.1 657.8 233.1 669.6 233.3 663.6 239.4 658.6 244.1 668.7 244.2 0.9994
560.5 153.6 23.2 29.3 566.1 167.0 576.6 165.0 572.2 170.9 569.6 177.2 577.3 175.6 0.9994
291.3 272.2 32.3 36.7 302.9 284.3 316.9 287.6 309.4 292.6 300.7 297.3 312.9 300.0 0.9993
713.7 173.2 21.4 25.6 719.0 183.7 728.8 182.3 724.4 187.5 720.8 192.5 729.5 191.4 0.9993
679.6 187.9 19.2 25.7 685.4 196.3 694.4 196.1 690.5 200.9 686.0 205.8 694.3 205.7 0.9993
639.5 170.5 20.1 25.8 646.5 180.5 655.4 180.3 651.9 185.2 647.8 190.1 654.5 190.0 0.9991
814.2 282.0 26.2 29.8 821.5 292.3 833.8 290.5 829.1 298.0 824.1 304.0 834.5 302.6 0.9990
806.7 219.4 19.4 24.5 811.6 227.9 820.5 228.3 815.6 232.3 811.9 237.0 819.4 237.3 0.9987
777.0 250.8 24.8 31.6 783.5 263.8 795.8 262.6 790.3 269.6 785.5 275.1 795.6 274.1 0.9984
786.9 179.8 18.4 26.5 795.1 189.9 802.1 190.4 799.8 195.4 795.6 200.2 800.7 200.6 0.9460
