11--Meeting/11_Meeting_Meeting_11_Meeting_Meeting_11_146.jpg
8
145.8 238.9 44.1 67.7 177.2 268.8 180.5 265.4 191.7 277.4 178.4 290.7 181.3 289.1 0.9998
918.0 266.5 41.5 66.1 926.1 285.5 929.6 286.3 917.4 298.6 927.3 313.7 930.1 313.5 0.9998
204.9 218.6 43.6 52.7 227.5 241.6 243.2 241.2 239.2 252.2 227.2 260.2 238.7 260.3 0.9996
821.4 227.0 43.8 53.1 828.3 246.1 832.5 246.1 825.4 258.7 837.3 267.9 838.9 267.4 0.9994
577.3 193.3 25.9 39.9 580.9 210.7 584.5 210.4 579.2 218.8 585.7 224.7 588.5 224.1 0.9993
658.5 188.1 27.1 35.7 662.2 205.2 666.6 205.7 661.8 213.2 668.4 217.5 670.7 217.6 0.9993
523.5 178.9 22.0 24.3 528.2 187.8 537.8 185.1 534.0 192.1 532.0 197.3 540.2 195.0 0.9986
355.5 117.7 22.3 30.8 365.7 128.7 374.6 129.5 372.1 134.6 365.9 139.9 373.1 140.8 0.9985
