11--Meeting/11_Meeting_Meeting_11_Meeting_Meeting_11_217.jpg
147
697.5 279.1 14.2 17.8 700.7 286.2 707.2 285.8 704.0 289.1 701.8 292.5 707.3 292.1 0.9998
506.2 246.0 12.6 16.3 508.8 252.6 514.5 252.2 511.5 255.4 509.8 258.5 514.6 258.1 0.9998
811.6 273.6 14.0 17.2 816.3 279.8 822.6 280.3 819.4 283.1 816.1 286.1 821.5 286.5 0.9998
429.2 228.6 13.2 18.1 432.2 236.3 438.4 236.2 435.2 239.4 432.8 242.4 438.2 242.3 0.9998
449.8 349.8 14.7 18.8 453.6 357.7 460.1 357.1 457.2 360.7 454.9 364.1 460.4 363.7 0.9997
159.0 403.7 15.0 18.8 162.6 411.6 170.1 411.4 166.2 415.4 163.7 419.1 169.6 418.8 0.9997
734.2 243.3 12.4 16.0 737.7 249.3 743.9 249.9 740.6 253.0 737.4 255.8 742.5 256.2 0.9997
840.2 259.7 14.7 16.9 844.4 266.1 850.9 266.6 847.4 270.1 844.4 272.3 849.8 272.7 0.9997
380.0 243.1 13.3 17.2 383.7 250.7 390.0 250.1 387.5 253.6 385.1 256.8 390.3 256.3 0.9997
722.7 360.1 16.6 18.8 729.7 365.9 736.4 368.3 732.5 371.7 727.2 373.0 733.2 375.0 0.9997
674.9 183.8 12.8 17.0 678.5 190.4 684.2 190.6 681.2 193.4 678.5 196.2 683.5 196.4 0.9997
814.7 409.5 18.1 23.1 818.2 418.2 826.5 419.1 821.2 423.2 818.2 426.2 825.4 426.9 0.9996
763.6 271.1 14.8 19.0 767.6 278.1 774.5 278.2 771.1 281.5 768.0 284.9 773.9 285.0 0.9996
125.8 348.3 15.6 19.5 130.3 356.7 137.8 356.2 134.4 360.7 131.2 363.4 137.7 363.1 0.9996
637.7 217.5 13.4 16.9 640.9 225.1 647.0 223.7 644.6 228.1 642.8 230.8 648.1 229.8 0.9996
822.5 376.8 15.1 17.2 827.1 382.6 834.1 383.2 830.5 387.3 826.8 389.0 833.0 389.5 0.9996
545.6 179.1 12.0 15.6 548.3 185.8 553.9 185.6 551.0 188.6 548.9 191.5 553.7 191.3 0.9996
315.3 277.1 13.4 16.7 318.7 283.3 325.2 282.7 322.3 286.2 319.9 289.7 325.4 289.3 0.9996
474.2 182.9 12.9 16.4 477.1 190.4 482.9 189.1 480.3 193.2 478.6 195.7 483.9 194.7 0.9996
169.9 298.6 13.7 18.2 174.0 306.1 180.4 306.2 177.3 309.4 174.4 312.5 179.8 312.6 0.9996
468.7 325.1 12.8 16.1 471.8 331.9 477.6 331.4 475.0 334.6 472.9 337.6 477.7 337.2 0.9996
650.9 273.5 14.3 18.6 654.1 280.6 661.4 280.9 657.2 284.6 654.5 288.2 660.4 288.3 0.9996
855.3 240.0 13.2 15.3 858.2 245.5 864.4 245.5 861.0 249.1 858.9 251.7 863.7 251.6 0.9995
305.3 222.6 14.0 17.3 309.2 228.3 316.6 228.4 313.1 232.3 309.5 236.1 315.7 236.3 0.9995
877.3 368.2 15.7 19.2 881.1 375.4 888.6 375.8 884.4 380.0 881.1 382.2 888.1 382.5 0.9995
162.5 346.8 14.8 20.4 166.6 355.5 173.5 355.1 170.3 359.8 167.6 362.9 173.4 362.6 0.9995
786.1 252.2 14.4 16.7 790.5 257.2 797.0 258.0 793.4 261.8 790.2 264.2 795.4 264.9 0.9995
611.7 398.1 16.4 18.7 617.3 403.4 624.7 405.6 620.2 409.3 615.8 411.4 621.6 413.1 0.9995
488.9 223.2 12.0 15.4 492.0 229.2 497.8 229.1 495.2 232.1 492.6 235.0 497.5 234.9 0.9995
85.6 265.6 14.9 17.1 89.6 272.8 96.0 271.6 93.5 275.6 91.3 278.6 96.9 277.7 0.9995
696.3 219.6 12.6 14.9 698.8 224.9 704.7 224.5 701.6 227.7 699.6 230.5 704.8 230.1 0.9995
764.0 367.7 14.2 18.9 768.0 375.2 774.6 375.1 771.5 378.7 768.5 381.6 774.5 381.5 0.9995
324.9 330.2 15.7 18.9 329.1 339.5 335.8 338.3 333.1 343.2 331.0 345.8 336.5 344.8 0.9995
715.3 191.9 12.1 17.0 718.0 199.4 723.5 199.0 720.9 202.4 719.0 205.4 723.6 205.1 0.9995
673.7 255.1 13.7 17.4 677.0 262.2 683.3 261.7 680.5 265.1 678.1 268.4 683.5 268.0 0.9995
207.3 299.7 16.9 19.3 212.6 309.6 219.7 307.5 217.4 312.4 215.0 315.4 221.0 313.7 0.9995
789.6 319.3 16.2 20.3 795.5 327.6 802.3 329.2 798.4 332.6 794.3 334.6 799.8 335.9 0.9995
908.7 247.3 14.8 19.0 913.0 254.9 919.6 256.4 915.5 259.5 912.1 261.7 917.2 262.9 0.9995
551.0 396.1 15.0 17.7 555.0 401.7 561.9 401.7 558.4 405.9 555.0 408.1 561.9 408.0 0.9995
917.2 312.5 16.1 16.8 922.9 318.9 929.7 321.2 925.3 324.2 921.5 325.6 926.1 327.4 0.9995
445.2 164.3 11.9 16.1 448.9 170.9 454.3 171.0 451.6 173.8 449.0 176.4 453.7 176.6 0.9995
740.7 420.2 16.4 20.2 744.3 427.4 752.2 427.4 747.9 432.1 745.0 435.3 751.5 435.3 0.9994
348.6 407.0 15.2 19.3 352.1 416.0 358.8 414.2 356.3 418.9 354.6 422.4 360.2 421.0 0.9994
67.8 340.2 15.7 16.5 72.6 348.2 79.2 345.5 77.7 350.8 75.6 353.7 81.1 351.6 0.9994
151.5 445.8 15.6 18.1 157.1 453.0 164.4 451.5 162.3 456.0 158.8 459.5 164.7 458.5 0.9994
559.9 164.7 12.1 14.5 562.8 170.2 568.2 169.5 565.7 173.0 564.2 176.0 568.3 175.4 0.9994
582.2 181.1 12.4 14.8 584.9 187.3 589.8 185.5 588.0 189.7 587.4 192.9 591.2 191.5 0.9994
411.2 256.6 13.5 16.3 415.4 261.9 421.8 261.9 418.9 266.0 415.5 268.1 421.4 268.2 0.9994
773.0 214.5 13.2 15.3 776.8 220.1 783.0 220.1 779.9 223.9 777.3 226.4 782.1 226.4 0.9994
517.6 283.5 12.8 16.2 520.9 289.7 526.8 289.4 524.0 292.4 521.6 295.4 526.7 295.2 0.9994
737.7 324.6 15.5 18.6 743.9 333.0 750.5 333.6 747.7 337.6 743.5 339.3 748.8 339.9 0.9994
750.5 184.0 13.3 18.4 754.4 191.5 760.6 191.7 757.5 194.8 754.5 197.7 759.9 197.9 0.9994
663.0 352.2 14.5 18.3 666.8 359.2 673.6 359.5 669.9 362.8 666.9 365.9 672.7 366.1 0.9994
221.6 381.4 15.3 18.4 226.6 390.6 233.2 388.6 231.5 393.3 229.1 396.4 234.5 394.9 0.9994
577.8 303.8 14.6 18.7 580.5 312.6 587.0 311.0 584.1 316.1 582.8 318.9 588.2 317.6 0.9994
925.8 376.4 18.2 20.1 929.5 382.4 938.1 383.6 932.6 388.2 929.4 391.1 936.3 391.9 0.9994
851.0 288.6 14.5 19.1 854.3 296.3 861.0 296.3 857.5 299.9 854.7 302.8 860.7 302.7 0.9994
116.2 288.1 14.5 17.2 120.4 296.4 126.9 295.1 124.5 299.6 122.4 302.1 127.6 301.2 0.9994
306.0 366.4 14.9 18.4 310.1 372.9 317.1 373.2 313.4 376.5 310.2 379.9 316.1 380.2 0.9994
691.7 317.2 15.9 20.0 697.2 324.0 704.1 325.6 700.2 329.0 696.3 332.0 701.8 333.1 0.9994
167.9 265.5 13.6 17.7 171.8 272.4 178.1 271.9 175.6 275.3 172.9 278.6 178.3 278.2 0.9993
197.1 418.8 16.0 18.9 201.1 427.6 208.0 425.2 205.7 430.2 203.9 433.7 209.8 431.8 0.9993
516.0 168.6 11.7 13.6 519.7 173.6 524.7 173.7 522.3 176.7 520.0 179.1 524.0 179.1 0.9993
925.4 423.2 18.8 20.4 929.5 429.0 938.1 431.1 931.9 434.3 928.6 437.6 935.1 439.1 0.9993
256.1 395.1 14.8 18.7 259.5 402.1 266.8 402.1 262.9 405.7 260.1 409.4 266.3 409.4 0.9993
533.3 317.6 14.0 17.3 536.4 324.9 542.9 324.5 539.6 328.1 537.5 331.2 542.9 330.9 0.9993
382.7 180.4 12.2 16.4 386.1 187.7 391.6 187.4 389.0 190.9 386.8 193.2 391.5 193.0 0.9993
534.8 218.1 12.6 16.2 538.1 224.6 543.9 224.4 541.0 227.5 538.8 230.5 543.6 230.3 0.9993
354.1 357.5 15.0 19.2 358.3 365.0 365.3 364.8 362.0 368.9 358.7 371.8 365.0 371.7 0.9993
828.1 338.5 15.9 19.1 832.6 345.5 839.8 347.3 835.1 350.9 831.2 352.2 837.5 353.7 0.9993
412.5 321.1 13.8 17.6 416.7 327.7 423.0 328.1 419.9 331.6 416.7 334.0 422.3 334.3 0.9993
171.2 327.9 15.6 16.7 175.9 335.1 183.0 333.3 180.8 338.3 178.3 341.3 183.8 340.0 0.9993
305.7 416.2 16.0 20.7 310.5 424.9 317.9 424.3 314.8 428.7 311.4 431.9 318.1 431.4 0.9993
202.8 275.4 13.4 16.8 206.1 281.5 212.5 281.5 209.3 284.8 206.7 288.0 212.1 287.9 0.9993
293.2 196.4 12.5 15.0 296.5 201.9 302.4 201.6 299.7 204.7 297.7 207.9 302.2 207.6 0.9993
110.9 370.2 16.9 19.6 116.8 379.6 123.9 377.1 122.8 381.6 120.2 385.9 125.8 383.9 0.9993
924.4 465.2 18.5 22.4 929.1 474.4 937.6 475.5 932.6 479.4 929.0 482.0 935.9 483.0 0.9993
430.4 178.9 12.4 16.0 433.4 185.9 439.3 185.6 436.4 188.8 434.3 191.6 439.2 191.3 0.9993
183.3 221.3 13.2 16.6 187.2 228.6 193.3 227.7 191.0 231.4 188.8 234.5 193.7 233.9 0.9992
499.5 195.9 12.6 14.3 502.6 200.9 509.0 200.9 505.8 204.6 503.2 206.9 508.4 206.8 0.9992
373.1 209.4 12.3 16.1 376.9 215.9 382.5 216.1 379.8 219.1 376.9 221.4 382.1 221.5 0.9992
265.4 351.8 16.3 18.5 270.3 362.2 276.6 358.9 275.5 363.7 274.3 367.4 279.1 364.8 0.9992
59.7 308.2 15.5 18.7 65.7 315.7 72.2 315.5 69.8 319.9 66.6 323.0 71.5 322.9 0.9992
242.4 263.9 13.9 18.6 247.6 271.2 253.7 271.5 251.1 275.2 247.8 278.2 252.6 278.5 0.9992
622.0 170.6 12.2 15.3 625.3 177.5 631.0 177.3 628.2 180.5 625.7 182.6 630.6 182.5 0.9992
615.1 240.1 13.5 17.6 618.8 248.0 624.9 248.0 621.9 251.7 619.7 254.4 624.2 254.4 0.9992
258.7 182.6 13.2 16.1 261.8 190.6 267.4 188.3 265.7 192.7 264.6 195.9 269.2 194.0 0.9992
100.8 444.6 17.9 21.2 105.9 454.0 114.2 452.5 110.9 457.5 107.5 460.8 114.8 459.6 0.9992
232.0 458.5 15.0 19.8 236.1 466.1 243.3 465.6 240.0 469.6 237.1 473.7 243.3 473.4 0.9992
484.6 162.0 10.9 13.7 487.5 166.9 492.6 167.0 490.0 169.5 487.8 172.1 492.1 172.1 0.9992
269.1 436.8 15.3 20.7 276.0 446.1 282.2 444.7 281.1 449.6 277.7 453.4 282.4 452.5 0.9992
632.2 191.7 11.9 15.7 634.5 197.7 639.9 197.4 636.9 200.5 635.1 203.3 639.9 203.0 0.9992
562.2 273.8 12.5 14.5 566.7 279.2 572.2 280.0 569.5 282.9 566.2 284.7 570.7 285.3 0.9991
455.5 206.4 13.1 16.6 459.4 213.2 465.5 213.4 462.4 216.7 459.4 218.8 464.8 219.0 0.9991
865.3 420.5 17.1 20.8 870.3 428.2 878.3 429.3 873.8 432.8 869.3 434.7 877.0 435.7 0.9991
634.8 311.5 14.8 19.2 638.7 319.0 645.5 318.7 642.2 322.8 639.4 325.8 645.5 325.5 0.9991
556.6 354.7 13.7 17.4 559.6 361.9 566.0 361.3 562.8 365.5 560.7 368.2 566.1 367.8 0.9991
960.5 352.7 16.7 17.8 965.0 359.2 972.4 361.0 967.7 364.5 964.1 365.8 969.9 367.1 0.9991
177.9 242.0 13.0 16.4 183.1 249.6 188.5 248.3 187.3 252.3 184.9 255.2 189.1 254.3 0.9991
399.1 349.8 14.7 18.4 404.3 356.7 411.0 356.5 408.1 360.3 404.5 363.1 410.6 363.1 0.9991
416.3 199.7 13.2 17.6 419.8 207.3 426.1 206.5 423.4 210.3 420.8 213.1 426.7 212.4 0.9991
903.9 332.8 15.4 18.3 908.0 339.2 915.0 340.6 910.5 343.9 907.3 346.0 912.8 347.2 0.9991
505.7 382.1 16.8 21.6 510.6 390.6 518.2 391.1 514.3 395.4 510.6 398.0 517.4 398.3 0.9991
446.1 301.8 13.3 17.2 449.2 309.2 455.4 308.8 452.3 312.7 450.0 315.1 455.4 314.8 0.9990
841.6 219.7 12.8 15.2 845.2 224.3 850.9 224.8 847.7 227.9 844.9 230.3 850.1 230.7 0.9990
181.9 371.4 15.5 17.7 185.4 379.8 192.1 377.3 189.9 382.5 188.5 385.7 194.0 383.7 0.9990
598.9 340.0 15.8 19.5 603.3 347.6 610.3 347.5 606.8 351.7 603.8 354.4 610.1 354.3 0.9990
219.7 260.0 12.6 15.7 224.2 266.0 229.9 266.6 227.2 269.6 224.1 271.9 228.6 272.4 0.9990
367.1 302.5 14.2 18.4 372.1 310.0 378.7 310.1 375.8 313.5 372.4 316.6 377.8 316.7 0.9990
99.6 335.4 16.2 17.0 103.1 343.8 109.9 340.8 107.8 345.7 107.0 349.7 111.7 347.4 0.9990
110.1 395.1 17.8 19.4 117.1 402.2 125.1 401.3 122.7 405.9 118.6 409.7 125.2 409.1 0.9990
848.1 317.4 14.6 18.2 851.2 324.9 858.3 325.3 854.3 329.4 851.8 331.8 857.3 332.0 0.9990
736.7 221.2 12.3 15.2 739.3 227.9 745.0 226.9 742.4 230.9 741.2 233.7 745.5 232.9 0.9990
127.9 315.7 13.8 17.3 131.5 323.4 137.8 322.5 135.1 326.3 132.7 328.9 138.3 328.3 0.9989
604.3 270.5 12.3 16.1 607.8 276.6 613.4 276.2 610.9 279.9 608.3 282.3 613.6 282.0 0.9989
885.6 275.8 13.7 16.3 889.4 281.9 895.7 282.5 892.2 286.0 889.7 288.6 894.1 289.1 0.9989
319.9 168.9 11.4 14.8 323.4 175.0 328.5 174.7 326.3 177.7 324.0 180.1 328.5 179.8 0.9989
284.7 254.2 14.2 18.0 289.3 263.0 295.6 261.4 293.8 265.9 291.6 269.1 296.4 267.9 0.9988
467.7 243.9 12.9 17.1 470.6 249.5 476.3 249.0 473.4 253.1 471.4 256.3 476.7 255.8 0.9988
141.6 232.2 13.7 16.1 145.6 239.2 151.5 238.0 149.6 241.5 147.6 244.8 152.5 244.0 0.9988
133.4 253.0 13.7 17.1 137.5 261.8 143.2 260.1 141.5 264.5 140.0 267.5 144.2 266.2 0.9988
443.9 270.4 12.4 16.8 447.5 277.3 453.4 277.6 450.4 280.6 447.7 283.4 452.5 283.6 0.9988
211.9 200.3 12.3 14.6 215.3 205.5 220.8 205.5 218.1 208.7 216.0 211.4 220.2 211.3 0.9988
345.1 192.8 11.1 15.1 348.1 199.5 353.3 198.5 351.3 202.0 349.3 204.3 354.0 203.6 0.9988
295.8 311.6 14.2 20.0 299.8 321.3 306.2 321.1 303.2 325.0 300.6 327.5 306.0 327.3 0.9987
205.2 325.9 14.3 17.6 209.2 332.8 215.9 332.3 213.0 335.9 210.4 339.4 216.0 339.0 0.9987
215.2 233.0 11.9 16.5 218.8 239.8 224.4 239.6 222.0 242.9 219.4 245.6 224.3 245.4 0.9987
85.0 318.9 15.6 16.7 90.2 326.8 96.6 324.5 95.4 329.3 93.5 333.0 97.9 331.3 0.9987
55.5 288.1 13.2 15.2 59.2 293.4 65.2 293.3 62.4 297.2 60.0 299.8 64.6 299.7 0.9986
447.3 382.7 14.7 19.5 451.6 391.3 458.3 390.4 455.5 394.4 452.6 397.5 458.6 396.8 0.9985
263.7 226.8 11.9 15.5 267.0 233.3 272.6 232.8 270.2 236.4 268.0 239.1 272.6 238.7 0.9985
400.6 286.1 13.1 16.9 404.0 292.8 409.9 292.4 407.4 295.5 405.0 298.7 410.1 298.4 0.9985
584.6 221.3 13.9 17.6 588.2 227.8 595.1 228.3 591.3 231.8 588.2 235.2 593.8 235.6 0.9984
483.7 273.4 13.3 16.5 487.7 280.2 493.5 280.2 490.8 283.6 488.5 286.3 493.0 286.3 0.9983
390.2 377.5 14.9 18.0 394.3 383.8 401.3 383.4 398.1 387.5 394.9 390.2 401.4 389.9 0.9983
500.6 340.9 14.3 17.9 505.3 347.3 512.0 347.3 509.1 351.0 505.6 354.1 511.4 354.3 0.9983
656.9 397.7 15.2 18.8 660.8 404.7 667.9 404.1 664.8 407.3 661.5 411.0 668.3 410.5 0.9983
179.5 475.1 15.9 19.1 184.8 484.0 191.6 481.5 190.4 486.4 187.8 490.2 193.4 488.4 0.9982
347.3 270.1 15.6 18.0 351.3 280.8 356.3 277.6 355.6 283.1 356.7 286.1 360.3 283.5 0.9981
331.3 250.2 13.5 15.8 336.1 255.2 342.3 255.0 339.9 258.4 336.6 261.6 341.9 261.5 0.9980
239.2 319.7 14.3 17.5 243.5 326.5 250.0 325.3 247.5 329.6 245.2 333.3 250.4 332.4 0.9977
546.1 247.0 12.1 14.7 548.6 253.3 553.8 251.2 552.0 255.3 551.1 258.7 555.4 256.9 0.9977
268.1 284.1 14.9 19.2 271.9 292.9 278.5 291.7 275.7 296.1 273.7 299.3 279.0 298.4 0.9972
806.2 311.3 13.6 15.5 811.5 317.2 817.0 319.6 813.4 321.9 809.6 323.0 813.5 324.9 0.9969
237.6 205.2 11.2 14.9 241.6 211.4 246.8 210.6 245.2 214.0 243.0 217.1 247.1 216.5 0.9967
814.9 233.6 12.7 15.6 817.1 238.6 821.5 240.4 816.8 242.6 816.2 245.0 819.1 246.2 0.9965
227.9 432.7 15.6 16.3 232.2 441.8 238.2 438.4 237.5 443.4 236.9 447.1 241.0 444.5 0.9923
