11--Meeting/11_Meeting_Meeting_11_Meeting_Meeting_11_70.jpg
11
92.2 301.3 65.5 86.1 119.9 336.9 148.9 336.6 140.2 354.3 122.1 368.0 144.2 368.2 0.9998
615.0 280.1 33.5 37.0 622.4 297.7 636.3 292.7 631.2 302.1 628.9 309.5 640.4 305.4 0.9997
780.5 350.7 64.3 77.8 790.8 388.2 814.4 381.8 800.0 401.0 801.1 414.1 818.4 408.7 0.9997
41.1 372.7 78.9 98.7 73.4 409.4 107.0 411.1 95.7 429.6 73.6 445.0 103.0 446.4 0.9997
941.3 326.3 82.0 114.2 962.0 371.9 999.7 370.8 980.2 391.5 962.1 404.9 1001.7 404.1 0.9996
210.1 309.5 35.6 44.1 222.2 326.8 238.5 324.8 233.0 334.5 225.1 342.5 239.2 340.9 0.9995
312.3 274.0 31.5 36.7 325.1 284.8 338.2 289.4 331.3 294.2 321.7 297.9 333.0 301.7 0.9995
261.3 263.8 36.1 43.9 275.1 280.8 291.2 280.8 285.5 288.5 276.9 296.7 289.9 296.7 0.9994
347.3 271.6 24.3 30.7 358.0 283.9 368.3 285.3 364.3 290.1 357.6 294.5 366.0 295.8 0.9992
689.8 282.6 40.0 55.8 694.4 308.4 707.3 306.7 697.3 318.8 701.0 327.2 710.6 325.6 0.9989
740.2 323.2 32.2 48.4 746.0 338.6 747.9 340.0 740.3 349.2 748.9 358.8 749.9 359.3 0.9944
