11--Meeting/11_Meeting_Meeting_11_Meeting_Meeting_11_284.jpg
13
102.1 331.8 68.0 71.6 142.3 369.1 155.9 366.4 154.3 385.6 132.1 391.6 138.9 391.0 0.9998
247.7 260.0 45.9 59.4 273.7 283.8 289.7 283.8 287.9 295.8 274.3 306.8 285.5 307.0 0.9996
892.4 300.5 45.6 78.9 900.1 333.9 902.9 335.5 893.9 350.8 905.9 363.1 907.1 363.7 0.9995
735.4 247.9 26.8 30.9 740.8 261.2 752.8 264.4 744.2 269.8 740.2 271.9 748.8 274.3 0.9992
156.3 274.0 49.6 72.9 188.0 303.0 200.6 302.4 204.3 316.3 188.5 329.7 197.5 329.7 0.9991
594.1 215.8 25.9 35.3 598.9 231.0 610.5 231.1 603.3 237.9 600.4 243.7 608.9 243.8 0.9991
837.7 287.9 37.6 60.6 845.2 309.0 847.9 310.8 838.9 320.9 847.2 332.8 849.0 333.6 0.9984
820.0 207.3 13.6 18.6 821.8 215.1 825.4 215.3 821.4 218.7 822.5 222.1 824.9 222.0 0.9973
448.0 250.9 28.8 44.8 470.6 270.6 472.4 269.6 475.0 279.0 465.6 285.3 467.5 285.1 0.9963
837.4 221.4 12.2 18.5 827.9 286.2 828.4 287.0 823.9 295.3 830.4 303.5 831.2 303.7 0.9850
820.4 166.2 10.7 12.4 839.0 228.9 841.8 228.4 839.4 232.4 841.0 236.0 843.2 235.4 0.9794
830.0 271.9 34.8 56.1 823.0 169.8 828.1 169.9 825.2 172.5 823.2 175.2 827.1 175.3 0.9247
850.4 201.7 10.2 14.0 836.0 294.6 840.7 297.3 832.6 306.2 838.1 315.4 841.4 316.9 0.7419
