11--Meeting/11_Meeting_Meeting_11_Meeting_Meeting_11_73.jpg
48
420.6 390.2 29.8 23.8 436.4 401.5 441.7 406.3 435.7 410.1 427.1 408.1 429.9 412.1 0.9998
960.9 348.9 24.8 28.5 972.5 362.5 980.3 365.7 975.0 370.6 967.5 371.2 973.0 373.9 0.9997
759.4 370.9 26.4 33.1 777.8 384.5 782.8 384.2 784.2 391.3 775.0 396.7 778.4 396.9 0.9997
297.9 381.0 34.4 49.8 324.3 398.4 327.6 400.0 329.9 410.5 316.6 417.4 319.3 419.4 0.9996
540.0 355.3 22.1 28.3 550.4 367.9 559.4 367.5 556.8 373.1 551.4 377.8 558.0 377.6 0.9996
54.3 397.9 42.4 60.3 84.9 423.4 89.8 420.4 98.6 432.4 87.1 444.9 89.8 443.7 0.9996
86.1 456.3 44.4 77.5 117.9 484.6 120.6 483.8 130.5 497.7 119.1 513.7 121.9 513.7 0.9994
324.9 332.1 12.7 15.4 328.2 338.4 333.8 337.3 331.6 340.6 330.0 344.2 334.3 343.3 0.9994
353.5 332.9 15.2 19.7 361.2 340.0 367.2 340.5 365.8 343.4 361.8 347.5 366.2 347.9 0.9993
801.7 353.0 23.3 30.9 816.6 365.7 822.2 365.7 822.8 371.7 816.1 376.7 819.8 377.1 0.9993
306.5 337.5 15.2 19.4 312.6 345.1 319.0 345.3 316.5 349.1 312.6 352.5 317.8 352.8 0.9993
278.6 342.4 20.1 24.7 287.3 353.6 294.8 351.9 293.6 357.5 290.1 362.5 295.5 361.3 0.9993
489.0 342.4 17.4 20.7 497.1 350.2 504.2 349.9 502.7 354.0 498.7 358.4 503.9 358.3 0.9991
242.2 353.7 17.9 21.1 248.4 361.6 256.2 362.0 252.6 366.6 248.6 370.1 254.5 370.4 0.9991
682.6 332.3 14.4 17.1 689.8 338.5 695.0 340.5 692.5 343.2 688.2 345.0 691.9 346.6 0.9991
510.9 324.3 14.2 17.8 515.3 331.5 521.9 331.2 519.3 334.7 516.2 338.0 521.6 337.8 0.9990
406.5 353.9 24.7 32.0 417.5 368.9 427.3 367.1 425.4 374.1 419.9 379.4 427.1 378.2 0.9990
581.3 339.9 16.4 20.1 588.3 346.5 594.8 346.2 593.3 349.4 589.8 354.2 595.0 353.9 0.9989
764.7 336.6 17.2 20.0 770.4 344.4 777.9 345.2 773.8 348.8 769.9 351.8 775.9 352.5 0.9989
591.2 418.2 38.8 55.2 620.2 441.5 622.3 437.2 631.9 448.5 623.0 461.5 623.7 459.0 0.9989
671.8 395.7 25.9 38.5 688.3 411.2 691.1 408.4 697.6 416.4 692.4 425.5 693.6 424.1 0.9989
192.2 353.6 17.9 20.9 198.6 360.7 207.0 360.0 204.4 364.1 200.6 369.3 206.8 368.8 0.9985
219.5 343.9 13.2 15.0 224.8 348.4 230.6 349.1 228.1 351.9 224.8 354.8 229.1 355.4 0.9985
706.1 343.8 17.9 23.0 712.2 352.5 720.7 352.5 717.6 356.1 713.7 361.1 720.4 361.1 0.9984
866.8 326.4 12.6 13.8 870.1 331.3 875.6 331.0 872.8 333.2 870.9 336.4 875.1 336.2 0.9983
334.8 375.4 28.4 45.8 353.7 392.7 358.9 391.9 361.0 401.6 351.8 410.0 355.7 409.8 0.9980
453.3 325.8 14.1 17.9 459.5 333.1 465.1 332.7 463.6 336.0 460.5 339.5 464.9 339.2 0.9979
547.4 337.1 12.8 16.2 553.3 344.1 558.4 344.0 556.9 347.5 554.0 350.1 557.6 350.2 0.9970
624.4 336.9 12.7 14.1 628.5 341.5 634.2 342.4 631.0 345.3 628.0 347.6 632.1 348.4 0.9965
817.1 337.2 18.5 24.5 824.4 347.8 831.6 349.1 827.8 353.7 823.2 356.3 828.8 357.4 0.9958
991.5 327.2 13.2 16.8 998.2 332.7 1002.7 333.3 1001.4 336.4 997.9 339.4 1001.4 340.0 0.9946
382.3 336.6 13.1 16.0 387.1 343.2 392.6 342.9 390.4 346.2 388.1 349.1 392.2 348.9 0.9944
521.6 349.2 14.8 16.6 529.6 357.9 532.4 358.4 530.8 362.0 526.6 363.2 528.0 363.7 0.9914
610.3 401.1 29.1 47.3 630.5 419.5 634.1 417.8 638.0 428.4 630.3 437.8 632.9 437.0 0.9913
644.4 350.7 19.2 23.4 655.7 360.6 661.5 360.1 661.3 364.9 656.8 369.3 660.7 369.2 0.9894
908.6 345.8 19.1 23.0 918.4 356.6 925.4 356.4 923.6 361.3 918.9 364.5 923.8 364.6 0.9872
596.6 530.2 60.7 98.8 648.2 566.4 649.9 562.6 652.5 582.7 643.3 606.5 645.2 603.2 0.9790
730.3 352.6 15.5 21.2 736.8 361.8 741.7 361.9 740.0 366.2 737.2 369.6 740.7 369.7 0.9708
773.1 332.8 13.7 17.7 777.3 341.3 782.7 342.5 779.7 345.6 776.6 347.5 780.4 348.5 0.9690
173.6 355.4 16.2 18.5 179.6 362.2 187.1 362.0 184.4 366.2 181.2 370.2 186.4 370.0 0.9596
110.2 356.3 14.4 18.9 114.9 363.2 121.7 363.1 118.7 367.3 115.5 370.9 120.7 370.9 0.9475
713.4 331.0 10.4 11.5 718.1 335.3 721.7 334.9 721.0 337.6 718.9 340.0 721.5 339.9 0.9334
7.5 388.4 30.1 30.9 337.8 395.7 341.0 397.2 344.5 406.3 333.9 413.6 336.4 415.4 0.8464
396.2 343.2 18.4 22.9 24.5 351.1 27.7 350.2 29.3 353.9 26.3 358.2 28.5 357.8 0.8239
229.1 343.9 11.2 14.8 20.9 401.5 22.4 403.5 18.5 411.2 17.9 412.4 18.3 413.8 0.7014
654.7 334.2 11.6 12.6 402.1 350.7 408.9 350.0 405.5 354.4 402.8 359.9 408.2 359.3 0.6874
11.3 349.6 20.8 27.8 817.6 329.6 821.2 329.6 820.1 332.3 818.0 334.5 820.5 334.6 0.5074
176.9 343.6 14.8 19.3 231.5 349.5 236.1 350.3 233.2 353.1 230.9 355.6 234.2 356.2 0.5001
