11--Meeting/11_Meeting_Meeting_11_Meeting_Meeting_11_923.jpg
10
711.6 559.7 105.3 141.1 730.0 611.6 746.8 624.0 709.7 639.7 723.5 662.2 735.3 671.3 0.9999
718.7 387.7 87.0 116.9 731.5 434.9 762.6 442.5 730.9 461.2 728.8 476.9 751.9 483.1 0.9998
214.5 310.5 62.0 85.0 224.2 346.4 249.9 347.4 232.0 364.6 228.4 374.5 250.6 374.9 0.9997
292.7 242.2 52.5 65.5 305.7 270.7 329.2 266.6 319.4 280.5 313.6 294.2 331.3 290.5 0.9996
254.3 388.6 75.7 104.1 261.2 429.0 284.9 434.2 259.0 450.5 265.2 466.7 283.3 470.0 0.9996
141.9 188.5 52.7 63.9 155.1 215.2 177.9 210.8 168.6 226.6 162.9 238.2 180.8 234.3 0.9996
924.9 186.6 55.8 67.8 937.6 215.4 961.3 210.8 950.3 224.0 944.8 238.4 964.0 234.2 0.9996
512.2 234.9 56.7 74.4 528.0 263.2 555.3 265.2 540.7 277.9 528.8 291.2 549.9 292.7 0.9995
433.3 167.4 48.7 68.6 443.0 194.3 464.2 195.8 449.7 207.9 443.6 219.1 460.2 220.3 0.9995
752.6 236.1 56.4 80.7 763.0 269.6 788.3 270.8 772.3 285.3 765.6 299.4 783.7 300.2 0.9994
