11--Meeting/11_Meeting_Meeting_11_Meeting_Meeting_11_288.jpg
19
38.6 334.0 47.2 56.5 58.9 358.9 75.5 352.6 77.4 363.0 70.6 378.4 82.2 373.7 0.9998
921.1 315.9 50.1 60.2 946.1 341.2 964.4 336.3 964.1 348.7 954.8 363.6 967.9 359.7 0.9997
726.5 322.4 55.5 69.2 743.0 349.8 768.5 351.0 756.0 362.8 744.4 374.3 764.3 375.5 0.9994
346.6 322.7 48.8 62.8 362.1 348.8 385.5 349.8 375.0 361.1 364.1 371.3 381.4 372.2 0.9993
831.0 246.4 26.6 39.2 846.3 263.5 852.9 261.6 855.7 268.5 849.9 277.1 854.4 276.0 0.9992
568.2 321.1 48.6 62.9 590.5 349.3 610.6 345.4 607.7 357.8 597.1 371.5 611.8 368.4 0.9992
191.8 339.4 44.2 59.8 208.4 366.5 228.7 363.2 223.5 376.3 213.7 387.8 228.5 385.4 0.9992
645.9 269.3 31.3 36.3 655.6 283.7 669.4 284.7 662.6 289.8 656.8 296.5 667.0 297.4 0.9991
413.4 280.4 29.7 37.7 420.1 295.9 434.1 296.0 426.4 303.9 421.8 309.9 432.5 309.9 0.9986
737.4 237.9 19.9 24.6 748.4 247.3 753.7 246.6 754.7 250.7 750.6 256.1 754.3 255.8 0.9981
705.8 217.6 13.7 16.1 709.2 225.4 715.1 224.9 712.2 228.9 710.9 231.3 714.9 231.0 0.9962
560.3 267.5 30.1 35.3 570.7 282.0 584.2 279.6 580.1 287.5 575.1 295.7 584.8 294.0 0.9946
640.8 251.7 20.4 26.5 648.6 261.8 657.3 261.7 654.1 266.0 649.4 271.2 656.2 271.3 0.9916
419.7 252.9 21.7 23.6 425.5 262.0 435.4 261.5 430.4 266.5 426.8 270.7 434.5 270.4 0.9672
613.1 225.2 13.7 16.1 618.3 232.0 623.8 231.2 622.2 234.8 619.8 238.2 624.0 237.7 0.9596
747.7 217.9 14.6 18.4 749.7 225.4 755.6 225.7 751.3 229.7 750.7 233.0 754.7 233.1 0.9492
563.1 243.9 17.4 21.4 568.7 251.0 576.5 250.7 573.2 255.0 569.8 260.1 575.6 260.0 0.8961
489.9 211.1 11.7 16.3 497.4 217.5 499.9 216.9 500.4 220.7 498.0 224.1 499.6 223.8 0.7812
593.5 214.6 11.4 14.1 596.8 220.5 602.2 219.6 600.2 222.9 598.5 226.0 602.5 225.3 0.7724
