11--Meeting/11_Meeting_Meeting_11_Meeting_Meeting_11_211.jpg
13
807.6 368.7 30.7 26.5 816.0 381.0 816.3 380.9 818.1 389.0 827.9 390.7 826.8 390.4 0.9998
31.1 345.1 39.8 74.2 60.4 373.8 62.9 373.6 71.1 387.4 58.8 400.6 61.4 401.1 0.9995
635.7 301.2 13.9 15.4 638.5 306.4 644.6 306.5 640.9 310.2 639.3 313.1 643.7 313.1 0.9992
461.1 275.5 13.0 14.6 464.5 280.8 470.1 280.8 467.1 283.4 465.1 286.4 469.3 286.5 0.9992
517.1 284.7 15.8 19.7 521.3 292.5 528.6 292.6 524.8 295.9 521.8 299.6 527.6 299.7 0.9992
79.3 292.5 16.7 19.0 86.0 301.3 93.1 299.3 91.4 304.8 88.7 308.5 93.5 307.1 0.9988
504.7 283.1 11.7 14.8 507.4 288.1 512.7 288.0 509.7 291.1 507.9 294.2 512.1 294.1 0.9981
162.9 292.3 15.2 18.5 169.5 300.9 175.7 300.7 173.5 304.9 170.1 307.5 174.5 307.5 0.9979
875.0 331.3 19.0 27.5 877.8 340.4 878.9 340.8 875.3 347.6 881.0 352.6 881.7 352.5 0.9961
693.4 339.9 27.2 42.5 699.2 355.8 699.4 356.4 697.8 367.0 706.6 373.5 706.2 373.6 0.9957
576.7 300.7 14.1 12.5 580.2 306.7 581.4 306.4 580.8 310.0 585.2 311.1 585.3 310.7 0.9935
384.6 284.0 12.3 17.6 386.8 291.6 390.0 292.6 385.9 295.3 386.4 298.0 388.5 298.6 0.9923
547.7 299.6 10.5 14.4 553.8 305.3 556.4 304.9 556.6 308.2 554.5 311.1 556.3 311.0 0.5996
