11--Meeting/11_Meeting_Meeting_11_Meeting_Meeting_11_105.jpg
8
226.7 352.5 96.1 133.9 281.9 412.6 309.1 404.0 318.9 429.7 292.8 457.7 314.6 451.0 0.9999
334.6 243.1 55.7 65.4 356.3 267.2 380.8 265.4 373.7 280.5 359.2 291.7 380.3 290.3 0.9997
439.1 199.5 41.9 51.9 449.2 221.1 469.3 217.1 461.1 229.1 453.7 238.8 471.5 235.4 0.9997
777.5 169.3 37.5 43.3 783.3 188.5 798.9 184.0 790.6 194.5 788.4 202.3 802.3 198.7 0.9996
84.9 259.9 71.3 86.1 117.9 292.9 148.4 294.8 141.0 310.4 119.6 325.2 142.8 327.0 0.9996
526.4 163.7 28.9 33.1 537.7 174.7 549.7 178.9 542.4 183.6 533.8 186.0 544.4 189.6 0.9995
409.6 174.0 35.0 42.3 424.0 186.9 438.6 187.1 434.3 192.8 425.6 202.7 438.0 202.9 0.9993
595.6 142.3 25.9 38.0 605.0 157.5 616.9 158.7 611.7 165.7 604.3 170.0 614.7 171.1 0.9992
