11--Meeting/11_Meeting_Meeting_11_Meeting_Meeting_11_89.jpg
40
214.7 298.4 31.0 42.2 238.9 317.7 240.8 317.2 242.3 327.1 231.4 332.4 232.2 332.4 0.9997
427.2 352.7 38.1 64.2 453.4 379.2 456.4 376.5 465.4 387.5 456.1 401.3 458.9 400.1 0.9997
115.8 323.2 42.8 54.9 140.8 341.7 147.2 338.5 156.8 347.6 147.3 361.9 152.7 360.3 0.9997
734.3 318.3 34.1 41.2 739.9 339.1 754.2 341.0 744.5 349.9 743.4 351.7 754.4 352.8 0.9996
626.7 297.0 29.2 30.9 637.3 310.4 649.4 312.9 642.8 319.5 635.7 321.2 644.3 323.3 0.9996
306.9 255.0 16.3 25.7 318.9 264.6 319.9 264.1 323.3 268.9 319.7 274.5 320.3 274.4 0.9994
775.8 267.9 16.5 20.3 778.1 274.8 784.9 274.7 780.0 278.9 778.9 283.1 784.1 282.9 0.9993
615.2 258.5 12.8 18.2 616.2 266.4 618.4 266.2 615.1 269.9 617.7 273.4 618.9 272.8 0.9993
950.4 273.5 16.4 20.2 959.1 282.0 965.0 282.0 963.8 286.0 959.1 289.0 963.9 289.1 0.9992
477.1 245.2 11.0 13.8 481.7 250.2 486.0 249.4 485.3 252.1 483.1 255.5 486.5 254.9 0.9991
380.5 273.4 20.0 28.0 392.9 284.2 397.2 283.4 399.4 288.0 394.6 294.3 397.5 293.8 0.9989
108.2 250.2 15.9 19.8 117.3 258.5 122.2 258.0 121.9 262.4 117.5 265.7 121.1 265.5 0.9987
58.6 250.8 11.0 14.9 65.8 256.4 68.3 256.5 68.6 259.8 65.3 262.5 66.9 262.8 0.9986
331.6 261.7 12.7 19.4 338.3 269.7 341.9 268.4 343.1 272.4 340.3 276.8 342.8 276.1 0.9984
167.2 265.1 18.7 26.0 179.6 274.3 183.4 274.4 184.9 279.2 179.7 284.3 182.4 284.6 0.9984
527.2 276.6 21.8 27.0 539.1 286.8 546.3 285.0 546.7 291.4 541.0 297.5 546.2 296.4 0.9982
583.4 252.4 11.9 15.1 586.5 259.0 591.8 257.9 589.7 261.2 587.8 264.0 592.4 263.2 0.9980
903.5 263.1 11.8 16.5 908.4 269.7 913.5 270.3 911.5 273.3 908.2 275.7 912.3 276.2 0.9979
95.5 263.9 19.8 25.2 107.6 273.3 113.2 272.8 113.1 278.7 106.8 283.1 110.9 283.0 0.9979
809.5 222.3 10.0 12.9 813.0 228.1 817.3 228.0 815.5 230.5 813.6 232.6 816.9 232.6 0.9978
770.9 257.1 10.1 13.4 776.0 261.8 779.5 262.0 778.7 264.5 776.2 267.2 778.8 267.4 0.9972
885.1 261.7 11.9 16.1 888.5 267.5 894.2 266.8 892.0 270.0 889.7 273.7 894.6 273.1 0.9971
221.2 254.9 12.2 17.7 225.3 261.7 231.0 261.6 228.7 264.8 226.0 268.4 230.4 268.4 0.9970
533.1 251.9 9.9 13.1 536.2 257.0 540.6 257.3 538.4 259.7 536.2 262.1 539.7 262.4 0.9956
432.3 252.5 10.0 14.1 437.1 257.8 440.8 257.5 440.2 260.5 437.7 263.5 440.6 263.5 0.9956
88.9 243.5 11.2 14.6 95.4 249.2 97.9 248.3 99.2 251.3 97.2 254.8 98.9 254.3 0.9938
244.7 217.4 7.2 8.9 247.0 220.8 250.1 220.5 248.9 222.3 247.7 224.2 250.2 224.0 0.9885
194.7 221.8 7.5 9.0 198.2 225.1 200.8 225.1 200.1 226.9 198.3 228.7 200.3 228.8 0.9809
158.4 252.1 12.2 15.5 164.5 258.5 168.4 258.1 167.7 261.2 165.3 264.2 168.1 264.1 0.9806
689.4 283.5 13.8 20.8 700.5 291.5 701.1 291.6 701.9 296.6 696.6 299.5 697.0 299.9 0.9800
350.1 244.8 8.4 11.3 352.1 249.7 356.0 249.5 354.2 251.9 353.0 254.0 355.8 253.8 0.9740
652.3 263.6 10.0 11.9 657.4 267.8 660.5 268.3 659.0 271.1 655.9 272.9 658.2 273.4 0.9681
421.7 259.8 11.1 15.8 429.2 265.3 431.1 264.8 432.1 268.2 430.1 271.6 431.5 271.5 0.9617
943.1 263.3 12.1 14.4 948.2 267.7 952.8 267.3 951.8 269.7 949.3 273.4 953.0 273.2 0.9472
985.9 253.4 7.8 9.8 988.2 257.5 991.8 257.4 990.1 259.4 988.7 261.3 991.5 261.3 0.9216
70.0 253.9 8.5 12.4 71.4 257.9 74.8 258.1 72.6 260.8 71.8 263.5 74.3 263.6 0.9182
577.0 244.9 6.5 8.7 578.3 248.3 581.3 248.4 579.5 250.2 578.6 251.8 580.9 251.8 0.8890
514.4 239.0 9.1 11.3 517.1 244.1 521.6 243.7 519.7 246.3 518.0 248.5 521.4 248.1 0.8883
363.9 251.7 10.7 13.0 369.2 258.5 372.8 258.3 371.8 261.2 369.7 262.9 372.1 262.9 0.8842
602.4 255.6 9.2 12.0 607.3 260.2 609.5 259.8 609.5 262.7 608.1 265.1 609.5 264.9 0.7601
