11--Meeting/11_Meeting_Meeting_11_Meeting_Meeting_11_864.jpg
94
690.7 371.7 14.3 18.1 694.5 379.0 701.1 378.8 698.0 382.2 695.3 385.5 701.0 385.3 0.9998
413.1 388.3 16.6 20.5 417.3 396.5 424.9 396.7 420.9 401.0 417.6 403.5 424.5 403.6 0.9998
404.4 356.1 12.7 16.4 407.9 362.6 413.8 362.9 410.6 365.7 408.0 368.5 413.1 368.6 0.9998
235.9 367.0 16.7 19.8 239.8 374.9 247.4 374.2 243.8 378.1 241.4 382.1 247.5 381.5 0.9998
783.9 395.7 17.9 22.2 789.6 403.8 797.7 404.0 794.0 408.0 789.9 412.0 796.8 412.2 0.9998
784.2 369.6 13.5 17.1 788.3 376.0 794.3 376.3 791.3 379.1 788.4 381.9 793.6 382.1 0.9997
195.4 349.2 14.7 17.2 199.6 356.0 206.3 355.9 203.1 359.2 200.0 361.9 205.8 361.9 0.9997
565.2 360.3 13.9 16.0 568.3 365.2 574.9 365.2 571.4 368.5 568.7 371.9 574.3 372.0 0.9997
333.0 329.1 10.5 13.6 336.1 334.7 340.9 334.6 338.8 337.1 336.7 339.5 340.8 339.4 0.9997
428.8 363.1 13.5 17.1 431.9 370.1 438.3 370.0 435.0 373.3 432.7 376.3 438.0 376.2 0.9997
382.4 376.2 16.1 20.6 387.4 384.1 394.6 383.8 391.4 387.8 387.9 391.3 394.5 391.1 0.9997
836.3 396.1 15.8 20.9 840.5 404.5 847.6 404.2 844.1 408.3 841.3 412.3 847.4 412.1 0.9997
314.8 368.6 15.3 18.9 319.2 375.5 326.3 375.6 322.8 379.1 319.5 382.5 325.7 382.6 0.9996
349.4 350.6 12.4 16.4 353.0 357.6 358.8 357.3 356.2 360.4 353.7 363.4 358.5 363.2 0.9996
612.0 359.1 13.1 16.3 615.7 365.2 621.8 364.9 618.9 368.2 616.4 371.3 621.6 371.1 0.9996
288.7 373.2 16.7 20.3 293.1 381.4 300.5 381.3 296.8 385.1 293.7 388.2 300.4 388.1 0.9996
516.4 366.9 15.3 21.3 520.6 376.1 527.6 375.7 524.4 380.3 521.7 383.7 527.6 383.4 0.9996
255.2 368.1 14.5 18.7 258.8 376.1 265.3 376.2 261.6 380.1 259.4 383.0 264.4 383.1 0.9996
645.8 390.0 17.9 21.9 651.2 398.6 659.2 399.2 655.1 403.2 651.3 406.2 657.9 406.7 0.9996
851.9 362.2 13.5 17.3 856.2 368.9 862.0 369.0 859.2 371.6 856.5 374.5 861.5 374.6 0.9996
496.8 362.9 13.8 18.7 500.0 370.6 506.3 370.0 503.3 374.0 501.2 377.2 506.7 376.7 0.9996
475.8 330.8 10.3 13.2 479.2 336.2 483.8 336.4 481.7 338.8 479.3 340.9 483.1 341.1 0.9996
441.2 332.3 10.0 12.9 443.6 337.7 448.1 337.6 445.7 339.9 444.0 342.0 447.8 342.0 0.9996
626.8 346.1 9.9 12.1 629.5 350.4 634.1 350.3 631.8 352.7 629.9 355.1 633.8 355.0 0.9995
204.4 378.4 17.0 22.1 209.6 387.0 217.7 387.5 213.8 391.6 209.4 395.4 216.2 395.9 0.9995
670.5 362.4 12.6 16.0 673.6 368.7 679.3 368.7 676.2 371.4 674.0 374.2 678.9 374.2 0.9995
288.5 330.3 10.4 13.1 291.3 335.6 296.2 335.3 294.0 337.9 292.0 340.4 296.2 340.2 0.9995
222.9 343.3 13.8 16.5 226.8 349.5 233.0 349.4 230.1 352.7 227.5 355.7 232.5 355.6 0.9995
664.7 341.1 10.2 12.7 667.8 346.1 672.4 346.5 670.0 349.0 667.8 351.0 671.4 351.3 0.9995
818.1 367.7 16.4 20.6 823.0 376.2 830.2 376.4 826.6 380.5 823.3 383.5 829.2 383.7 0.9995
335.7 377.4 15.8 19.8 340.7 386.2 347.6 385.9 344.6 389.8 341.6 393.0 347.0 392.9 0.9995
762.5 388.1 16.3 19.0 766.2 394.3 773.4 394.1 769.5 398.6 767.3 402.2 773.1 402.0 0.9995
312.0 345.8 12.5 15.6 315.4 352.0 321.4 352.4 318.3 355.3 315.5 357.9 320.4 358.1 0.9994
920.1 374.3 15.8 18.9 924.3 381.9 931.1 382.0 927.4 384.3 924.6 388.0 930.3 388.0 0.9994
101.8 372.3 18.2 22.3 107.4 381.6 115.5 381.8 111.6 386.3 108.1 389.4 114.7 389.6 0.9994
137.2 357.4 14.5 18.0 141.9 364.7 148.3 364.4 145.7 367.9 142.9 371.2 148.1 371.1 0.9994
706.0 341.5 10.0 12.2 708.1 345.8 712.7 345.8 710.1 348.1 708.5 350.6 712.2 350.6 0.9994
267.9 381.0 16.4 21.5 272.4 390.1 280.2 389.8 276.9 394.2 273.6 398.2 280.0 398.0 0.9994
470.0 373.1 18.3 22.1 475.5 381.9 483.8 381.4 480.0 385.6 476.4 389.6 483.5 389.3 0.9993
464.1 348.3 11.8 15.2 467.3 354.9 472.7 354.5 470.2 357.4 468.2 360.1 472.7 359.7 0.9993
365.2 362.2 14.3 19.5 367.8 370.5 374.5 370.4 370.7 374.6 368.7 377.7 374.3 377.5 0.9993
718.1 390.1 19.1 21.6 722.7 398.9 731.3 398.2 727.0 402.4 724.2 406.5 731.2 405.8 0.9993
865.9 384.0 16.5 18.1 870.2 390.3 877.6 390.1 873.9 392.6 871.2 397.0 877.1 396.9 0.9993
628.4 380.8 14.2 18.2 632.1 387.6 638.7 387.2 635.6 390.7 633.1 394.3 638.7 394.0 0.9993
403.9 327.2 11.5 14.1 407.1 332.4 412.3 333.0 409.4 335.3 406.8 337.4 411.5 337.8 0.9993
732.2 334.4 10.5 12.7 735.4 339.5 740.0 339.6 737.7 341.9 735.6 344.0 739.6 344.1 0.9993
281.9 353.2 12.8 15.8 285.6 359.2 291.5 359.4 288.5 362.3 285.9 365.2 290.8 365.3 0.9993
886.5 403.2 18.1 21.8 891.1 412.6 899.5 411.5 895.8 415.8 892.7 419.9 899.8 419.0 0.9993
612.1 319.4 10.3 12.1 614.8 324.0 619.5 323.8 617.2 326.2 615.4 328.6 619.2 328.4 0.9992
264.4 299.1 8.7 11.1 266.5 303.7 270.6 303.6 268.6 305.7 267.0 307.7 270.4 307.6 0.9992
762.3 345.6 10.3 13.7 765.2 351.1 769.9 350.7 767.8 353.4 765.9 356.0 769.9 355.7 0.9992
26.9 378.4 20.2 26.3 34.5 389.8 43.6 390.3 40.0 394.9 35.0 398.5 42.5 398.9 0.9992
345.1 402.5 16.3 20.9 350.0 410.7 357.3 410.5 353.9 414.7 350.4 417.8 357.2 417.6 0.9992
751.7 368.7 14.8 17.9 756.0 375.8 762.5 375.5 759.5 378.9 756.9 382.3 762.4 382.1 0.9992
580.4 334.5 10.1 13.5 583.9 340.4 588.3 340.4 586.4 343.0 584.2 345.1 587.8 345.1 0.9991
569.5 390.1 16.8 23.3 573.8 399.6 581.5 399.6 577.5 403.9 574.4 407.7 581.0 407.7 0.9991
429.3 306.5 9.5 11.7 431.4 311.5 435.7 311.6 433.3 313.8 431.8 315.7 435.2 315.7 0.9991
534.2 347.4 12.0 15.5 537.8 353.6 543.0 353.6 540.5 356.8 538.2 359.2 542.6 359.3 0.9991
501.2 322.7 10.6 13.4 504.7 328.2 509.4 327.7 507.6 330.6 505.5 333.0 509.4 332.7 0.9991
947.4 395.0 17.5 21.8 952.1 403.7 960.2 403.9 956.0 407.7 952.6 411.3 959.2 411.6 0.9991
632.8 306.0 8.8 11.5 634.9 310.3 638.8 310.5 636.7 312.5 635.2 314.6 638.4 314.6 0.9991
450.0 373.1 14.8 20.0 453.6 381.5 460.4 381.5 456.8 385.1 454.0 388.1 460.0 388.1 0.9991
516.3 337.7 9.5 12.2 518.4 342.7 522.8 342.3 520.7 344.7 519.2 347.0 522.9 346.8 0.9991
594.1 324.3 9.6 12.5 596.4 329.0 600.8 329.2 598.4 331.3 596.7 333.7 600.3 333.8 0.9991
296.9 315.6 8.3 10.3 299.4 319.7 303.1 319.5 301.5 321.4 299.8 323.3 302.9 323.2 0.9990
149.0 384.7 16.5 19.3 153.8 391.5 161.7 391.6 158.0 395.6 154.3 398.7 161.0 398.9 0.9989
839.3 343.3 11.6 14.5 841.8 349.3 846.9 349.4 844.0 351.6 842.2 354.3 846.4 354.3 0.9989
322.3 313.3 9.2 11.2 325.1 317.5 329.3 317.4 327.5 319.5 325.5 321.6 329.1 321.5 0.9989
469.3 306.5 8.8 11.3 471.6 311.3 475.5 311.1 473.6 313.5 472.3 315.4 475.4 315.2 0.9989
584.6 382.0 14.8 18.6 588.9 389.0 595.5 389.2 592.4 392.6 589.3 395.9 595.1 396.0 0.9988
546.1 323.0 9.6 12.5 548.3 327.8 552.6 327.9 550.2 330.1 548.6 332.3 552.3 332.4 0.9988
451.6 291.4 9.6 12.4 453.4 296.6 457.5 296.5 455.1 298.9 454.0 301.2 457.3 301.1 0.9987
644.5 328.5 10.1 12.5 646.7 333.5 651.0 333.4 648.6 336.0 647.3 338.4 650.6 338.3 0.9986
374.2 327.2 10.0 12.4 376.8 331.8 381.2 331.8 378.9 334.0 377.2 336.3 380.9 336.3 0.9985
261.6 316.4 9.3 12.3 265.9 321.1 269.3 321.0 268.4 323.5 266.3 326.0 269.0 326.0 0.9985
180.1 369.0 13.8 18.7 183.4 376.3 189.6 376.1 186.2 379.7 183.8 382.9 189.3 382.8 0.9985
610.0 292.5 9.5 11.9 612.0 297.8 616.3 297.3 614.2 299.7 612.9 301.8 616.6 301.4 0.9983
419.2 290.7 9.4 12.6 421.3 296.5 425.4 296.2 423.5 298.9 422.2 300.9 425.5 300.6 0.9981
222.1 294.0 9.2 11.3 224.8 298.5 229.0 298.5 226.9 300.7 225.1 302.7 228.5 302.8 0.9981
310.9 304.2 8.4 10.8 313.6 308.5 317.4 308.5 315.8 310.6 313.9 312.5 317.1 312.5 0.9981
316.8 292.4 8.2 10.6 319.3 296.8 322.9 296.7 321.2 298.6 319.7 300.3 322.7 300.3 0.9980
393.5 285.7 9.1 11.3 395.9 290.2 400.0 290.1 398.1 292.1 396.6 294.4 399.8 294.2 0.9979
339.7 296.6 9.2 11.6 341.9 301.7 346.3 301.7 344.0 304.0 342.4 305.8 345.7 305.9 0.9978
665.6 309.1 8.7 11.3 667.9 313.6 672.0 313.6 670.0 315.6 668.3 317.7 671.7 317.7 0.9976
688.3 312.1 8.5 11.5 690.4 316.8 694.4 316.8 692.4 319.1 691.0 321.0 694.2 321.0 0.9971
359.9 306.1 8.6 11.7 362.3 310.8 366.1 310.6 364.2 312.8 362.8 314.9 366.0 314.7 0.9969
388.4 310.7 9.6 10.6 391.0 314.8 395.4 314.2 393.5 316.5 391.8 318.7 395.4 318.3 0.9966
376.0 293.7 8.9 11.1 379.0 298.4 382.8 298.7 380.9 300.6 379.1 302.3 382.0 302.6 0.9961
791.8 340.8 10.2 12.7 794.0 344.6 798.8 345.0 796.0 347.1 794.1 349.9 798.1 350.2 0.9959
540.1 307.2 8.8 10.7 542.8 311.5 546.7 311.3 544.9 313.3 543.3 315.4 546.4 315.2 0.9959
498.4 309.3 8.3 9.9 500.6 313.2 504.3 313.2 502.4 315.2 501.0 316.9 503.9 316.9 0.9948
290.6 301.8 8.6 10.2 292.8 305.5 296.9 305.2 295.1 307.3 293.6 309.4 297.0 309.2 0.9939
350.8 286.0 8.3 11.0 352.3 290.4 356.1 290.5 353.9 292.6 352.7 294.6 355.7 294.6 0.9935
579.2 298.3 7.8 10.3 581.0 302.2 584.6 302.3 582.6 304.2 581.3 306.1 584.2 306.1 0.9916
