11--Meeting/11_Meeting_Meeting_11_Meeting_Meeting_11_346.jpg
14
100.7 335.2 35.0 49.3 127.5 360.4 128.7 360.4 129.8 371.0 118.2 376.3 117.7 376.8 0.9988
659.1 356.7 15.6 19.6 660.9 364.7 665.9 364.3 661.7 368.7 662.5 372.5 666.0 372.0 0.9983
204.1 394.9 18.0 23.7 214.8 404.3 220.5 404.4 219.7 409.8 214.5 413.8 218.3 414.1 0.9959
160.9 391.0 16.8 21.5 168.7 400.4 175.3 399.9 174.0 404.2 170.2 408.4 175.2 408.2 0.9949
339.7 389.8 19.3 24.8 348.7 399.5 356.3 400.4 353.3 405.3 348.0 409.0 353.9 409.8 0.9890
279.4 343.6 13.1 11.7 282.6 351.4 284.2 349.7 284.3 353.4 288.1 354.5 288.4 353.1 0.9849
398.0 412.1 19.1 28.2 410.7 423.3 413.9 423.8 414.7 429.0 409.9 433.7 411.7 434.4 0.9831
85.7 535.3 38.1 64.6 116.2 558.6 118.0 558.2 121.9 572.5 111.2 584.3 112.6 584.3 0.9755
715.8 316.6 19.2 23.4 720.4 328.4 727.7 326.5 725.0 332.0 724.1 336.1 729.4 334.5 0.9704
744.5 448.5 29.6 43.1 753.1 461.7 753.0 463.3 744.4 469.7 749.1 479.1 748.7 479.7 0.9700
704.0 444.7 18.8 30.8 707.8 453.8 708.9 454.5 704.1 459.8 707.5 467.0 708.1 467.1 0.9554
522.9 302.5 16.5 20.0 524.8 311.7 529.8 312.0 525.8 316.2 526.8 318.8 530.0 318.9 0.9217
786.5 373.7 17.0 19.0 790.7 381.8 794.3 381.5 792.0 386.7 794.5 389.3 796.4 388.9 0.9209
980.5 411.4 20.8 33.8 984.0 423.6 984.8 423.6 982.6 431.3 987.7 437.5 988.2 437.3 0.8871
