11--Meeting/11_Meeting_Meeting_11_Meeting_Meeting_11_153.jpg
8
938.2 246.8 85.5 109.8 962.5 309.6 975.6 308.2 968.4 338.6 999.3 340.3 1004.1 337.9 0.9999
1.2 192.2 71.4 107.2 46.4 241.3 62.9 241.1 63.3 265.1 38.3 276.5 51.5 276.9 0.9996
597.2 235.2 39.4 51.1 610.6 254.3 628.6 254.7 620.9 261.2 612.0 272.2 626.5 272.7 0.9996
853.5 248.4 44.9 73.3 861.1 276.9 866.1 277.4 853.1 290.7 864.6 303.3 869.5 302.9 0.9996
807.3 230.1 46.8 60.3 814.8 259.9 827.1 257.8 817.7 271.6 826.2 279.6 834.4 277.0 0.9995
150.4 245.4 50.0 72.2 184.1 275.2 194.2 275.9 197.5 289.5 180.1 300.1 187.4 301.3 0.9995
306.3 227.9 44.4 62.6 335.8 254.0 343.9 255.1 343.1 269.9 327.2 276.6 332.8 278.3 0.9994
917.1 209.4 56.0 85.5 923.6 246.4 939.0 246.4 926.6 261.6 931.2 275.1 942.5 274.9 0.9710
