11--Meeting/11_Meeting_Meeting_11_Meeting_Meeting_11_312.jpg
14
329.3 346.1 28.6 30.8 334.8 361.4 338.1 361.2 335.8 369.7 344.9 372.1 346.0 371.5 0.9998
69.4 388.7 48.0 78.6 103.5 421.1 108.3 419.8 116.6 433.8 104.4 449.1 107.6 448.9 0.9997
542.2 326.3 38.0 52.1 553.6 349.9 571.7 348.8 564.0 359.9 556.6 367.7 570.3 366.9 0.9997
300.4 488.8 58.7 99.1 342.3 529.5 347.1 527.5 359.2 546.1 344.5 565.3 348.0 564.4 0.9996
228.4 302.2 23.5 30.6 233.1 315.2 242.9 314.5 237.4 320.5 235.2 326.0 243.2 325.4 0.9996
964.0 365.1 59.7 79.8 986.3 396.3 1013.1 394.9 1004.6 411.2 991.8 427.3 1011.7 426.0 0.9995
431.9 341.5 35.4 46.3 442.0 361.0 458.5 358.9 451.8 369.2 446.1 378.1 458.5 376.4 0.9995
702.2 369.1 48.4 63.2 717.4 393.9 739.8 391.6 731.6 404.0 723.3 418.0 739.9 415.9 0.9994
675.0 329.8 49.1 61.9 690.7 352.4 712.4 350.1 704.1 359.7 696.6 375.4 712.2 373.2 0.9993
687.3 573.2 75.8 112.7 742.8 617.5 750.5 612.7 765.5 632.7 747.5 658.2 752.6 655.7 0.9990
279.5 319.1 24.6 30.6 285.3 332.4 296.4 330.8 291.3 338.5 288.3 343.7 296.6 342.5 0.9990
180.4 317.5 20.9 28.2 183.8 330.7 188.2 330.3 184.7 337.0 188.0 340.2 191.4 339.6 0.9990
362.6 312.6 28.2 36.3 369.5 325.1 382.2 326.8 374.3 332.6 369.1 338.9 379.2 340.3 0.9978
14.7 337.8 22.8 26.6 31.1 348.4 32.8 348.8 32.3 355.5 25.8 358.5 26.8 359.0 0.9764
