11--Meeting/11_Meeting_Meeting_11_Meeting_Meeting_11_221.jpg
11
720.3 284.1 26.3 32.4 726.6 297.0 738.7 298.9 731.2 304.5 726.4 309.1 735.4 310.6 0.9998
596.0 273.7 27.9 32.5 605.3 285.6 617.4 289.8 610.0 294.5 603.2 297.3 612.4 300.7 0.9997
60.7 290.3 41.0 54.1 88.2 314.3 95.5 311.3 102.0 322.3 90.9 332.6 95.4 331.2 0.9997
848.8 311.9 37.5 52.9 855.1 330.2 860.9 334.2 848.3 340.9 854.5 350.7 858.3 352.9 0.9996
399.6 279.8 35.5 47.4 414.0 300.4 429.5 296.2 427.3 308.5 419.0 317.6 430.8 314.4 0.9996
497.7 251.5 20.2 25.1 502.7 261.9 512.0 260.3 508.1 266.2 505.4 271.3 512.6 270.0 0.9996
225.6 274.1 32.9 49.0 248.4 294.4 255.3 294.2 257.5 303.7 247.3 312.2 252.3 312.5 0.9995
574.4 249.7 18.9 24.8 582.4 260.3 590.6 260.7 587.6 266.0 582.9 269.7 588.7 270.0 0.9995
924.4 307.1 30.8 45.0 927.4 325.6 937.3 326.7 926.9 333.9 929.4 342.2 936.4 342.6 0.9993
514.1 299.3 32.0 41.1 524.0 314.0 539.2 315.7 531.5 324.3 524.3 330.4 535.7 331.7 0.9991
956.5 316.5 25.9 43.3 961.5 332.6 962.8 333.2 956.6 339.8 961.5 348.9 962.4 349.1 0.9990
