58--Hockey/58_Hockey_icehockey_puck_58_472.jpg
103
691.2 147.8 47.9 59.4 699.4 162.7 717.5 167.8 700.1 178.5 696.5 187.7 710.7 191.9 0.9999
565.5 98.2 45.7 56.6 586.6 116.2 604.3 114.5 602.0 126.2 590.4 138.9 605.1 137.6 0.9998
651.8 133.2 22.5 28.4 655.0 143.2 664.0 143.5 657.3 149.1 655.9 154.5 662.6 154.6 0.9992
428.0 164.5 25.0 31.5 431.0 174.3 440.3 173.7 433.1 180.7 432.7 187.3 440.0 186.6 0.9989
869.0 113.0 28.1 33.7 875.5 125.3 888.6 126.7 880.5 131.7 875.2 137.8 885.6 138.8 0.9969
407.1 169.4 14.9 20.1 409.6 176.4 416.4 176.1 412.3 180.3 410.6 184.7 415.8 184.4 0.9966
68.2 240.9 9.3 12.1 70.1 245.5 74.0 245.7 71.5 248.0 70.3 250.2 73.5 250.3 0.9958
948.9 85.3 26.0 36.4 954.3 99.8 964.8 100.9 957.8 106.7 955.0 112.2 963.4 113.0 0.9946
147.1 161.4 11.0 13.4 150.3 166.2 155.3 166.5 152.7 168.9 150.5 171.5 154.4 171.7 0.9928
418.0 79.4 10.0 12.7 420.3 84.0 424.8 84.1 422.1 86.6 420.7 89.1 424.0 89.2 0.9920
85.8 163.0 9.5 12.4 88.2 167.9 92.6 167.8 90.4 170.3 88.8 172.8 92.1 172.7 0.9870
145.1 144.2 9.6 12.2 147.4 148.6 151.8 148.8 149.2 151.1 147.7 153.6 151.0 153.7 0.9866
155.5 178.3 10.9 13.4 157.5 184.4 162.5 184.3 159.7 187.2 158.4 189.5 161.9 189.4 0.9862
35.0 224.6 8.7 10.9 37.3 228.3 41.0 228.8 38.6 230.6 37.1 232.6 39.9 233.0 0.9853
488.4 62.4 9.3 12.0 491.0 67.1 494.7 67.4 492.6 69.5 491.1 71.7 494.1 71.8 0.9796
169.8 234.0 15.8 19.9 171.8 240.0 178.0 239.7 173.8 244.6 173.7 249.1 178.3 248.7 0.9785
31.0 242.6 9.8 12.9 32.8 247.8 37.1 247.7 34.5 250.4 33.5 252.9 36.8 252.8 0.9764
852.8 173.3 21.0 28.1 857.4 185.6 866.3 185.9 861.0 192.1 858.6 196.2 865.2 196.4 0.9739
416.5 51.9 7.7 9.8 418.1 56.0 421.6 55.9 419.7 58.0 418.6 59.8 421.4 59.7 0.9738
577.7 49.4 8.5 10.2 579.4 53.3 583.1 53.3 580.7 55.4 579.9 57.5 582.8 57.4 0.9693
446.6 64.1 8.8 11.6 448.2 68.9 452.3 68.8 450.0 71.2 448.9 73.5 451.9 73.4 0.9690
362.3 69.1 8.8 11.3 364.6 73.6 368.1 73.5 366.3 75.7 365.1 77.9 368.0 77.8 0.9669
443.0 133.1 9.2 11.0 444.8 136.8 448.2 137.2 445.4 139.2 444.8 141.3 447.4 141.5 0.9666
31.1 166.3 9.3 10.9 33.1 170.1 37.4 170.0 35.2 172.4 33.8 174.7 37.1 174.6 0.9633
539.2 39.5 8.8 12.1 541.2 44.1 545.0 44.0 542.8 46.4 541.6 48.9 544.5 48.8 0.9596
466.8 49.0 7.3 9.0 468.5 52.5 471.8 52.6 470.0 54.3 468.7 55.9 471.4 56.0 0.9577
387.5 52.7 9.1 10.8 388.8 56.7 392.3 56.8 389.8 59.0 389.3 61.1 391.9 61.1 0.9556
457.1 117.1 9.4 12.0 458.8 121.7 462.3 121.8 459.8 124.1 459.2 126.4 461.9 126.4 0.9483
277.4 83.5 10.5 13.0 280.0 89.0 285.0 88.8 282.7 91.6 281.1 94.3 284.6 94.1 0.9482
456.2 31.2 7.3 9.4 457.9 35.1 461.0 35.3 459.1 37.1 458.0 38.7 460.4 38.9 0.9472
446.1 101.3 9.4 11.5 448.6 106.3 452.8 106.5 450.5 108.7 449.0 110.6 452.1 110.8 0.9424
117.0 199.4 9.6 12.2 118.7 204.6 123.2 204.4 120.8 207.3 119.8 209.5 123.0 209.3 0.9392
512.0 45.5 10.1 12.9 514.7 50.3 519.2 50.1 517.1 52.7 515.3 55.2 519.0 55.1 0.9386
483.6 117.5 9.3 11.4 486.0 122.4 490.1 122.1 488.0 124.5 486.7 126.7 489.8 126.6 0.9362
481.6 80.1 10.1 12.5 484.8 85.1 489.5 84.9 487.4 87.7 485.6 90.3 489.0 90.2 0.9352
111.9 147.0 9.3 11.0 113.7 150.9 117.7 151.3 114.9 153.4 113.7 155.5 116.8 155.7 0.9347
187.5 91.6 7.9 10.2 188.9 95.6 192.2 95.7 190.0 97.7 189.3 99.7 191.8 99.6 0.9346
380.6 34.1 8.1 10.4 382.4 38.7 386.0 38.6 384.1 40.8 383.1 42.7 385.8 42.6 0.9281
0.0 165.7 8.3 12.9 0.0 169.8 5.8 169.9 3.1 172.6 0.6 175.5 5.0 175.6 0.9264
29.8 267.9 11.0 12.3 32.2 272.3 37.4 272.2 34.7 275.0 33.0 277.8 37.1 277.6 0.9247
868.4 93.4 19.4 20.9 871.3 99.3 878.3 99.6 872.1 103.7 871.5 108.5 876.9 108.5 0.9174
224.4 91.5 10.3 12.0 226.6 95.2 231.3 95.3 228.6 97.8 227.1 100.4 230.7 100.5 0.9165
391.3 68.6 8.8 10.8 393.3 72.7 397.2 72.8 394.8 74.9 393.6 77.0 396.7 77.0 0.9129
66.2 206.1 7.9 10.5 67.7 210.4 70.8 210.7 68.6 212.5 67.8 214.4 70.1 214.6 0.9123
242.0 75.1 9.6 12.4 244.6 80.0 248.8 80.1 246.6 82.5 245.0 84.9 248.3 84.9 0.9078
153.4 91.2 9.3 11.4 155.0 96.2 159.4 96.0 157.1 98.7 155.9 100.8 159.0 100.6 0.9059
545.0 7.2 8.6 11.5 546.7 12.0 550.5 12.0 548.4 14.2 547.3 16.4 550.1 16.3 0.9020
160.9 45.1 9.0 11.1 163.3 48.9 167.5 49.0 165.4 51.0 163.7 53.3 167.0 53.4 0.8973
565.1 9.7 7.6 9.5 567.0 13.1 570.7 13.1 568.8 15.1 567.4 17.0 570.3 17.0 0.8960
492.0 96.6 8.8 11.7 494.4 101.0 498.2 101.0 496.3 103.4 494.9 105.8 498.0 105.8 0.8907
443.2 50.4 7.9 9.6 445.3 54.3 448.9 54.4 447.0 56.3 445.6 58.0 448.5 58.0 0.8876
622.6 3.4 8.4 10.1 624.5 7.4 628.3 7.4 626.3 9.5 625.0 11.5 628.0 11.4 0.8862
331.8 23.1 8.2 10.1 333.7 26.6 337.1 26.6 335.1 28.6 334.0 30.7 336.8 30.7 0.8860
420.2 103.4 9.0 11.8 422.3 108.6 426.2 108.6 424.0 111.2 423.0 113.1 425.9 113.1 0.8830
32.0 95.5 10.2 13.2 34.4 100.0 39.2 100.4 36.4 103.1 34.6 105.6 38.2 105.9 0.8759
355.2 174.0 10.9 14.3 357.4 179.4 362.2 179.4 359.3 182.5 358.0 185.3 361.6 185.3 0.8731
24.1 204.5 8.8 11.7 26.1 208.9 30.4 208.9 28.2 211.4 26.7 213.7 30.0 213.6 0.8705
575.1 25.3 8.1 9.8 577.2 28.8 581.2 29.1 579.0 31.0 577.3 32.9 580.5 33.1 0.8688
74.1 222.5 9.8 11.4 75.8 227.0 80.1 227.1 77.3 229.6 76.2 231.8 79.4 231.8 0.8572
617.6 21.7 10.2 13.4 620.6 26.9 625.2 26.4 623.3 29.4 621.8 32.3 625.4 32.0 0.8517
20.9 144.8 9.4 11.5 23.1 149.2 27.2 149.3 24.8 151.6 23.4 153.9 26.7 153.9 0.8467
591.2 24.1 7.8 9.6 592.9 27.7 596.6 27.7 594.6 29.7 593.2 31.6 596.2 31.6 0.8463
513.0 73.2 10.3 14.6 514.8 78.6 518.8 78.6 516.0 81.7 515.3 84.8 518.4 84.7 0.8399
327.0 6.5 8.7 11.0 329.0 11.0 333.2 10.8 331.2 13.5 329.9 15.6 332.9 15.4 0.8308
317.7 68.4 9.5 11.9 320.1 73.2 324.3 73.3 322.0 75.7 320.5 77.9 323.7 78.0 0.8224
199.8 140.3 10.7 13.7 602.0 52.3 606.7 52.2 604.6 54.7 602.5 57.2 606.3 57.2 0.8008
467.6 77.0 9.1 11.5 664.5 6.5 668.2 6.7 666.1 8.8 664.8 10.6 667.6 10.6 0.7992
593.0 11.5 6.7 8.6 204.7 145.4 209.0 145.8 207.4 148.4 204.8 150.9 207.9 151.2 0.7918
926.6 54.6 9.7 13.5 469.8 81.4 474.2 81.5 471.7 84.0 470.0 86.2 473.5 86.3 0.7851
358.9 100.6 8.5 10.5 594.9 14.8 597.8 14.8 596.4 16.5 595.2 18.3 597.5 18.3 0.7797
317.9 53.9 9.0 10.5 930.0 58.7 934.4 58.8 932.5 61.5 930.4 64.4 934.0 64.5 0.7744
519.1 131.2 9.3 11.3 361.3 105.1 364.8 105.0 363.1 107.1 361.8 109.1 364.6 109.0 0.7486
68.2 80.1 7.8 10.1 321.1 58.3 325.0 58.5 323.4 60.7 321.3 62.5 324.3 62.7 0.7457
119.6 79.7 9.2 11.3 522.3 135.6 526.0 135.7 524.3 138.1 522.5 140.2 525.3 140.4 0.7401
270.5 107.8 8.6 10.2 70.1 83.8 73.5 83.9 71.6 85.9 70.3 87.9 73.0 88.0 0.7307
288.4 56.5 9.0 11.6 123.0 83.7 126.5 83.5 125.5 85.8 124.0 88.2 126.6 88.1 0.7191
171.3 54.9 8.5 11.4 172.7 30.6 176.3 30.7 174.4 32.6 173.0 34.5 175.9 34.6 0.7185
292.4 42.4 8.3 10.9 272.0 111.6 276.2 111.4 273.9 113.8 272.7 116.0 276.0 115.9 0.7058
431.9 14.8 8.1 10.0 290.6 61.1 294.1 60.9 292.1 63.3 291.2 65.7 294.0 65.5 0.7052
104.5 125.2 9.7 13.5 173.5 59.1 177.5 59.5 175.2 61.7 173.6 63.9 176.5 64.1 0.6876
559.7 39.9 8.9 10.6 169.5 112.0 175.2 112.1 173.0 115.7 169.9 118.5 173.8 118.7 0.6805
484.1 30.6 8.9 10.9 294.6 46.4 298.2 46.1 296.6 48.3 295.3 50.5 298.3 50.3 0.6661
502.0 19.7 7.6 9.9 434.0 18.8 437.5 18.7 435.7 20.6 434.5 22.6 437.3 22.5 0.6601
377.9 22.4 7.9 9.3 138.4 221.3 142.3 221.3 140.5 223.6 138.8 225.7 141.8 225.7 0.6503
525.2 29.0 10.2 12.1 106.6 130.9 111.4 130.7 109.1 133.8 107.5 136.4 111.1 136.3 0.6502
139.9 13.3 7.5 9.3 561.9 44.0 565.8 44.1 563.6 46.3 562.2 48.5 565.2 48.5 0.6456
411.2 17.5 7.0 8.4 486.1 34.2 490.4 34.3 488.0 36.7 486.5 39.0 489.7 39.1 0.6426
9.2 81.8 8.8 10.3 503.9 23.3 507.4 23.4 505.6 25.4 504.1 27.4 507.0 27.5 0.6315
167.1 13.5 7.3 9.0 380.4 26.0 384.0 26.0 382.3 28.0 380.8 29.8 383.6 29.8 0.6303
110.8 31.8 8.8 11.8 528.4 33.9 533.0 34.0 530.8 36.4 528.6 38.7 532.3 38.8 0.6196
343.3 49.0 9.9 11.6 141.9 17.0 145.2 17.0 143.4 19.0 142.3 20.8 144.8 20.7 0.6137
209.8 78.6 9.2 11.3 412.8 20.6 415.5 20.7 413.8 22.3 413.1 23.9 415.2 23.9 0.5990
381.2 163.0 10.3 11.9 11.3 85.2 15.6 85.2 13.4 87.5 11.9 89.6 15.1 89.6 0.5883
23.2 193.8 8.1 9.5 169.2 17.0 172.6 17.0 171.0 18.9 169.5 20.6 172.2 20.6 0.5578
77.2 29.3 9.3 10.9 113.1 36.5 117.3 36.3 115.3 38.9 113.9 41.3 117.0 41.2 0.5483
527.2 10.9 8.7 10.5 345.8 52.9 350.6 53.0 348.1 55.5 346.2 58.0 350.0 58.0 0.5464
502.8 33.7 8.0 10.3 211.6 83.4 215.6 83.5 213.1 85.9 212.0 88.1 215.1 88.2 0.5369
192.5 22.6 8.8 11.1 361.8 20.2 366.3 20.5 363.6 22.8 361.9 25.2 365.3 25.4 0.5328
133.0 27.1 8.7 10.9 383.7 167.1 388.4 167.1 386.0 169.5 384.2 171.9 387.9 171.9 0.5317
303.0 25.1 9.9 12.5 119.9 228.1 123.6 227.6 122.3 230.3 120.9 232.9 123.7 232.5 0.5281
192.6 41.9 8.3 10.8 25.2 197.0 29.0 197.1 27.0 199.0 25.5 201.0 28.6 201.0 0.5215
110.0 64.2 8.0 9.7 78.9 33.4 83.3 33.2 80.9 36.0 79.9 38.3 82.9 38.1 0.5214
251.5 101.8 8.4 11.0 529.6 14.6 533.8 14.5 531.8 16.8 530.1 19.2 533.4 19.2 0.5091
