58--Hockey/58_Hockey_icehockey_puck_58_666.jpg
22
286.9 96.1 29.2 36.5 296.5 109.6 310.1 111.0 303.5 117.6 295.7 121.8 308.3 123.0 0.9997
816.1 80.4 29.3 36.5 822.2 92.5 835.9 92.7 827.8 99.5 823.4 107.0 834.0 107.2 0.9997
329.1 85.6 27.6 34.2 337.2 98.3 350.3 98.5 344.1 105.6 337.9 110.5 349.2 110.6 0.9997
556.1 94.7 27.2 32.9 565.5 108.2 577.9 107.4 573.3 114.2 567.8 120.4 577.1 119.8 0.9996
588.1 76.0 26.5 34.5 592.9 89.2 604.4 89.0 597.4 96.0 594.2 102.1 603.8 102.0 0.9996
921.8 98.0 35.8 43.8 927.2 115.8 942.8 116.2 931.9 123.6 928.1 130.7 940.7 131.1 0.9996
239.4 69.2 28.7 36.1 250.8 82.7 263.5 83.6 258.8 89.8 251.3 96.1 261.3 96.9 0.9996
715.6 80.1 29.5 37.5 723.6 94.3 737.2 94.4 730.4 101.5 725.2 108.8 735.5 108.9 0.9996
132.8 91.5 32.6 40.0 144.8 107.4 159.6 106.3 154.4 114.8 146.6 121.3 159.0 120.5 0.9996
622.0 95.5 25.9 34.9 627.1 108.8 638.8 108.8 632.0 115.5 628.1 121.7 637.6 121.8 0.9995
661.3 107.1 27.7 30.5 668.0 116.2 680.4 116.6 673.5 123.6 668.8 129.1 678.6 129.4 0.9995
691.3 74.3 24.8 30.2 697.4 84.3 709.8 83.8 704.2 88.8 699.8 96.7 709.5 96.2 0.9995
438.4 94.9 26.3 34.5 445.1 107.8 458.0 107.6 451.7 115.7 447.0 121.9 456.3 121.8 0.9994
215.9 99.5 32.8 39.7 228.7 114.7 243.2 113.3 238.9 121.1 231.9 129.7 243.1 128.8 0.9994
374.8 98.6 23.3 31.9 380.2 110.8 391.2 111.8 384.7 117.8 380.7 123.3 389.0 124.1 0.9994
504.7 78.1 26.5 33.0 513.0 91.9 525.1 91.6 519.6 97.8 514.5 103.4 524.4 103.2 0.9994
764.0 102.8 30.2 35.8 770.8 115.5 784.5 115.2 777.0 123.7 773.3 130.5 783.1 130.2 0.9994
475.3 112.9 25.8 30.7 481.1 123.7 493.1 123.3 486.7 130.7 482.9 136.3 492.1 135.9 0.9994
847.9 88.9 32.0 40.9 853.6 106.6 868.1 105.9 859.8 113.5 855.7 121.0 867.1 120.4 0.9994
58.0 59.8 34.9 42.3 67.2 77.8 83.5 76.7 76.1 84.5 69.7 91.5 83.7 90.7 0.9993
400.7 110.6 27.0 33.9 407.7 124.3 420.1 123.9 413.7 130.8 409.0 136.7 419.1 136.4 0.9993
531.5 73.3 24.1 33.9 540.0 86.1 550.8 87.7 545.1 92.8 539.0 98.5 547.5 99.9 0.9991
