58--Hockey/58_Hockey_icehockey_puck_58_447.jpg
35
754.4 221.5 16.7 20.8 757.8 230.0 765.5 229.4 761.7 233.5 759.3 237.3 765.8 236.8 0.9998
401.4 264.2 18.1 24.2 405.4 273.3 414.2 273.2 409.3 277.7 406.2 282.6 413.6 282.5 0.9996
171.8 276.2 18.0 23.3 176.6 286.3 184.6 286.1 180.6 290.8 177.7 294.3 184.1 294.2 0.9996
249.5 270.0 17.3 21.9 252.9 278.2 260.5 278.1 256.1 282.4 253.8 286.4 259.9 286.2 0.9995
754.0 341.5 18.6 23.2 758.0 350.0 766.4 350.1 761.6 354.1 758.6 358.4 765.7 358.5 0.9995
377.6 222.1 17.2 22.0 381.5 230.8 389.3 231.0 384.9 234.8 381.9 238.5 388.6 238.6 0.9995
511.3 347.0 19.4 22.9 515.2 356.4 523.8 356.2 518.8 361.0 516.2 364.3 523.7 364.1 0.9995
172.1 341.4 18.2 23.8 176.1 351.5 184.3 351.4 179.7 355.6 176.7 359.1 183.9 359.0 0.9995
586.6 340.1 19.0 25.6 590.7 350.7 599.4 351.1 594.4 356.0 591.3 359.7 598.5 359.9 0.9994
822.9 221.4 18.3 22.8 825.3 230.0 832.4 229.7 827.3 234.4 826.7 238.7 832.1 238.4 0.9994
531.9 216.6 18.3 23.2 535.6 225.8 543.4 225.5 538.8 229.9 536.3 233.7 543.2 233.5 0.9993
325.6 269.7 17.5 22.5 329.6 278.4 337.6 278.1 333.3 282.6 330.8 286.8 337.2 286.4 0.9993
307.9 224.0 16.6 21.0 312.4 231.9 319.7 232.1 315.9 235.5 313.0 239.6 318.8 239.6 0.9993
164.4 228.1 17.1 21.0 168.1 236.5 175.7 236.4 171.1 239.1 168.7 243.9 174.5 243.9 0.9992
607.6 214.5 18.1 22.9 611.8 224.3 620.1 224.4 615.6 228.2 612.6 232.1 619.4 232.2 0.9992
627.9 265.1 17.6 22.2 632.0 273.8 640.0 274.0 635.5 277.9 632.3 281.7 639.2 281.9 0.9992
888.8 224.2 18.7 24.7 892.4 233.7 900.5 233.9 895.3 238.3 892.9 242.5 899.6 242.6 0.9992
686.4 211.6 18.4 24.5 691.1 221.4 699.3 221.8 694.8 226.0 691.9 230.5 698.0 230.8 0.9992
853.7 263.9 18.6 23.2 857.3 272.5 865.3 272.6 860.3 276.4 857.8 280.9 864.6 280.9 0.9991
479.0 259.7 19.8 25.6 484.2 269.4 493.5 269.4 488.6 274.2 485.0 279.1 492.7 279.1 0.9991
453.5 218.3 17.3 21.5 457.7 225.8 465.7 226.0 461.3 230.0 458.4 234.3 464.5 234.5 0.9991
338.6 341.6 19.8 25.0 342.9 352.5 351.6 352.7 346.7 357.5 343.8 360.9 351.1 361.0 0.9991
64.8 274.0 17.9 21.6 70.0 282.0 77.6 282.3 73.6 285.3 70.3 289.6 76.5 289.8 0.9991
264.0 339.5 18.1 23.7 268.4 348.9 277.3 348.8 272.8 354.1 269.3 357.7 276.8 357.6 0.9991
914.1 280.6 17.5 21.9 918.3 289.7 926.1 289.7 921.8 293.8 919.1 297.5 925.1 297.5 0.9991
556.3 264.6 17.3 22.9 560.8 273.8 568.8 273.6 564.8 278.1 561.4 281.9 568.4 281.7 0.9990
709.0 265.9 17.8 21.8 713.2 273.5 721.0 274.1 716.5 278.2 713.4 281.6 720.3 281.9 0.9989
787.0 263.5 19.1 22.1 791.3 271.2 800.3 271.5 795.4 275.7 792.0 279.8 799.2 280.0 0.9989
118.8 280.0 19.6 21.7 124.3 288.9 132.9 288.3 128.9 291.4 125.9 296.3 132.4 295.9 0.9988
665.6 337.3 19.7 27.3 669.9 348.4 678.8 348.9 673.4 353.8 670.3 358.1 677.4 358.5 0.9988
84.3 334.0 18.8 24.2 88.7 343.5 97.5 343.5 92.7 348.9 89.8 352.9 96.5 352.8 0.9987
842.2 339.9 18.8 23.4 846.5 349.1 854.9 348.8 850.3 353.0 847.7 357.7 854.2 357.5 0.9987
930.9 334.7 18.5 25.3 934.5 344.1 942.9 344.1 937.9 348.9 935.5 353.9 942.0 353.8 0.9987
422.9 331.6 19.2 24.9 426.9 341.1 436.2 341.3 431.0 345.9 427.7 350.4 435.4 350.4 0.9986
233.1 220.0 17.8 23.8 237.0 229.6 245.3 229.7 240.8 234.4 238.0 238.1 244.7 238.1 0.9984
