58--Hockey/58_Hockey_icehockey_puck_58_1001.jpg
9
397.1 129.1 41.8 62.0 402.5 147.7 407.2 147.6 396.6 159.1 404.2 174.2 407.4 173.8 0.9998
636.2 107.3 35.4 57.6 641.4 124.6 643.7 125.6 634.9 136.8 644.7 148.8 646.3 148.9 0.9996
158.3 84.6 36.7 56.0 187.5 107.6 188.9 104.6 193.4 118.0 181.2 128.0 182.4 126.5 0.9995
608.0 48.3 39.0 55.5 637.6 74.6 640.2 71.2 643.4 85.4 631.1 93.3 632.6 91.3 0.9994
888.4 89.7 39.5 54.6 892.4 106.5 898.7 107.6 892.0 120.2 900.9 130.8 905.1 131.2 0.9976
459.6 90.6 35.0 55.5 485.6 110.9 487.7 108.3 494.3 119.6 487.1 132.6 488.6 131.1 0.9972
787.1 46.9 38.1 53.9 816.4 70.9 818.9 68.2 822.5 80.9 813.2 91.1 814.4 89.1 0.9965
781.4 124.1 34.3 52.3 788.8 140.5 791.8 142.4 782.5 151.3 788.1 162.7 789.7 163.8 0.9954
184.1 175.4 36.5 53.4 189.0 192.6 191.8 192.4 187.5 202.7 193.0 214.3 195.1 214.1 0.9424
