58--Hockey/58_Hockey_icehockey_puck_58_238.jpg
8
555.0 144.4 51.6 68.0 573.3 162.5 576.4 164.1 557.5 171.1 562.3 189.9 564.5 190.6 0.9999
450.7 132.0 53.2 67.4 474.2 154.4 495.9 154.4 489.5 169.8 473.2 180.3 491.7 180.7 0.9997
536.7 27.1 57.2 76.1 551.3 57.6 576.6 56.5 563.7 71.5 555.0 84.2 575.8 83.2 0.9993
639.2 49.8 43.8 63.9 667.7 74.1 674.1 72.6 681.1 83.9 672.2 98.0 676.1 97.4 0.9992
300.2 112.4 45.9 63.3 319.9 135.3 336.9 133.2 333.9 143.7 325.7 158.2 339.1 156.6 0.9985
202.5 82.5 38.2 55.4 218.4 106.0 235.1 106.0 228.9 118.5 218.9 127.1 231.2 127.3 0.9964
392.6 81.6 48.6 75.3 407.4 109.6 426.9 112.5 416.0 124.1 407.1 135.9 421.9 138.2 0.9946
797.6 51.7 27.9 32.0 1006.0 124.7 1017.5 124.3 1018.1 134.5 1007.9 146.1 1016.9 145.9 0.9314
