58--Hockey/58_Hockey_icehockey_puck_58_609.jpg
16
755.0 216.4 30.1 26.2 771.1 231.6 776.4 233.6 771.8 239.5 763.8 238.9 765.7 240.7 0.9999
619.3 168.6 33.6 32.5 638.2 184.0 646.4 185.4 642.3 193.9 631.6 195.5 635.7 197.0 0.9998
484.3 180.7 27.6 37.8 498.7 195.6 509.3 195.4 508.7 201.5 499.2 208.5 508.1 208.6 0.9997
93.9 174.2 29.7 40.8 112.5 190.5 120.0 189.5 121.9 198.1 113.0 205.7 118.1 205.2 0.9997
904.0 157.8 27.0 38.1 918.3 174.3 928.4 173.4 927.6 180.5 918.7 186.8 927.0 186.5 0.9997
970.5 143.3 26.2 37.9 987.6 159.7 994.0 158.9 995.5 166.4 987.4 172.9 991.9 172.7 0.9997
842.1 161.8 25.3 35.2 859.2 174.8 864.6 174.7 866.9 181.2 859.3 188.0 863.2 188.3 0.9997
527.7 152.2 30.8 43.8 531.8 168.1 544.2 167.9 535.3 177.1 535.0 182.9 546.9 182.4 0.9997
401.0 186.5 28.3 37.3 418.0 201.6 425.6 201.3 426.8 207.9 419.1 214.9 424.5 215.0 0.9996
323.5 165.5 29.3 38.3 338.9 180.8 349.7 180.0 349.7 186.7 341.4 194.9 349.5 194.4 0.9996
248.3 177.2 29.4 42.2 267.1 194.9 274.6 194.0 276.7 202.3 267.2 210.0 272.6 209.7 0.9995
166.1 173.8 28.3 39.2 185.7 190.0 190.7 188.8 193.6 196.8 185.6 203.8 189.8 203.3 0.9993
799.5 190.2 24.1 34.9 816.4 204.7 820.7 204.6 822.8 211.2 815.7 217.0 818.4 217.4 0.9991
42.6 184.8 22.3 35.6 59.6 197.9 60.6 197.3 64.3 204.8 57.9 211.8 58.8 211.9 0.9988
285.1 161.8 18.0 25.8 291.2 171.9 296.4 171.5 294.0 177.0 292.6 182.3 296.2 182.1 0.9186
139.0 64.3 15.7 19.6 145.9 73.7 151.7 73.7 149.4 78.2 145.6 81.1 149.6 81.2 0.8864
