58--Hockey/58_Hockey_icehockey_puck_58_1031.jpg
19
494.7 75.0 22.5 28.9 503.0 86.6 512.8 85.7 509.5 91.9 505.1 97.3 512.4 96.6 0.9997
872.3 65.7 26.9 34.9 879.7 79.7 891.6 79.8 885.3 85.6 880.4 91.5 890.3 91.5 0.9995
432.8 58.2 23.7 29.6 439.4 69.1 450.2 69.8 444.4 74.9 439.3 79.9 448.3 80.5 0.9995
96.5 75.4 26.3 33.3 104.7 87.6 116.8 87.5 111.4 93.8 106.1 100.4 115.5 100.3 0.9995
578.1 68.1 24.2 30.7 584.8 80.0 596.1 80.3 590.5 86.4 586.0 91.8 594.5 92.0 0.9995
224.7 177.1 30.1 33.8 234.3 188.2 247.3 189.1 240.7 194.4 234.4 200.6 245.3 201.3 0.9994
662.5 159.3 26.2 34.9 668.5 174.1 681.1 174.3 674.0 180.9 669.2 185.4 680.1 185.5 0.9994
282.2 67.1 20.8 27.2 288.5 77.6 297.8 78.0 293.0 82.4 288.6 87.0 296.7 87.3 0.9994
665.2 68.3 23.1 29.7 671.4 79.4 682.1 79.2 676.9 84.4 672.3 89.7 681.9 89.4 0.9994
616.2 287.8 26.1 34.6 622.0 300.7 633.4 304.0 624.8 308.8 620.7 313.7 629.0 316.2 0.9994
772.2 68.5 23.9 31.3 777.6 81.0 788.4 79.4 783.2 86.1 779.9 92.4 788.7 91.1 0.9994
350.7 64.4 23.3 32.7 355.3 78.2 366.1 77.5 360.2 84.0 356.8 89.4 365.9 88.8 0.9993
124.1 185.2 25.7 31.8 130.8 196.5 142.9 196.7 136.7 203.5 132.1 209.2 141.3 209.3 0.9992
707.5 292.7 27.0 27.9 712.4 303.0 723.9 300.7 718.1 308.0 716.1 314.0 725.1 312.2 0.9991
187.6 62.6 25.5 31.5 195.2 75.7 206.8 75.5 201.6 81.2 197.0 87.1 205.9 87.0 0.9990
784.3 178.7 25.4 32.5 791.2 190.4 803.6 191.2 797.1 198.1 791.3 202.3 801.9 202.9 0.9990
566.2 174.4 25.4 32.2 572.0 185.7 583.3 186.5 576.6 193.2 572.7 198.2 581.4 198.9 0.9989
492.5 169.6 25.4 31.7 500.9 181.3 512.6 182.7 506.8 189.0 501.0 193.7 509.8 194.9 0.9988
367.2 164.3 24.5 29.3 372.7 174.7 383.8 174.2 377.8 180.1 374.2 186.2 382.7 185.8 0.9987
