58--Hockey/58_Hockey_icehockey_puck_58_550.jpg
15
804.7 66.6 42.5 56.0 815.0 89.6 835.0 88.1 825.6 99.9 818.0 109.0 834.6 107.8 0.9998
194.0 207.5 47.1 60.5 213.5 227.6 233.7 230.4 225.6 243.1 210.5 249.9 228.5 252.5 0.9997
292.2 205.2 45.5 56.9 311.2 226.4 330.6 226.7 324.2 238.5 310.6 245.4 328.2 245.9 0.9997
144.6 51.8 42.3 52.7 160.1 73.6 179.7 72.9 173.0 84.0 162.2 92.0 178.3 91.5 0.9997
683.8 200.6 43.9 60.2 697.2 221.1 716.7 224.5 705.4 234.4 693.9 241.1 712.6 244.1 0.9997
703.7 41.7 42.0 54.2 715.6 61.2 734.4 62.1 724.6 72.2 715.3 80.0 732.5 80.8 0.9997
355.0 34.8 41.3 50.8 367.7 53.4 387.1 53.0 378.5 63.9 369.0 71.1 386.5 70.8 0.9997
403.3 202.6 47.6 58.5 416.6 224.1 438.2 224.0 427.6 236.2 417.9 244.6 437.2 244.4 0.9997
91.3 66.1 41.3 51.0 107.4 85.0 125.8 85.0 119.4 95.1 108.5 103.4 124.4 103.4 0.9997
903.4 65.0 45.9 56.9 914.9 86.4 936.1 86.8 924.5 96.2 916.1 106.8 933.4 107.0 0.9997
265.8 40.1 42.7 58.8 279.7 63.7 299.4 63.1 291.0 76.0 279.9 82.3 298.4 82.0 0.9996
468.5 23.5 40.2 54.2 478.7 45.9 497.5 42.6 489.8 54.2 481.5 63.0 499.3 60.5 0.9996
449.4 121.8 41.9 53.3 461.5 141.2 481.4 141.8 471.9 152.1 460.8 158.4 480.4 158.9 0.9995
593.5 28.4 42.0 59.1 599.7 50.4 617.8 50.6 604.4 60.9 601.1 72.5 615.5 72.7 0.9995
570.5 202.1 44.0 56.4 581.5 221.7 601.8 222.2 590.5 233.4 582.4 242.8 599.7 243.1 0.9995
