58--Hockey/58_Hockey_icehockey_puck_58_607.jpg
44
760.2 267.3 13.9 17.9 763.1 274.3 769.6 274.3 766.1 277.7 763.6 281.0 769.0 281.0 0.9997
798.0 290.9 14.3 18.3 801.3 297.6 808.1 297.4 804.7 301.2 801.9 304.4 807.8 304.2 0.9995
237.9 265.4 14.0 17.2 241.7 271.9 248.0 271.7 245.0 275.0 242.3 278.2 247.8 278.0 0.9994
284.3 261.1 14.8 19.4 289.0 268.7 295.7 268.9 292.5 272.2 289.4 275.5 294.9 275.7 0.9994
568.1 255.5 14.4 18.9 571.5 263.2 577.7 263.3 574.0 266.6 571.8 269.8 577.2 269.9 0.9993
354.7 285.8 13.4 17.9 358.2 292.7 364.8 292.7 361.8 296.2 358.7 299.6 364.2 299.6 0.9993
384.4 252.5 15.1 18.9 388.0 259.5 395.1 259.3 391.2 262.8 388.8 266.7 394.3 266.6 0.9993
145.4 305.8 15.0 19.1 149.9 313.5 156.7 313.3 153.4 316.9 150.5 320.4 156.3 320.3 0.9991
200.0 264.2 14.1 19.0 205.5 271.8 211.8 272.0 209.4 275.1 206.1 278.5 211.0 278.7 0.9991
669.7 285.5 15.2 19.1 674.2 292.6 681.4 292.8 677.7 296.2 674.5 299.7 680.5 299.9 0.9990
733.7 289.0 14.1 18.4 737.5 296.5 744.1 296.4 740.9 299.9 738.4 303.3 743.4 303.3 0.9990
906.9 304.2 15.3 20.4 910.7 312.6 917.5 312.8 913.6 316.3 910.9 319.6 916.8 319.7 0.9990
856.9 298.8 15.3 18.9 861.0 305.6 868.1 305.4 864.4 308.9 861.4 312.6 867.3 312.5 0.9990
299.6 287.2 14.0 18.1 303.8 294.4 310.4 294.0 307.6 297.9 304.7 301.2 309.8 301.0 0.9990
694.3 260.2 14.8 18.7 698.5 267.2 705.5 267.2 702.2 270.7 699.3 274.2 704.9 274.1 0.9989
411.0 285.4 13.1 16.5 414.3 291.2 420.2 290.9 417.3 294.5 415.0 297.6 419.9 297.5 0.9989
603.4 348.1 14.5 18.9 607.4 355.5 614.3 355.3 611.0 359.2 608.1 362.6 613.7 362.5 0.9989
343.6 348.0 13.8 17.4 347.0 354.2 353.6 354.2 350.2 357.8 347.6 361.1 352.9 361.1 0.9988
653.8 343.4 13.2 17.8 657.4 350.5 663.6 350.5 660.5 353.8 657.8 356.7 663.0 356.7 0.9987
233.8 355.7 15.3 17.9 238.0 363.0 245.2 362.9 241.7 366.6 238.6 369.4 244.5 369.4 0.9987
964.5 304.5 16.2 20.0 968.0 312.1 975.8 312.0 971.6 315.0 969.0 319.6 974.7 319.5 0.9987
339.0 257.0 14.1 17.6 343.2 263.1 349.6 263.5 346.3 266.7 343.6 270.0 348.4 270.4 0.9987
827.0 273.5 13.7 17.4 830.9 279.8 837.3 280.0 834.1 283.2 831.2 286.3 836.6 286.5 0.9987
630.6 255.3 13.8 17.3 634.7 261.7 641.0 261.9 638.1 264.7 635.5 268.2 640.2 268.3 0.9987
452.2 355.9 15.0 20.1 456.7 364.0 463.7 363.7 460.6 367.8 457.6 371.5 463.1 371.3 0.9987
557.2 353.3 13.8 18.2 561.1 361.0 567.9 360.9 564.9 364.5 561.8 367.7 567.3 367.7 0.9987
398.8 346.6 14.9 19.5 402.8 354.6 410.1 354.6 406.5 358.3 403.5 361.5 409.5 361.5 0.9987
244.4 296.8 13.1 16.8 247.4 303.5 253.4 303.3 250.4 306.4 248.1 309.6 253.2 309.4 0.9987
884.1 348.6 15.9 20.9 889.2 356.5 896.6 357.1 893.1 360.8 889.2 363.9 895.5 364.3 0.9986
542.3 284.2 14.2 18.5 546.5 291.2 553.1 291.1 550.1 294.4 547.3 298.0 552.6 298.0 0.9986
449.5 252.5 14.3 18.3 453.2 259.4 459.9 259.2 456.6 263.0 454.0 266.5 459.4 266.3 0.9985
288.1 351.2 14.4 18.8 291.9 358.6 298.5 358.5 295.2 362.5 292.7 365.5 298.1 365.4 0.9985
180.9 348.7 15.2 19.4 184.6 356.5 191.5 356.6 187.8 359.9 185.2 363.3 191.0 363.3 0.9983
604.9 283.9 13.6 18.5 608.5 291.3 615.0 291.1 611.9 294.9 609.4 298.3 614.5 298.1 0.9983
194.0 303.0 14.9 19.2 198.8 310.5 205.3 310.2 202.6 313.9 199.8 317.5 205.1 317.3 0.9982
476.2 283.9 13.1 18.4 479.9 290.3 486.3 290.3 483.4 294.3 480.3 297.5 485.8 297.5 0.9980
960.0 349.6 15.4 19.9 964.1 357.1 971.2 357.1 967.6 361.0 965.0 364.8 970.4 364.8 0.9980
707.4 350.0 15.8 20.5 711.5 358.3 718.8 358.4 715.0 362.5 712.0 365.6 718.0 365.6 0.9979
511.7 250.1 14.5 18.1 515.8 256.6 522.5 256.7 519.2 259.8 516.4 263.5 521.7 263.5 0.9979
822.2 350.8 15.5 19.5 826.2 358.4 833.1 358.2 829.5 361.7 826.8 365.2 832.7 365.0 0.9976
506.1 351.6 14.3 18.4 510.0 358.3 517.0 358.4 513.6 362.2 510.7 365.6 516.2 365.7 0.9975
764.5 354.9 13.9 17.7 768.1 361.9 774.2 361.7 771.0 364.9 768.8 368.1 773.8 368.0 0.9975
123.1 343.0 15.4 19.6 126.9 349.8 134.4 349.8 130.5 353.7 127.5 357.5 133.6 357.5 0.9974
53.3 343.7 14.8 19.1 56.5 351.5 63.6 351.4 59.6 355.1 57.3 358.5 63.1 358.4 0.9969
