58--Hockey/58_Hockey_icehockey_puck_58_964.jpg
24
726.5 368.1 17.4 19.3 731.0 374.6 739.1 375.2 734.7 379.4 731.8 382.9 737.4 383.3 0.9992
136.8 333.1 6.7 8.2 138.8 336.0 142.0 336.0 140.6 337.7 139.2 339.4 141.7 339.4 0.9815
427.5 291.5 7.0 9.2 429.3 294.7 432.6 294.7 430.9 296.5 429.5 298.3 432.3 298.3 0.9649
249.1 375.9 19.8 23.5 258.1 384.0 265.8 382.9 263.9 388.8 260.2 393.9 265.8 393.2 0.9637
271.9 322.8 7.9 9.5 274.6 326.0 278.1 325.8 276.8 327.9 275.2 330.1 278.0 330.0 0.9592
183.7 347.1 7.3 10.0 185.6 351.3 189.0 351.3 187.3 353.2 186.0 355.0 188.7 355.0 0.9588
129.7 360.2 8.7 10.6 131.4 364.0 135.0 363.9 132.5 366.3 132.0 368.6 134.7 368.5 0.9487
348.9 324.9 10.3 12.2 352.4 329.8 357.2 329.9 355.0 332.6 353.0 334.9 356.3 335.0 0.9434
197.4 302.4 7.6 9.2 199.3 305.3 203.0 305.3 201.2 307.3 199.8 309.3 202.6 309.3 0.9040
302.5 304.5 8.3 10.3 304.6 308.3 308.3 308.3 306.4 310.3 304.9 312.3 307.9 312.3 0.8916
357.3 293.5 7.0 8.3 359.1 296.7 362.3 296.8 360.6 298.4 359.4 300.1 362.0 300.1 0.8655
326.7 312.6 9.0 10.7 328.7 316.4 332.8 316.8 330.2 318.8 328.7 320.8 331.9 321.1 0.8637
166.9 344.3 7.4 9.1 169.4 347.9 172.7 347.9 171.4 349.8 169.8 351.6 172.4 351.6 0.8443
158.4 297.7 7.1 9.2 160.2 301.5 163.5 301.5 161.8 303.3 160.6 305.1 163.2 305.0 0.8429
407.7 289.8 7.8 9.4 410.1 293.5 413.4 293.6 411.8 295.3 410.3 297.0 413.0 297.0 0.8405
379.2 290.1 6.7 8.0 381.1 292.8 384.1 292.9 382.6 294.5 381.4 296.1 383.8 296.1 0.8202
83.9 333.6 8.2 9.9 86.4 337.2 90.2 337.1 88.4 339.3 86.8 341.3 89.8 341.3 0.7861
111.9 326.8 7.3 8.5 114.1 329.6 117.6 329.8 116.0 331.6 114.3 333.4 117.0 333.5 0.6967
177.0 303.9 7.3 9.2 178.7 307.5 181.9 307.6 180.0 309.5 179.0 311.2 181.5 311.3 0.6897
104.8 361.7 8.7 11.1 107.1 366.1 111.0 365.9 109.0 368.2 107.7 370.5 110.9 370.3 0.6861
432.5 322.7 8.5 10.1 434.6 326.4 438.5 326.4 436.4 328.6 434.9 330.6 438.0 330.6 0.6711
305.7 325.6 7.7 9.9 308.2 329.2 311.9 329.2 310.3 331.3 308.5 333.4 311.5 333.4 0.6308
88.4 365.9 8.1 9.7 90.6 369.5 94.3 369.5 92.5 371.5 91.0 373.4 93.9 373.4 0.6097
418.6 317.5 10.6 13.4 420.5 323.9 424.0 323.2 422.1 326.7 422.6 329.1 425.0 328.5 0.5180
