58--Hockey/58_Hockey_icehockey_puck_58_576.jpg
18
239.5 50.5 34.5 40.4 251.9 64.6 267.3 65.2 260.7 72.4 252.3 79.0 265.7 79.5 0.9998
588.4 69.8 30.9 41.8 595.0 85.7 609.2 85.3 601.5 93.7 596.2 99.5 609.5 99.2 0.9997
545.5 193.4 32.8 40.3 553.6 207.6 569.2 207.8 560.7 216.2 553.6 221.2 568.5 221.3 0.9997
241.7 200.6 31.9 43.3 251.9 218.8 267.0 218.5 260.3 227.5 252.1 232.5 265.6 232.4 0.9996
905.3 60.8 31.1 42.6 913.9 76.9 928.4 77.8 920.7 85.9 915.0 93.2 925.7 93.9 0.9996
688.2 76.7 31.0 42.6 694.6 93.4 709.1 92.4 701.6 101.8 696.2 107.2 710.1 106.4 0.9996
81.7 49.9 35.3 45.1 93.8 65.3 109.6 65.9 102.6 74.2 94.7 82.9 107.1 83.4 0.9996
307.2 73.6 31.6 41.8 317.1 89.6 332.0 89.4 325.4 97.9 317.3 103.5 331.5 103.3 0.9995
190.0 69.6 31.8 42.3 199.3 86.4 214.6 86.8 207.5 95.3 199.7 100.4 213.5 100.8 0.9995
344.1 184.6 31.9 42.2 353.4 202.2 368.7 202.8 361.6 211.3 353.8 215.3 367.7 215.8 0.9995
398.7 66.5 30.4 42.6 408.6 85.3 422.8 83.0 417.6 93.0 410.4 98.9 422.9 97.2 0.9995
660.6 195.6 33.0 44.9 669.0 211.4 684.7 212.5 676.2 220.6 668.6 226.5 683.3 227.4 0.9994
503.9 55.8 32.4 41.9 512.2 71.8 527.1 71.2 520.1 77.9 513.8 85.5 527.3 85.1 0.9994
797.3 93.0 31.6 37.4 802.4 109.2 815.8 107.5 808.1 116.7 805.9 121.9 817.3 120.4 0.9992
772.7 191.5 31.2 44.4 783.2 207.4 797.9 209.3 791.0 217.5 781.8 222.2 795.5 223.8 0.9991
443.2 193.9 33.7 44.7 450.2 212.6 465.4 209.6 458.2 220.2 454.4 227.4 467.7 224.8 0.9991
135.9 181.1 31.9 43.9 144.6 196.7 160.1 197.2 152.3 206.3 144.2 211.8 158.8 212.3 0.9991
891.3 201.1 29.4 42.4 898.7 216.1 913.0 216.4 905.4 224.9 898.4 229.6 913.0 229.7 0.9987
