58--Hockey/58_Hockey_icehockey_puck_58_619.jpg
25
51.3 31.2 32.0 34.1 56.6 42.6 69.8 42.1 61.4 50.6 59.5 56.0 70.4 55.5 0.9998
805.2 163.2 51.9 45.3 819.4 188.3 837.7 184.5 831.7 200.1 833.8 202.2 845.5 198.8 0.9997
984.9 52.4 31.2 48.1 988.6 74.7 993.7 74.9 986.7 84.1 993.5 90.4 997.4 90.1 0.9996
357.5 46.4 36.0 44.9 369.2 66.5 385.4 64.5 379.6 73.0 373.0 81.5 385.8 79.9 0.9996
531.6 140.7 42.6 52.6 537.6 158.0 552.5 160.0 539.8 168.3 537.2 178.0 548.8 179.6 0.9996
752.9 12.6 39.2 51.2 767.3 33.6 785.5 35.2 777.8 43.0 768.0 51.2 782.7 52.5 0.9995
121.0 48.9 30.1 37.6 126.0 61.4 137.5 62.6 127.0 67.2 124.8 75.6 133.6 76.4 0.9995
696.0 97.5 38.0 58.5 700.7 118.6 706.0 119.7 695.9 130.5 702.8 141.6 706.9 141.8 0.9995
31.3 107.1 38.0 49.3 51.7 124.7 64.9 124.2 64.9 132.6 54.3 143.0 64.7 142.9 0.9995
216.5 57.1 34.7 45.2 222.0 75.0 238.1 74.6 228.1 83.9 224.3 91.5 237.4 91.1 0.9994
531.0 38.4 39.0 42.0 540.6 55.5 556.7 50.7 551.4 55.3 547.5 68.9 560.6 65.0 0.9994
369.8 92.9 40.3 57.5 376.3 113.9 386.0 115.9 372.2 124.0 374.9 136.0 381.7 137.0 0.9994
658.7 94.8 39.5 52.5 673.8 113.8 690.6 114.6 683.9 122.6 675.0 133.1 688.1 133.7 0.9994
697.5 6.1 32.1 35.0 706.5 15.5 722.1 18.1 713.2 24.3 705.0 29.8 718.3 31.9 0.9994
896.0 79.2 35.2 49.4 899.9 97.7 908.0 97.3 897.3 106.7 901.4 117.3 907.0 116.4 0.9993
264.0 83.0 31.5 35.7 273.3 94.1 287.6 95.8 279.7 101.9 272.8 107.6 285.1 108.9 0.9993
242.9 2.4 31.4 36.6 247.8 15.8 261.5 14.5 253.6 23.4 251.3 30.7 261.5 29.6 0.9993
396.4 17.5 33.5 42.5 399.5 34.8 411.1 35.9 400.9 44.1 403.0 51.4 410.3 51.9 0.9993
471.1 54.6 34.5 40.5 476.4 68.8 490.7 67.7 481.3 75.8 478.4 84.6 489.7 83.6 0.9992
163.0 0.0 33.2 35.8 168.7 8.6 183.1 8.2 173.7 16.2 170.6 25.7 181.1 25.2 0.9991
604.9 13.6 28.4 38.3 607.8 29.1 618.3 26.7 609.8 33.5 610.8 43.1 618.2 41.1 0.9990
524.0 0.0 32.3 36.9 529.1 12.5 543.5 12.4 533.9 20.4 531.1 28.4 541.5 28.2 0.9987
274.4 163.2 33.7 35.9 282.4 173.9 296.3 175.0 287.5 179.7 282.8 187.8 293.5 188.7 0.9986
174.6 147.1 27.4 33.7 182.3 161.7 195.0 161.4 189.2 166.9 184.4 173.1 193.9 172.8 0.9824
877.6 102.6 25.1 32.1 883.1 115.6 894.9 114.6 888.8 122.5 885.2 127.6 894.8 126.8 0.9796
