58--Hockey/58_Hockey_icehockey_puck_58_391.jpg
8
120.8 358.4 28.3 32.9 135.8 371.0 145.1 368.6 145.9 376.4 138.9 383.6 145.6 382.0 0.9995
346.6 227.0 16.6 20.2 352.0 233.2 359.7 232.6 356.7 237.6 353.3 242.0 359.4 241.5 0.9989
402.4 278.2 21.7 23.0 407.6 288.5 415.5 286.1 412.7 293.7 413.1 297.5 418.4 295.6 0.9977
830.7 249.1 18.1 21.7 834.1 255.6 841.7 255.0 837.3 260.3 835.7 265.0 841.9 264.4 0.9951
269.4 247.3 17.0 20.1 274.2 253.9 281.5 252.4 278.8 258.1 276.4 262.3 282.5 261.2 0.9940
406.3 238.0 16.2 18.5 411.6 244.1 419.3 243.5 416.3 248.2 413.1 252.3 418.9 251.9 0.9928
508.0 225.2 9.8 11.9 510.3 228.9 514.9 229.1 512.5 231.9 510.7 234.2 514.3 234.3 0.9916
281.5 222.7 9.7 11.9 284.0 226.4 288.7 226.2 286.4 229.1 284.7 231.7 288.3 231.6 0.9162
