58--Hockey/58_Hockey_icehockey_puck_58_368.jpg
24
749.7 170.0 21.8 28.9 755.1 180.2 765.0 181.5 759.1 186.3 754.7 190.6 763.2 191.6 0.9996
174.3 182.4 23.1 28.3 180.4 192.8 191.0 191.6 186.4 197.2 182.6 203.4 191.1 202.5 0.9996
420.0 161.5 21.6 27.0 428.1 171.8 437.4 171.5 434.0 176.8 429.1 182.0 436.6 181.9 0.9996
686.1 166.6 21.3 27.5 690.3 177.2 699.6 176.9 693.9 181.8 691.3 187.1 698.7 186.8 0.9995
871.4 177.7 21.6 26.3 876.5 188.3 886.1 187.6 881.2 192.7 878.0 197.8 885.6 197.3 0.9994
496.6 158.2 20.6 26.1 501.9 166.9 511.9 166.7 507.1 171.4 503.2 177.5 511.0 177.3 0.9994
808.5 177.9 22.3 29.3 813.2 189.2 823.6 189.0 817.8 195.2 814.7 200.4 822.7 200.3 0.9993
759.6 244.9 24.1 30.4 766.1 256.6 777.1 256.3 771.9 261.9 767.3 267.4 776.8 267.2 0.9993
328.8 261.5 22.8 29.5 334.3 273.4 345.0 272.2 340.0 279.1 336.8 284.7 345.0 283.8 0.9992
409.5 261.1 23.9 29.5 414.7 271.2 426.2 271.4 419.9 277.6 415.7 282.9 425.1 283.1 0.9992
562.2 163.5 21.4 29.1 567.7 174.8 577.3 174.6 572.3 180.1 568.9 185.7 576.3 185.5 0.9992
941.4 173.8 22.6 27.9 946.3 184.5 956.4 184.5 950.6 190.3 947.4 194.9 955.4 194.9 0.9991
356.6 163.7 21.8 29.7 363.6 176.2 373.2 175.2 369.8 180.5 365.9 186.5 373.6 185.7 0.9991
498.4 244.2 24.5 33.0 504.5 257.5 516.0 256.7 510.5 263.0 506.6 269.8 515.1 269.2 0.9991
125.6 186.9 21.1 27.0 132.1 197.7 141.9 197.2 137.6 202.5 133.4 207.5 141.3 207.1 0.9991
673.6 252.0 22.9 30.0 680.1 264.1 690.8 263.4 686.0 269.4 681.8 275.2 690.1 274.7 0.9991
300.0 171.0 20.2 25.3 305.2 180.6 314.8 180.8 310.1 185.4 305.8 190.0 313.8 190.1 0.9990
847.5 246.9 24.7 32.4 855.3 259.8 866.9 259.6 861.9 266.3 856.7 271.7 866.0 271.6 0.9989
627.7 162.5 20.2 25.1 631.3 171.4 640.2 171.5 634.9 176.3 632.1 181.4 639.4 181.4 0.9989
54.9 192.3 23.6 28.1 62.0 202.7 72.8 203.6 67.3 208.6 62.4 213.2 71.0 213.8 0.9988
245.3 173.4 21.3 25.9 251.7 183.6 261.3 183.8 256.8 188.1 252.2 192.5 260.3 192.7 0.9988
590.3 249.8 24.9 30.3 597.7 261.6 608.9 261.7 603.4 266.5 598.9 272.5 607.3 272.6 0.9987
235.9 255.5 23.2 31.7 240.7 268.6 251.8 268.3 245.9 274.9 242.4 280.6 250.6 280.4 0.9982
147.9 252.6 24.0 30.2 152.9 264.1 163.9 264.4 157.4 270.6 154.1 275.9 162.1 276.2 0.9980
