58--Hockey/58_Hockey_icehockey_puck_58_87.jpg
67
551.2 221.8 43.7 67.6 558.8 238.9 562.5 241.2 552.5 254.6 563.9 268.1 566.6 269.5 0.9997
201.5 136.5 49.1 57.3 212.4 156.4 233.1 151.7 224.5 170.3 221.6 180.3 237.1 176.1 0.9995
760.4 98.2 31.0 37.9 764.2 109.7 775.8 108.9 766.3 117.4 766.3 126.2 774.9 125.4 0.9993
71.8 144.4 28.0 31.4 76.5 154.2 88.1 152.8 81.1 160.7 79.4 168.1 87.9 166.9 0.9992
530.3 155.9 28.1 32.6 534.7 166.1 546.4 164.6 539.4 173.4 538.5 180.6 547.0 179.3 0.9991
733.3 97.4 18.2 23.3 737.3 104.2 745.7 104.0 741.0 109.0 738.2 114.2 744.9 114.1 0.9991
898.7 86.5 14.7 19.2 902.0 93.7 908.8 94.0 904.8 97.3 902.3 101.0 907.7 101.2 0.9979
672.7 87.3 15.9 22.2 676.0 95.8 683.7 95.6 679.4 100.3 677.1 104.7 682.9 104.5 0.9974
418.2 56.0 16.3 22.0 421.7 64.1 429.3 63.5 425.5 68.0 423.0 72.6 429.2 72.1 0.9968
164.5 111.1 17.0 20.9 167.3 118.0 175.2 117.2 170.7 122.0 168.7 126.9 174.9 126.3 0.9963
951.3 90.5 14.7 19.4 955.6 98.5 962.4 98.4 959.2 102.6 956.6 106.1 961.7 106.0 0.9960
410.9 90.0 14.2 19.1 414.4 97.5 421.0 97.0 417.8 100.9 415.5 104.9 420.6 104.6 0.9960
361.9 54.6 16.1 21.5 367.3 63.6 374.0 63.0 371.4 67.4 368.7 71.6 374.2 71.2 0.9959
4.9 15.4 17.1 20.3 9.0 23.1 16.8 22.7 12.8 26.6 10.0 30.8 16.3 30.5 0.9958
661.8 137.9 21.5 25.4 665.8 147.1 675.1 145.6 670.3 152.1 668.9 157.9 675.7 156.6 0.9957
72.1 75.8 18.8 24.1 77.9 84.4 86.4 84.9 82.3 89.6 78.5 94.3 84.9 94.7 0.9955
320.2 22.9 14.1 17.1 323.2 28.9 330.1 28.8 326.4 32.4 324.2 36.1 329.3 36.0 0.9954
318.0 48.3 17.2 21.8 322.0 57.6 329.7 56.7 326.0 61.3 323.9 66.0 329.4 65.4 0.9948
638.4 58.1 15.7 19.0 642.9 65.2 649.9 65.3 646.4 69.0 643.5 72.6 648.6 72.7 0.9948
517.7 95.3 17.9 21.7 520.5 104.0 527.9 103.3 523.3 107.8 522.3 112.5 527.3 111.9 0.9946
148.7 43.1 16.5 20.4 153.1 50.7 160.7 50.4 157.0 54.3 154.0 58.3 160.3 58.0 0.9941
113.3 9.8 17.6 23.8 116.9 19.4 124.8 19.7 119.9 24.2 117.5 28.5 123.5 28.6 0.9934
962.5 64.4 13.4 17.0 965.5 69.7 971.8 69.8 968.3 72.8 965.8 76.6 971.0 76.7 0.9934
54.2 153.8 15.6 20.9 58.1 161.3 65.7 160.8 62.2 165.5 59.7 170.0 65.4 169.6 0.9931
601.8 23.7 16.0 22.1 604.2 32.6 611.5 32.7 607.0 37.3 605.3 41.3 610.5 41.3 0.9931
274.1 14.3 15.3 21.7 278.2 23.7 285.3 22.7 282.4 26.9 280.3 31.6 285.4 30.9 0.9928
410.3 25.0 16.2 19.7 414.0 32.3 421.5 31.3 418.1 35.7 415.7 40.2 421.6 39.4 0.9927
829.2 30.6 15.5 20.7 833.1 38.4 839.9 38.4 836.2 42.1 833.8 46.1 839.2 46.1 0.9927
57.4 17.6 16.3 21.4 61.9 25.0 69.8 25.8 65.5 29.6 62.1 33.8 68.1 34.4 0.9923
27.8 77.0 17.2 20.8 32.9 85.2 39.7 85.3 36.3 89.2 33.5 93.0 38.7 93.1 0.9907
919.3 90.6 14.1 16.5 922.7 95.2 929.0 95.1 925.6 98.5 923.4 102.5 928.3 102.4 0.9896
901.9 32.1 14.4 18.3 906.4 38.7 912.9 38.8 909.8 42.1 907.1 46.1 912.0 46.2 0.9880
173.2 149.8 15.4 20.0 176.4 156.0 183.8 156.0 179.6 160.2 177.2 164.7 183.0 164.6 0.9877
125.1 80.5 17.6 20.9 128.6 87.0 136.9 87.9 131.4 91.8 128.7 96.1 134.7 96.8 0.9873
342.2 85.5 18.5 23.1 346.3 94.5 355.1 94.7 350.2 99.3 347.2 103.7 353.7 103.8 0.9866
948.7 35.1 12.3 16.5 953.3 41.8 958.3 41.7 956.4 44.8 953.8 47.9 957.9 47.8 0.9855
907.8 12.8 11.4 14.2 912.1 18.5 917.1 18.5 915.2 21.4 912.6 24.2 916.5 24.2 0.9851
643.3 95.3 18.9 22.7 646.8 105.0 654.0 104.1 650.0 109.3 649.3 113.8 654.7 113.0 0.9849
995.2 138.6 18.1 22.0 999.3 145.5 1008.1 145.8 1003.3 150.9 1000.3 155.5 1006.6 155.7 0.9847
515.3 25.9 16.9 20.6 520.9 34.5 528.4 34.7 524.8 38.6 521.2 42.3 527.3 42.5 0.9839
879.4 51.0 12.5 17.8 883.6 58.3 888.8 58.1 886.8 61.7 884.4 65.0 888.5 64.9 0.9837
716.6 90.3 14.6 17.9 719.7 97.5 726.3 96.8 723.0 100.3 721.1 104.2 726.3 103.6 0.9817
364.9 27.0 14.9 20.8 368.9 35.9 376.1 35.3 372.9 39.7 370.4 43.8 376.0 43.3 0.9817
946.3 142.3 17.3 19.1 951.3 148.8 959.2 149.8 954.9 153.9 951.5 157.4 957.0 158.1 0.9815
540.5 62.6 13.7 16.4 543.8 68.2 550.2 68.0 547.0 70.9 544.6 74.7 549.6 74.6 0.9807
0.0 153.1 12.4 22.8 -0.3 161.8 5.1 162.1 0.7 166.6 0.1 171.1 3.9 171.2 0.9764
56.2 115.9 19.4 23.5 62.0 123.9 71.3 123.9 66.9 129.0 62.9 133.9 70.2 133.9 0.9759
989.8 57.7 12.3 17.5 992.9 64.5 998.3 64.5 995.4 67.9 993.4 71.3 997.7 71.4 0.9720
40.4 57.5 14.4 19.0 44.4 64.6 50.3 65.1 46.8 68.5 44.4 72.2 49.3 72.5 0.9628
420.9 0.0 15.5 17.1 424.8 4.7 431.9 4.5 428.3 8.8 425.9 12.8 431.2 12.7 0.9604
691.5 95.5 14.3 17.6 694.6 101.2 701.9 101.9 697.6 105.7 694.9 109.0 700.2 109.6 0.9564
935.4 10.2 14.0 17.5 939.8 16.8 946.2 16.9 943.1 20.4 940.4 23.7 945.2 23.8 0.9538
972.6 14.1 13.0 15.8 977.6 19.6 983.1 19.1 981.4 23.1 978.8 26.5 982.9 26.2 0.9517
561.6 1.4 17.1 19.3 566.3 8.0 574.2 7.7 570.4 11.6 567.4 15.8 573.6 15.6 0.9509
832.2 87.8 19.2 21.6 836.3 94.2 845.9 94.7 840.5 99.3 837.0 103.7 844.5 104.1 0.9478
460.0 125.2 14.3 19.3 464.3 133.3 470.9 132.1 468.5 136.7 466.5 140.8 471.4 139.9 0.9464
579.6 75.9 18.3 22.6 583.2 84.5 592.4 84.0 587.7 89.1 585.0 93.9 592.3 93.4 0.9378
509.9 68.2 16.3 18.7 512.6 74.2 520.0 74.0 515.5 77.7 513.5 82.0 519.3 81.8 0.9287
820.3 10.1 13.0 17.3 823.0 15.7 828.8 15.9 825.3 19.6 823.4 23.1 828.0 23.2 0.8937
93.6 45.9 16.0 18.0 96.8 52.6 104.7 51.8 100.9 56.3 98.4 60.3 104.4 59.7 0.8690
559.9 29.7 14.3 20.3 563.0 37.3 569.7 37.0 566.3 41.8 564.5 45.9 569.5 45.7 0.8688
985.1 33.2 13.0 15.6 988.5 38.9 993.6 39.0 990.5 42.1 988.9 45.3 992.9 45.4 0.8424
1011.2 10.4 11.1 15.7 1014.9 16.1 1019.9 16.2 1017.5 19.4 1015.2 22.5 1019.1 22.6 0.8273
971.7 89.7 15.3 19.1 974.7 96.5 980.7 97.6 976.0 101.0 974.2 104.4 978.6 105.1 0.7957
606.3 87.3 14.3 17.4 609.5 94.6 616.0 94.7 612.1 98.4 610.4 101.5 615.0 101.5 0.7400
524.7 3.3 14.2 16.6 528.1 9.1 534.0 9.0 530.8 12.6 529.1 16.2 533.7 16.0 0.7379
197.2 76.9 16.8 19.7 200.1 84.4 207.5 84.8 202.8 88.9 200.7 92.8 206.4 93.0 0.7124
