58--Hockey/58_Hockey_icehockey_puck_58_320.jpg
51
693.8 362.6 35.1 40.3 699.7 382.1 713.4 375.6 708.0 387.4 708.4 394.8 720.0 389.4 0.9998
946.2 72.6 14.8 16.5 950.0 77.7 956.9 77.7 953.4 81.0 950.7 84.6 956.4 84.5 0.9998
236.5 183.0 32.4 43.2 253.6 198.7 265.6 199.4 264.4 206.6 253.6 214.2 263.7 215.0 0.9997
404.0 432.7 35.0 40.1 412.6 444.8 427.3 450.7 414.9 454.1 408.2 459.9 419.4 464.5 0.9997
454.6 440.0 34.1 42.4 460.6 455.6 476.4 456.3 466.0 463.9 460.9 470.6 474.4 471.1 0.9996
429.8 303.4 29.3 34.8 439.2 314.9 452.7 315.3 446.5 323.1 440.1 328.8 450.9 329.1 0.9996
578.7 171.4 31.7 42.0 585.6 186.2 600.5 186.7 591.5 194.0 585.2 199.8 599.7 200.1 0.9996
640.0 293.5 32.6 39.9 644.9 310.8 658.6 307.8 650.8 316.9 649.0 324.3 660.4 321.8 0.9995
647.9 438.5 38.6 44.6 656.2 458.4 670.7 451.3 664.7 463.2 664.4 473.3 676.6 467.1 0.9995
139.8 184.0 33.8 41.1 154.8 198.1 168.7 201.4 162.6 208.6 151.1 212.0 163.9 214.9 0.9995
303.4 203.2 32.4 41.0 317.3 219.0 331.1 217.9 327.4 227.1 317.4 232.7 330.2 232.0 0.9995
996.3 111.1 19.2 22.2 999.6 121.4 1007.9 119.7 1003.7 124.9 1002.4 128.8 1009.1 127.3 0.9995
506.3 400.4 35.0 45.5 517.0 415.1 533.3 418.0 523.8 425.5 515.4 432.9 528.3 435.3 0.9994
482.4 189.4 31.9 36.9 489.8 200.9 504.0 199.3 496.9 208.3 492.4 216.0 504.3 214.7 0.9994
767.5 127.6 18.3 21.6 769.6 134.0 776.3 133.9 771.1 138.7 770.8 143.4 776.1 143.1 0.9994
345.8 173.9 30.2 36.1 355.1 186.0 369.1 187.4 362.2 193.5 355.1 199.6 367.0 200.8 0.9994
593.6 370.1 32.8 38.0 599.5 382.3 614.1 381.5 605.7 390.6 601.7 397.2 614.4 396.5 0.9993
680.7 163.6 19.4 25.7 683.0 174.2 690.8 173.6 685.4 179.2 684.8 183.8 690.9 183.2 0.9992
411.9 180.3 30.5 38.1 420.3 196.5 434.0 193.8 428.7 202.0 424.1 209.6 435.3 207.4 0.9992
513.8 313.8 32.3 42.3 519.4 330.2 533.9 328.9 525.6 338.5 522.0 343.8 536.3 342.6 0.9992
166.2 197.5 30.4 40.4 175.5 211.0 188.4 214.4 181.2 219.7 173.5 224.8 185.0 227.4 0.9991
22.0 245.7 20.7 25.6 33.2 255.9 39.8 254.9 40.5 259.1 35.9 265.0 40.7 264.4 0.9990
569.8 98.3 18.0 23.4 574.4 106.6 582.7 106.6 578.3 110.6 575.1 115.7 581.7 115.6 0.9990
288.2 151.0 29.4 34.3 296.8 160.5 310.8 160.9 304.4 165.7 297.7 174.0 309.8 174.4 0.9990
564.2 79.3 14.2 17.5 567.9 85.4 574.7 85.5 571.2 88.8 568.5 92.4 573.9 92.5 0.9989
364.1 62.3 16.2 19.7 368.7 70.0 375.9 69.9 372.5 73.0 369.6 76.9 375.4 76.9 0.9988
880.3 190.4 17.0 21.8 882.8 198.7 890.3 198.1 885.7 202.7 884.4 207.1 890.1 206.6 0.9986
290.3 80.4 16.3 21.5 295.0 89.1 302.5 89.2 298.8 92.7 295.4 96.4 301.8 96.5 0.9986
233.7 81.2 16.4 21.9 239.3 89.1 246.9 89.3 243.9 92.9 240.1 97.2 246.4 97.4 0.9986
678.3 108.7 17.1 25.0 681.4 118.6 688.8 118.5 683.9 122.6 681.8 127.3 688.2 127.2 0.9985
702.8 148.8 15.2 19.6 705.3 155.6 710.8 156.4 705.7 159.1 704.9 163.1 708.7 163.6 0.9984
246.4 71.6 14.0 17.8 250.7 78.7 257.1 78.4 254.4 82.0 251.6 85.5 256.9 85.3 0.9982
446.7 78.0 15.6 18.2 450.0 84.9 457.3 84.8 453.2 87.7 450.8 91.6 456.5 91.5 0.9981
991.8 33.3 15.2 17.7 994.4 40.0 1001.3 39.7 996.8 42.4 994.8 46.5 1000.4 46.2 0.9981
384.3 140.8 20.6 25.5 390.7 149.6 400.1 149.6 395.6 154.5 391.4 159.6 399.2 159.7 0.9977
992.7 81.7 16.2 19.2 996.3 88.8 1003.8 88.8 999.6 92.2 996.6 95.4 1003.4 95.3 0.9977
169.0 68.9 17.4 23.7 175.1 76.6 182.7 76.7 179.9 80.4 176.1 85.8 182.4 85.9 0.9977
876.9 65.2 14.5 19.7 880.4 73.0 887.5 72.9 884.0 76.4 881.4 80.4 887.1 80.2 0.9975
23.7 286.3 19.6 25.2 29.9 296.3 38.8 296.3 35.0 300.7 31.0 305.4 38.1 305.4 0.9974
625.4 93.8 14.2 17.5 628.8 100.0 635.7 100.2 631.9 103.7 629.5 107.2 634.7 107.3 0.9970
730.5 167.5 14.4 23.9 733.7 175.0 735.7 175.7 731.0 179.6 732.9 184.9 734.6 185.1 0.9957
32.6 272.5 18.2 23.3 38.9 281.2 47.2 280.9 44.3 284.6 40.7 290.0 46.9 289.8 0.9954
454.3 118.9 16.3 19.3 459.0 125.9 466.6 125.8 463.1 129.3 459.9 133.3 466.0 133.3 0.9944
950.0 171.2 17.1 23.6 952.4 179.4 958.4 179.0 953.3 183.3 953.2 188.8 957.7 188.4 0.9940
565.6 156.9 18.5 26.1 567.6 167.5 574.1 167.8 568.6 173.0 568.4 177.6 573.2 177.6 0.9934
951.3 126.9 15.9 19.4 954.7 134.0 962.1 133.3 958.4 137.6 955.6 140.9 962.5 140.4 0.9930
815.5 39.3 17.5 19.6 822.5 47.4 829.8 47.6 827.1 51.1 823.4 54.6 828.7 54.8 0.9926
538.3 197.1 18.4 23.5 543.2 205.2 550.9 206.5 545.8 209.4 542.5 213.9 548.3 214.9 0.9889
250.8 213.1 23.5 32.4 258.1 225.3 269.0 225.9 264.0 231.7 259.1 237.6 267.1 238.1 0.9813
196.6 130.6 22.3 28.5 203.5 142.1 214.2 141.2 210.2 146.6 206.0 152.6 214.2 151.9 0.9708
531.3 157.3 19.1 25.4 536.5 166.7 545.0 167.9 540.1 171.5 536.0 175.5 543.3 176.4 0.9688
