58--Hockey/58_Hockey_icehockey_puck_58_129.jpg
94
775.0 157.1 23.5 27.1 780.8 165.5 791.4 165.8 785.6 172.2 782.0 177.6 789.8 177.8 0.9993
658.7 148.7 48.0 50.6 680.3 168.7 698.8 169.2 692.6 180.3 681.4 188.1 694.2 188.7 0.9991
493.4 140.3 34.2 35.5 502.8 152.2 518.4 152.3 510.5 160.8 504.6 167.1 516.3 167.2 0.9990
41.2 125.4 14.1 18.7 46.0 132.5 52.3 133.1 49.2 136.7 45.9 139.6 50.8 140.1 0.9962
425.0 165.8 36.3 49.1 450.0 184.6 456.6 186.3 455.4 197.2 443.1 202.8 448.0 204.6 0.9951
6.3 123.0 12.0 16.3 10.7 129.8 15.0 129.2 13.8 132.4 11.9 135.7 15.4 135.3 0.9919
93.7 98.4 13.6 16.9 97.9 105.9 103.9 106.0 101.0 109.5 98.5 112.1 102.9 112.2 0.9912
168.9 99.7 13.3 16.8 171.7 106.3 177.7 106.0 174.5 109.5 172.7 112.8 177.5 112.6 0.9901
63.5 95.5 13.6 17.5 67.9 103.4 73.7 103.1 71.1 106.9 69.0 110.0 73.2 109.8 0.9895
197.2 20.7 10.9 13.9 200.9 26.5 205.8 26.4 203.7 29.3 201.6 31.8 205.1 31.8 0.9874
187.3 79.7 12.6 16.4 191.4 86.1 197.3 86.3 194.6 89.3 191.7 92.4 196.4 92.6 0.9871
36.4 73.8 13.9 18.0 40.9 81.1 47.0 81.8 43.9 85.0 41.0 87.8 45.7 88.3 0.9860
251.7 156.6 11.9 16.2 255.4 162.4 260.6 162.0 258.5 165.4 256.6 169.1 260.4 168.8 0.9839
97.2 177.3 14.8 18.0 101.0 185.2 107.3 183.2 105.2 187.7 103.7 191.8 108.7 190.2 0.9818
12.0 177.4 15.0 19.2 17.9 186.1 24.1 186.1 21.8 190.2 18.6 193.2 23.1 193.3 0.9775
266.9 114.0 11.9 14.9 270.9 119.3 276.2 119.5 273.8 122.1 271.3 125.2 275.2 125.4 0.9733
10.8 74.5 13.0 16.3 15.8 80.2 21.6 80.6 19.0 84.0 15.7 87.0 20.2 87.4 0.9685
277.6 83.8 12.3 13.8 281.3 88.6 286.9 88.9 284.0 92.0 281.7 94.5 285.8 94.8 0.9635
345.7 110.2 11.1 14.2 349.3 115.9 354.3 115.5 352.4 118.6 350.4 121.5 354.0 121.2 0.9598
250.9 62.1 10.7 13.7 253.6 67.1 258.6 67.1 256.0 69.9 254.2 72.7 258.0 72.7 0.9508
289.4 26.9 10.1 12.5 291.9 31.3 296.7 31.5 294.2 34.1 292.3 36.7 295.8 36.8 0.9501
323.5 68.4 10.1 13.5 326.4 74.1 330.9 73.9 328.8 76.6 327.1 79.1 330.7 79.0 0.9493
299.3 153.7 14.1 17.0 304.6 159.8 310.7 159.2 308.6 163.1 306.1 166.8 310.6 166.4 0.9440
247.8 102.1 12.0 14.8 252.9 107.5 257.8 107.2 256.8 110.0 254.2 113.3 257.9 113.1 0.9430
231.6 106.4 12.0 16.7 234.7 113.2 240.5 113.2 237.6 117.1 235.5 120.2 239.7 120.2 0.9390
99.0 68.8 14.2 19.7 101.1 77.4 107.9 77.6 103.7 81.9 102.2 85.3 106.8 85.4 0.9382
174.8 158.8 12.8 15.0 178.2 163.5 184.6 163.6 181.5 167.1 179.2 170.6 183.7 170.6 0.9348
325.1 15.1 8.8 11.0 327.5 20.0 331.6 19.9 329.6 22.1 328.1 24.1 331.3 24.0 0.9248
101.8 32.5 12.3 15.1 106.4 38.8 111.8 38.1 110.2 41.6 107.8 44.8 111.6 44.4 0.9236
174.3 18.9 10.2 12.8 177.0 24.1 181.7 24.3 179.3 26.8 177.4 29.1 180.8 29.2 0.9236
49.4 175.6 11.9 17.0 55.3 182.7 59.4 182.7 58.5 186.2 55.7 189.3 58.6 189.4 0.9196
755.0 103.4 9.3 12.5 757.3 108.5 762.3 108.4 759.9 111.3 758.0 113.9 761.6 113.8 0.9154
169.4 55.8 10.8 13.5 171.6 60.9 176.3 61.1 173.4 63.9 172.0 66.6 175.5 66.8 0.9146
162.0 80.8 12.4 15.9 165.7 87.6 171.1 87.4 168.7 90.9 166.5 93.8 170.7 93.7 0.9093
311.1 187.1 14.0 17.7 313.7 193.7 319.8 193.9 315.7 197.6 314.2 201.2 319.0 201.2 0.8972
119.6 81.2 12.1 15.4 122.9 85.8 128.6 86.3 125.4 89.1 122.9 92.2 127.5 92.6 0.8941
163.1 0.0 11.0 13.3 165.6 4.9 171.0 4.6 168.4 7.8 166.9 10.7 170.7 10.5 0.8912
524.5 18.5 8.7 11.6 526.6 22.9 531.0 23.1 528.7 25.5 526.9 27.7 530.3 27.8 0.8902
38.1 102.2 12.8 14.8 41.9 107.1 48.0 106.7 45.3 110.5 42.8 113.8 47.6 113.6 0.8874
144.2 79.5 12.3 16.4 149.2 86.9 154.6 86.6 152.8 90.6 150.0 93.7 154.0 93.6 0.8869
251.5 86.6 11.7 13.5 254.4 91.2 259.8 91.3 257.0 94.0 254.9 96.7 259.2 96.7 0.8839
549.1 37.7 11.3 14.0 552.5 42.8 557.7 42.4 555.6 45.2 553.5 48.4 557.5 48.1 0.8774
265.8 6.4 9.9 12.3 268.1 11.0 272.2 11.2 269.7 13.5 268.3 15.8 271.6 15.9 0.8728
916.1 129.9 9.8 12.6 918.6 135.3 923.2 135.3 920.8 138.1 919.1 140.3 922.4 140.3 0.8723
355.6 11.7 8.9 11.4 357.9 16.0 362.2 15.8 360.1 18.3 358.6 20.7 361.8 20.6 0.8721
771.8 87.2 9.6 12.4 775.3 92.2 779.2 92.2 777.6 94.6 775.6 96.9 778.7 96.9 0.8681
816.7 105.3 9.5 13.3 819.5 110.0 823.8 109.8 821.7 112.7 820.2 115.6 823.5 115.5 0.8562
202.6 159.8 14.4 17.8 206.1 165.2 212.4 164.4 209.4 168.9 207.6 173.2 212.4 172.6 0.8535
504.5 16.4 9.9 12.0 507.5 21.2 512.1 21.4 509.9 23.8 508.0 25.9 511.2 26.1 0.8415
310.7 70.2 9.5 12.8 314.1 75.4 318.2 75.2 316.8 77.9 314.7 80.6 318.0 80.5 0.8237
145.3 105.4 13.4 17.2 150.8 112.1 156.8 112.0 154.7 115.8 151.7 119.1 156.0 119.1 0.8228
154.0 181.4 12.7 13.7 158.0 185.9 164.1 186.6 160.8 189.5 157.7 192.0 162.1 192.6 0.8187
843.2 193.5 12.5 15.4 846.4 199.1 852.3 199.3 849.1 202.3 846.8 205.3 851.1 205.5 0.8166
309.6 124.4 10.2 13.8 313.0 130.0 317.6 129.7 315.7 132.7 313.9 135.5 317.4 135.3 0.7990
470.6 97.0 10.5 13.4 474.3 102.2 478.9 102.0 477.2 104.8 474.9 107.6 478.6 107.5 0.7960
879.7 126.2 11.5 14.8 882.0 131.4 886.4 131.4 883.6 134.6 882.8 137.7 886.0 137.6 0.7875
272.8 186.6 13.1 15.6 276.2 193.2 282.1 192.5 279.4 196.2 277.8 199.4 281.9 198.9 0.7849
941.5 148.5 10.1 13.4 944.4 153.6 949.2 153.7 946.9 156.4 945.0 159.0 948.5 159.1 0.7829
205.4 63.1 11.7 15.1 209.0 69.6 214.3 69.4 211.9 72.7 209.7 75.7 213.9 75.7 0.7823
120.4 105.4 14.1 17.3 123.5 112.0 129.1 111.9 125.8 115.5 124.3 118.8 128.7 118.7 0.7806
245.8 46.7 10.7 12.9 248.8 51.9 253.8 51.5 251.7 54.4 249.9 57.0 253.8 56.7 0.7792
302.9 10.4 9.7 12.0 305.2 15.2 309.4 15.3 307.1 17.7 305.6 20.1 308.9 20.1 0.7787
718.6 147.8 10.0 13.1 721.1 153.7 725.6 153.6 723.4 156.5 722.0 158.9 725.1 158.8 0.7756
370.8 116.7 10.3 12.8 373.6 121.8 378.4 121.7 376.1 124.3 374.5 127.0 377.9 126.9 0.7735
59.7 28.8 10.8 13.7 63.5 34.3 68.2 34.2 66.2 37.0 64.1 39.6 67.7 39.6 0.7453
967.8 153.8 9.6 12.0 971.1 158.4 975.3 158.3 973.6 160.8 971.7 163.3 975.0 163.3 0.7437
952.7 173.8 9.9 11.7 955.5 178.0 960.1 177.9 958.0 180.3 956.1 182.9 959.7 182.8 0.7351
88.2 15.0 11.8 15.1 92.6 19.8 98.0 20.2 95.6 23.4 92.8 26.6 96.8 26.9 0.7323
775.0 113.3 9.0 12.0 777.7 118.4 782.2 118.4 780.2 121.0 778.2 123.3 781.6 123.3 0.7303
364.4 149.1 12.1 15.2 368.1 155.7 373.8 155.6 371.1 159.2 369.0 161.9 373.1 161.9 0.7226
391.9 112.5 14.2 17.0 394.3 118.0 400.5 118.0 396.5 121.6 395.0 125.4 399.6 125.4 0.7144
458.8 41.3 9.0 11.3 461.1 45.7 464.9 45.7 462.8 48.0 461.5 50.1 464.5 50.1 0.7067
152.3 56.3 10.5 13.8 156.5 61.8 160.7 61.4 159.5 64.5 157.3 67.6 160.7 67.4 0.6982
959.3 134.5 8.2 10.5 961.9 138.4 965.5 138.4 963.8 140.6 962.2 142.7 965.1 142.8 0.6974
713.2 65.0 9.9 11.9 715.6 69.3 720.4 68.9 718.2 71.5 716.7 74.3 720.1 74.0 0.6962
338.2 29.2 9.6 12.7 341.4 34.6 345.4 34.5 343.7 37.2 341.9 39.6 345.1 39.5 0.6851
487.9 39.3 9.9 11.7 491.3 44.0 495.6 43.8 493.8 46.3 492.0 48.7 495.3 48.6 0.6788
362.4 32.9 9.5 13.1 364.8 38.2 369.0 37.8 367.0 40.8 365.8 43.5 369.0 43.2 0.6781
801.7 85.6 9.9 11.7 804.5 90.0 809.2 89.6 807.1 92.5 805.6 95.1 808.9 94.8 0.6701
643.1 99.5 11.5 15.1 646.4 105.6 651.8 105.9 649.0 108.7 646.8 111.5 650.7 111.8 0.6661
613.7 103.1 9.5 12.2 14.0 208.2 20.2 208.7 16.5 212.0 14.1 214.9 18.8 215.2 0.6466
963.9 88.6 9.3 10.8 616.4 107.9 620.1 108.0 618.1 110.4 616.8 112.7 619.6 112.7 0.6435
424.5 75.1 10.1 13.2 966.3 92.5 970.5 92.6 968.3 94.8 966.6 97.0 970.0 97.0 0.6396
140.2 32.6 12.3 14.2 427.1 80.0 431.8 80.1 429.3 82.7 427.5 85.4 431.3 85.4 0.6321
64.6 11.3 12.3 14.7 142.7 36.7 148.4 36.7 145.2 39.9 143.4 42.9 147.9 42.9 0.5993
212.2 24.9 10.3 12.2 68.2 15.6 73.8 16.7 70.4 19.4 67.7 22.1 71.9 22.9 0.5953
10.2 4.2 11.8 13.9 214.4 29.4 219.1 29.3 216.6 32.0 215.2 34.4 218.7 34.3 0.5928
122.4 36.4 11.6 13.9 12.7 8.8 18.4 8.8 15.4 12.0 13.5 14.8 17.8 14.8 0.5925
221.8 63.7 10.6 13.4 126.6 42.2 132.2 42.5 129.6 45.8 127.0 48.0 131.0 48.4 0.5776
547.4 126.1 9.1 11.7 891.9 117.8 896.1 117.4 894.8 120.3 892.9 122.8 895.9 122.6 0.5768
949.4 69.8 10.0 13.5 224.8 68.1 229.6 68.8 226.9 71.6 224.6 74.0 228.0 74.5 0.5523
312.3 34.4 10.0 11.7 550.0 130.2 553.6 130.4 551.4 132.7 550.2 134.9 553.0 135.0 0.5391
514.1 49.1 10.3 12.6 62.0 59.5 66.6 59.8 63.2 62.7 62.4 65.8 65.7 65.9 0.5333
326.9 186.5 8.6 11.1 951.2 74.9 955.6 74.8 953.1 77.7 951.9 80.6 955.1 80.5 0.5278
