58--Hockey/58_Hockey_icehockey_puck_58_701.jpg
23
261.2 303.8 26.1 29.7 269.4 313.3 282.0 312.5 276.9 319.3 271.2 326.2 281.6 325.8 0.9997
141.7 294.1 30.9 38.6 153.0 309.2 167.1 308.7 162.2 316.2 153.8 321.3 167.4 321.0 0.9996
836.1 305.2 26.7 31.6 842.6 315.1 854.9 315.4 848.0 320.4 843.2 327.7 853.2 327.9 0.9996
642.7 399.2 30.1 38.3 650.2 414.9 664.1 413.6 657.5 422.9 652.6 428.7 663.7 427.7 0.9996
706.9 300.5 26.4 32.5 712.3 311.9 724.7 311.3 718.1 317.4 714.1 324.1 724.4 323.6 0.9996
511.0 286.2 26.8 36.0 514.7 300.5 526.4 298.5 519.5 305.7 517.8 313.6 527.6 311.9 0.9995
463.2 281.1 28.0 40.1 469.6 297.0 482.7 297.6 475.2 305.1 469.8 310.3 481.8 310.7 0.9995
188.4 384.8 31.0 40.1 196.5 400.1 211.2 400.3 203.7 409.2 197.5 414.5 209.8 414.6 0.9995
429.1 278.9 27.3 34.9 434.6 292.1 447.1 291.4 440.1 298.4 436.3 304.7 446.6 304.2 0.9994
507.3 404.1 30.9 39.3 515.0 419.9 529.7 420.1 522.2 427.4 516.2 433.7 528.2 433.9 0.9994
328.8 289.7 27.9 34.0 336.4 302.9 349.7 300.5 344.5 308.8 339.2 314.9 351.0 313.1 0.9994
730.1 387.0 31.4 38.7 740.3 399.2 754.2 403.9 745.3 407.6 737.2 412.6 748.9 416.4 0.9994
900.2 294.5 30.9 36.8 906.7 310.8 920.2 307.4 914.3 315.9 911.5 323.3 922.3 320.5 0.9994
621.5 290.3 28.2 35.5 629.1 302.9 641.7 304.6 634.3 310.4 628.7 315.9 638.8 317.3 0.9994
840.6 387.9 31.5 40.8 849.8 405.0 864.1 404.4 857.9 411.0 852.1 418.9 863.4 418.5 0.9993
391.2 297.9 26.6 36.2 397.1 313.2 409.9 311.4 403.8 319.3 399.4 325.8 410.7 324.3 0.9993
221.7 318.8 27.6 35.1 232.3 332.2 244.5 330.6 241.3 338.1 235.5 345.3 245.1 344.1 0.9993
287.3 286.0 25.9 34.8 296.0 300.2 308.3 299.5 303.9 305.5 298.0 312.1 308.2 311.6 0.9993
761.3 287.3 26.8 34.2 767.5 298.4 780.1 299.4 772.9 305.6 767.1 311.1 778.8 311.9 0.9992
537.0 285.1 26.7 38.2 543.1 299.1 555.6 299.1 548.7 306.3 543.8 313.0 554.7 313.0 0.9992
174.4 288.9 27.8 34.1 183.1 303.0 195.7 301.7 190.8 308.1 185.6 315.3 195.6 314.3 0.9992
310.4 394.3 29.4 37.6 319.8 407.0 332.5 406.3 327.7 413.5 322.5 421.6 332.5 421.0 0.9992
411.3 399.5 28.9 37.2 418.2 413.1 432.2 413.2 425.0 420.7 419.0 426.3 431.8 426.4 0.9990
