58--Hockey/58_Hockey_icehockey_puck_58_494.jpg
18
504.7 184.2 68.4 96.3 518.6 214.6 531.6 216.1 506.8 232.0 514.7 254.8 523.1 255.0 0.9997
131.7 133.2 82.0 105.7 182.9 159.2 205.6 168.5 204.4 185.9 166.5 199.2 187.9 208.7 0.9995
424.7 219.6 40.6 53.7 444.7 232.2 459.6 236.6 454.2 244.0 439.3 252.9 452.8 256.9 0.9994
485.9 149.4 36.9 55.8 503.6 164.8 518.5 167.4 514.5 176.0 501.1 187.1 513.4 189.5 0.9990
789.8 325.8 31.9 40.7 793.2 340.0 803.0 340.2 792.3 348.3 794.7 357.0 801.3 356.8 0.9986
723.8 400.2 48.4 74.5 738.8 422.6 737.3 425.4 723.4 432.1 728.8 450.7 727.8 452.2 0.9950
823.5 319.4 26.8 37.1 829.7 331.2 839.7 331.0 833.6 337.8 830.5 345.7 838.7 345.6 0.9941
842.2 299.4 21.8 29.3 848.4 313.4 858.6 313.3 853.8 319.5 849.8 324.0 857.2 324.0 0.9895
933.2 390.3 23.0 29.4 937.9 400.8 947.5 403.2 939.4 407.3 936.2 412.3 942.8 414.1 0.9878
440.8 252.8 39.2 66.9 453.6 272.0 455.6 275.4 444.8 283.4 447.3 299.8 448.7 301.8 0.9833
766.8 317.3 18.3 24.0 768.8 324.8 773.0 324.8 768.1 330.0 769.9 335.4 772.9 335.0 0.9780
433.4 134.8 9.8 12.5 435.5 139.5 439.8 139.8 437.0 142.3 435.7 144.7 439.0 144.8 0.9763
874.1 296.6 11.9 15.9 877.1 303.1 882.7 302.9 880.1 306.1 877.9 309.1 882.4 309.0 0.9703
347.5 218.0 59.3 78.1 387.3 247.8 398.6 245.9 399.5 262.7 385.7 277.5 393.5 276.6 0.9519
325.1 161.2 49.3 56.1 345.7 180.2 365.1 179.8 358.4 189.5 349.3 200.8 364.3 200.5 0.9319
52.0 5.6 18.1 21.1 56.9 12.3 65.0 13.1 60.2 16.9 56.6 20.5 63.4 21.1 0.8562
364.2 106.7 9.2 12.0 259.9 89.8 268.5 90.7 267.8 98.2 258.8 102.7 263.6 103.8 0.7115
470.3 125.8 10.8 13.2 191.5 236.4 207.1 241.5 192.3 247.9 185.7 257.5 197.2 261.2 0.6582
