58--Hockey/58_Hockey_icehockey_puck_58_897.jpg
24
187.8 123.1 25.6 29.8 196.6 132.9 208.8 135.3 202.4 137.8 195.5 142.9 206.0 144.9 0.9997
450.9 167.5 49.2 65.8 475.2 190.1 494.6 190.2 490.0 207.0 473.9 216.7 488.7 217.2 0.9996
630.0 76.5 28.4 32.3 637.1 87.2 651.0 88.6 643.3 92.7 637.6 99.7 648.6 100.9 0.9996
710.4 47.3 29.2 35.5 719.7 59.8 733.3 62.1 726.1 66.3 719.3 72.8 729.8 74.5 0.9996
894.2 162.5 28.1 36.7 901.7 176.0 914.8 178.4 906.9 183.5 900.8 189.3 911.2 191.2 0.9996
967.0 67.6 28.6 38.1 976.8 82.5 989.9 82.0 985.3 88.2 978.6 95.0 990.6 94.6 0.9995
719.1 188.3 39.5 49.1 727.6 201.8 746.0 202.8 735.3 214.5 727.9 221.4 745.4 222.1 0.9995
976.0 174.1 28.7 36.0 982.2 189.1 995.3 189.5 987.8 196.8 983.9 202.8 993.2 203.1 0.9994
212.8 187.9 44.0 53.3 231.6 203.3 249.9 205.5 242.2 219.7 228.4 226.5 242.1 228.9 0.9994
572.5 137.1 27.0 30.2 579.3 147.4 591.9 147.8 584.9 153.2 579.9 159.2 590.2 159.5 0.9992
855.0 33.5 24.4 30.6 861.7 44.5 873.2 45.9 866.8 50.4 861.5 55.9 870.9 57.0 0.9992
733.2 77.1 28.8 41.2 739.4 92.1 752.3 94.3 743.2 99.6 738.5 107.5 748.4 109.2 0.9991
894.2 73.0 25.6 30.9 901.3 84.2 913.5 85.9 906.7 88.9 900.8 94.9 910.8 96.3 0.9990
765.6 25.2 26.1 32.6 773.5 36.5 785.5 38.4 778.9 42.7 773.3 49.1 782.4 50.7 0.9990
793.9 60.1 26.4 33.0 800.4 71.0 812.6 72.7 805.1 77.7 800.2 84.1 809.8 85.4 0.9986
849.4 102.0 33.3 43.7 857.6 118.7 873.3 120.1 864.0 126.2 857.4 133.6 870.5 134.6 0.9984
949.9 126.8 26.2 35.7 957.7 140.5 970.2 142.7 963.2 147.0 957.0 153.2 966.8 154.9 0.9984
266.4 128.0 23.9 31.6 273.7 139.2 285.1 140.4 279.3 144.8 274.1 151.5 282.7 152.5 0.9980
666.0 155.6 26.9 30.9 672.8 167.5 684.7 169.3 677.5 175.2 672.4 179.0 681.8 180.3 0.9980
788.0 139.0 27.2 32.1 796.8 147.3 809.0 149.8 801.4 154.1 794.7 160.5 804.7 162.6 0.9966
0.0 25.5 18.7 35.7 -1.0 39.7 10.8 39.3 5.1 46.6 0.7 53.0 10.1 52.6 0.9965
531.5 180.1 30.9 39.1 538.2 196.4 552.2 198.5 543.1 204.1 537.8 210.8 548.1 212.3 0.9964
1008.5 37.9 15.2 31.3 1016.6 46.6 1029.1 47.1 1022.9 52.0 1017.3 59.2 1027.5 59.7 0.9949
395.9 69.0 25.3 33.7 402.3 81.8 412.8 84.5 405.1 88.6 400.8 94.1 408.3 96.1 0.9783
