58--Hockey/58_Hockey_icehockey_puck_58_28.jpg
31
723.8 170.9 23.7 25.8 727.2 181.8 736.9 180.1 731.4 187.2 731.0 192.3 737.4 190.8 0.9993
504.3 236.9 29.7 34.9 522.6 251.3 530.7 249.2 531.7 258.1 523.8 265.2 528.6 263.9 0.9993
728.8 104.1 22.6 26.2 733.3 113.3 743.2 112.9 737.7 119.3 735.1 124.1 743.0 123.7 0.9991
765.5 105.0 24.0 30.1 769.6 116.1 780.7 116.1 773.7 122.4 771.1 128.4 778.7 128.3 0.9983
19.9 157.7 21.7 27.2 25.7 165.2 35.8 165.2 30.7 171.2 27.1 177.4 34.7 177.4 0.9974
675.0 93.7 19.0 25.5 680.2 103.3 688.6 103.9 684.0 109.3 680.6 113.4 687.0 113.9 0.9971
612.1 82.5 14.2 19.2 614.8 88.8 621.2 88.9 617.1 93.1 615.3 96.8 620.4 96.8 0.9959
520.3 119.3 15.6 19.8 523.1 126.0 530.0 127.1 525.0 130.2 522.8 133.9 528.0 134.7 0.9957
754.9 20.2 17.6 20.9 757.5 28.5 765.3 27.8 760.8 33.2 759.6 37.2 765.1 36.6 0.9953
522.3 187.0 17.4 21.3 524.9 194.6 532.3 195.0 527.3 200.0 526.1 204.0 531.1 204.2 0.9946
617.0 191.8 22.6 25.1 621.6 200.3 631.6 199.3 626.5 205.3 623.9 211.0 631.4 210.1 0.9938
629.4 82.1 13.6 20.5 631.6 89.7 637.9 89.5 634.1 93.9 632.6 98.0 637.5 97.9 0.9923
478.0 125.2 14.9 18.5 480.8 132.4 487.8 131.8 483.9 135.9 482.2 139.8 487.3 139.3 0.9922
668.0 71.3 16.6 22.2 673.0 80.0 680.6 80.2 676.8 84.7 673.5 88.6 679.4 88.8 0.9907
546.5 197.1 15.1 19.8 549.2 203.1 556.0 203.1 551.8 207.7 550.0 212.0 555.1 211.9 0.9902
538.7 83.9 14.2 18.0 543.1 90.3 549.5 90.6 546.2 94.0 543.3 97.4 548.4 97.6 0.9732
644.7 79.1 15.1 19.7 647.0 88.3 653.2 87.4 649.6 92.2 649.2 96.0 653.2 95.2 0.9653
708.0 25.1 14.5 19.1 710.8 32.1 717.4 33.3 712.5 36.4 710.2 40.0 714.8 40.8 0.9537
562.1 80.3 13.9 18.9 566.0 87.5 571.6 87.1 568.9 91.2 567.3 95.2 571.3 94.9 0.9375
501.7 90.5 13.1 17.7 504.1 96.8 508.6 97.3 505.1 100.7 504.5 104.2 507.7 104.4 0.9106
552.0 16.2 12.6 16.7 554.8 22.2 560.3 22.4 557.0 25.6 555.2 28.8 559.6 28.9 0.8910
468.6 86.0 13.8 18.1 471.1 93.2 477.1 93.1 473.5 97.1 472.1 100.6 476.4 100.4 0.8567
816.5 171.7 17.4 23.2 826.6 180.0 832.2 180.6 830.9 185.7 826.0 189.8 830.0 190.5 0.8333
659.5 193.4 21.7 25.2 663.6 202.0 672.5 202.0 667.2 208.0 665.2 212.7 671.6 212.6 0.8202
383.5 27.3 11.0 14.3 386.2 32.9 391.8 32.9 388.9 36.0 386.7 38.8 391.2 38.8 0.7931
636.6 119.1 16.1 20.6 641.7 127.2 649.2 126.6 646.4 131.6 643.5 135.8 649.1 135.3 0.6226
93.6 33.9 10.4 13.5 96.0 39.0 100.6 39.1 98.1 41.6 96.5 44.3 100.1 44.3 0.6179
328.3 24.5 10.8 12.8 331.2 29.3 336.0 29.1 333.6 31.9 332.0 34.5 335.7 34.4 0.5867
20.9 48.0 9.5 12.2 23.1 52.5 27.5 52.5 25.2 55.0 23.5 57.6 27.1 57.6 0.5845
344.7 32.1 11.5 13.2 347.6 36.7 353.4 36.7 350.5 39.8 348.3 42.6 352.5 42.6 0.5807
416.4 168.5 16.3 21.6 420.4 176.3 427.5 176.1 423.5 180.2 421.1 184.9 426.8 184.7 0.5542
