58--Hockey/58_Hockey_icehockey_puck_58_135.jpg
61
423.3 39.5 17.2 21.2 430.7 46.0 437.7 46.8 434.9 51.0 430.3 54.6 436.2 55.4 0.9996
403.8 5.0 16.6 19.7 407.6 12.0 415.3 11.7 411.5 15.8 408.6 19.8 415.0 19.6 0.9995
519.1 108.0 26.4 29.5 525.7 116.6 537.8 117.1 531.2 123.9 526.8 129.7 535.8 130.0 0.9994
126.1 103.4 18.2 25.2 130.4 112.5 139.1 113.0 134.1 117.4 130.7 122.3 137.7 122.7 0.9993
520.3 181.5 45.4 51.2 533.7 197.7 552.5 196.8 544.0 209.7 537.5 219.5 551.2 218.7 0.9992
303.8 73.7 17.5 22.2 308.3 80.8 316.8 81.8 311.9 85.3 308.1 89.3 315.2 90.1 0.9991
738.1 132.3 20.2 23.0 744.2 138.7 750.5 141.9 743.0 143.0 740.3 147.3 745.3 149.6 0.9990
58.1 77.3 20.2 24.4 64.2 86.2 73.6 86.2 69.5 90.4 65.5 95.6 73.0 95.5 0.9990
924.3 63.6 19.4 26.6 929.1 74.2 938.2 74.7 933.0 79.4 929.5 84.3 936.6 84.6 0.9990
538.5 37.5 20.0 24.3 544.3 47.2 553.6 46.9 549.3 52.3 545.6 56.5 552.9 56.3 0.9990
151.1 285.3 27.4 33.4 165.4 296.0 174.3 299.2 170.3 305.5 160.7 308.9 167.5 311.7 0.9989
809.3 72.5 19.0 23.3 812.7 81.0 820.9 81.1 815.6 85.2 813.5 90.1 819.7 90.1 0.9989
20.5 145.4 19.8 23.7 26.3 153.0 35.4 153.1 31.0 158.0 27.2 162.9 34.1 163.0 0.9988
198.9 104.9 17.6 23.3 203.7 113.2 212.1 112.8 208.3 117.4 204.9 122.4 211.6 122.2 0.9988
276.9 178.9 20.2 24.8 282.2 188.7 291.5 187.7 287.3 193.5 284.3 198.3 291.3 197.4 0.9987
476.5 51.1 16.4 20.6 480.8 57.7 488.6 58.4 484.2 62.7 481.1 66.7 487.0 67.2 0.9986
81.0 149.4 18.7 22.8 86.6 156.7 95.1 156.0 91.8 160.8 88.2 166.2 95.1 165.7 0.9985
607.6 41.0 17.9 21.5 612.8 49.1 621.4 49.7 617.1 52.9 613.4 57.3 619.8 57.7 0.9985
293.8 47.1 17.0 21.8 299.4 55.6 307.5 55.6 304.1 59.9 300.2 63.9 306.7 64.0 0.9985
153.6 8.8 17.8 22.9 158.9 18.5 167.0 17.9 163.6 22.6 160.5 27.1 166.5 26.7 0.9983
245.5 102.1 17.8 23.5 249.9 111.5 257.7 110.6 254.1 115.0 251.6 120.1 257.8 119.3 0.9983
869.7 64.8 17.9 22.8 873.3 73.5 881.2 73.3 876.6 77.9 874.3 82.4 880.4 82.2 0.9982
58.6 114.0 17.6 22.9 63.9 122.2 72.1 122.8 68.2 126.4 64.5 131.2 70.8 131.6 0.9982
505.6 69.5 17.0 23.2 511.7 79.2 519.4 79.2 516.3 83.9 512.5 87.9 518.2 88.0 0.9982
349.1 37.5 18.8 23.6 354.7 47.3 363.2 47.6 359.0 51.9 355.5 56.0 361.9 56.2 0.9981
182.4 105.6 15.0 19.8 186.9 113.4 194.1 113.5 190.7 117.7 187.8 121.3 193.0 121.4 0.9980
502.7 8.5 19.9 25.0 507.7 19.4 516.4 17.5 512.7 22.9 510.3 28.2 517.2 26.8 0.9979
335.5 111.6 17.0 22.9 339.8 120.4 347.6 120.4 343.7 124.7 340.4 129.2 347.0 129.2 0.9978
943.5 144.6 20.6 26.4 948.8 155.8 957.9 156.4 952.8 161.6 949.4 165.6 956.1 166.0 0.9978
791.1 139.6 18.5 24.8 794.9 150.1 803.2 149.1 799.0 154.5 797.1 159.4 803.4 158.6 0.9978
560.4 72.5 19.6 25.0 566.3 82.1 575.3 81.4 571.4 86.7 567.9 91.8 574.7 91.3 0.9977
772.4 104.3 18.1 22.5 776.9 111.5 785.6 111.3 781.1 115.5 777.8 120.8 784.6 120.7 0.9977
996.5 105.2 18.2 22.7 1001.1 112.3 1009.3 112.7 1004.8 117.5 1001.8 122.1 1008.2 122.3 0.9977
12.4 200.1 18.7 25.5 18.0 211.0 26.5 210.1 23.0 215.7 19.9 220.4 26.5 219.7 0.9975
877.9 0.0 17.0 21.1 882.2 6.2 890.7 6.2 886.5 11.0 883.3 15.8 889.7 15.8 0.9974
428.1 136.2 19.4 27.5 433.7 145.9 442.8 146.0 438.6 150.5 434.7 156.4 442.2 156.4 0.9973
384.8 70.1 18.5 24.8 389.7 80.0 398.9 80.0 394.8 84.9 390.6 89.6 398.2 89.6 0.9972
135.0 76.7 17.0 22.2 139.9 85.7 147.8 85.5 144.3 90.1 140.9 94.5 147.3 94.3 0.9971
760.9 185.7 20.8 28.3 764.2 197.3 773.3 197.6 767.5 203.3 765.3 208.2 772.3 208.2 0.9970
4.4 76.4 17.6 20.5 10.7 83.6 18.8 84.2 15.4 86.8 11.1 91.2 17.8 91.6 0.9969
39.9 11.3 18.1 21.7 45.1 20.3 53.3 20.0 49.5 24.4 46.5 28.6 52.5 28.4 0.9968
642.6 197.7 17.4 24.2 646.2 207.9 654.1 207.8 649.6 212.4 647.3 216.9 653.3 216.8 0.9968
276.3 8.4 17.5 24.4 281.2 18.6 289.2 18.2 285.5 23.1 282.2 26.9 289.2 26.7 0.9966
464.3 15.0 15.2 18.4 467.9 21.7 474.8 22.8 470.4 25.6 467.7 28.5 473.2 29.3 0.9965
288.3 151.9 17.1 20.6 291.1 157.6 295.2 158.6 289.8 162.1 290.7 166.5 293.4 167.0 0.9964
361.7 153.6 16.3 22.9 365.5 162.1 373.9 162.4 369.5 166.2 366.3 171.0 372.9 171.1 0.9961
95.3 14.3 17.9 22.7 100.2 24.9 108.6 24.9 104.4 29.3 101.2 33.1 107.5 33.1 0.9960
933.6 0.0 16.4 18.4 937.8 6.0 945.6 6.4 941.4 10.6 938.5 14.2 943.9 14.5 0.9957
865.4 100.3 20.0 22.5 877.3 109.7 881.5 111.1 879.3 116.0 873.3 118.1 875.3 119.4 0.9948
1015.1 2.7 8.6 20.9 1019.0 9.1 1025.7 8.9 1022.5 13.1 1019.7 17.8 1025.4 17.7 0.9926
461.9 104.6 15.3 20.0 466.2 112.3 473.2 112.8 469.4 116.3 466.2 119.8 471.9 120.1 0.9924
644.4 157.6 14.7 19.5 646.7 162.6 650.2 163.5 645.4 167.1 646.2 171.5 648.7 171.9 0.9914
325.0 33.3 13.7 17.5 327.6 39.6 333.6 39.8 329.9 43.9 328.5 47.1 332.9 47.2 0.9904
144.3 145.0 18.1 23.5 148.1 155.2 155.8 154.6 151.6 159.6 149.6 164.0 155.4 163.5 0.9893
502.6 141.2 20.2 27.1 507.0 153.3 513.9 153.7 509.0 159.0 508.2 163.2 513.0 163.3 0.9869
974.7 35.8 18.0 21.5 979.7 41.9 988.1 42.9 983.4 47.2 979.7 51.6 986.0 52.3 0.9859
883.0 149.0 15.9 24.2 886.3 158.7 892.3 158.9 888.2 163.4 886.8 168.0 891.5 168.0 0.9852
840.5 51.4 15.0 16.2 194.0 153.8 201.4 153.8 198.0 157.8 194.6 161.9 200.5 161.9 0.8946
437.2 73.1 14.1 21.4 844.0 57.6 850.8 57.3 847.5 61.4 845.4 64.7 850.5 64.4 0.8651
234.8 150.7 15.5 20.3 81.1 19.4 87.8 19.1 85.2 22.9 82.0 27.0 87.5 26.8 0.8074
578.7 12.8 16.3 20.3 439.9 80.3 445.2 80.8 440.9 84.7 439.4 88.8 444.0 89.1 0.5632
