40--Gymnastics/40_Gymnastics_Gymnastics_40_292.jpg
8
418.9 184.1 51.7 66.0 433.0 213.7 456.5 208.6 448.3 224.0 438.1 234.0 460.4 229.6 0.9997
296.9 182.1 57.9 75.6 324.2 211.7 347.6 212.1 342.2 227.1 320.5 234.9 344.4 235.7 0.9996
651.0 77.5 29.0 41.0 662.9 95.0 675.9 95.1 671.4 103.1 662.5 108.4 673.6 108.6 0.9996
553.8 112.2 39.2 51.8 568.6 132.3 586.4 133.9 578.9 143.6 566.8 148.6 583.6 150.1 0.9996
617.8 99.1 36.0 45.3 633.1 117.4 649.1 116.6 644.1 126.6 633.8 133.2 647.8 132.8 0.9996
150.0 212.0 76.5 98.6 183.7 257.5 215.6 252.7 209.5 274.8 187.2 288.8 215.2 285.1 0.9996
690.2 81.5 31.8 38.8 703.3 96.3 717.2 98.8 711.4 105.0 701.1 108.7 713.5 110.9 0.9996
503.3 160.3 42.7 52.4 521.9 182.3 540.0 181.0 535.0 192.8 522.1 199.9 537.7 199.2 0.9994
