40--Gymnastics/40_Gymnastics_Gymnastics_40_340.jpg
12
445.3 175.7 72.2 80.0 484.9 209.0 507.9 214.7 497.7 232.2 473.3 238.0 488.8 243.4 0.9998
202.7 297.2 66.1 89.9 248.3 339.7 260.1 332.7 267.9 353.0 243.6 368.7 251.8 364.7 0.9998
355.2 159.4 64.7 82.6 398.0 189.7 413.6 194.8 412.8 209.6 388.4 218.5 401.4 223.5 0.9998
698.6 136.5 58.7 82.9 728.2 173.4 750.7 171.0 746.2 192.5 722.1 200.0 741.2 199.2 0.9997
128.3 344.0 68.8 94.4 175.3 384.7 187.4 379.3 195.3 400.7 169.2 415.3 179.1 412.6 0.9997
646.5 150.4 57.9 80.5 686.9 182.5 695.3 179.9 702.2 197.8 680.5 211.0 686.7 210.2 0.9996
260.4 194.3 66.7 95.6 304.7 233.9 318.4 233.5 322.8 254.1 293.9 267.0 305.1 268.2 0.9996
810.1 175.1 62.3 84.3 846.2 213.0 866.7 207.1 868.0 227.2 849.8 243.4 863.8 239.2 0.9995
579.0 149.9 60.4 79.5 619.6 185.6 626.2 177.5 640.0 193.0 626.5 212.4 630.6 207.4 0.9995
914.3 117.2 61.0 90.2 943.9 157.2 967.2 152.0 965.5 170.9 952.1 189.2 969.2 185.3 0.9994
867.8 165.0 56.8 84.1 887.7 199.3 908.5 197.5 901.7 215.1 890.6 230.1 907.7 228.9 0.9993
895.1 165.2 48.5 77.1 917.6 197.8 935.6 195.6 933.0 212.2 919.9 225.6 933.2 224.2 0.9598
