40--Gymnastics/40_Gymnastics_Gymnastics_40_458.jpg
66
243.7 329.7 43.7 57.7 248.3 351.9 265.8 350.4 251.4 361.0 251.0 372.2 266.0 370.6 0.9998
385.6 314.4 44.7 57.5 394.6 335.8 415.6 333.8 404.2 344.2 397.7 356.5 416.4 354.7 0.9997
578.1 317.9 43.2 57.0 598.2 341.3 615.4 339.0 612.4 351.4 598.8 360.6 614.4 359.1 0.9997
721.6 313.7 41.0 55.5 738.1 335.6 756.0 333.7 752.1 343.3 741.1 354.3 757.1 353.0 0.9997
96.6 340.1 44.9 57.9 110.1 365.7 130.8 364.0 122.3 377.0 112.4 384.0 131.3 382.5 0.9996
884.0 334.4 45.0 56.3 896.4 356.7 917.4 356.2 907.7 369.1 896.9 374.2 917.9 373.6 0.9996
108.7 302.8 24.5 27.2 114.6 311.9 125.8 311.9 119.6 316.7 115.6 323.0 124.0 323.0 0.9991
821.7 352.5 23.3 29.8 825.9 362.2 833.5 363.8 825.5 367.5 824.4 374.0 829.7 374.9 0.9985
7.6 278.6 26.9 32.3 17.3 288.5 29.1 288.7 24.8 293.8 19.3 301.6 28.3 301.8 0.9984
77.6 312.3 25.0 29.8 85.0 323.2 96.3 324.6 90.3 329.3 85.3 334.9 93.7 335.9 0.9983
1001.5 315.0 21.7 34.9 1007.1 329.3 1019.2 328.3 1013.0 336.0 1009.9 343.1 1019.0 342.2 0.9974
330.8 346.3 25.0 31.7 337.0 357.3 348.8 357.4 342.8 364.2 338.8 370.5 347.4 370.6 0.9965
170.1 213.4 23.7 29.1 177.0 222.1 187.7 222.3 182.5 227.5 177.9 234.1 186.5 234.3 0.9964
156.8 162.8 22.4 26.3 162.3 172.0 172.7 171.6 167.1 176.3 163.3 182.3 171.5 182.0 0.9957
657.0 179.7 20.1 25.6 663.2 188.9 672.5 188.7 668.5 193.6 664.7 199.0 671.9 198.9 0.9956
198.6 335.1 23.1 31.5 205.9 346.4 215.8 346.2 211.4 351.5 206.8 358.2 214.8 358.1 0.9952
780.0 209.1 21.6 27.3 786.3 219.5 795.9 220.2 790.9 225.2 786.9 230.1 793.9 230.6 0.9952
230.8 285.0 21.0 29.5 234.1 295.1 240.6 295.5 234.6 300.6 234.4 306.6 239.4 306.8 0.9942
180.4 299.9 23.7 30.6 186.5 312.8 197.2 312.4 191.8 318.0 188.3 324.3 195.9 324.0 0.9933
397.4 201.0 19.1 25.5 401.9 211.5 410.5 211.6 405.6 216.3 402.7 220.9 409.2 221.0 0.9930
460.5 19.4 17.7 22.4 465.1 27.3 473.3 27.3 469.2 31.8 466.4 36.6 472.5 36.6 0.9886
289.1 130.4 19.6 26.2 295.6 139.5 304.5 140.3 300.0 144.6 295.8 149.7 302.6 150.3 0.9882
57.5 191.9 19.6 24.3 61.2 199.8 70.1 200.2 64.4 205.1 61.9 210.1 68.5 210.3 0.9856
620.6 272.3 20.2 27.4 626.8 282.2 635.4 282.1 631.3 287.3 627.6 292.9 634.1 292.8 0.9843
338.9 175.2 17.8 21.1 343.4 182.1 351.7 182.8 346.8 186.7 343.6 190.8 349.7 191.4 0.9836
928.8 199.7 23.1 28.9 934.7 211.4 945.3 210.5 940.5 215.4 937.0 221.9 945.0 221.2 0.9814
689.9 45.1 16.7 19.7 694.2 52.0 702.5 52.1 698.3 56.2 694.9 60.4 701.7 60.4 0.9795
463.2 51.5 16.2 21.3 468.2 59.2 475.8 59.4 472.4 63.3 469.1 67.6 474.9 67.8 0.9763
662.8 374.4 19.6 25.8 667.5 382.1 676.7 381.9 672.0 388.0 668.9 393.6 676.0 393.4 0.9748
331.0 383.4 20.7 25.3 334.5 392.8 343.3 392.1 337.7 397.1 335.8 402.5 342.6 401.9 0.9733
411.8 22.9 18.8 25.0 417.2 32.6 425.1 33.3 420.4 37.8 417.4 42.3 423.1 42.8 0.9730
554.8 282.9 17.9 23.0 559.4 290.4 567.5 291.9 562.5 295.9 558.8 299.9 564.8 301.0 0.9725
312.5 8.3 19.3 25.5 316.8 18.1 326.1 18.3 321.1 23.3 317.7 28.2 324.7 28.3 0.9701
942.3 324.2 19.4 25.6 948.1 334.1 956.3 333.5 952.7 338.6 949.6 343.9 955.8 343.5 0.9700
84.5 231.7 25.7 28.4 93.7 240.5 105.1 241.5 99.4 248.1 93.9 253.0 102.0 253.8 0.9690
527.6 33.8 16.0 21.1 531.9 41.7 539.3 41.4 535.7 45.9 532.9 50.4 539.0 50.2 0.9684
476.5 327.8 21.2 26.1 483.1 337.7 492.2 336.7 488.4 342.0 485.1 347.8 492.0 346.9 0.9681
514.9 351.5 26.3 33.4 520.9 362.8 533.3 363.9 525.9 371.0 521.5 376.5 531.0 377.3 0.9672
773.3 335.5 19.3 24.1 781.6 343.3 789.3 344.3 785.8 348.9 781.3 353.4 787.1 354.3 0.9662
765.3 173.1 16.6 22.0 769.3 181.6 777.1 181.7 773.0 186.4 770.2 190.6 775.8 190.7 0.9661
736.7 39.2 18.0 22.1 741.1 46.2 749.8 45.6 745.4 50.4 742.6 55.8 749.0 55.4 0.9639
254.3 12.4 18.1 21.3 258.8 19.0 267.5 18.7 263.3 23.3 260.4 28.3 267.1 28.0 0.9608
491.6 70.8 16.6 22.3 494.4 79.4 502.0 79.3 497.6 84.1 495.6 88.4 501.2 88.2 0.9592
680.2 339.7 19.8 23.2 684.9 345.7 694.0 346.8 688.4 351.7 684.8 356.1 691.9 356.9 0.9554
588.3 9.8 17.6 21.7 592.6 18.4 600.6 18.9 596.1 23.2 592.8 27.0 599.2 27.3 0.9468
941.6 294.9 21.5 27.6 947.5 306.3 957.2 305.8 952.6 311.1 949.0 316.5 956.4 316.1 0.9410
459.5 236.1 17.3 23.9 465.4 245.5 473.2 245.2 470.1 250.7 466.7 255.0 472.6 254.8 0.9319
454.1 157.4 19.5 21.0 457.6 167.0 464.2 166.1 460.4 171.7 461.2 175.2 465.3 174.3 0.9297
698.8 285.6 19.2 23.9 705.2 294.8 713.4 293.4 710.6 298.3 707.6 303.7 714.0 302.7 0.9207
876.6 157.1 19.9 26.5 882.1 166.6 892.2 165.9 887.9 171.8 883.8 177.7 891.7 177.2 0.9139
736.1 153.7 18.8 23.1 742.1 161.5 750.8 160.3 747.6 165.7 744.1 171.0 750.9 170.1 0.9120
150.0 288.7 20.8 27.6 156.0 298.1 164.7 297.6 160.2 302.6 156.9 308.8 164.1 308.3 0.9085
714.4 244.6 18.9 24.4 719.5 252.2 726.9 254.1 721.2 257.4 718.3 261.7 724.1 263.0 0.9081
577.4 82.9 17.1 23.0 581.7 91.5 588.6 91.6 584.9 96.0 582.5 100.3 588.0 100.3 0.9009
792.3 127.7 17.0 21.3 796.9 134.5 805.1 134.4 801.2 138.7 798.0 143.7 804.3 143.6 0.8821
120.6 15.8 16.6 20.9 124.5 22.5 132.6 22.4 128.5 26.9 125.5 31.7 131.5 31.6 0.8769
187.7 31.6 16.6 20.4 190.7 38.5 196.5 38.8 192.2 43.5 191.8 47.3 195.9 47.4 0.8739
462.4 190.2 20.4 23.9 467.3 197.2 474.9 197.2 470.8 202.7 469.6 207.3 475.2 207.3 0.7889
598.4 38.7 15.0 18.6 602.9 45.8 609.3 46.1 605.9 49.9 603.0 53.4 608.0 53.7 0.7589
973.6 31.9 17.6 21.9 977.8 39.6 985.8 39.5 981.5 44.3 978.9 49.2 985.1 49.1 0.6235
237.8 217.2 18.1 23.1 241.6 226.7 249.1 226.3 245.1 231.2 243.2 235.9 249.0 235.5 0.6044
205.6 135.5 14.2 18.0 209.2 142.4 215.1 141.7 212.6 146.3 211.2 149.9 215.4 149.4 0.5772
667.8 33.5 15.9 18.4 672.3 39.4 679.9 39.0 676.5 43.3 673.7 47.5 679.4 47.3 0.5771
774.2 107.6 17.0 19.5 778.7 114.4 786.9 114.7 782.7 119.0 779.2 122.8 785.5 123.1 0.5687
906.2 19.5 20.1 25.5 912.0 28.9 921.5 29.3 916.6 34.4 912.6 39.4 920.1 39.7 0.5493
99.2 140.5 22.2 29.6 106.1 152.2 116.5 152.1 111.9 158.3 107.7 163.8 115.8 163.7 0.5289
