40--Gymnastics/40_Gymnastics_Gymnastics_40_489.jpg
8
815.9 159.5 98.9 137.8 831.1 214.1 873.7 214.1 842.6 238.8 833.9 259.4 873.4 259.6 0.9998
742.6 89.3 82.4 111.6 754.2 135.3 789.6 129.3 766.2 151.9 760.7 170.0 796.6 164.6 0.9997
592.5 139.8 80.0 108.7 609.6 188.5 644.8 185.2 626.1 204.4 615.5 220.8 648.2 217.7 0.9997
329.6 303.2 87.8 110.4 365.6 346.9 400.7 357.1 384.0 373.4 355.6 379.7 387.5 388.8 0.9997
204.3 154.3 90.9 120.4 231.5 200.2 273.0 204.9 250.8 223.5 226.7 238.8 265.6 243.2 0.9997
497.1 267.3 83.6 107.3 519.4 306.9 559.8 306.6 540.7 329.4 519.6 342.6 559.0 342.5 0.9997
399.5 104.7 86.5 119.5 425.0 153.4 465.3 156.4 444.2 177.7 423.5 191.4 460.1 194.1 0.9996
654.9 250.2 96.1 124.4 673.6 302.5 716.7 301.3 691.1 324.6 678.6 343.2 716.3 342.0 0.9996
