40--Gymnastics/40_Gymnastics_Gymnastics_40_162.jpg
41
456.3 151.4 30.7 34.2 464.7 163.2 479.7 163.7 472.3 171.0 464.7 174.8 479.0 175.1 0.9998
548.7 97.9 27.6 37.6 556.0 112.0 569.2 112.5 562.5 118.9 556.4 124.8 568.5 125.2 0.9997
456.4 278.7 33.3 36.4 466.0 289.5 482.0 290.9 473.5 299.8 465.1 303.7 479.8 304.9 0.9997
110.6 134.9 31.8 39.8 125.2 150.8 138.6 151.1 134.7 159.7 123.7 164.0 135.7 164.5 0.9997
357.0 229.0 30.8 35.1 364.0 240.5 378.8 240.8 370.5 248.5 364.3 253.0 377.9 253.3 0.9997
393.3 362.5 33.9 45.1 403.9 380.6 420.1 379.6 413.6 390.2 405.7 396.7 419.0 395.9 0.9997
672.8 117.4 30.7 36.7 681.1 131.9 695.7 133.3 687.9 139.3 680.8 143.9 694.0 144.9 0.9997
778.5 119.0 32.1 36.6 785.8 130.3 800.7 131.0 791.9 138.2 785.4 143.9 799.2 144.5 0.9997
593.4 363.9 37.2 43.9 604.4 381.6 622.3 381.6 614.0 390.6 605.4 396.4 620.8 396.4 0.9996
726.4 145.8 33.7 42.9 734.1 161.9 750.2 162.5 741.5 171.4 734.5 175.8 750.0 176.3 0.9996
203.4 141.0 28.4 37.9 211.2 157.2 225.3 156.0 219.3 164.6 212.5 169.4 225.1 168.6 0.9996
517.5 243.9 32.1 36.8 526.5 257.7 541.9 257.7 534.5 266.2 527.4 271.1 540.6 271.2 0.9996
428.3 210.5 31.4 41.3 436.1 227.3 451.3 227.1 443.4 235.6 436.9 240.6 450.8 240.4 0.9996
268.8 208.9 32.3 37.5 276.2 222.1 291.4 222.6 283.1 231.9 276.8 235.3 290.9 235.6 0.9996
144.6 356.5 37.7 47.8 154.8 376.2 172.0 376.2 163.0 385.2 155.7 392.1 170.3 392.2 0.9996
285.1 124.6 32.2 38.9 296.8 139.8 311.4 141.4 304.7 148.6 295.4 152.1 308.7 153.6 0.9996
637.4 158.4 29.8 37.1 644.5 172.8 659.1 173.4 651.2 181.7 644.5 184.6 658.5 185.0 0.9995
708.4 385.0 32.7 40.1 716.7 399.2 732.6 400.1 724.2 407.6 717.5 414.8 730.4 415.5 0.9995
553.5 158.6 31.4 37.1 562.8 170.0 577.3 174.5 568.1 180.3 559.8 182.5 573.9 186.1 0.9995
881.1 287.8 34.4 39.3 889.2 303.5 905.5 303.9 896.6 312.5 890.2 316.7 904.4 317.0 0.9995
484.1 357.6 33.6 39.1 491.1 372.5 507.3 371.2 499.1 380.4 492.9 385.7 507.8 384.8 0.9995
677.8 215.5 31.9 37.0 685.9 229.0 700.7 228.2 693.6 235.8 687.3 242.0 700.4 241.3 0.9995
938.1 363.7 34.1 39.1 946.7 377.5 962.6 378.4 953.9 386.3 946.7 391.7 960.8 392.5 0.9995
724.4 284.1 32.8 33.0 731.7 297.8 745.7 293.5 740.1 301.6 737.3 309.3 748.7 305.9 0.9995
198.3 79.4 28.7 39.4 207.4 96.4 220.9 95.7 215.2 103.8 208.2 108.8 220.1 108.4 0.9995
578.5 268.1 33.0 38.7 587.0 283.5 603.2 283.8 594.9 292.0 587.7 297.0 601.7 297.2 0.9995
261.2 374.5 37.9 42.9 271.7 390.8 289.1 389.4 281.6 397.4 274.8 405.9 289.4 404.8 0.9995
368.6 134.8 31.9 40.1 378.2 150.2 393.8 150.2 386.6 158.4 378.4 163.5 393.2 163.5 0.9994
724.4 55.2 31.4 43.2 732.0 73.2 746.4 71.4 740.0 78.8 735.1 87.3 747.2 85.9 0.9994
444.9 66.5 32.0 41.1 453.9 85.0 468.9 84.4 462.2 91.1 455.4 97.4 468.3 97.0 0.9994
369.3 288.7 30.6 34.0 377.5 299.8 392.1 299.7 384.9 308.0 378.4 313.2 390.8 313.2 0.9994
83.0 54.6 31.2 39.2 94.9 70.5 109.0 71.0 103.6 77.8 96.3 84.6 107.1 85.0 0.9994
181.6 222.3 31.9 41.9 188.9 239.0 203.8 237.8 196.4 247.4 190.5 252.2 204.9 251.2 0.9993
315.6 85.6 31.4 38.7 323.7 100.3 338.0 98.9 331.8 106.1 326.9 114.9 338.3 113.7 0.9992
658.3 275.5 30.2 36.2 668.6 289.7 682.8 288.9 677.2 297.0 670.9 304.0 681.6 303.4 0.9992
794.8 398.1 29.9 35.2 812.4 413.1 821.9 410.6 822.9 419.7 814.1 426.9 820.0 425.4 0.9992
82.7 238.4 32.8 39.8 91.4 257.1 107.0 255.1 100.3 263.9 93.8 269.2 107.5 267.6 0.9992
813.1 325.6 29.5 37.8 822.2 341.6 835.9 341.9 829.5 349.5 823.6 355.5 833.6 355.8 0.9987
607.1 218.0 32.4 37.5 617.2 232.9 632.5 233.6 625.3 240.0 617.0 244.8 631.0 245.5 0.9986
752.0 223.9 31.4 35.8 760.4 238.3 775.0 238.0 767.5 243.9 762.2 251.3 773.0 251.1 0.9985
281.9 280.9 32.5 38.6 290.2 295.4 306.0 296.7 297.5 303.0 290.5 308.8 304.0 309.8 0.9981
