40--Gymnastics/40_Gymnastics_Gymnastics_40_392.jpg
14
913.9 313.5 28.3 33.7 920.1 325.7 933.1 325.8 925.6 333.1 921.8 339.4 931.2 339.5 0.9995
330.1 117.4 21.8 28.9 338.9 131.3 348.4 130.3 345.4 136.6 340.8 141.3 347.1 140.6 0.9991
774.9 106.4 18.9 24.3 779.5 115.4 787.9 115.6 783.3 120.1 780.3 124.6 786.7 124.8 0.9984
750.7 147.9 20.7 27.2 755.5 159.1 765.1 158.2 760.5 163.6 757.6 169.1 764.9 168.4 0.9984
266.8 134.9 18.1 22.8 271.1 143.2 279.4 143.5 274.5 147.5 271.5 152.0 277.8 152.2 0.9983
505.4 178.1 20.1 26.0 511.3 189.2 520.0 187.7 516.9 193.1 514.2 198.7 520.5 197.5 0.9972
374.1 252.8 22.2 36.4 391.3 268.8 392.5 268.1 393.5 276.4 387.1 282.3 387.7 281.9 0.9954
406.6 188.2 17.1 22.3 411.7 196.6 419.9 196.6 416.2 200.9 412.7 205.2 419.1 205.2 0.9948
210.4 255.5 20.0 36.4 225.7 267.8 226.0 267.6 229.4 274.8 224.9 282.1 225.7 282.4 0.9928
234.3 106.5 20.3 25.9 244.3 116.6 252.5 116.3 251.0 121.5 246.1 126.8 251.8 126.8 0.9918
522.4 229.4 19.3 35.3 537.6 241.4 538.3 241.2 541.2 248.6 535.7 255.8 536.9 256.0 0.9915
629.2 121.6 20.5 23.6 631.8 130.8 640.2 131.2 634.3 136.1 632.8 140.1 638.7 140.3 0.9910
793.4 223.2 17.6 30.7 805.1 233.0 806.1 232.4 809.2 237.5 807.1 244.7 808.3 244.4 0.9709
665.8 251.9 15.6 26.7 679.0 262.0 679.0 261.9 680.8 267.9 676.3 272.7 676.2 272.8 0.9283
