40--Gymnastics/40_Gymnastics_Gymnastics_40_480.jpg
32
488.6 101.2 39.2 56.5 498.1 125.8 516.0 125.0 507.1 137.1 501.7 146.1 514.7 145.3 0.9994
52.2 373.3 26.8 35.6 60.5 386.5 72.3 386.5 67.0 392.6 62.1 399.7 70.9 399.7 0.9993
754.4 431.7 31.4 39.6 777.2 447.7 782.7 449.7 782.2 458.1 770.9 462.4 774.4 464.6 0.9993
803.6 557.4 33.1 43.8 812.8 574.1 828.0 575.0 820.2 582.4 813.7 590.0 825.5 590.8 0.9992
158.6 392.1 25.1 35.5 161.1 406.1 168.6 406.0 161.6 413.3 163.3 419.6 169.1 419.2 0.9990
706.5 595.8 26.8 34.1 712.1 609.7 724.5 609.4 717.5 616.1 713.8 622.3 723.2 622.1 0.9989
874.7 437.4 29.7 39.8 878.0 452.3 885.0 451.4 876.4 459.1 880.5 467.0 886.0 466.0 0.9989
651.1 579.6 30.6 38.7 659.1 593.6 673.2 594.5 665.3 601.1 659.5 608.6 670.4 609.4 0.9988
93.1 433.9 30.7 40.6 102.0 448.6 114.9 447.9 109.0 454.8 103.8 463.2 114.3 462.7 0.9988
609.0 588.6 26.0 33.8 617.8 600.3 629.5 602.0 623.5 607.1 617.7 613.3 626.5 614.7 0.9987
826.3 495.4 28.6 32.8 833.6 505.1 845.8 504.3 839.4 510.5 835.6 518.9 844.8 518.3 0.9985
733.4 522.7 26.8 31.7 739.6 535.8 752.0 534.6 746.0 541.3 742.4 547.8 751.8 546.8 0.9985
578.8 394.5 25.7 32.4 585.5 407.1 597.1 406.8 591.2 413.0 587.3 419.5 595.8 419.3 0.9984
566.6 506.5 25.0 34.3 582.4 519.8 588.4 519.0 590.4 525.9 583.9 532.8 588.0 532.6 0.9984
858.1 591.3 25.9 30.8 863.5 602.9 875.0 604.1 867.7 610.0 863.9 615.0 872.3 616.0 0.9980
109.4 518.1 27.6 34.0 117.8 531.9 130.5 532.5 124.2 539.2 119.2 545.0 128.2 545.5 0.9980
630.0 554.9 26.2 30.6 637.8 568.2 649.2 565.3 645.5 573.2 642.0 579.6 650.6 577.4 0.9979
34.4 237.9 25.2 29.6 44.9 249.2 55.4 249.7 51.2 255.7 45.6 260.6 52.9 261.0 0.9978
136.3 246.6 21.9 28.9 142.4 258.3 152.6 257.7 148.1 263.5 144.1 269.0 152.5 268.5 0.9978
689.4 246.6 22.8 29.3 695.4 258.0 705.5 257.9 700.3 263.6 696.9 269.3 704.3 269.2 0.9978
222.4 238.3 24.6 31.9 228.5 251.1 239.9 251.0 234.1 256.9 230.0 262.9 238.7 262.9 0.9975
504.4 393.5 23.8 32.9 511.6 405.4 521.5 406.1 515.9 412.1 511.6 417.9 519.4 418.6 0.9974
311.9 235.6 25.1 31.2 318.1 247.4 329.4 246.7 323.9 252.0 320.0 258.8 328.9 258.3 0.9968
426.4 232.1 24.8 33.9 432.3 246.1 443.2 245.5 437.6 252.5 434.4 258.8 442.2 258.3 0.9967
9.0 512.1 25.0 36.0 17.7 525.5 28.8 525.9 24.4 532.4 19.1 539.2 27.2 539.5 0.9966
767.3 256.8 21.0 27.6 772.9 268.0 782.3 267.6 777.8 273.8 774.6 278.8 781.5 278.5 0.9962
938.6 491.2 27.1 34.5 946.3 504.4 959.0 504.3 952.8 511.4 947.9 517.9 957.3 517.8 0.9949
588.4 249.1 23.7 30.4 595.0 260.8 605.8 261.3 600.2 266.8 595.4 272.0 604.2 272.4 0.9895
400.3 288.6 22.0 31.4 414.7 300.4 418.5 299.8 421.1 305.9 416.8 312.5 419.4 312.5 0.9861
206.6 511.8 36.1 40.1 216.3 527.0 231.9 525.3 224.1 533.9 219.1 542.0 231.2 540.6 0.9518
686.7 303.1 21.2 30.4 695.9 313.8 704.0 314.2 701.0 320.2 696.3 325.8 702.1 326.2 0.8159
0.0 485.9 18.6 33.2 -2.7 502.7 3.8 503.8 -2.1 510.2 -1.4 514.0 2.2 514.6 0.5477
