40--Gymnastics/40_Gymnastics_Gymnastics_40_227.jpg
28
699.5 140.5 32.2 38.6 705.3 155.3 720.2 154.2 711.8 161.7 706.9 168.1 720.7 167.2 0.9997
551.4 164.6 32.3 36.7 557.3 181.7 571.5 176.1 566.0 183.9 563.5 192.9 576.1 188.4 0.9997
184.2 218.7 30.0 37.0 190.2 236.9 202.3 233.0 197.2 241.5 195.7 248.6 205.2 245.5 0.9997
374.0 203.1 30.2 37.3 381.4 218.5 395.5 217.0 389.0 224.9 383.0 230.6 396.3 229.5 0.9996
765.0 452.2 39.4 52.0 771.0 469.6 786.9 475.5 771.5 483.1 768.6 488.4 781.9 492.8 0.9996
747.4 274.6 31.4 36.7 756.5 288.3 771.1 288.2 764.1 295.9 757.4 301.2 770.2 301.1 0.9996
764.2 151.5 31.3 39.3 769.8 167.1 784.1 166.8 775.3 173.7 771.2 181.1 783.0 180.8 0.9996
377.1 439.8 35.6 42.4 384.7 454.9 400.9 453.6 392.2 462.3 386.8 470.9 400.4 469.9 0.9996
866.2 504.4 45.7 54.8 875.5 527.1 896.8 526.0 885.3 539.6 878.5 545.4 897.5 544.3 0.9996
66.9 396.4 38.0 46.1 78.2 416.0 96.0 412.9 89.7 422.0 81.7 430.6 97.7 428.1 0.9996
422.8 279.5 31.1 43.0 429.3 298.4 443.9 297.1 436.4 306.3 431.7 312.0 444.6 310.9 0.9996
797.3 185.1 34.2 39.7 802.5 201.7 816.8 198.0 809.3 207.2 807.5 214.5 820.8 211.3 0.9996
285.2 219.5 28.8 37.6 296.3 234.4 309.2 233.5 305.0 240.8 297.5 247.1 308.9 246.5 0.9995
619.9 288.9 31.7 40.3 628.7 303.4 643.9 303.8 636.2 312.5 629.7 319.2 641.5 319.6 0.9995
672.9 253.0 34.2 44.4 681.8 269.0 698.0 269.0 689.8 277.4 682.5 284.1 697.4 284.2 0.9995
296.7 403.1 33.1 39.9 300.6 418.5 314.2 417.8 304.2 425.9 302.9 432.3 314.9 431.5 0.9995
714.4 360.0 30.2 43.4 718.5 375.3 723.8 376.4 714.1 384.0 719.9 392.2 723.7 392.5 0.9995
460.2 186.8 31.3 44.0 469.6 203.4 484.8 202.1 478.4 211.4 471.0 219.0 484.9 217.9 0.9994
500.7 273.1 32.0 43.3 509.3 290.4 524.1 290.3 516.6 298.3 510.2 305.3 523.2 305.1 0.9994
170.3 401.7 36.9 43.1 180.0 419.3 197.6 417.7 189.7 426.0 182.7 433.8 197.9 432.5 0.9994
822.0 419.4 36.7 45.6 831.2 434.4 848.0 435.2 838.4 443.0 832.0 452.3 845.1 452.9 0.9993
833.1 211.6 34.1 42.5 840.6 226.8 857.4 227.5 847.9 236.4 841.1 241.7 856.4 242.2 0.9993
300.7 271.8 29.7 37.9 307.8 286.2 322.0 285.6 314.9 293.5 308.7 298.6 322.5 297.9 0.9993
165.7 269.2 30.1 39.5 172.1 285.6 186.2 284.1 179.0 292.5 174.4 298.8 186.9 297.6 0.9993
557.1 283.6 30.0 38.6 565.3 299.4 579.6 297.7 573.6 307.1 567.7 312.9 579.9 311.5 0.9992
501.7 434.9 40.5 42.0 508.9 447.6 526.8 447.9 515.2 457.0 510.1 464.9 524.6 465.0 0.9992
358.4 276.0 29.3 37.1 364.8 289.1 378.9 290.1 370.5 296.9 364.5 301.6 377.7 302.4 0.9985
216.1 275.3 30.6 32.4 226.1 287.6 240.0 287.0 234.5 293.7 228.7 300.2 239.2 299.8 0.9983
