40--Gymnastics/40_Gymnastics_Gymnastics_40_713.jpg
8
256.0 300.7 78.2 97.4 281.3 335.9 316.2 338.7 299.1 356.5 279.4 369.1 311.0 371.7 0.9997
668.1 352.2 63.7 81.3 685.9 381.0 715.2 380.8 701.2 398.0 686.3 409.0 714.4 408.8 0.9997
505.3 350.3 61.3 88.4 523.3 383.7 552.0 387.7 536.7 403.0 520.6 412.0 547.1 415.3 0.9997
823.4 498.5 72.0 90.6 846.0 535.5 878.5 537.8 862.0 550.9 845.5 565.0 873.8 566.7 0.9996
144.5 474.1 73.8 91.7 162.8 514.0 197.2 510.2 181.9 531.7 167.9 543.2 200.0 540.0 0.9996
336.9 464.4 69.0 92.9 354.4 504.6 386.3 504.4 369.8 523.2 357.5 534.4 385.1 534.0 0.9996
497.9 484.2 71.5 89.8 516.7 517.0 549.4 525.0 527.5 538.2 511.4 547.9 539.9 554.1 0.9995
644.9 490.4 69.1 92.1 665.0 530.5 696.5 530.7 681.3 548.0 666.1 559.3 694.0 559.7 0.9994
