40--Gymnastics/40_Gymnastics_Gymnastics_40_865.jpg
12
632.8 259.4 60.3 69.2 653.1 282.9 680.1 282.6 669.3 298.2 654.3 308.1 678.9 308.1 0.9998
152.4 159.3 60.5 70.4 173.9 183.4 200.6 183.8 190.2 197.2 175.6 209.7 198.5 210.1 0.9998
503.0 320.2 55.8 64.0 516.6 344.0 542.6 342.8 529.7 358.7 520.0 367.8 542.3 366.7 0.9998
635.9 145.1 50.5 69.2 650.9 174.6 673.6 171.5 665.2 187.0 653.7 195.4 675.9 192.8 0.9997
711.8 192.4 55.2 68.8 731.9 219.1 756.1 219.3 747.0 231.9 733.0 242.4 754.2 242.7 0.9997
542.4 151.4 51.4 68.0 563.8 176.5 585.4 176.8 579.0 190.8 564.1 200.4 583.1 200.8 0.9997
265.0 81.8 56.0 80.3 286.3 113.6 311.7 113.2 303.5 129.0 287.5 140.1 310.5 140.0 0.9996
419.9 220.5 54.7 67.4 434.9 246.5 459.9 245.3 448.3 260.8 438.9 271.2 459.6 270.0 0.9996
831.2 195.7 51.8 70.3 847.7 224.3 870.8 223.6 861.0 235.9 850.2 247.8 870.2 247.0 0.9996
411.8 143.0 54.6 66.9 429.8 170.2 453.9 170.2 443.0 183.6 434.1 196.1 450.1 196.1 0.9996
296.5 201.9 58.8 66.4 313.8 224.9 341.0 227.1 327.2 236.4 313.9 248.7 337.0 250.9 0.9996
753.1 87.6 51.7 71.4 766.6 118.6 790.5 116.1 780.4 131.0 771.4 142.7 790.9 140.7 0.9995
