40--Gymnastics/40_Gymnastics_Gymnastics_40_182.jpg
15
488.4 978.7 92.0 118.2 511.7 1024.3 553.8 1031.8 526.6 1055.8 508.2 1063.4 544.7 1069.6 0.9997
414.3 692.5 52.6 70.2 429.8 722.6 454.5 719.0 445.4 734.6 436.4 747.9 455.1 745.1 0.9997
774.6 810.2 59.8 68.5 799.8 833.2 824.7 842.2 810.7 854.1 792.0 858.3 812.8 865.6 0.9996
407.9 267.8 31.8 36.5 417.6 279.6 432.7 280.3 425.5 287.5 418.3 294.1 430.8 294.7 0.9995
598.0 276.0 33.0 37.2 608.3 290.1 622.9 290.4 615.9 299.1 609.5 304.8 620.3 305.1 0.9995
601.3 838.7 71.3 77.5 632.0 863.7 662.0 866.0 651.5 882.5 634.6 896.8 655.2 899.0 0.9995
729.4 251.6 39.5 46.1 740.9 268.6 758.3 273.6 747.1 281.1 738.1 285.4 751.7 289.4 0.9994
549.1 128.4 37.7 45.7 560.6 145.8 578.1 147.5 569.3 156.0 560.6 161.9 575.4 163.2 0.9994
497.7 772.9 68.4 82.2 511.3 806.3 541.7 803.4 525.0 821.1 517.3 836.6 540.3 834.4 0.9994
607.9 644.7 53.4 70.3 623.8 671.9 649.8 674.2 636.5 685.6 623.1 695.1 646.4 696.8 0.9994
468.4 131.5 32.8 44.4 475.9 150.4 491.2 149.9 483.2 158.7 478.0 165.9 490.6 165.5 0.9991
879.8 340.3 38.5 50.3 887.3 361.2 905.0 360.9 894.8 371.7 889.3 378.0 904.9 377.6 0.9990
119.1 348.1 37.8 47.6 129.7 367.8 147.5 366.5 139.6 376.8 131.5 383.4 147.5 382.4 0.9989
258.5 255.6 34.9 37.4 270.2 267.5 286.0 266.1 279.7 275.6 272.4 283.3 284.9 282.4 0.9988
505.7 360.4 38.2 49.9 517.9 382.2 535.7 381.2 528.2 392.5 520.0 399.4 534.2 398.7 0.9981
