40--Gymnastics/40_Gymnastics_Gymnastics_40_105.jpg
32
674.5 298.2 38.0 51.5 680.4 318.9 697.0 321.5 683.9 329.8 679.7 336.1 694.1 337.9 0.9997
483.4 648.4 41.6 50.4 495.1 668.8 514.7 668.5 505.3 678.9 496.1 684.9 514.0 684.6 0.9997
574.7 201.4 32.9 42.5 585.7 217.6 600.4 218.6 592.8 225.3 585.4 232.2 597.9 233.1 0.9996
847.7 610.1 40.6 48.7 854.7 629.4 872.9 631.3 860.0 640.0 854.4 645.9 869.9 647.4 0.9996
139.9 655.5 43.5 51.6 145.8 679.1 164.0 675.8 153.2 689.6 152.5 695.9 168.0 692.9 0.9996
418.0 287.4 38.5 48.0 429.3 307.0 447.5 307.6 438.6 316.6 430.0 322.5 446.0 323.0 0.9996
615.2 280.6 37.8 45.5 624.1 295.7 640.5 300.4 628.1 306.4 620.9 311.2 635.5 314.9 0.9995
358.7 643.7 42.2 53.3 371.7 665.8 391.9 667.4 381.8 678.5 371.7 684.5 387.7 685.8 0.9995
493.9 196.1 34.5 44.2 504.9 212.8 521.6 214.2 513.4 222.3 504.1 228.0 519.2 229.2 0.9995
343.2 202.1 36.0 44.4 356.9 217.9 371.9 223.6 362.6 230.9 351.9 233.5 364.8 238.0 0.9995
782.1 378.8 40.6 48.1 790.4 400.5 809.0 397.3 799.9 410.1 795.3 416.7 810.8 414.0 0.9995
274.6 209.7 33.8 43.7 285.4 226.3 301.5 226.0 294.6 235.7 285.7 240.8 300.9 240.6 0.9995
505.7 385.8 41.4 50.4 519.7 404.2 539.2 405.0 530.5 415.7 519.6 422.0 536.8 422.7 0.9994
704.6 375.8 43.3 52.0 719.0 396.8 739.3 399.2 729.3 409.1 717.2 413.0 735.5 415.0 0.9994
749.6 271.3 41.1 50.0 759.7 290.1 777.2 296.0 762.9 301.2 755.0 307.6 768.3 312.0 0.9994
410.2 395.9 45.4 57.5 421.3 420.1 442.6 418.8 431.9 431.0 423.8 438.9 442.3 437.8 0.9994
411.0 192.1 34.1 43.4 420.9 208.4 437.0 209.8 428.7 218.0 421.0 223.9 434.8 224.9 0.9993
367.0 307.3 36.4 47.0 381.3 327.3 397.5 327.6 391.4 337.6 380.8 342.5 394.7 343.0 0.9993
596.5 359.9 40.3 49.2 604.2 378.6 622.3 380.0 610.4 388.1 604.7 395.7 619.9 396.7 0.9993
657.1 188.9 35.1 44.4 666.8 206.2 684.2 206.4 675.8 215.6 667.2 221.1 683.1 221.3 0.9993
314.5 301.3 37.2 45.1 328.3 321.2 345.2 318.5 340.2 328.6 331.6 335.9 346.4 334.0 0.9993
506.2 307.4 35.2 43.2 514.3 323.9 533.1 325.5 522.9 334.4 514.2 339.7 530.2 340.9 0.9993
206.0 400.5 44.4 55.8 218.4 423.7 239.0 422.0 229.8 433.3 221.6 443.0 238.6 441.8 0.9992
162.2 318.9 37.2 42.4 173.5 334.6 191.0 333.7 183.6 343.5 175.9 350.5 190.4 349.8 0.9992
320.2 377.3 42.7 55.6 332.0 401.9 352.5 401.3 342.9 412.0 333.8 419.8 351.7 419.3 0.9992
96.0 391.1 46.5 57.6 107.3 415.3 129.4 413.9 118.9 424.1 110.2 433.6 129.6 432.6 0.9992
741.6 215.3 33.9 43.2 747.7 233.7 763.3 232.2 754.8 241.6 750.1 247.8 764.3 246.5 0.9992
223.7 652.8 45.7 56.0 235.8 677.1 257.8 676.0 247.8 687.2 238.5 695.4 257.1 694.6 0.9991
712.6 618.4 42.7 52.3 724.2 640.5 744.4 639.0 735.4 651.9 728.5 660.9 742.8 659.8 0.9989
595.5 636.3 43.9 47.8 606.8 652.8 627.4 653.2 616.7 664.0 608.4 671.6 624.6 672.0 0.9987
227.7 290.6 35.4 45.3 237.0 309.4 254.3 309.0 246.0 318.4 238.3 324.6 253.6 324.3 0.9986
554.6 283.0 37.5 45.2 564.8 300.7 582.4 303.0 572.5 310.6 563.9 316.0 578.8 317.8 0.9983
