40--Gymnastics/40_Gymnastics_Gymnastics_40_485.jpg
12
202.5 331.0 49.1 62.3 223.4 356.2 244.0 355.8 237.7 369.6 222.2 376.3 241.4 376.4 0.9998
402.6 154.6 43.3 58.0 414.6 179.0 435.3 178.6 425.2 190.5 415.3 196.9 434.3 196.5 0.9998
635.8 287.3 47.4 61.0 647.5 311.4 669.5 311.8 657.5 325.3 649.0 332.0 668.5 332.3 0.9997
554.5 139.7 44.3 61.1 566.1 165.1 586.7 166.4 575.5 176.3 565.1 184.1 584.4 185.3 0.9997
325.6 270.8 47.1 63.3 344.8 298.3 365.2 295.6 360.0 311.2 345.9 318.8 363.8 316.8 0.9997
686.5 230.6 41.4 52.4 695.8 252.7 715.4 253.2 704.4 264.0 696.6 269.2 714.1 269.7 0.9996
341.7 416.4 46.2 58.8 353.3 443.7 374.3 442.8 363.9 455.3 356.1 461.4 374.8 460.5 0.9996
262.6 180.6 43.5 54.4 276.3 203.6 296.0 203.6 287.1 211.7 277.4 220.3 295.6 220.2 0.9996
460.1 446.6 46.5 62.0 473.5 472.1 495.2 473.3 483.9 485.0 473.3 491.7 493.6 492.6 0.9995
736.0 330.2 47.6 63.1 746.3 355.7 767.3 357.3 753.2 366.2 745.2 375.0 765.3 376.2 0.9995
579.7 415.4 45.6 57.9 587.4 440.4 607.0 443.5 592.1 452.9 587.3 460.2 602.0 462.6 0.9995
481.1 270.8 46.6 63.5 493.2 298.2 514.5 300.3 502.1 311.5 492.5 317.2 511.9 319.0 0.9994
