40--Gymnastics/40_Gymnastics_Gymnastics_40_944.jpg
12
304.6 302.5 33.4 42.6 312.7 320.5 328.9 320.8 320.8 329.5 313.9 334.1 328.2 334.3 0.9996
310.5 101.0 37.9 50.9 321.6 121.0 339.7 122.1 330.7 130.6 321.7 138.1 337.9 138.9 0.9996
476.7 175.4 34.7 47.1 485.5 195.0 501.9 194.9 493.6 204.8 486.7 211.0 501.2 210.9 0.9995
570.3 192.5 34.2 41.3 578.8 208.8 595.3 207.9 587.5 216.6 580.3 222.3 595.4 221.7 0.9994
671.8 291.5 34.3 45.0 680.3 309.8 697.5 308.9 689.4 319.0 682.2 325.2 697.0 324.6 0.9993
377.1 184.3 34.9 45.5 386.8 203.0 404.0 203.7 395.6 212.5 387.4 218.4 402.3 219.0 0.9992
572.0 282.0 36.3 47.7 581.3 302.0 599.4 301.5 590.8 310.3 582.9 317.7 598.8 317.3 0.9992
293.5 196.5 36.3 44.3 302.8 216.9 320.4 215.6 312.2 224.7 305.3 230.7 320.6 229.7 0.9989
663.0 200.0 33.9 41.6 672.7 217.9 688.2 218.3 680.6 226.9 673.7 232.2 686.1 232.5 0.9989
614.2 131.7 34.8 44.7 621.7 148.3 638.7 147.9 629.7 157.8 623.9 165.7 637.2 165.4 0.9988
386.1 291.7 37.5 48.1 395.1 311.6 413.4 310.3 404.5 321.1 397.4 327.6 413.8 326.5 0.9987
487.8 291.3 37.0 50.0 497.4 311.1 515.4 311.7 506.1 322.4 498.6 329.3 513.4 329.8 0.9986
