40--Gymnastics/40_Gymnastics_Gymnastics_40_586.jpg
18
370.6 362.0 57.7 33.7 393.8 390.6 395.7 383.5 403.8 395.1 415.6 390.3 416.5 385.6 1.0000
914.0 228.4 53.5 51.1 941.8 240.1 955.9 257.2 946.1 251.7 928.4 254.2 941.0 268.1 0.9998
540.7 281.8 44.2 44.4 553.8 304.5 573.6 304.9 564.3 315.6 554.9 315.6 571.4 316.1 0.9996
904.9 163.5 17.8 25.9 906.5 174.3 909.6 174.0 905.1 179.5 908.4 184.6 910.2 184.0 0.9995
158.3 224.2 41.8 44.2 162.9 244.9 172.8 237.9 164.3 245.2 168.5 255.9 177.6 250.2 0.9990
651.9 286.5 22.8 26.6 654.9 298.2 663.1 296.8 658.1 303.4 658.7 308.6 663.9 307.4 0.9989
746.6 307.2 20.2 25.8 750.6 317.5 760.1 317.1 754.9 322.7 752.2 327.4 759.7 327.0 0.9986
659.7 222.5 20.8 27.2 665.1 233.5 674.2 233.2 669.7 238.0 666.2 242.8 674.0 242.5 0.9981
789.4 163.7 19.7 25.2 794.0 173.4 802.8 173.0 798.2 177.9 795.6 183.0 802.2 182.6 0.9981
987.4 156.3 19.5 24.4 992.0 166.7 1000.7 165.9 996.5 170.9 993.8 175.5 1001.0 174.9 0.9981
732.6 269.4 21.1 28.4 736.7 279.7 746.0 279.7 740.2 284.7 737.5 290.8 744.6 290.8 0.9978
611.3 171.3 19.5 23.7 615.9 179.2 625.5 179.0 620.6 184.0 617.1 188.9 625.0 188.7 0.9967
414.6 278.9 20.9 28.0 417.7 292.3 425.9 292.6 420.1 298.0 419.9 302.0 425.4 302.1 0.9963
372.3 588.4 48.9 38.5 390.8 617.6 391.2 611.0 399.7 619.7 409.8 618.7 409.2 613.7 0.9961
988.4 259.4 22.4 28.9 993.8 271.1 1003.2 270.1 998.4 275.8 995.7 281.6 1002.8 280.8 0.9959
559.2 172.7 18.8 24.8 564.9 182.1 572.9 182.2 569.1 187.0 565.9 191.6 571.8 191.7 0.9945
728.4 163.7 19.5 24.7 733.0 172.6 741.6 173.3 736.3 177.7 733.1 182.1 740.1 182.5 0.9913
846.5 185.8 15.1 21.3 853.8 193.8 858.6 192.9 858.4 197.7 855.4 202.6 858.6 202.0 0.9911
