40--Gymnastics/40_Gymnastics_Gymnastics_40_134.jpg
20
626.3 402.7 34.1 43.0 636.6 421.1 652.2 420.4 645.4 428.5 638.7 435.8 651.7 435.4 0.9997
647.7 499.2 35.1 44.5 657.2 517.7 673.3 517.6 665.3 526.3 658.7 533.9 671.9 533.8 0.9996
723.3 420.7 32.3 39.3 733.6 435.2 748.2 436.1 741.1 442.8 733.7 449.7 745.8 450.5 0.9996
341.5 415.4 33.1 42.4 349.7 433.5 364.5 432.9 357.3 441.2 352.0 448.3 364.3 447.9 0.9996
827.7 412.5 32.9 41.6 833.3 428.7 848.5 429.4 839.2 437.7 834.5 443.1 847.6 443.6 0.9995
512.6 616.5 43.5 55.9 521.8 640.0 542.7 639.0 531.7 651.1 524.3 658.8 542.8 657.9 0.9994
320.5 623.1 41.9 54.6 330.5 644.2 350.8 645.8 339.2 654.5 329.5 661.2 348.8 662.4 0.9994
199.1 501.2 36.9 43.2 214.1 516.2 229.0 516.5 223.5 525.0 214.5 533.0 226.8 533.6 0.9994
259.0 423.3 31.7 40.4 267.9 439.6 282.2 441.8 274.0 448.7 267.1 453.2 279.3 454.9 0.9993
159.0 402.0 35.3 46.1 166.7 422.8 183.0 420.8 175.0 430.7 170.0 437.2 184.3 435.6 0.9993
154.8 596.8 43.2 54.5 164.6 618.6 185.3 618.1 174.5 630.2 167.1 637.9 184.4 637.4 0.9992
329.2 489.1 39.9 48.4 339.5 509.3 359.1 509.2 349.5 518.7 341.0 525.2 358.2 525.1 0.9991
648.1 617.7 43.6 54.2 659.6 639.9 680.2 641.0 669.2 651.7 660.1 657.5 678.5 658.3 0.9991
534.3 397.5 34.5 43.8 543.1 415.7 559.2 416.4 550.8 423.8 543.8 430.3 557.6 430.9 0.9991
750.3 492.8 36.6 46.5 762.2 513.1 779.2 513.4 771.5 521.9 763.1 528.6 776.8 529.0 0.9990
538.0 492.2 38.8 47.2 548.0 511.5 566.3 513.1 556.0 522.4 547.5 526.9 563.7 528.1 0.9989
428.2 481.1 38.6 51.3 437.9 503.1 456.5 503.1 447.1 513.0 440.0 521.3 454.4 521.3 0.9989
849.3 636.1 47.2 55.2 861.3 658.5 883.6 657.5 872.8 669.7 863.1 676.7 883.2 675.9 0.9989
438.6 414.5 34.8 46.9 447.8 434.9 464.5 434.4 456.6 444.3 449.9 451.2 463.2 450.8 0.9988
822.5 500.9 35.6 45.9 829.1 519.0 845.7 518.7 836.4 527.9 831.1 536.7 844.8 536.3 0.9987
