40--Gymnastics/40_Gymnastics_Gymnastics_40_264.jpg
13
578.6 351.0 51.3 70.5 594.0 380.1 618.7 381.1 607.1 394.3 593.6 401.2 617.4 402.1 0.9998
361.2 353.7 49.7 65.0 373.3 376.3 396.0 380.3 381.2 391.0 371.3 399.1 391.0 402.3 0.9998
470.5 506.5 51.0 70.6 482.2 534.3 506.1 534.4 493.1 549.6 484.7 557.6 506.4 557.5 0.9997
582.2 496.3 56.6 74.4 598.7 529.4 625.1 527.3 614.6 543.3 601.3 551.8 625.7 550.1 0.9997
196.2 101.2 50.2 71.2 210.4 131.0 233.9 128.0 224.9 141.2 215.6 155.2 234.7 153.0 0.9997
751.9 308.2 52.9 71.8 763.5 335.6 787.7 340.2 771.2 351.5 761.8 359.0 783.4 362.7 0.9996
466.8 359.8 51.1 67.2 475.9 388.5 498.8 389.3 484.0 402.6 478.8 410.1 498.7 410.4 0.9996
675.6 149.5 48.6 63.2 685.9 175.2 708.8 175.2 695.9 188.6 688.0 196.2 708.7 196.0 0.9996
559.3 126.3 46.0 63.6 571.2 152.3 593.3 152.8 581.7 166.1 570.6 171.8 592.2 172.3 0.9996
297.6 132.1 51.4 68.8 314.1 162.8 337.6 160.2 329.3 174.7 317.4 184.3 338.4 182.2 0.9995
803.5 63.0 52.5 75.0 815.0 92.0 839.4 92.6 824.8 106.4 817.0 119.7 836.1 120.1 0.9995
246.5 334.1 47.5 60.5 260.2 357.3 283.1 355.1 274.0 371.3 263.0 379.3 283.0 377.4 0.9995
411.6 108.8 48.0 64.4 424.4 136.3 446.9 132.3 438.5 148.5 427.4 155.8 449.9 152.6 0.9994
