40--Gymnastics/40_Gymnastics_Gymnastics_40_620.jpg
16
475.7 77.7 56.4 77.5 490.3 109.8 515.2 103.2 506.4 119.1 496.4 133.9 521.0 128.1 0.9998
146.9 202.5 48.4 65.1 160.6 227.5 183.1 228.6 171.3 241.1 160.7 249.6 180.9 250.5 0.9997
659.7 44.5 53.4 67.9 673.5 69.7 698.6 71.4 684.6 83.4 672.3 92.3 696.0 93.7 0.9997
784.8 272.9 49.9 65.4 801.3 301.6 822.8 303.3 812.2 313.4 800.3 321.1 819.3 322.7 0.9997
329.1 170.5 52.8 70.1 343.3 197.1 366.7 200.4 351.9 212.0 340.4 218.9 363.1 221.7 0.9997
499.4 22.2 48.3 61.6 513.6 47.3 535.2 46.7 525.1 58.1 516.4 68.8 533.9 68.1 0.9997
241.3 163.3 52.6 66.2 256.0 188.7 280.3 190.0 267.6 203.7 255.6 210.3 278.0 211.5 0.9997
581.3 35.0 47.4 60.6 587.1 61.1 607.3 62.3 592.4 75.0 591.2 79.7 609.8 80.1 0.9997
490.9 195.9 57.0 72.2 507.5 225.9 533.9 225.6 521.9 239.7 508.9 249.2 532.6 249.1 0.9997
244.2 55.9 49.4 61.6 256.1 81.5 279.4 79.7 268.1 94.6 260.1 103.5 278.7 102.2 0.9996
834.9 183.0 53.5 67.4 847.3 210.9 870.9 210.0 858.3 222.1 848.9 231.6 870.8 230.8 0.9996
695.8 217.2 62.0 86.7 714.7 251.1 744.9 250.9 731.8 269.5 714.4 279.8 742.8 279.8 0.9996
334.8 28.1 46.0 59.0 347.9 51.7 369.4 52.7 358.2 63.1 348.0 71.3 367.2 72.1 0.9996
685.8 133.2 50.8 64.6 700.6 157.0 724.8 156.2 714.4 165.1 702.4 178.7 724.7 178.1 0.9995
419.4 34.3 50.2 63.5 434.4 61.6 458.2 61.4 447.3 72.5 436.9 83.2 455.8 83.0 0.9995
328.9 295.6 53.7 68.3 341.6 324.2 365.1 323.0 353.1 335.2 346.4 349.1 363.0 348.1 0.9993
