37--Soccer/37_Soccer_soccer_ball_37_449.jpg
8
208.5 116.8 41.4 57.0 225.9 137.2 243.0 138.4 236.7 149.0 222.0 155.5 239.3 156.9 0.9997
850.6 182.5 39.7 55.0 854.1 204.6 867.9 196.8 857.4 208.2 860.8 223.0 874.0 216.2 0.9997
647.6 191.7 38.1 50.2 652.3 211.1 667.5 208.1 655.7 217.5 654.8 229.2 667.7 226.7 0.9993
453.7 148.9 41.2 51.4 461.7 169.4 480.2 172.1 467.7 182.5 463.0 186.2 479.0 188.1 0.9991
0.0 175.9 23.5 45.3 -7.0 195.7 10.9 192.5 4.0 206.5 -2.4 210.0 13.7 207.3 0.9981
986.8 256.4 14.3 18.2 991.3 262.4 997.8 263.4 994.2 266.1 990.9 269.5 995.9 270.4 0.9964
547.1 280.2 17.2 20.7 552.7 287.6 560.1 287.8 556.7 291.9 553.7 295.8 559.0 296.0 0.9950
783.9 232.8 21.4 29.3 787.8 243.9 795.9 244.2 789.7 249.5 787.9 254.9 793.7 255.1 0.9878
