37--Soccer/37_Soccer_soccer_ball_37_516.jpg
26
285.7 338.6 41.3 58.4 296.5 362.4 315.2 362.2 305.2 374.6 297.7 381.6 314.1 381.4 0.9997
454.6 349.7 43.6 55.3 466.2 370.7 485.7 370.6 475.6 382.5 468.1 390.8 484.3 390.5 0.9997
123.2 336.5 44.1 58.3 134.1 358.9 155.0 358.5 144.4 374.5 137.6 382.2 153.0 381.8 0.9997
637.1 359.8 41.9 62.1 645.7 387.2 665.6 387.4 654.4 400.6 648.6 409.3 663.1 409.4 0.9996
607.8 108.9 41.7 54.0 617.8 129.2 637.4 128.9 627.4 141.3 620.9 151.0 635.0 150.9 0.9995
821.2 126.6 43.2 56.9 829.8 148.3 849.4 147.2 838.3 158.4 833.2 170.0 848.3 168.9 0.9994
142.7 103.2 41.1 56.2 153.8 122.9 173.7 122.5 164.2 135.1 156.5 145.6 171.6 145.3 0.9994
259.0 106.5 41.0 53.5 269.2 127.0 288.0 126.9 278.1 134.9 271.8 146.5 286.0 146.2 0.9993
502.8 122.8 40.9 52.6 510.9 142.8 530.1 141.7 519.3 151.4 514.0 162.8 528.8 161.8 0.9993
719.3 111.1 43.7 58.9 729.2 134.1 748.3 134.3 736.7 144.5 731.2 156.1 745.0 156.2 0.9993
384.0 121.6 40.5 55.6 394.0 143.3 412.9 143.9 402.7 153.7 395.6 163.8 409.9 164.5 0.9992
343.8 160.8 15.0 19.6 345.7 168.6 349.7 168.6 346.0 172.3 346.8 176.2 349.6 176.0 0.9897
45.7 199.6 8.4 10.8 48.2 204.3 52.0 203.8 50.5 206.1 49.1 208.3 52.0 207.9 0.9800
16.9 204.7 7.0 7.7 19.2 207.6 22.4 207.7 20.9 209.3 19.4 210.7 21.9 210.8 0.9792
724.8 24.6 7.0 8.2 726.0 27.5 728.6 27.7 726.7 29.4 726.4 31.0 728.3 31.0 0.9696
802.6 36.2 6.8 8.1 804.9 39.3 807.9 39.3 806.6 41.0 805.1 42.5 807.5 42.5 0.8667
922.3 178.0 6.9 8.3 924.2 181.0 927.4 180.9 926.0 182.6 924.8 184.3 927.4 184.1 0.7930
876.3 165.6 7.3 9.4 880.0 169.5 882.3 169.1 882.1 171.1 880.6 173.2 882.3 173.0 0.7551
858.2 82.9 6.6 8.5 860.1 86.6 863.0 86.5 861.6 88.2 860.5 89.7 862.8 89.7 0.7500
903.7 154.3 7.0 8.6 907.0 157.6 909.5 157.5 908.9 159.5 907.3 161.1 909.1 161.1 0.7246
525.7 3.2 6.6 7.5 527.4 6.1 530.5 6.1 528.9 7.8 527.7 9.3 530.1 9.3 0.6369
176.7 44.2 6.8 8.6 179.7 47.2 182.1 47.1 181.4 48.9 180.0 50.7 181.8 50.7 0.6224
215.7 75.3 6.7 8.2 218.0 78.4 220.8 78.5 219.5 80.1 218.2 81.6 220.4 81.7 0.6185
218.5 55.6 6.0 7.4 220.4 58.8 223.1 58.9 221.8 60.4 220.6 61.8 222.7 61.8 0.5982
690.1 138.1 9.9 13.3 693.9 143.6 698.0 143.4 696.7 146.3 694.6 148.9 697.8 148.8 0.5978
541.2 5.8 5.8 6.8 542.6 8.1 545.3 8.1 544.0 9.6 542.9 11.0 545.1 11.0 0.5216
