37--Soccer/37_Soccer_soccer_ball_37_328.jpg
23
758.5 162.6 28.0 38.6 763.7 177.8 777.5 177.7 769.4 184.4 764.5 190.5 776.8 190.4 0.9998
661.5 165.7 28.3 35.7 667.7 179.5 680.8 178.8 673.6 185.4 668.6 190.8 681.0 190.2 0.9997
170.5 164.7 33.0 38.2 180.5 178.8 195.3 179.7 187.7 186.8 180.4 191.8 193.5 192.5 0.9997
373.9 157.1 27.5 38.9 379.6 172.4 393.0 171.8 386.0 179.3 380.8 184.7 393.7 184.2 0.9997
417.8 260.0 28.7 36.6 423.5 274.0 437.4 274.4 429.4 281.4 424.2 285.9 437.1 286.2 0.9997
908.2 151.6 29.9 37.4 912.9 166.2 926.1 166.0 917.1 172.8 913.9 178.8 925.5 178.5 0.9996
787.7 268.3 30.1 36.8 791.5 283.4 805.1 282.2 796.3 289.4 793.9 295.5 806.2 294.3 0.9996
466.3 148.4 27.5 36.4 473.9 162.2 486.5 164.1 479.3 169.8 473.0 174.3 484.5 175.7 0.9996
315.3 269.4 28.3 35.7 321.4 283.0 335.0 283.2 327.4 290.3 321.9 295.1 334.3 295.2 0.9996
273.4 160.7 28.0 38.0 281.1 175.6 294.9 176.4 287.8 183.5 280.8 188.4 293.4 189.1 0.9996
460.0 353.8 30.8 35.7 465.5 368.1 480.4 366.8 472.3 373.6 467.5 379.9 480.9 378.8 0.9996
519.3 259.7 28.2 37.7 525.7 276.4 539.4 276.3 531.9 283.9 526.7 288.1 538.7 288.0 0.9996
824.8 148.9 31.3 38.0 830.2 163.6 844.6 164.0 835.9 171.6 831.3 176.7 843.7 177.1 0.9996
509.3 411.7 32.1 40.8 515.3 430.3 528.7 427.6 522.3 437.7 520.3 443.3 532.0 441.0 0.9995
556.5 161.9 26.3 34.5 566.7 177.2 578.2 175.2 575.7 181.0 569.4 188.4 578.7 186.9 0.9995
608.9 264.4 27.9 36.8 613.3 279.2 626.9 278.5 619.0 286.0 615.4 291.8 627.2 291.1 0.9995
216.3 271.2 29.7 36.6 224.4 284.8 238.1 287.1 229.8 293.1 223.2 297.1 234.9 299.0 0.9995
708.4 346.0 29.6 38.0 713.3 361.6 726.9 359.6 719.3 367.4 716.0 374.9 727.7 373.2 0.9995
384.1 413.5 31.9 39.4 393.0 426.7 408.0 430.5 398.7 436.0 390.2 440.8 403.6 443.8 0.9993
704.1 265.6 29.7 35.8 708.3 280.9 721.7 277.8 714.0 285.5 711.7 292.5 723.6 289.9 0.9993
332.4 362.2 31.4 40.4 339.9 378.3 354.3 378.3 346.6 386.3 340.9 392.4 353.7 392.4 0.9992
602.8 357.7 28.0 38.2 607.4 372.1 620.5 371.6 612.8 380.4 608.6 385.5 621.4 384.9 0.9992
174.3 358.2 34.4 42.8 183.5 377.2 199.1 377.4 191.0 385.4 183.6 388.9 198.7 389.0 0.9989
