37--Soccer/37_Soccer_soccer_ball_37_569.jpg
9
695.3 212.8 35.9 46.7 707.7 233.7 724.1 230.4 719.7 240.1 711.9 249.0 725.5 246.4 0.9996
509.0 288.5 40.2 47.8 524.8 308.8 541.5 310.2 534.1 320.7 525.4 327.5 536.2 328.5 0.9995
216.5 207.9 31.8 43.2 237.0 226.3 244.9 224.9 246.2 234.2 235.8 240.9 242.0 240.3 0.9995
374.6 187.9 34.2 46.7 399.0 204.5 404.3 203.7 409.2 213.2 399.8 222.9 403.0 222.8 0.9995
264.7 275.8 33.5 42.9 286.3 294.1 294.9 293.1 295.9 302.0 285.8 309.6 292.1 309.4 0.9995
902.0 206.9 38.7 53.3 906.9 230.2 922.0 230.0 910.0 237.8 908.6 247.3 921.4 246.9 0.9994
95.4 155.5 36.8 49.7 114.4 175.2 129.2 174.4 126.9 184.2 116.6 194.2 127.5 193.7 0.9994
123.4 265.7 40.0 51.5 136.9 287.1 154.3 282.7 150.5 292.5 142.6 304.4 157.8 300.9 0.9991
631.1 241.8 42.4 38.2 640.0 256.4 658.6 259.1 646.1 268.7 640.7 271.1 654.0 273.2 0.9989
