37--Soccer/37_Soccer_soccer_ball_37_316.jpg
8
378.7 225.4 42.0 56.4 388.5 250.0 408.4 246.5 399.5 258.8 392.4 268.3 410.1 265.5 0.9997
863.6 254.3 48.2 62.0 874.7 280.2 897.2 281.2 883.9 294.4 874.4 298.2 896.7 299.2 0.9997
664.9 254.4 43.1 53.5 676.7 276.4 697.4 276.5 687.4 289.0 677.4 293.6 696.6 293.8 0.9997
135.7 197.7 46.1 63.2 150.4 224.3 172.1 222.9 164.2 235.1 152.2 244.2 172.2 243.2 0.9996
569.6 218.0 40.0 52.8 580.2 238.9 599.8 239.5 589.8 252.3 580.7 256.9 598.0 257.4 0.9996
267.7 220.4 43.6 53.4 281.7 240.1 302.3 241.7 292.4 251.6 281.1 258.8 299.3 260.2 0.9996
470.3 189.6 41.8 55.5 480.9 212.9 501.4 211.5 491.6 223.7 483.0 231.2 501.8 230.0 0.9995
765.7 256.8 42.1 54.1 774.5 278.1 794.3 278.0 783.0 290.7 775.8 295.0 795.3 294.8 0.9994
