37--Soccer/37_Soccer_soccer_ball_37_620.jpg
11
766.2 129.0 39.1 55.8 776.4 151.5 794.5 150.4 785.9 162.6 779.7 172.2 793.6 171.2 0.9995
413.8 149.4 36.8 50.0 422.6 168.8 439.2 168.3 430.2 177.0 424.5 186.8 438.1 186.3 0.9995
843.6 345.1 41.0 55.2 853.1 365.7 873.0 366.1 862.0 378.1 855.4 388.0 869.8 388.3 0.9995
313.5 148.6 35.5 45.8 322.3 164.7 338.0 166.9 327.6 173.8 322.0 182.4 333.4 184.2 0.9995
145.7 350.5 37.6 48.9 154.1 370.7 171.3 371.0 161.7 382.0 156.3 389.2 168.6 389.5 0.9995
643.4 139.8 39.3 52.3 651.7 160.2 669.3 159.8 659.1 169.5 654.1 180.1 667.1 179.7 0.9994
476.4 344.9 40.1 52.6 485.9 363.7 504.3 365.3 493.1 374.8 486.3 384.5 500.0 385.8 0.9993
308.9 362.1 38.6 52.5 319.4 384.4 337.0 384.1 328.0 395.3 322.0 403.6 335.1 403.2 0.9992
193.4 134.6 35.9 48.6 200.7 152.5 216.9 153.3 206.7 159.9 201.3 170.6 214.0 171.2 0.9992
651.4 345.5 39.0 57.3 660.1 369.1 678.5 369.5 668.2 382.0 662.7 391.2 675.2 391.5 0.9991
528.4 128.2 36.7 51.7 536.2 146.7 553.3 146.8 543.5 156.8 538.3 167.2 550.6 167.4 0.9990
