37--Soccer/37_Soccer_soccer_ball_37_603.jpg
11
221.0 262.4 40.4 49.7 231.8 280.6 250.9 279.8 241.9 291.4 234.9 300.7 249.6 299.8 0.9997
361.6 206.5 38.7 54.6 371.7 226.9 389.8 227.1 380.7 238.7 373.9 248.0 387.5 248.2 0.9997
670.3 84.7 40.5 58.8 681.5 109.2 700.0 108.5 691.4 117.9 684.5 129.6 698.6 129.1 0.9996
657.8 232.4 40.2 49.9 668.7 251.8 687.7 249.9 679.7 262.7 672.6 271.2 688.4 269.5 0.9996
532.2 111.9 38.8 48.8 543.4 128.7 561.1 128.8 552.6 139.0 545.3 148.3 559.0 148.5 0.9996
274.1 88.6 40.0 54.4 285.0 112.6 303.2 112.0 294.9 121.4 288.1 131.4 301.8 131.0 0.9995
178.8 86.2 38.3 51.7 190.6 106.9 208.0 108.0 199.4 117.3 191.6 125.7 204.5 126.7 0.9995
512.4 255.7 38.9 50.7 523.3 273.7 542.1 274.7 532.7 285.5 523.1 291.4 541.1 292.1 0.9994
406.2 91.3 37.8 53.3 419.7 112.1 436.6 111.6 430.6 121.6 422.2 131.7 435.7 131.2 0.9994
817.4 81.7 38.0 49.8 826.9 100.4 844.7 100.5 835.3 109.5 828.3 118.6 843.0 118.8 0.9994
790.0 185.7 41.0 52.1 800.3 205.1 820.1 204.3 810.5 218.0 803.8 226.6 818.9 225.9 0.9992
