37--Soccer/37_Soccer_soccer_ball_37_450.jpg
13
645.9 438.1 44.2 42.7 660.4 456.5 679.5 459.2 669.0 469.3 659.9 472.6 672.6 474.8 0.9998
887.3 443.2 46.6 49.2 899.0 466.2 920.1 467.3 908.7 479.8 901.9 483.5 916.8 484.3 0.9998
813.4 445.0 44.5 47.3 824.8 461.6 845.5 464.3 833.5 474.7 824.8 481.2 840.2 483.1 0.9998
273.7 421.2 43.0 50.2 285.9 443.6 304.6 443.7 295.2 454.7 287.4 461.1 302.2 461.1 0.9997
555.5 428.5 39.0 44.7 563.9 444.9 582.9 445.3 572.4 455.5 565.5 462.0 581.2 462.3 0.9997
125.7 415.1 46.6 53.7 140.7 435.0 162.3 436.5 151.9 448.8 141.6 456.5 157.8 457.7 0.9997
742.9 437.6 40.1 47.6 754.5 456.9 772.5 459.0 762.5 468.2 754.1 473.4 768.7 475.1 0.9996
7.1 407.1 48.5 54.3 24.5 428.4 45.9 428.3 37.6 438.1 27.9 448.8 43.5 448.8 0.9996
970.5 444.5 46.4 51.3 981.2 463.1 1001.7 463.4 990.4 474.9 983.7 483.9 999.1 484.0 0.9995
497.6 246.5 37.6 51.7 508.0 268.3 525.6 267.6 517.5 277.8 510.3 286.0 524.6 285.4 0.9995
188.7 414.6 44.4 51.4 202.8 435.7 222.5 436.0 213.5 447.8 204.9 455.4 219.0 455.8 0.9994
466.8 426.2 39.8 43.7 480.0 443.2 498.5 445.0 489.6 454.1 480.3 459.5 494.9 461.1 0.9993
362.0 424.1 38.4 42.4 371.4 442.7 389.9 439.0 382.5 448.8 376.3 456.9 392.1 454.0 0.9992
