37--Soccer/37_Soccer_soccer_ball_37_574.jpg
10
830.6 226.0 47.6 59.4 851.7 247.0 869.3 254.6 860.1 262.7 846.6 269.2 859.2 275.2 0.9997
134.8 82.4 14.9 17.5 138.9 87.7 145.7 87.8 142.1 91.4 139.2 94.7 144.9 94.8 0.9990
21.9 93.4 16.4 19.9 25.9 99.8 33.3 99.5 29.6 103.8 27.1 108.1 32.9 107.8 0.9989
201.4 34.2 15.0 17.5 205.0 39.4 211.7 39.7 207.8 43.0 205.3 46.9 210.3 47.1 0.9947
332.6 140.0 10.3 12.8 335.3 144.1 339.8 144.9 337.0 147.3 335.1 149.4 338.4 150.0 0.9937
86.9 27.4 13.3 19.0 91.5 35.4 97.4 35.4 94.9 39.4 91.9 42.3 96.6 42.4 0.9921
257.1 135.7 6.3 7.7 259.1 139.0 261.8 138.9 260.6 140.5 259.6 141.8 261.7 141.7 0.8645
306.6 134.1 8.2 10.6 308.5 138.4 312.6 138.4 310.6 140.7 309.1 142.8 312.3 142.7 0.7702
322.8 112.2 5.9 7.4 324.5 115.2 327.1 115.2 325.7 116.8 324.7 118.1 326.7 118.2 0.5596
438.1 48.9 7.5 9.2 440.1 51.9 443.7 51.8 442.0 53.8 440.6 55.8 443.5 55.7 0.5394
