37--Soccer/37_Soccer_soccer_ball_37_188.jpg
9
265.6 98.6 53.8 64.5 287.7 132.9 310.4 124.7 306.8 143.7 295.2 152.9 311.1 146.9 0.9998
148.1 155.9 56.2 70.0 160.7 188.5 183.9 177.5 175.7 191.1 173.1 211.2 191.4 202.1 0.9997
528.6 165.5 19.2 24.8 531.6 176.3 539.7 175.8 534.9 181.5 533.5 186.1 539.2 185.6 0.9781
569.7 168.4 18.7 24.2 573.5 177.1 581.5 176.7 577.0 182.3 575.2 187.2 581.2 186.9 0.9722
885.9 105.6 22.0 27.9 890.8 115.6 900.1 116.0 894.2 121.2 891.3 126.6 898.8 126.8 0.9443
613.6 174.2 17.3 23.1 616.8 183.3 624.0 183.5 619.3 188.5 617.7 192.7 622.9 192.8 0.9089
830.5 170.5 17.4 20.7 834.3 177.0 841.8 177.2 837.3 181.4 835.0 185.8 840.8 185.8 0.7599
474.5 102.3 18.5 23.7 479.0 110.4 487.8 109.9 483.7 115.4 480.4 120.5 487.5 120.1 0.5962
780.7 113.7 20.2 26.4 784.3 122.1 791.7 121.5 787.4 127.8 786.3 133.5 792.2 132.8 0.5350
