37--Soccer/37_Soccer_Soccer_37_424.jpg
11
445.5 72.7 42.1 57.1 455.9 96.6 475.3 96.0 465.3 106.7 457.9 116.1 474.3 115.5 0.9996
590.8 61.3 40.5 57.1 604.8 84.2 622.8 84.4 615.6 93.1 607.0 104.1 621.2 104.4 0.9996
712.3 66.5 42.4 52.5 725.8 86.6 745.0 85.4 736.9 96.3 728.5 106.3 743.7 105.5 0.9996
310.4 84.7 41.6 57.9 321.0 107.9 340.8 107.8 331.1 120.8 323.3 129.5 338.5 129.6 0.9995
350.0 223.8 45.9 62.6 361.9 247.8 383.6 248.2 372.1 260.6 363.7 270.8 381.1 271.0 0.9994
810.0 54.6 42.7 57.8 822.1 76.3 841.9 75.8 832.6 87.6 824.1 97.7 840.6 97.4 0.9994
490.4 243.5 42.2 62.1 501.4 266.6 521.4 266.2 511.7 278.2 502.9 288.0 521.0 287.6 0.9994
216.0 239.8 43.4 58.1 228.5 261.0 249.0 262.5 238.4 275.5 229.9 284.1 245.1 285.4 0.9994
202.1 66.1 41.2 56.5 215.3 87.7 234.1 88.3 225.7 97.6 216.3 107.4 232.4 107.9 0.9994
761.2 225.9 43.9 59.7 773.0 249.7 793.1 248.9 783.6 260.9 775.4 270.7 792.0 270.2 0.9993
632.0 226.1 44.0 59.9 643.3 247.6 663.7 248.2 653.0 262.7 645.4 271.6 660.7 272.1 0.9992
