37--Soccer/37_Soccer_Soccer_37_609.jpg
15
398.6 407.0 16.3 20.2 404.5 416.2 411.6 416.0 408.7 420.6 405.5 423.8 410.5 423.6 0.9979
998.6 372.3 13.0 16.6 1001.6 378.8 1007.4 379.4 1003.8 382.4 1001.7 385.2 1006.0 385.6 0.9965
476.2 379.9 12.5 16.5 479.2 386.3 484.8 386.6 481.6 389.8 479.5 392.7 483.9 392.9 0.9958
726.3 382.8 12.2 15.8 728.7 389.7 734.0 389.5 731.0 392.8 729.8 395.7 733.7 395.5 0.9956
855.5 376.1 15.8 18.6 859.5 382.0 865.8 384.8 860.4 387.2 857.5 389.5 862.0 391.6 0.9946
626.9 403.6 13.3 17.2 630.3 410.7 636.3 410.5 633.4 414.1 631.2 417.1 635.8 417.0 0.9934
528.7 401.0 15.6 17.9 533.1 409.5 539.7 407.6 537.5 412.8 536.3 416.4 540.8 414.9 0.9932
306.3 427.2 13.1 17.4 313.5 435.0 317.8 434.9 316.9 438.7 313.4 441.3 316.3 441.4 0.9915
129.4 420.3 14.8 19.1 136.2 428.7 141.2 426.8 141.2 430.9 138.9 435.4 142.6 434.1 0.9891
457.8 376.3 8.4 9.7 460.5 379.4 464.4 379.6 462.5 381.6 460.6 383.5 463.7 383.6 0.9859
296.1 402.1 12.7 17.8 305.0 409.4 307.2 409.4 307.0 413.6 303.2 416.4 304.7 416.6 0.9819
940.5 380.1 12.2 15.1 943.4 386.1 948.6 386.5 945.6 389.2 943.7 391.8 947.7 392.0 0.9815
346.0 382.4 8.4 10.3 347.6 387.1 351.3 387.0 349.3 389.2 348.3 391.1 351.2 390.9 0.9651
666.3 411.4 13.9 18.4 668.7 418.2 672.4 419.5 668.0 422.2 667.9 425.3 670.5 426.0 0.9614
539.6 355.9 9.9 12.0 333.1 424.9 336.4 424.6 336.3 427.9 333.7 430.9 336.0 430.8 0.5932
