37--Soccer/37_Soccer_soccer_ball_37_771.jpg
11
655.0 156.3 46.1 61.6 670.1 178.7 691.2 178.8 682.0 193.8 671.9 203.0 688.0 203.1 0.9997
288.6 24.1 43.1 55.9 301.0 42.2 321.1 42.1 311.7 54.0 301.9 63.2 320.2 63.1 0.9997
136.5 72.7 46.3 59.2 149.7 94.4 171.7 94.7 161.1 108.7 151.8 118.1 168.6 118.3 0.9996
525.7 24.0 42.7 54.6 537.2 42.8 557.1 42.9 547.2 52.0 539.3 63.6 555.3 63.5 0.9996
451.8 104.3 45.3 61.9 464.3 129.0 485.5 128.2 475.7 143.4 465.3 149.0 485.2 148.3 0.9996
784.6 10.2 44.8 55.0 795.5 29.6 816.1 29.1 805.3 38.6 798.2 50.6 814.3 50.0 0.9996
255.8 98.0 46.3 66.1 267.6 126.0 288.6 125.9 277.7 139.4 270.3 148.5 287.4 148.2 0.9996
768.0 94.1 45.7 58.8 777.6 118.5 798.1 116.5 787.4 130.1 783.1 140.5 797.9 138.7 0.9995
394.5 29.9 42.4 56.7 406.1 52.8 425.5 51.9 416.3 64.8 407.6 70.8 425.8 70.1 0.9995
667.6 9.8 41.8 56.2 679.2 29.7 698.5 30.2 689.0 40.9 681.8 52.1 696.0 52.4 0.9994
145.0 16.3 46.9 53.3 158.0 36.5 179.1 37.1 168.6 47.4 160.7 57.1 175.5 57.7 0.9993
