37--Soccer/37_Soccer_soccer_ball_37_392.jpg
26
381.0 326.5 26.0 35.6 391.2 342.1 402.9 341.1 399.8 347.9 392.6 353.3 403.2 352.7 0.9997
313.6 209.8 27.5 38.0 321.7 227.4 335.0 225.7 329.8 234.2 323.7 238.9 335.4 237.6 0.9997
638.1 204.0 25.8 35.6 644.7 218.9 656.9 217.4 651.6 224.7 646.1 229.8 657.6 228.7 0.9997
744.9 332.8 27.0 36.7 754.6 348.2 767.1 348.4 761.9 355.7 754.1 359.6 765.6 359.9 0.9997
241.7 352.9 28.7 39.8 250.6 368.8 264.2 369.0 258.0 376.8 250.7 381.6 263.6 381.8 0.9997
846.6 242.5 25.7 33.9 853.5 255.0 865.8 256.1 859.2 263.0 853.0 266.0 864.7 266.8 0.9997
176.6 187.5 29.4 39.8 187.4 205.0 200.7 203.2 196.4 211.5 188.5 216.9 201.1 215.5 0.9996
315.1 305.2 27.2 36.2 324.1 318.6 336.8 319.9 330.6 326.7 322.8 330.3 334.9 331.4 0.9996
187.1 352.9 31.4 42.2 201.9 366.4 214.6 369.2 210.1 374.6 198.8 380.6 211.1 383.0 0.9996
624.6 324.9 28.7 38.3 631.4 341.4 645.0 340.9 638.2 348.4 632.7 352.9 645.4 352.4 0.9995
835.1 335.6 27.7 37.5 843.1 350.0 856.4 350.2 850.0 357.3 843.0 362.0 855.7 362.2 0.9995
713.1 261.9 28.4 35.5 717.5 277.3 729.3 273.2 723.9 282.2 723.4 289.4 733.2 286.0 0.9995
771.2 276.6 26.9 36.9 778.6 292.7 791.3 291.8 785.4 300.4 779.3 303.5 791.5 302.8 0.9994
212.2 175.3 30.3 40.4 221.9 194.1 235.9 190.8 231.7 200.0 225.4 206.1 238.3 203.5 0.9994
595.5 214.0 25.2 32.0 602.0 229.4 613.5 226.3 609.3 234.0 605.5 238.8 616.0 236.3 0.9994
791.0 228.5 25.5 33.5 798.2 241.1 810.4 240.6 805.1 247.3 798.8 252.0 810.5 251.7 0.9994
426.3 214.0 25.7 35.3 435.3 228.9 447.1 227.4 443.2 235.1 436.5 240.0 447.7 239.0 0.9994
438.0 328.7 26.4 33.8 446.8 340.7 459.1 342.5 453.0 348.8 445.0 351.4 457.2 352.9 0.9994
558.1 276.2 26.2 35.2 564.5 290.0 576.9 289.7 570.4 296.4 565.2 301.4 576.7 301.1 0.9994
479.8 203.4 25.0 34.0 488.1 216.7 500.0 216.1 495.4 223.3 488.4 227.5 500.0 227.1 0.9993
675.6 236.3 26.8 34.6 684.1 248.1 696.8 251.3 689.5 256.6 681.4 259.4 693.4 262.0 0.9993
503.3 274.6 26.4 34.3 511.9 287.6 524.3 288.5 518.5 295.0 511.0 298.4 522.9 299.2 0.9993
913.1 318.8 26.6 33.9 919.3 329.6 932.0 329.5 925.3 337.0 919.7 342.2 931.8 342.1 0.9993
388.9 219.5 28.1 36.4 400.0 233.8 411.2 237.6 404.7 243.3 396.4 244.3 407.2 247.4 0.9992
543.3 221.8 25.5 34.0 550.1 236.1 561.8 234.7 556.6 242.3 551.2 246.1 562.9 244.9 0.9992
115.6 268.5 31.4 41.0 131.2 283.3 143.5 285.1 139.5 292.1 128.6 296.6 140.1 298.3 0.9990
