37--Soccer/37_Soccer_soccer_ball_37_655.jpg
16
362.5 366.1 38.5 49.3 370.8 389.0 388.8 387.5 379.8 398.3 373.5 403.3 390.1 402.0 0.9998
587.6 233.5 33.9 40.5 597.3 248.5 612.7 251.8 603.5 258.4 595.4 262.5 608.9 265.1 0.9997
650.0 374.8 38.5 50.5 659.3 398.4 677.5 397.9 668.7 408.5 661.7 414.2 677.1 413.7 0.9997
273.4 375.7 38.6 49.7 288.3 398.3 305.0 400.5 297.4 409.1 286.6 413.2 300.5 415.1 0.9997
716.0 367.9 38.5 51.5 720.5 391.6 735.4 388.3 725.8 400.5 726.9 407.4 740.0 404.4 0.9997
864.5 255.1 33.7 42.0 870.8 273.6 885.7 271.7 877.6 281.8 873.8 287.8 886.1 286.2 0.9997
489.9 217.8 33.8 46.0 499.7 237.5 516.2 237.8 508.2 247.1 499.9 251.8 515.3 252.0 0.9996
679.9 226.3 32.3 43.6 687.3 243.8 703.1 244.6 694.4 252.8 687.7 257.7 702.2 258.3 0.9996
304.1 231.8 35.8 47.1 312.4 252.3 329.4 251.0 321.0 261.0 314.2 267.1 329.9 266.0 0.9996
396.6 238.9 34.4 45.3 403.6 259.1 419.5 258.0 410.8 267.3 405.6 273.5 419.4 272.5 0.9996
774.3 230.1 35.4 43.5 782.2 248.7 798.8 248.3 789.9 257.1 783.3 262.4 798.5 261.9 0.9996
468.9 371.1 38.2 48.3 479.7 389.8 498.0 391.8 488.4 401.6 478.7 404.9 496.1 406.5 0.9995
567.4 367.0 38.3 52.6 578.7 389.0 596.6 391.0 587.2 400.4 578.1 405.6 593.6 407.2 0.9995
152.7 262.2 37.5 48.7 164.8 282.1 182.0 285.9 172.4 293.3 162.6 297.6 177.4 300.6 0.9995
579.7 488.5 37.6 45.5 585.7 504.0 602.6 503.5 592.2 514.7 589.0 521.4 603.6 520.8 0.9994
218.9 242.2 33.5 42.6 229.7 257.4 245.1 259.9 236.9 266.6 228.0 272.4 241.6 274.5 0.9994
