37--Soccer/37_Soccer_soccer_ball_37_924.jpg
18
403.8 347.2 33.1 44.8 410.6 364.2 426.4 363.4 417.6 372.3 411.5 378.2 427.2 377.4 0.9998
96.7 355.9 31.5 41.4 104.5 372.2 119.1 371.8 111.9 379.8 105.2 384.9 119.3 384.6 0.9998
300.2 339.3 31.9 43.7 306.0 355.4 321.0 356.4 311.5 363.9 306.2 369.6 320.4 370.3 0.9998
311.3 155.6 28.7 38.5 315.6 169.2 328.6 170.2 319.1 177.1 315.1 182.8 327.2 183.4 0.9997
850.0 144.0 34.1 45.3 855.1 162.0 870.6 162.4 860.4 170.5 856.4 176.7 870.6 176.9 0.9997
716.3 183.6 32.0 42.3 720.8 199.0 734.9 198.9 725.0 207.3 722.0 213.2 735.3 212.9 0.9996
639.3 156.7 32.3 41.4 644.0 173.9 657.9 172.6 649.2 180.7 646.2 186.5 659.4 185.3 0.9996
129.6 132.6 32.5 46.1 137.4 147.0 152.4 148.0 143.5 154.9 137.0 163.1 151.1 164.0 0.9996
865.1 276.2 34.7 44.7 870.6 294.1 886.9 292.5 877.3 300.2 872.0 308.1 887.6 306.9 0.9996
675.4 341.1 32.4 42.2 679.9 357.7 694.1 355.3 685.5 364.0 683.0 371.2 696.6 369.1 0.9996
775.3 324.0 32.6 44.0 782.1 340.5 797.7 340.7 788.2 347.9 782.6 355.6 796.4 355.8 0.9995
504.0 353.2 33.2 42.9 513.7 368.3 529.4 369.2 522.1 376.0 513.4 382.0 528.9 382.8 0.9995
186.0 358.4 32.3 40.9 191.1 375.1 205.8 371.8 197.8 380.5 194.2 387.8 208.4 385.0 0.9994
399.9 164.0 30.4 42.1 404.5 179.6 416.7 181.0 406.2 187.1 404.2 195.4 413.4 196.3 0.9994
547.0 153.5 30.7 42.1 557.3 172.6 571.6 170.2 567.2 180.1 560.0 186.5 572.0 184.8 0.9993
213.8 159.8 32.2 41.5 220.2 175.0 235.1 175.1 226.5 182.3 220.7 188.5 235.0 188.5 0.9993
472.8 152.6 30.5 40.5 480.3 166.5 495.3 168.0 486.6 175.6 479.1 180.2 493.8 181.5 0.9993
598.1 337.0 31.2 43.1 603.5 353.8 618.0 354.0 609.1 362.4 604.7 367.6 618.7 367.7 0.9993
