37--Soccer/37_Soccer_soccer_ball_37_115.jpg
20
732.7 269.2 34.4 39.6 748.9 282.9 762.5 282.7 759.3 291.1 750.0 298.2 760.8 298.3 0.9998
481.2 148.8 32.5 37.9 492.0 161.0 507.1 161.2 500.4 170.2 492.8 176.4 505.3 176.5 0.9997
178.9 171.3 36.1 41.3 188.7 185.1 205.5 185.6 196.9 195.7 189.8 201.3 203.8 201.6 0.9997
628.3 253.4 36.2 42.3 642.1 266.9 658.9 266.3 653.2 275.7 644.1 283.8 658.3 283.5 0.9997
874.7 108.7 33.7 40.3 881.7 123.9 896.2 121.2 889.2 131.2 886.0 139.2 897.7 137.0 0.9997
256.2 154.4 34.4 37.1 267.1 167.1 283.4 165.7 277.3 174.0 271.0 182.2 283.4 181.1 0.9997
637.7 140.9 31.0 37.6 648.9 153.6 662.7 153.9 657.2 161.2 649.9 168.1 661.3 168.3 0.9997
115.6 141.5 38.0 44.8 130.4 155.9 146.3 157.8 139.4 166.8 129.9 174.0 142.3 175.6 0.9996
593.3 147.1 29.6 37.4 599.3 161.1 613.4 157.7 607.6 167.9 604.0 176.3 615.3 173.6 0.9996
376.4 288.8 38.9 48.8 395.4 308.1 410.2 307.0 406.6 317.4 395.3 325.5 407.4 325.0 0.9996
760.8 158.1 31.3 37.5 769.8 172.6 784.3 170.9 778.2 179.9 772.8 187.1 784.0 185.8 0.9996
562.2 151.2 32.0 38.1 574.7 166.1 588.7 164.2 585.0 172.8 578.8 181.1 589.0 179.7 0.9995
347.3 137.1 33.7 42.4 357.1 151.4 372.9 152.3 364.9 160.8 357.8 167.9 370.6 168.7 0.9995
563.2 333.4 36.9 42.0 573.7 345.6 591.3 346.9 582.2 356.9 572.9 361.9 589.1 363.0 0.9994
386.2 111.1 32.9 42.0 398.2 126.6 413.0 126.4 407.9 132.7 399.9 141.2 412.8 141.1 0.9994
439.0 161.3 29.4 35.2 447.8 172.5 461.8 172.4 455.6 180.0 449.1 186.2 461.2 186.0 0.9994
814.7 299.0 35.3 38.5 824.7 312.5 840.8 311.1 834.0 320.9 827.8 327.8 840.8 326.7 0.9994
797.8 142.1 30.4 38.9 806.7 157.7 821.2 157.5 814.5 165.7 808.1 171.9 820.2 171.7 0.9993
694.1 136.7 27.8 32.4 702.3 146.8 714.8 146.9 708.9 154.3 704.0 161.2 713.3 161.2 0.9993
522.7 148.2 28.0 34.2 531.9 159.1 545.3 159.6 539.4 166.3 532.6 172.9 543.9 173.3 0.9991
