37--Soccer/37_Soccer_soccer_ball_37_320.jpg
12
252.6 155.8 37.5 50.6 262.2 174.9 279.4 173.0 271.5 181.8 265.4 193.6 279.4 192.1 0.9996
722.8 124.8 39.1 54.4 732.7 144.7 750.8 143.5 742.4 153.0 736.4 165.6 749.8 164.6 0.9995
190.5 354.6 39.3 54.5 202.7 375.4 220.6 374.8 213.3 384.3 205.7 395.8 219.0 395.4 0.9995
384.9 351.6 38.5 51.0 395.5 371.0 412.7 371.4 403.9 379.9 397.0 389.4 410.2 389.9 0.9995
843.3 146.0 38.9 53.2 850.1 166.7 867.9 165.2 857.7 176.5 853.7 187.5 866.7 186.2 0.9994
131.6 154.1 40.0 50.5 143.1 171.5 161.5 172.0 152.1 180.0 144.3 190.7 158.9 191.2 0.9994
576.6 351.0 38.8 56.6 586.6 375.2 604.8 374.6 595.7 386.2 590.0 396.2 602.7 395.7 0.9993
382.1 142.0 37.4 52.3 392.7 161.1 410.3 160.9 402.1 170.1 394.5 180.9 408.9 180.7 0.9993
592.6 137.1 40.2 52.1 603.7 157.5 621.7 156.7 613.2 165.6 607.4 176.7 620.5 175.9 0.9993
489.6 139.7 38.0 55.1 499.0 160.4 516.8 159.9 507.9 169.9 501.7 181.5 515.5 181.1 0.9992
763.1 366.4 37.6 47.0 771.3 385.8 788.8 386.5 779.0 396.7 773.1 403.6 786.4 403.9 0.9986
962.9 328.3 9.9 13.8 968.1 333.3 971.0 333.1 970.8 335.9 968.4 338.6 970.7 338.6 0.9541
