44--Aerobics/44_Aerobics_Aerobics_44_88.jpg
8
587.4 204.5 33.2 42.0 591.0 220.3 604.2 221.6 592.8 229.4 592.4 237.1 601.3 237.9 0.9995
28.0 193.7 11.3 16.0 28.9 199.7 30.8 200.0 27.4 203.0 29.4 206.1 30.5 206.1 0.9994
415.6 124.9 46.9 71.1 420.7 151.9 437.5 153.4 419.9 164.6 420.1 178.3 432.6 179.6 0.9994
74.7 157.8 23.4 37.1 78.1 171.9 82.5 172.8 74.7 178.5 78.7 186.1 81.4 186.4 0.9994
329.9 183.9 23.7 30.5 332.5 194.9 338.9 195.5 331.2 200.6 332.8 206.5 337.2 206.7 0.9993
179.2 138.2 33.6 50.9 184.0 159.0 191.7 158.8 181.3 168.8 186.7 178.1 192.0 177.5 0.9992
853.5 132.1 46.1 62.1 860.3 158.9 880.1 159.1 865.8 169.9 861.7 180.8 876.4 181.1 0.9992
72.0 212.4 11.7 14.9 73.6 218.0 76.7 217.9 73.9 221.2 75.0 223.9 77.3 223.8 0.9789
