44--Aerobics/44_Aerobics_Aerobics_44_291.jpg
12
844.5 166.1 26.3 32.6 851.2 180.1 863.0 180.3 856.8 186.2 852.6 191.3 861.5 191.5 0.9993
746.4 129.7 29.6 44.7 751.0 146.9 754.7 147.6 746.2 155.1 751.5 163.2 754.4 163.2 0.9992
490.7 170.9 26.8 38.3 493.3 185.8 501.5 185.5 493.0 192.8 495.2 200.0 501.2 199.6 0.9992
537.9 36.9 43.0 60.5 542.2 56.3 553.9 54.5 541.8 67.8 547.6 81.3 556.6 79.3 0.9989
927.3 192.9 20.1 23.4 930.6 201.1 937.0 201.1 930.1 203.8 928.9 209.6 933.7 209.6 0.9985
674.4 185.9 20.8 29.9 678.3 196.3 684.4 196.7 677.1 200.7 676.7 207.9 681.7 207.9 0.9984
722.9 191.2 18.4 23.8 727.4 200.8 736.4 200.5 732.0 205.2 728.8 209.8 735.6 209.6 0.9982
290.8 248.5 13.5 18.4 294.7 253.9 296.3 254.8 292.1 256.9 292.8 261.3 294.0 261.8 0.9956
445.2 235.7 19.3 23.6 449.3 243.1 457.7 243.1 452.4 246.8 449.1 252.0 456.5 252.1 0.9921
425.5 262.5 12.0 15.3 427.3 267.2 431.6 267.5 427.8 270.2 427.4 273.8 430.5 273.9 0.9793
411.5 303.1 8.2 9.3 413.1 306.5 416.6 306.5 414.5 308.5 413.7 310.4 416.3 310.3 0.9579
322.5 195.7 17.8 30.2 325.3 205.6 326.6 205.7 322.8 211.7 325.7 218.0 327.0 217.7 0.9058
