44--Aerobics/44_Aerobics_Aerobics_44_547.jpg
8
164.9 220.4 37.9 63.3 193.8 246.3 195.6 244.6 202.6 255.7 194.8 268.4 196.3 267.6 0.9969
99.4 290.7 12.3 12.7 105.2 296.2 108.7 297.1 106.7 299.8 103.6 300.8 105.6 301.6 0.9818
222.9 268.5 14.1 18.3 230.0 275.6 234.5 274.7 234.6 277.9 232.1 282.3 235.4 281.7 0.9407
955.0 263.7 13.8 16.1 959.3 269.0 965.7 269.3 962.5 272.8 959.8 276.0 964.6 276.3 0.9069
531.9 260.8 11.0 13.4 618.9 295.6 620.1 295.4 622.4 301.3 618.4 306.5 619.1 306.8 0.6913
484.0 259.4 11.4 14.7 536.1 265.4 540.9 265.4 539.0 268.3 536.7 271.1 540.4 271.1 0.6884
702.2 263.7 11.0 13.9 487.7 264.4 492.8 264.0 490.9 267.4 488.6 270.7 492.6 270.5 0.6330
132.7 281.8 12.8 16.9 445.7 264.1 452.5 263.6 449.8 267.2 447.1 271.3 452.6 271.0 0.5011
