44--Aerobics/44_Aerobics_Aerobics_44_293.jpg
12
105.7 270.0 25.6 32.1 109.8 281.4 120.4 281.7 112.2 286.7 109.8 293.5 118.0 293.7 0.9996
401.6 252.0 26.4 34.5 405.8 264.7 417.4 265.7 408.6 270.4 405.3 277.5 414.4 278.2 0.9996
866.0 226.0 34.5 40.0 873.1 241.2 889.1 241.1 879.0 245.3 873.9 255.5 886.5 255.3 0.9995
599.0 279.5 24.3 29.7 601.5 290.7 611.7 289.7 604.1 295.0 602.4 300.9 611.6 300.0 0.9995
235.5 254.7 24.5 33.5 238.5 267.1 246.2 267.6 238.1 273.0 238.6 279.5 244.5 279.7 0.9995
520.4 181.9 34.7 43.0 534.1 197.6 549.0 198.3 544.9 202.0 536.5 212.5 548.4 213.1 0.9993
694.9 304.9 21.4 27.4 699.4 316.1 709.1 315.8 703.8 320.2 700.7 325.4 708.7 325.2 0.9990
313.8 318.5 20.5 26.9 317.9 328.3 326.9 329.5 320.5 333.8 317.7 338.4 324.4 339.4 0.9990
44.6 306.9 21.4 26.9 47.9 317.0 57.6 316.8 51.0 320.3 48.4 326.4 56.4 326.1 0.9990
186.8 315.4 17.9 23.5 190.6 324.0 198.8 324.7 193.6 328.1 190.7 332.4 197.4 332.9 0.9986
827.6 262.6 24.3 30.9 834.5 273.5 844.3 274.2 839.0 278.7 834.6 285.1 842.3 285.7 0.9414
456.9 271.3 26.2 30.8 465.1 282.5 473.7 281.7 470.7 287.9 468.8 293.5 475.6 293.1 0.7032
