44--Aerobics/44_Aerobics_Aerobics_44_79.jpg
11
826.0 261.5 20.0 24.3 832.6 270.8 841.8 271.2 838.3 274.3 833.7 279.2 841.5 279.4 0.9995
414.6 273.0 49.0 81.3 446.3 304.9 451.1 302.5 463.5 316.7 452.1 334.6 455.8 333.6 0.9995
213.3 291.2 38.1 45.6 229.4 304.6 246.1 307.0 240.2 313.2 228.8 321.5 243.7 323.5 0.9994
652.0 278.1 19.7 29.6 665.8 290.3 669.1 290.2 671.2 295.7 665.0 300.9 667.2 301.1 0.9993
508.3 283.0 17.3 24.1 517.4 292.7 523.5 292.0 523.3 296.4 519.0 301.2 523.6 300.9 0.9991
175.4 292.3 22.6 27.3 183.7 302.4 193.9 303.1 189.4 307.4 184.1 312.3 192.2 312.9 0.9990
980.8 276.0 20.6 26.5 992.7 284.3 998.2 283.5 999.6 288.9 994.6 295.1 998.8 294.7 0.9982
73.4 307.3 11.5 14.6 75.9 313.0 81.0 313.1 78.1 316.0 76.4 318.8 80.5 318.8 0.9937
776.6 287.6 17.6 31.7 790.3 297.5 790.9 297.3 794.6 303.4 791.1 310.3 791.6 310.4 0.9806
602.2 288.7 23.2 39.6 617.5 301.8 620.2 300.3 624.4 307.7 620.3 317.6 622.5 316.7 0.9556
935.7 298.3 21.5 32.4 950.7 307.4 953.9 308.7 954.1 315.0 947.7 320.8 950.0 322.2 0.5547
