44--Aerobics/44_Aerobics_Aerobics_44_1013.jpg
17
810.9 364.5 13.6 16.8 813.8 369.2 817.9 370.9 812.9 372.9 812.4 376.0 815.4 377.1 0.9992
452.1 357.2 13.8 17.2 458.3 364.1 463.9 363.3 463.0 366.9 460.1 370.6 464.3 370.0 0.9989
379.8 366.8 13.7 17.9 382.3 374.2 388.7 373.9 385.1 377.4 383.5 380.8 388.3 380.6 0.9987
772.5 385.8 13.6 20.1 775.1 393.4 776.3 393.9 772.8 397.4 775.4 401.3 776.1 401.4 0.9987
361.4 429.1 15.8 19.7 366.9 437.5 373.9 437.6 370.9 441.7 367.7 444.9 372.7 445.0 0.9982
249.8 383.0 14.6 20.3 256.6 391.9 262.6 391.3 261.3 395.5 257.9 399.2 262.4 398.9 0.9981
921.6 357.7 13.7 18.8 925.7 363.7 926.7 364.7 922.2 367.1 923.4 371.1 923.9 371.6 0.9978
649.2 351.0 12.1 15.7 650.6 357.9 654.6 358.5 651.1 361.6 651.5 363.9 654.2 364.2 0.9975
277.4 389.3 12.2 12.8 279.4 395.9 283.9 395.6 281.4 398.7 281.5 400.2 284.6 399.8 0.9961
789.8 368.8 11.4 13.6 791.3 374.7 794.7 375.2 791.7 378.0 792.7 379.9 794.7 380.1 0.9955
550.9 410.4 14.9 14.9 558.1 417.7 563.1 418.5 560.6 422.0 556.5 422.9 559.7 423.7 0.9878
252.4 415.8 14.2 22.0 261.9 424.3 264.1 423.4 265.7 427.7 262.8 432.3 264.5 431.9 0.9835
534.0 252.3 9.4 11.6 536.9 256.6 541.2 256.2 539.4 258.8 537.8 261.4 541.0 261.2 0.9760
98.0 238.6 10.0 13.8 103.4 244.0 105.8 243.2 106.6 246.1 104.7 249.2 106.3 248.9 0.9695
709.4 389.3 11.6 17.6 711.3 394.8 712.5 395.2 710.0 398.7 711.6 402.5 712.5 402.6 0.9540
731.6 359.0 11.3 14.4 733.3 363.2 737.3 363.6 733.9 366.6 733.3 369.6 736.2 369.8 0.8917
460.5 253.4 8.8 12.1 462.1 258.9 465.5 258.9 463.2 261.4 462.7 263.4 465.1 263.4 0.7069
