44--Aerobics/44_Aerobics_Aerobics_44_499.jpg
14
313.9 69.4 44.2 63.0 321.9 93.2 341.5 92.3 328.8 102.8 324.1 115.5 340.2 114.7 0.9997
948.7 254.8 26.3 33.7 958.1 268.2 970.1 267.5 965.8 274.3 960.0 280.5 969.4 280.0 0.9996
815.5 147.6 36.8 46.5 828.7 165.5 844.9 163.6 840.7 170.7 833.6 182.4 846.4 181.0 0.9996
732.8 294.1 19.0 25.2 739.7 303.6 748.0 303.9 744.5 307.7 739.9 312.2 747.2 312.5 0.9993
57.4 166.6 30.7 40.2 66.1 181.5 79.9 181.5 73.0 187.1 67.2 196.1 78.1 196.1 0.9992
547.0 272.6 19.8 25.1 550.8 282.7 559.4 281.5 554.8 286.0 552.5 291.2 559.9 290.3 0.9991
478.8 208.3 30.0 39.1 488.2 222.2 501.9 223.8 494.6 229.1 488.1 236.7 498.9 238.0 0.9989
650.6 333.3 11.8 15.0 654.6 339.0 659.8 338.9 657.6 341.9 655.3 344.6 659.4 344.6 0.9972
425.7 286.7 18.8 25.5 428.4 296.7 436.4 296.6 430.7 300.7 428.9 306.0 435.1 305.9 0.9950
1007.6 280.8 15.9 28.6 1012.7 291.5 1022.4 290.6 1017.4 296.6 1015.3 302.6 1022.8 301.9 0.9854
623.8 355.5 10.1 12.8 627.3 360.7 631.7 360.5 630.0 363.1 628.0 365.4 631.4 365.3 0.9853
579.4 352.0 9.8 12.8 581.9 357.7 586.3 357.1 584.4 360.0 583.1 362.6 586.5 362.1 0.7849
171.4 309.3 15.6 20.0 176.1 316.2 183.1 317.2 179.3 320.3 175.7 324.1 181.4 324.9 0.7303
233.2 330.4 13.4 17.2 235.5 336.9 241.6 337.0 237.4 340.4 236.0 343.8 240.6 343.7 0.6281
