44--Aerobics/44_Aerobics_Aerobics_44_230.jpg
10
326.7 415.6 13.1 17.3 334.1 421.3 335.5 420.3 338.2 423.7 337.2 428.0 338.1 427.5 0.9921
497.2 383.3 9.6 14.6 503.4 388.9 505.0 388.8 505.9 391.8 503.5 394.5 504.6 394.7 0.9911
957.8 280.2 9.8 12.4 959.3 285.4 961.4 285.5 959.7 288.5 961.1 290.3 962.4 290.2 0.9901
591.2 389.1 11.9 15.4 594.5 395.5 600.1 395.3 597.4 398.4 595.2 401.1 599.8 400.9 0.9858
417.1 451.4 17.1 25.2 427.6 460.2 427.5 458.6 432.9 462.3 432.5 468.8 432.4 468.0 0.9623
822.7 356.4 9.1 11.5 825.3 360.7 829.4 360.7 827.3 362.9 825.7 365.0 828.8 365.0 0.9240
858.0 345.1 6.4 7.8 860.2 348.3 863.1 348.1 862.0 349.8 860.8 351.3 863.0 351.2 0.9210
685.8 356.7 8.3 12.0 689.3 361.6 692.8 361.4 691.9 363.9 690.0 366.4 692.7 366.3 0.9017
171.2 427.6 17.7 24.4 179.6 437.0 186.5 436.7 185.0 441.8 180.8 446.5 186.0 446.5 0.7372
870.8 285.9 6.3 7.4 872.4 288.6 875.4 288.7 873.8 290.2 872.7 291.8 875.1 291.8 0.6144
