44--Aerobics/44_Aerobics_Aerobics_44_604.jpg
18
283.7 224.5 25.6 32.6 294.9 237.0 305.6 238.7 301.1 244.1 293.7 248.7 302.4 250.2 0.9995
473.8 147.8 41.0 58.7 499.0 169.2 510.1 170.9 510.7 180.3 498.9 190.9 506.9 192.4 0.9994
96.0 167.4 39.3 51.9 115.2 187.6 130.7 189.1 127.2 196.8 116.4 206.6 128.0 208.0 0.9994
586.4 273.2 14.9 21.6 594.0 281.9 598.4 280.7 599.4 284.9 596.2 289.7 599.5 289.0 0.9991
785.0 308.3 11.4 16.2 792.4 314.4 794.4 314.0 796.0 317.1 793.4 320.6 794.7 320.5 0.9990
190.8 260.5 18.4 23.0 200.1 268.1 207.0 269.2 205.2 272.8 200.0 276.7 205.6 277.7 0.9988
948.9 248.0 18.3 24.9 961.2 258.4 964.7 258.6 965.2 263.7 959.4 267.3 961.9 267.8 0.9986
728.7 199.2 26.5 40.6 745.7 214.0 749.9 213.5 754.5 220.7 747.8 229.2 750.5 229.3 0.9985
657.6 259.3 20.7 27.8 671.9 270.0 675.3 268.3 678.4 274.0 674.0 279.9 676.3 279.1 0.9984
885.3 326.0 7.6 10.9 890.3 330.0 891.9 330.0 892.3 332.3 890.4 334.5 891.3 334.6 0.9969
768.2 303.3 11.4 14.7 775.1 309.1 778.2 309.1 778.1 312.1 775.1 314.7 777.4 314.8 0.9943
12.4 281.5 18.0 22.3 19.2 289.1 27.0 290.0 23.8 293.8 19.5 298.1 25.4 298.8 0.9904
362.2 279.8 14.6 20.3 372.5 286.9 374.2 286.6 375.1 291.0 371.1 295.0 372.1 295.0 0.9836
805.2 333.8 7.1 10.5 809.2 338.1 811.0 337.7 811.2 339.9 809.8 342.1 811.1 341.9 0.9770
959.8 341.6 7.0 9.6 963.8 345.2 965.6 344.8 965.9 346.8 964.4 348.9 965.6 348.7 0.9125
604.8 303.3 13.1 16.0 612.7 309.8 615.9 309.9 615.4 313.6 611.9 316.1 613.9 316.3 0.9083
859.9 344.8 6.3 8.4 863.2 348.2 865.0 348.2 864.7 350.0 863.4 351.6 864.5 351.6 0.7813
908.6 345.7 7.5 10.2 505.4 316.4 511.5 313.8 512.2 320.7 508.8 327.3 513.5 325.5 0.6112
