44--Aerobics/44_Aerobics_Aerobics_44_40.jpg
10
434.5 267.9 29.9 42.7 449.2 284.4 460.9 285.2 457.6 293.2 447.9 299.8 456.9 300.7 0.9993
999.8 536.2 23.9 40.7 1002.2 552.2 1010.9 552.1 1001.6 558.4 1003.5 566.3 1011.0 565.9 0.9987
629.5 279.5 46.5 53.6 652.2 298.8 671.1 298.5 666.0 310.7 655.7 321.5 668.7 321.0 0.9979
814.6 506.2 22.1 29.2 820.3 517.9 830.2 518.6 824.4 523.4 820.8 528.3 828.2 528.9 0.9972
904.6 532.1 25.0 32.8 912.5 544.5 924.3 544.4 919.5 550.0 914.4 556.8 923.5 556.8 0.9965
913.1 398.5 16.4 21.6 916.9 406.1 924.6 407.1 919.8 410.8 916.9 414.7 922.7 415.4 0.9935
736.2 417.4 15.2 20.5 740.5 424.9 747.9 424.8 744.6 428.8 741.5 433.2 747.2 433.2 0.9879
532.6 402.5 11.6 14.5 535.2 408.1 540.9 408.2 537.8 411.4 535.7 414.0 540.1 414.0 0.9826
504.3 395.4 12.9 17.3 510.0 402.2 515.1 402.1 513.7 405.8 510.6 409.1 514.4 409.1 0.9783
724.5 410.5 15.1 18.1 728.6 417.1 736.1 417.9 731.9 421.6 728.6 424.7 734.2 425.3 0.9538
