44--Aerobics/44_Aerobics_Aerobics_44_593.jpg
13
901.5 219.7 14.6 19.8 903.1 228.3 906.6 228.0 902.9 232.0 904.6 235.5 907.0 235.1 0.9995
973.1 599.2 44.1 67.6 978.9 626.1 985.7 626.6 973.2 638.9 983.7 651.2 988.6 651.0 0.9995
472.5 183.0 14.0 18.4 474.4 190.0 478.1 190.6 473.9 193.8 474.9 197.2 477.4 197.4 0.9989
314.2 238.9 14.4 19.6 316.0 246.6 320.7 247.0 316.3 250.5 316.4 254.0 319.7 254.1 0.9975
732.4 195.8 14.6 19.2 737.6 203.7 743.9 203.5 741.4 207.3 738.4 210.7 743.3 210.6 0.9959
679.7 281.0 11.8 15.2 682.2 286.9 687.2 287.4 683.8 290.0 682.1 292.5 686.2 292.8 0.9948
619.2 328.7 13.3 21.1 628.9 336.5 629.3 336.0 631.7 340.2 629.6 344.5 629.8 344.3 0.9763
959.8 269.3 14.0 19.3 961.6 276.6 964.8 277.4 961.0 281.0 962.6 284.2 964.7 284.6 0.9643
123.9 305.3 12.5 18.6 132.7 312.0 134.0 311.4 135.6 315.6 132.7 319.6 133.6 319.4 0.9579
576.7 344.1 15.7 19.4 586.8 351.3 590.6 351.0 590.5 355.8 586.1 359.2 588.8 359.3 0.9526
510.5 328.4 10.9 17.8 518.2 334.4 519.3 334.0 521.0 337.7 518.9 341.7 519.7 341.6 0.8341
20.7 319.9 11.8 17.1 28.3 326.3 30.5 325.9 31.1 329.8 27.8 333.2 29.4 333.1 0.8150
894.0 241.7 13.5 18.2 895.9 247.8 899.3 247.5 895.2 250.1 895.5 254.4 898.3 254.1 0.5384
