44--Aerobics/44_Aerobics_Aerobics_44_4.jpg
8
588.7 195.7 55.0 77.2 625.7 223.9 634.6 221.4 643.0 237.2 628.8 253.6 634.9 252.9 0.9996
197.5 236.4 47.5 65.7 229.5 263.6 239.5 262.7 243.6 275.3 230.4 287.8 237.3 288.1 0.9995
785.7 221.0 39.4 56.7 812.2 242.9 820.2 243.1 822.7 253.9 810.7 263.1 817.0 264.0 0.9990
322.5 276.0 33.2 46.9 343.1 294.6 350.9 293.8 353.6 302.3 345.6 311.7 351.1 311.5 0.9988
39.2 267.0 34.8 54.0 61.3 290.2 69.5 290.1 70.8 299.6 60.6 308.8 66.5 309.2 0.9976
669.0 258.0 33.4 46.9 691.3 277.0 698.2 277.4 698.9 286.6 689.1 294.1 693.8 294.9 0.9973
987.4 271.0 21.0 28.7 1001.5 280.3 1005.5 279.6 1007.4 285.9 1002.0 292.2 1004.9 292.1 0.9916
819.8 275.8 25.5 39.4 839.2 289.8 841.8 290.1 844.2 298.4 836.6 305.5 838.6 306.2 0.8369
