44--Aerobics/44_Aerobics_Aerobics_44_821.jpg
15
633.4 535.9 50.4 62.3 647.2 558.2 670.8 562.8 655.6 574.6 644.2 580.5 664.1 584.5 0.9997
852.1 425.2 32.9 42.1 857.4 442.4 871.1 444.3 861.3 451.9 858.9 458.3 868.5 459.6 0.9977
400.6 288.5 14.6 17.0 407.3 294.6 412.3 296.6 409.3 299.3 405.0 300.9 408.9 302.5 0.9966
442.2 297.6 13.8 16.3 446.7 303.6 452.8 305.3 449.0 307.9 445.6 309.9 450.2 311.3 0.9940
897.5 399.9 12.0 14.1 899.5 404.1 904.1 405.0 900.3 407.5 899.4 410.2 902.8 410.7 0.9918
124.5 210.4 9.8 14.3 126.8 216.3 131.6 216.5 129.0 219.3 127.1 221.8 130.8 222.0 0.9816
106.0 209.6 6.9 9.4 108.1 213.0 111.6 213.1 109.9 214.9 108.3 216.8 111.2 216.8 0.9814
310.7 245.3 7.5 8.5 312.2 248.9 315.6 248.6 313.7 250.6 312.9 252.3 315.5 252.1 0.9743
828.4 364.7 7.9 9.6 829.8 368.3 832.5 368.8 830.1 370.4 829.6 372.1 831.6 372.3 0.9732
765.2 344.7 7.1 8.8 766.3 348.1 768.9 348.4 766.7 350.0 766.4 351.6 768.3 351.8 0.9565
223.9 240.2 7.2 9.6 226.4 243.6 229.7 243.6 228.3 245.6 226.7 247.6 229.2 247.7 0.9510
718.3 346.5 10.0 12.4 719.9 350.1 722.5 350.7 719.3 352.9 719.6 355.5 721.5 355.7 0.8532
113.3 209.9 8.9 12.7 115.0 214.7 118.8 215.3 116.0 217.4 114.6 219.6 117.6 220.0 0.8119
916.1 371.8 7.3 9.3 918.5 375.4 921.6 375.5 920.2 377.3 918.8 379.1 921.2 379.1 0.6448
808.8 367.7 8.9 11.4 810.6 371.9 813.6 372.1 811.3 374.5 810.9 376.8 813.0 376.8 0.6009
