44--Aerobics/44_Aerobics_Aerobics_44_393.jpg
13
350.9 319.5 46.2 56.0 355.1 338.5 371.2 341.1 355.9 351.0 357.6 360.7 370.0 362.3 0.9996
357.8 261.2 36.3 48.9 380.5 280.6 390.0 280.5 391.3 289.6 381.8 299.0 388.5 299.3 0.9994
690.1 244.4 35.4 44.7 698.3 264.9 715.2 262.2 707.7 270.7 702.6 279.6 716.2 277.5 0.9992
949.6 229.2 29.1 44.1 955.6 245.2 959.3 247.2 949.5 252.8 953.9 262.2 956.1 263.2 0.9992
579.2 282.8 38.4 48.8 583.8 303.2 599.2 303.6 588.0 313.1 586.9 321.8 597.9 321.7 0.9985
38.5 316.9 33.7 57.5 66.2 338.5 63.9 336.8 71.2 346.3 67.3 359.9 66.2 359.1 0.9966
208.7 191.5 20.9 25.7 214.7 200.8 224.9 200.7 220.2 205.8 216.4 211.1 224.0 211.0 0.9964
665.6 306.9 37.9 59.8 677.8 325.8 678.0 328.5 668.1 333.8 669.9 348.8 669.9 350.5 0.9954
272.0 273.5 36.6 54.2 297.3 299.2 302.3 295.3 308.6 305.0 300.2 316.3 303.7 314.0 0.9939
772.7 219.8 29.0 38.1 781.4 235.1 794.2 235.9 787.4 242.1 782.1 248.7 791.8 249.3 0.9936
841.6 179.9 24.8 31.3 849.3 190.0 861.0 191.1 855.1 196.9 849.7 202.9 858.6 203.8 0.9929
526.6 234.5 35.0 45.4 533.7 251.4 548.5 249.6 541.1 258.6 538.2 268.5 548.9 267.0 0.9666
215.9 399.9 38.5 67.4 223.1 423.1 224.1 424.2 216.9 433.1 221.3 448.6 222.8 449.1 0.9650
