54--Rescue/54_Rescue_rescuepeople_54_33.jpg
8
405.6 193.3 31.4 35.9 408.6 207.1 420.5 204.9 411.5 213.1 412.3 220.7 421.9 218.7 0.9994
517.1 88.6 18.7 20.3 521.3 96.2 529.9 95.9 525.3 100.4 522.6 104.3 528.9 104.1 0.9994
471.8 98.4 16.2 17.7 475.2 103.8 482.1 105.0 477.0 107.8 474.6 111.1 479.6 112.0 0.9992
690.0 204.3 30.4 41.5 694.0 217.5 697.0 218.6 690.2 228.0 698.3 235.9 700.0 236.1 0.9991
370.0 95.5 15.4 17.9 372.1 100.6 378.0 101.2 373.4 104.7 372.7 108.2 377.2 108.6 0.9986
723.2 80.1 11.7 13.7 727.1 84.9 732.3 85.1 729.9 87.9 727.6 90.5 731.5 90.6 0.9981
674.9 82.8 12.6 15.0 678.9 88.5 684.6 88.6 682.0 91.4 679.2 94.2 684.0 94.3 0.9977
744.7 84.2 11.5 14.6 747.5 89.2 752.7 89.1 750.0 92.4 748.1 95.0 752.3 94.8 0.9933
