54--Rescue/54_Rescue_rescuepeople_54_494.jpg
9
490.0 397.8 18.5 23.0 496.6 405.8 504.5 405.2 501.7 409.5 498.1 414.7 504.3 414.3 0.9985
303.3 376.5 18.1 19.6 311.4 384.2 318.8 382.9 316.9 387.9 313.0 391.9 318.1 391.2 0.9984
930.3 111.4 17.0 19.7 940.2 118.2 945.0 118.0 944.5 122.8 940.2 126.4 943.4 126.5 0.9982
864.9 127.6 14.9 18.2 874.0 134.3 877.7 134.3 877.9 138.2 874.1 141.7 876.5 142.0 0.9966
894.0 115.4 14.3 16.5 896.1 121.7 900.8 121.6 897.2 125.4 897.4 128.7 900.8 128.5 0.9928
687.1 112.3 11.9 14.9 689.2 118.8 691.0 118.8 689.3 122.7 692.3 124.9 693.1 124.8 0.9824
834.0 126.3 14.3 17.2 838.7 133.0 842.9 132.0 841.5 136.5 841.2 139.9 843.9 139.2 0.9802
1008.3 131.3 15.3 19.1 1018.4 138.8 1023.7 139.3 1022.0 143.8 1017.2 146.5 1020.6 147.1 0.9788
749.0 126.7 15.2 17.6 756.7 132.5 761.6 132.1 760.5 136.4 757.4 140.1 761.0 139.9 0.8404
