54--Rescue/54_Rescue_rescuepeople_54_120.jpg
10
732.4 349.1 23.2 30.9 734.4 361.5 738.6 361.1 732.7 367.1 736.6 373.0 739.3 372.2 0.9998
619.2 275.7 22.7 24.3 624.7 286.2 626.3 285.9 625.6 293.0 633.4 295.3 633.5 294.8 0.9996
466.6 271.6 24.8 30.9 471.0 285.3 481.9 284.5 475.9 291.0 473.4 296.5 482.1 295.7 0.9996
538.4 343.6 25.0 32.2 545.9 356.5 557.6 357.6 551.2 363.2 545.2 368.3 554.9 369.1 0.9996
752.6 298.7 26.5 30.2 757.5 309.9 769.5 308.4 763.0 314.9 760.0 321.3 769.9 320.1 0.9995
570.3 342.1 24.5 29.8 579.2 352.9 590.4 354.1 585.2 358.6 578.8 363.3 588.3 364.4 0.9991
327.0 356.9 25.2 30.0 334.9 365.7 346.1 365.7 341.1 372.8 336.4 379.0 344.8 379.0 0.9988
783.7 222.6 9.4 13.0 788.7 227.9 791.7 227.6 791.4 230.2 789.3 232.7 791.5 232.6 0.9974
807.0 216.9 9.3 12.6 809.9 221.7 814.0 221.4 812.3 224.2 810.7 226.8 813.9 226.7 0.9807
740.0 216.4 10.7 13.5 744.3 221.6 748.7 221.7 747.0 224.4 744.6 226.9 748.0 227.0 0.9775
