54--Rescue/54_Rescue_rescuepeople_54_76.jpg
12
359.0 220.9 32.5 29.2 368.0 238.2 376.1 236.4 373.2 245.5 377.4 247.0 381.8 245.3 0.9999
453.5 218.8 27.8 32.4 461.0 229.9 473.5 231.1 466.5 238.4 460.7 242.1 471.1 243.1 0.9996
655.8 246.6 47.6 66.7 665.7 278.2 683.5 276.6 672.7 291.2 672.5 300.3 685.5 298.7 0.9994
17.1 204.2 27.9 32.3 32.0 214.9 42.3 216.2 39.9 222.1 31.4 227.2 39.7 228.5 0.9994
56.5 222.4 34.3 42.7 64.3 245.0 80.0 245.5 71.4 255.3 66.7 258.7 78.0 258.9 0.9993
630.9 229.0 26.5 39.2 638.9 243.7 650.7 243.7 644.8 249.3 640.1 258.0 648.9 258.0 0.9990
316.7 186.9 25.2 30.7 319.2 196.8 327.4 196.8 319.8 203.3 320.8 209.5 327.2 209.3 0.9987
686.3 242.2 37.6 52.8 693.4 268.7 696.6 268.2 693.0 280.6 704.4 286.7 705.9 285.8 0.9984
137.6 145.5 29.4 34.0 141.2 158.8 151.4 155.3 145.1 164.2 146.9 171.8 154.8 168.9 0.9975
126.5 116.2 23.3 23.5 130.7 125.0 139.8 125.2 134.0 130.8 132.5 134.5 139.0 134.5 0.9855
344.8 192.4 20.7 27.1 347.8 201.1 355.5 200.9 349.1 206.4 348.2 212.5 353.8 212.3 0.9710
191.9 253.2 17.4 27.2 204.0 262.9 206.8 261.7 209.0 268.1 204.8 274.4 206.7 273.8 0.8809
