54--Rescue/54_Rescue_rescuepeople_54_318.jpg
11
72.5 311.5 19.0 25.0 75.6 320.2 76.8 320.7 73.7 326.6 79.4 330.9 80.0 330.9 0.9994
167.7 291.3 21.0 26.7 178.3 300.6 186.3 300.3 184.8 306.5 179.3 312.0 184.9 312.0 0.9990
452.5 322.9 21.6 25.7 457.0 335.0 464.8 334.0 460.8 340.9 461.3 344.8 466.3 343.9 0.9987
714.6 299.7 27.0 36.1 719.2 316.3 719.3 315.8 718.9 325.6 727.8 329.9 726.8 329.5 0.9986
553.2 295.6 25.5 28.7 560.1 304.9 572.4 305.1 566.1 312.2 561.2 317.6 570.3 317.9 0.9957
395.5 368.0 18.2 22.0 398.2 375.6 406.7 375.1 401.6 379.6 399.7 384.8 406.0 384.4 0.9925
826.0 329.1 23.9 27.6 839.7 338.9 846.6 340.4 843.8 347.0 836.0 350.3 840.6 351.8 0.9550
284.7 309.5 17.4 25.5 296.2 318.1 299.1 317.3 300.2 324.0 295.9 329.1 297.6 328.8 0.9543
933.2 311.5 25.6 32.8 936.8 322.1 944.2 322.5 937.3 329.8 937.8 336.5 942.6 336.5 0.9374
26.5 323.6 15.0 20.2 29.1 330.2 31.1 330.5 27.5 334.3 29.4 338.4 30.8 338.3 0.7713
298.7 301.3 18.4 30.3 301.8 311.3 305.6 311.7 301.1 317.8 302.6 324.2 305.2 324.2 0.5845
