54--Rescue/54_Rescue_rescuepeople_54_270.jpg
8
251.8 234.6 18.7 30.3 266.9 246.6 269.2 246.6 272.2 252.8 266.6 258.5 267.6 259.0 0.9996
410.0 156.3 22.7 31.1 420.3 169.1 429.0 169.3 426.1 174.9 420.4 179.9 427.5 180.3 0.9996
162.9 224.7 21.9 32.0 177.6 237.3 182.3 237.6 183.1 243.8 176.1 248.9 179.4 249.3 0.9994
549.4 309.7 23.2 30.7 563.7 321.8 568.3 320.0 571.7 326.5 566.2 333.5 568.9 332.7 0.9993
360.0 265.9 20.5 29.9 375.0 276.7 376.9 276.8 378.0 284.5 370.8 288.4 372.4 288.9 0.9987
317.3 267.8 22.2 33.9 332.6 280.4 335.2 280.1 337.5 286.3 332.9 293.2 335.1 293.3 0.9964
140.9 250.2 16.9 25.6 152.7 259.2 154.0 257.9 157.6 263.1 154.6 269.1 155.7 268.5 0.7565
297.8 272.4 13.4 21.2 302.7 278.9 307.7 278.9 305.0 282.9 303.1 288.0 307.2 288.0 0.6944
