54--Rescue/54_Rescue_rescuepeople_54_759.jpg
10
168.2 227.6 66.4 81.3 194.4 259.8 223.3 256.0 216.3 275.4 198.2 287.7 224.5 284.7 0.9997
381.3 150.5 64.9 76.9 389.0 179.3 415.8 176.0 397.0 191.3 393.9 208.6 414.8 206.1 0.9997
773.0 68.1 84.2 103.7 785.4 107.2 821.7 101.1 797.3 121.6 793.0 147.6 821.1 142.7 0.9997
227.1 118.7 58.7 72.5 245.8 146.3 272.7 148.0 259.8 163.4 246.8 174.0 267.7 175.4 0.9996
128.6 159.5 45.7 61.9 159.6 184.6 168.1 185.0 173.0 196.3 159.8 208.2 164.5 208.7 0.9996
642.8 213.5 55.0 63.7 658.7 235.2 684.3 237.9 670.2 248.3 657.5 259.2 678.7 261.5 0.9995
557.2 159.2 75.4 98.5 576.6 194.0 609.7 198.9 588.0 215.1 574.4 230.5 600.6 234.6 0.9994
482.2 211.8 33.5 38.7 485.7 227.3 494.4 226.2 487.4 236.6 493.3 243.1 499.1 241.9 0.9994
729.4 198.8 23.6 39.9 732.9 212.0 734.6 212.3 728.8 220.6 734.7 228.7 735.7 228.7 0.9968
444.0 229.7 23.9 33.1 455.8 242.9 464.4 242.5 463.7 248.1 458.3 255.0 464.3 254.8 0.9735
