54--Rescue/54_Rescue_rescuepeople_54_664.jpg
9
77.9 396.5 42.6 41.5 94.1 406.9 113.1 409.7 104.7 410.0 93.3 421.5 109.7 423.7 0.9999
186.3 378.2 39.8 36.3 198.4 389.1 216.3 391.0 207.0 391.5 199.2 401.8 212.7 403.3 0.9995
352.9 265.3 42.8 44.1 362.0 279.2 380.3 277.1 370.0 279.3 364.7 294.2 380.2 292.5 0.9995
764.1 335.0 35.0 37.8 769.1 347.1 784.6 344.6 773.5 348.6 770.0 361.7 782.8 359.7 0.9988
302.9 283.9 35.0 36.1 311.5 293.3 329.1 294.2 319.7 296.3 312.5 307.3 327.1 307.9 0.9988
726.5 321.8 19.5 22.0 732.6 329.2 741.2 328.4 738.2 332.1 734.8 337.9 741.6 337.3 0.9986
592.4 267.0 51.2 56.5 601.2 290.5 625.3 286.0 612.4 296.7 607.4 310.4 626.5 306.7 0.9956
751.9 302.4 20.3 24.7 756.4 310.3 766.2 309.1 761.8 313.4 758.8 320.2 766.7 319.2 0.9948
780.1 318.7 23.1 25.7 786.1 328.4 796.4 328.9 790.7 333.5 787.1 338.3 794.7 338.7 0.8995
