54--Rescue/54_Rescue_rescuepeople_54_1030.jpg
14
293.0 421.9 26.8 30.9 303.7 432.5 314.4 437.5 307.1 441.7 299.8 444.0 307.9 448.0 0.9991
349.0 430.1 27.4 34.6 354.8 445.8 366.7 441.9 362.3 450.3 360.3 457.9 369.6 454.7 0.9985
636.9 424.0 15.1 20.0 641.4 431.0 648.5 431.3 645.0 434.8 641.6 438.5 647.8 438.8 0.9974
657.8 418.0 14.8 19.2 662.6 425.3 669.3 426.8 665.5 429.9 662.0 432.6 666.9 433.8 0.9972
144.1 408.4 21.5 26.4 150.2 420.4 160.0 419.6 155.8 425.5 152.2 430.5 159.9 429.9 0.9959
326.0 442.2 20.5 26.5 331.4 453.8 341.1 454.5 335.8 458.8 331.9 462.8 339.4 463.4 0.9958
693.7 460.6 21.8 26.2 698.8 472.8 708.4 470.6 704.3 477.9 702.4 482.6 709.3 480.9 0.9958
835.6 405.5 17.3 22.0 839.6 414.2 847.5 414.9 843.0 418.8 839.9 422.3 846.0 422.8 0.9956
686.7 416.6 17.2 23.7 690.4 427.2 698.0 426.5 694.2 431.5 692.1 435.5 698.1 434.9 0.9949
140.7 456.4 26.1 30.1 147.2 471.6 158.7 468.4 154.7 475.5 152.0 481.3 160.5 478.8 0.9946
659.6 448.2 15.1 18.0 663.7 455.4 670.6 454.2 667.8 458.7 665.5 462.3 670.9 461.4 0.9922
482.4 432.4 23.4 30.0 489.0 445.5 499.6 443.3 495.9 449.9 492.7 456.3 500.7 454.6 0.9916
505.5 411.5 21.3 26.5 510.8 422.7 520.2 420.0 516.9 426.1 514.5 432.5 521.6 430.4 0.9749
162.9 435.3 20.2 28.3 168.6 446.3 177.8 445.3 174.0 451.5 170.9 457.4 177.7 456.7 0.9701
