54--Rescue/54_Rescue_rescuepeople_54_789.jpg
21
529.5 320.1 19.4 23.1 535.4 327.6 543.7 327.0 540.0 331.5 536.7 337.0 543.6 336.5 0.9990
91.5 450.1 33.3 40.6 104.5 470.0 116.3 464.9 116.0 474.0 112.5 483.5 120.1 479.6 0.9990
642.6 276.7 34.5 50.2 651.8 294.5 652.9 295.7 643.7 303.1 648.3 314.0 649.0 314.1 0.9976
444.4 316.1 18.1 22.2 449.1 324.6 457.2 324.6 453.0 329.0 450.0 333.2 456.2 333.2 0.9976
291.7 354.0 15.1 19.1 296.2 361.7 303.0 361.7 299.7 365.6 296.9 369.2 302.2 369.2 0.9975
167.8 357.5 16.3 20.9 173.4 365.3 180.6 365.3 177.5 369.4 174.2 373.6 179.7 373.6 0.9971
344.6 329.5 19.2 22.9 349.8 339.4 358.5 339.0 354.5 344.2 351.3 347.9 358.0 347.7 0.9968
25.6 333.4 16.2 19.9 32.7 340.2 39.2 340.5 36.9 344.6 33.0 348.4 37.8 348.7 0.9965
252.7 344.8 13.0 16.8 257.1 352.0 263.3 352.0 260.6 355.4 257.8 358.4 262.4 358.5 0.9949
39.4 374.4 25.2 33.3 50.1 387.4 60.5 388.3 56.4 394.3 50.6 400.0 58.2 400.7 0.9935
638.2 337.5 21.2 24.9 643.0 345.6 652.3 345.8 647.0 350.8 644.0 356.2 650.7 356.3 0.9935
238.6 378.0 19.5 23.1 246.9 384.7 254.8 385.0 251.7 390.3 246.8 394.9 253.0 395.2 0.9917
110.2 367.6 20.5 25.9 119.9 377.4 128.2 377.6 125.8 382.3 120.9 387.0 126.9 387.3 0.9915
475.5 336.7 17.1 19.6 479.7 345.2 487.1 343.6 484.2 348.8 482.5 352.8 487.9 351.6 0.9903
410.4 325.3 16.9 19.2 415.0 332.4 422.5 333.5 418.0 337.3 414.8 340.2 420.3 341.0 0.9903
572.7 331.3 18.9 22.8 578.2 340.5 586.9 339.8 583.1 344.8 579.7 349.4 586.5 348.9 0.9763
189.5 346.4 14.0 19.0 86.0 432.9 94.0 431.9 92.8 438.7 87.8 445.5 94.2 445.0 0.9160
115.6 355.3 15.6 18.7 195.5 353.9 201.4 353.3 199.8 357.6 196.9 361.5 201.3 361.1 0.8949
182.0 357.0 14.7 19.0 55.7 354.5 62.2 353.9 60.0 358.1 57.1 361.8 62.2 361.3 0.8830
135.1 348.0 14.2 18.2 120.6 362.6 127.5 362.7 124.4 365.4 121.8 369.3 126.9 369.4 0.7248
152.5 348.0 11.5 14.7 185.6 365.3 192.8 365.3 189.3 369.3 186.8 372.9 192.1 372.8 0.5005
