9--Press_Conference/9_Press_Conference_Press_Conference_9_24.jpg
15
169.3 209.4 35.3 44.6 179.8 225.6 196.6 226.0 188.8 233.4 180.7 241.0 195.5 241.4 0.9996
647.7 192.6 33.2 45.6 656.5 210.2 671.7 210.0 663.7 219.0 657.2 225.7 670.7 225.6 0.9996
164.8 304.5 45.4 60.2 178.1 330.5 198.7 329.2 189.7 342.3 181.1 351.5 197.6 350.6 0.9996
34.5 186.2 38.9 48.8 48.5 207.1 65.8 207.2 59.0 215.5 48.2 221.6 64.2 222.0 0.9995
578.9 219.8 33.2 44.7 589.4 238.8 605.0 237.7 599.1 245.6 591.4 253.4 604.7 252.5 0.9995
352.5 321.5 45.2 60.0 362.8 347.3 383.6 344.4 373.9 357.4 367.1 366.6 386.4 363.9 0.9995
951.3 221.9 41.0 48.6 960.9 240.7 979.7 240.7 969.3 249.8 962.0 256.7 979.3 256.7 0.9994
356.2 204.7 33.8 47.6 366.2 224.7 382.3 222.8 376.2 232.4 370.2 242.3 382.0 240.9 0.9994
265.0 205.3 33.6 44.5 273.5 221.2 290.4 222.6 281.1 230.6 273.6 237.8 287.7 239.0 0.9994
855.1 243.6 34.0 43.3 864.0 261.1 880.3 260.8 872.2 268.9 865.6 276.1 879.1 275.8 0.9994
555.5 314.9 46.3 59.0 567.8 340.7 590.0 338.8 580.7 352.3 570.7 359.9 590.4 358.4 0.9994
756.3 220.4 32.2 38.6 763.5 236.5 778.5 235.1 770.9 242.2 765.8 249.7 778.3 248.6 0.9994
754.5 327.5 44.0 55.0 769.1 350.8 789.1 350.8 780.3 362.5 771.5 371.1 786.4 370.9 0.9993
936.0 329.3 45.7 55.0 950.4 352.6 971.7 352.2 962.4 363.2 954.0 373.3 969.7 372.8 0.9993
467.0 180.8 35.2 47.4 476.6 200.6 492.3 201.4 484.0 210.1 477.0 216.5 489.9 217.4 0.9993
