9--Press_Conference/9_Press_Conference_Press_Conference_9_68.jpg
22
831.8 250.3 39.7 65.4 839.2 275.3 843.1 276.9 832.7 287.7 841.3 299.2 844.4 299.7 0.9998
418.0 392.4 33.0 41.0 426.0 410.6 440.3 407.5 434.7 417.6 431.1 425.5 442.4 423.1 0.9996
183.8 158.1 43.9 65.7 213.0 184.4 222.1 183.9 225.8 196.4 210.8 207.9 217.4 208.0 0.9996
633.3 387.9 31.6 40.4 638.8 404.5 652.5 403.3 644.5 411.1 641.6 419.7 651.5 418.7 0.9991
376.6 400.3 34.0 47.7 385.2 419.2 400.0 414.2 396.1 425.7 392.7 437.1 403.7 433.2 0.9988
716.8 394.3 39.2 48.7 724.7 413.6 739.9 415.7 727.6 421.5 723.5 430.5 734.4 432.1 0.9986
770.5 400.1 37.7 45.7 775.8 418.0 788.6 415.0 780.4 425.5 780.8 435.4 791.1 432.6 0.9981
603.8 395.9 24.0 30.2 608.4 409.7 619.2 410.2 612.9 417.6 610.3 421.6 617.6 421.9 0.9979
0.0 416.1 33.2 42.2 10.4 432.8 25.6 432.0 19.8 439.6 13.2 448.5 25.0 448.0 0.9974
473.7 400.7 25.6 32.5 477.9 412.4 489.5 411.1 483.1 418.6 481.2 426.3 489.3 425.2 0.9960
975.6 289.1 20.8 25.2 981.8 297.4 991.7 298.5 986.6 301.2 981.9 306.8 989.9 307.8 0.9941
17.5 309.0 28.6 40.5 28.1 327.6 41.2 328.0 35.8 335.9 28.9 341.6 38.7 342.0 0.9931
80.4 420.0 32.0 42.8 92.0 439.5 104.7 439.3 99.0 448.4 92.9 454.4 103.2 454.3 0.9915
528.3 399.7 33.1 37.4 534.2 417.6 547.1 415.6 540.2 424.4 539.2 430.9 548.1 429.1 0.9854
980.1 379.2 35.8 53.4 990.8 397.9 1002.7 395.8 998.5 405.9 996.0 418.5 1005.2 416.9 0.9831
551.2 229.0 18.7 25.6 555.0 239.0 562.9 239.0 558.5 244.4 556.3 248.8 562.1 248.8 0.9608
502.1 301.4 21.5 28.5 512.9 311.7 520.1 312.5 518.3 317.4 513.4 323.0 518.4 323.8 0.9313
642.6 254.0 24.5 30.2 648.9 266.1 660.4 266.2 654.5 273.3 650.5 278.4 658.8 278.4 0.9204
597.2 323.7 22.6 28.5 602.7 332.5 613.8 333.3 607.6 338.7 602.8 344.6 611.9 345.2 0.9108
400.8 315.5 22.6 29.3 406.6 328.4 417.1 328.2 411.8 333.9 408.0 339.2 416.4 339.0 0.9087
673.0 364.2 22.8 27.5 680.6 374.5 690.7 374.8 686.1 379.8 681.6 385.2 689.4 385.5 0.7936
530.4 340.1 20.6 26.2 538.8 349.5 546.7 348.8 544.6 354.3 540.4 360.0 546.7 359.6 0.5053
