9--Press_Conference/9_Press_Conference_Press_Conference_9_83.jpg
14
453.0 148.2 94.4 126.8 484.3 199.2 526.3 195.0 512.5 216.3 492.7 243.8 527.2 240.2 0.9997
290.8 163.7 56.3 79.3 305.1 194.0 330.6 193.9 317.3 208.6 308.5 223.6 327.5 223.5 0.9997
726.6 270.6 52.0 66.4 743.2 291.8 766.5 296.7 752.7 308.9 740.7 319.1 757.5 323.3 0.9996
909.4 221.1 62.1 87.9 920.5 258.0 949.6 259.8 931.0 275.3 922.7 289.3 944.5 290.6 0.9995
107.5 220.8 51.8 74.6 135.3 251.5 154.0 251.2 153.6 263.4 140.4 279.0 153.6 278.5 0.9994
401.2 272.2 40.7 44.7 416.8 288.7 433.2 295.8 421.9 302.6 411.2 305.0 422.5 310.6 0.9994
631.0 249.2 41.1 54.7 639.9 273.0 658.0 273.6 647.1 285.1 642.5 292.8 655.6 293.1 0.9992
844.3 296.5 25.7 34.1 847.7 310.0 852.1 311.2 845.4 317.7 850.3 323.4 852.9 323.9 0.9989
349.3 217.5 45.1 55.0 367.9 239.4 388.7 239.5 382.6 247.5 372.1 260.3 387.2 260.4 0.9984
1002.4 251.6 20.6 52.9 1008.5 274.1 1023.0 273.3 1013.5 282.4 1010.1 292.1 1022.5 291.3 0.9967
530.7 240.9 38.6 50.2 541.4 256.8 561.0 257.7 552.3 266.6 544.3 278.3 559.1 278.9 0.9944
701.8 282.8 28.2 45.0 708.8 301.5 720.9 301.0 714.8 309.7 711.3 318.4 720.4 318.0 0.9731
897.2 280.2 32.6 44.5 909.1 297.9 922.1 296.0 918.0 305.6 912.8 315.2 922.0 313.8 0.9718
782.7 320.5 21.4 33.0 798.2 330.5 800.3 330.3 803.7 336.8 798.1 344.0 800.2 344.3 0.8190
