9--Press_Conference/9_Press_Conference_Press_Conference_9_392.jpg
51
904.8 211.1 40.5 44.3 916.0 228.5 934.4 227.1 926.3 237.8 919.6 245.4 933.7 244.3 0.9997
820.9 192.9 36.7 48.0 835.2 210.8 852.1 213.2 845.0 221.7 835.0 228.9 847.8 230.8 0.9996
92.6 197.2 42.5 50.5 116.2 215.8 131.0 214.4 130.9 224.9 119.0 235.5 130.0 234.7 0.9996
191.1 167.1 43.9 52.4 208.7 187.3 228.0 189.3 220.0 198.5 208.0 205.8 223.6 207.4 0.9995
760.5 183.5 43.0 53.9 775.2 204.8 794.7 203.7 786.9 214.6 776.7 223.1 794.4 222.2 0.9994
546.4 195.5 40.6 48.2 561.6 211.5 578.9 212.8 571.5 222.9 561.2 230.0 575.5 231.1 0.9993
643.3 201.7 36.6 44.0 654.1 219.3 671.3 217.1 664.7 227.8 658.0 235.6 671.7 233.8 0.9993
434.7 142.6 38.7 46.4 448.4 158.0 466.0 160.1 457.8 169.0 447.7 175.9 462.0 177.7 0.9993
565.0 136.5 12.6 16.0 568.2 142.5 574.2 142.8 571.0 145.7 568.3 148.6 573.3 148.8 0.9993
305.5 174.1 42.2 56.4 321.5 196.2 340.6 196.1 333.5 208.8 320.1 214.4 338.1 214.6 0.9992
619.5 172.3 13.5 17.3 622.8 179.1 628.8 179.7 625.2 182.6 622.6 185.3 627.6 185.7 0.9990
569.7 111.1 10.8 13.7 572.5 116.3 577.4 116.1 575.1 118.7 573.3 121.3 577.4 121.1 0.9989
516.8 110.8 12.2 14.3 519.7 116.7 525.2 116.2 522.5 119.3 520.9 122.2 525.0 121.8 0.9984
258.0 105.1 13.4 16.4 260.8 112.4 266.3 111.4 263.5 115.1 262.6 118.5 266.6 117.7 0.9982
29.4 126.7 13.6 16.6 32.5 133.0 38.7 132.9 35.0 135.5 33.1 139.3 37.7 139.2 0.9981
351.8 131.4 14.4 19.1 357.1 139.4 363.2 139.8 360.5 142.9 357.2 146.1 362.0 146.4 0.9980
418.6 86.3 11.0 14.5 422.1 91.8 427.2 91.6 425.1 94.1 423.0 97.2 426.9 97.1 0.9977
319.4 115.9 13.4 16.4 324.1 123.5 329.8 124.6 326.8 127.4 323.4 128.9 327.7 129.9 0.9975
623.6 108.4 10.9 15.5 625.9 114.6 630.8 114.4 628.2 117.3 626.6 120.1 630.9 119.9 0.9975
586.7 210.8 14.9 18.4 589.4 218.3 595.4 218.3 591.5 221.8 590.2 225.2 594.8 225.1 0.9964
277.3 168.9 14.0 16.9 282.3 175.6 288.5 175.1 286.5 178.5 283.9 182.1 288.3 181.8 0.9960
139.1 190.4 14.8 19.8 142.5 199.5 149.1 197.1 146.9 201.5 145.4 206.1 150.8 204.3 0.9958
297.6 129.7 16.8 19.9 301.9 138.2 309.0 136.9 306.1 141.7 304.2 145.7 309.6 144.6 0.9945
954.2 232.1 9.0 12.5 956.8 237.3 960.7 237.2 958.8 239.4 957.3 241.7 960.3 241.7 0.9919
50.1 150.2 15.4 14.5 57.0 157.5 61.8 158.2 59.2 161.6 55.6 162.6 58.4 163.3 0.9886
295.0 100.0 13.1 17.3 298.2 106.0 304.3 105.9 301.1 109.0 298.7 112.7 303.8 112.7 0.9873
218.4 100.5 9.4 12.7 221.2 106.1 225.5 106.0 223.6 108.7 221.9 110.9 225.2 110.8 0.9854
0.0 149.3 10.9 20.1 -0.6 155.5 6.7 155.8 3.2 160.1 -0.1 164.1 5.6 164.3 0.9825
593.0 131.1 13.3 16.1 596.5 137.8 602.6 138.2 599.3 141.1 597.1 143.9 601.5 144.2 0.9804
237.3 142.0 14.0 19.8 241.0 149.9 247.5 149.7 244.5 153.8 241.9 157.6 246.9 157.5 0.9770
472.8 128.9 12.7 15.9 476.5 134.3 482.1 135.1 479.1 137.5 476.5 140.6 480.8 141.3 0.9766
494.5 137.4 12.9 16.7 497.9 144.2 503.6 143.7 500.8 146.9 498.8 150.3 503.3 149.9 0.9747
736.2 199.2 15.2 18.6 740.6 208.4 746.9 207.0 744.6 211.7 743.1 214.9 747.6 213.8 0.9708
120.6 116.3 14.1 18.0 125.1 124.8 131.4 125.2 128.2 128.9 125.6 131.4 129.9 131.7 0.9636
548.1 131.2 11.7 14.4 551.3 136.8 556.1 137.8 553.1 140.5 551.0 142.3 554.4 143.1 0.9619
157.3 115.4 10.8 14.9 160.2 120.9 164.5 121.2 162.0 123.9 160.4 126.6 163.8 126.8 0.9417
722.9 176.0 13.6 16.6 726.9 182.4 732.8 182.6 729.8 185.9 727.4 188.7 731.9 188.9 0.9337
654.8 145.5 12.8 15.4 659.3 152.6 664.9 152.9 662.3 155.5 659.8 158.0 663.9 158.3 0.9336
680.1 152.3 11.4 15.5 685.6 159.0 689.3 159.4 688.2 162.5 685.5 164.9 688.1 165.4 0.9313
266.4 136.6 14.0 18.7 269.8 144.0 276.1 144.0 272.5 147.9 270.5 151.5 275.3 151.5 0.9286
50.6 117.9 12.9 14.9 55.1 123.7 60.5 123.7 58.2 126.6 55.5 129.5 59.7 129.7 0.8701
252.6 177.2 15.7 19.2 256.3 184.6 263.1 184.5 259.4 188.7 257.3 192.1 262.2 192.0 0.8571
76.9 101.9 12.7 15.5 79.6 107.3 85.2 106.9 82.1 110.4 80.7 114.0 84.9 113.6 0.8416
372.9 114.1 11.8 13.9 375.3 118.9 380.0 119.4 376.7 121.9 375.3 124.5 379.0 124.8 0.8274
506.8 160.7 11.8 15.0 510.2 167.4 515.7 167.4 513.2 170.9 510.8 173.6 515.0 173.7 0.8135
231.8 59.5 14.1 16.7 235.9 65.9 242.5 66.7 238.8 69.2 235.7 72.4 240.8 73.0 0.7995
619.2 148.9 11.1 13.4 620.7 154.0 625.4 153.9 622.2 157.0 621.7 160.1 625.2 159.8 0.7943
202.3 114.7 13.4 14.5 207.1 119.3 213.2 121.0 209.6 122.9 206.2 125.1 210.7 126.5 0.6298
142.7 162.0 10.3 12.6 145.3 166.4 149.1 166.4 146.7 168.9 145.8 171.5 148.7 171.4 0.5743
168.2 80.3 12.9 16.6 172.4 87.9 177.9 87.8 175.4 91.1 173.3 93.9 177.4 94.0 0.5663
518.4 184.7 18.3 24.8 524.7 193.6 532.5 193.9 529.4 199.1 525.6 204.0 531.4 204.2 0.5327
