9--Press_Conference/9_Press_Conference_Press_Conference_9_33.jpg
18
168.2 515.4 110.5 152.1 229.7 588.4 260.8 574.8 273.0 608.9 247.0 642.1 268.7 631.4 0.9999
331.4 103.2 27.4 33.9 344.0 115.0 354.9 115.0 352.8 121.3 346.4 128.5 354.5 128.6 0.9998
437.3 400.6 47.6 53.9 460.8 419.4 478.7 416.2 477.9 429.4 466.8 442.1 479.5 439.6 0.9998
837.8 391.7 52.7 64.0 866.7 417.3 872.9 412.1 886.8 421.7 880.3 439.8 884.8 436.6 0.9997
647.0 476.7 61.1 76.7 688.1 506.1 699.5 502.7 706.4 521.2 687.9 536.5 694.7 534.4 0.9997
975.0 401.8 35.5 40.0 998.0 416.8 1005.2 419.4 1003.2 429.0 989.7 431.8 994.6 434.5 0.9996
309.7 419.3 48.2 66.9 341.8 450.7 351.8 447.0 356.6 461.3 341.8 473.8 347.7 471.3 0.9996
123.8 420.4 61.5 81.3 155.0 459.6 177.0 451.6 176.6 470.7 164.3 488.0 179.4 482.0 0.9995
276.1 242.5 40.8 44.8 294.7 258.2 310.4 256.8 310.0 264.3 301.3 276.1 312.6 275.2 0.9994
885.1 215.4 25.3 31.8 901.2 225.2 907.2 224.8 908.7 231.4 902.6 238.4 906.9 238.4 0.9983
414.5 222.6 34.5 42.6 433.8 240.4 443.1 237.8 444.5 246.2 437.6 255.6 443.7 253.9 0.9979
796.0 246.6 27.4 27.3 806.8 256.1 815.1 253.5 816.7 257.5 814.1 266.2 820.1 264.3 0.9950
649.1 397.9 23.8 37.9 668.5 411.0 669.4 410.6 673.0 417.9 667.4 426.3 668.1 426.1 0.9942
132.0 233.2 40.7 52.8 151.4 253.5 167.5 252.9 164.7 263.7 153.9 274.4 165.2 274.1 0.9939
401.0 186.2 20.7 26.6 409.1 197.2 418.1 198.2 414.4 202.3 409.6 206.6 416.3 207.5 0.9573
725.9 375.3 17.0 30.5 738.1 385.5 739.7 385.2 741.9 390.9 738.6 397.7 739.9 397.6 0.8539
534.3 383.3 22.5 27.1 545.9 396.0 552.7 396.0 550.2 403.0 543.9 406.5 548.1 406.8 0.7442
601.5 179.5 9.6 10.8 604.1 184.0 608.5 183.7 606.5 186.0 604.8 188.2 608.4 188.0 0.6155
