9--Press_Conference/9_Press_Conference_Press_Conference_9_102.jpg
13
863.1 361.8 51.8 69.0 870.0 384.6 882.1 388.7 864.2 399.1 870.1 411.1 879.1 413.7 0.9998
173.9 196.6 48.1 60.9 204.9 220.7 216.4 219.7 218.4 233.9 203.1 244.3 210.1 244.0 0.9997
603.9 118.9 24.7 30.8 607.5 129.6 617.1 130.7 609.4 136.0 607.4 141.7 615.1 142.3 0.9996
554.2 119.6 22.5 29.0 557.7 131.3 568.0 131.4 561.5 137.5 559.5 142.6 566.9 142.5 0.9995
646.2 123.9 22.4 28.0 651.7 134.2 661.8 134.9 655.9 139.6 651.6 144.3 660.2 144.8 0.9994
706.5 288.3 38.7 51.2 713.5 306.6 730.4 308.7 718.1 318.4 713.3 326.2 726.0 328.0 0.9994
943.0 83.4 29.5 41.1 946.6 98.5 956.4 100.3 946.1 106.9 946.7 114.4 953.8 115.5 0.9992
694.8 94.4 26.4 33.3 702.1 108.3 714.0 107.7 708.5 115.1 704.1 120.5 713.2 119.9 0.9991
647.8 244.4 27.8 33.6 653.8 255.8 666.1 256.7 658.3 262.6 654.1 269.4 663.3 270.1 0.9988
820.1 104.4 30.9 37.9 828.3 118.1 842.2 121.1 833.6 127.3 827.7 132.6 838.1 134.9 0.9986
286.6 115.4 24.6 26.6 294.2 124.1 304.7 123.8 299.9 129.1 295.6 134.5 304.2 134.3 0.9977
697.1 267.4 25.5 34.7 702.0 278.2 712.6 278.6 705.4 285.5 702.5 292.7 711.4 292.9 0.9606
739.0 96.3 19.9 36.3 741.9 107.3 743.2 106.9 739.7 114.5 742.3 122.9 743.4 122.6 0.9440
