9--Press_Conference/9_Press_Conference_Press_Conference_9_471.jpg
16
308.2 206.6 81.5 127.9 368.4 257.7 376.7 256.8 387.9 285.6 361.1 305.9 366.2 306.0 0.9999
397.8 267.8 48.3 53.1 417.1 286.3 433.0 299.4 418.6 301.9 405.7 302.0 418.5 312.2 0.9998
877.2 47.7 45.3 51.8 883.9 66.7 902.3 65.2 890.4 78.2 887.8 87.0 902.5 85.6 0.9996
177.9 268.1 40.6 54.2 196.3 290.0 213.2 291.3 207.3 302.4 196.5 310.8 208.4 312.1 0.9994
423.4 102.9 37.3 49.3 432.1 123.4 447.4 121.4 440.3 132.1 435.9 140.2 448.1 138.5 0.9992
997.6 421.8 25.9 63.3 1004.2 446.0 1013.5 448.0 999.2 458.9 1005.8 470.1 1011.8 471.0 0.9990
675.4 79.0 34.5 44.3 681.5 97.3 695.1 96.0 687.3 106.3 686.2 114.6 695.7 113.2 0.9989
125.7 434.9 45.0 67.1 144.8 465.4 164.2 463.4 161.1 473.9 151.5 488.7 165.1 486.9 0.9988
0.0 218.4 40.2 60.6 13.8 249.4 29.4 251.3 22.1 263.5 7.9 267.2 18.8 269.2 0.9985
633.5 89.7 38.4 58.3 642.8 111.5 659.6 111.9 649.6 121.9 644.1 133.9 656.9 134.3 0.9982
87.4 510.4 45.3 59.3 104.2 535.0 123.6 538.8 113.0 548.4 101.6 555.5 115.8 558.6 0.9977
762.0 58.6 34.7 41.7 768.5 77.7 783.1 75.1 775.4 84.3 773.5 92.7 783.6 90.6 0.9970
35.6 350.0 43.9 56.5 53.4 371.8 71.8 372.1 64.5 382.9 54.7 393.1 68.2 393.3 0.9917
68.4 348.5 24.3 33.2 79.3 363.7 87.8 363.3 85.7 371.6 81.3 376.7 86.6 376.5 0.9481
315.2 86.2 43.6 48.2 325.1 107.0 342.6 100.4 336.8 111.6 334.5 123.2 348.2 118.1 0.9312
247.2 95.3 20.4 29.7 251.1 106.9 260.4 106.9 254.8 113.5 252.2 119.2 259.3 119.1 0.5807
