6--Funeral/6_Funeral_Funeral_6_132.jpg
18
337.2 74.3 65.1 88.0 388.2 116.4 392.9 118.6 393.7 137.5 367.9 144.9 370.1 147.7 0.9998
572.1 126.6 54.2 60.3 583.0 154.0 601.7 152.3 591.3 168.6 593.9 175.1 607.8 172.9 0.9998
153.1 98.7 44.1 48.5 166.1 114.5 187.4 114.7 177.5 125.0 168.3 134.7 185.3 134.7 0.9996
877.1 192.0 54.1 64.7 882.6 215.9 903.1 218.7 885.6 232.0 886.1 241.6 900.5 243.5 0.9996
467.5 102.0 59.3 81.9 484.6 142.3 512.5 142.8 499.0 161.3 487.9 169.6 508.3 170.0 0.9996
400.5 37.8 52.0 65.1 405.2 59.6 422.1 59.4 405.1 72.9 408.2 87.0 420.4 86.8 0.9996
649.6 126.9 59.5 76.9 665.2 160.1 693.2 159.9 679.1 176.0 669.5 188.1 689.5 187.9 0.9995
905.9 33.5 49.5 64.8 917.1 58.8 939.0 58.1 926.8 70.5 920.7 83.8 936.0 83.3 0.9995
19.5 204.9 58.4 64.7 40.3 226.2 65.5 230.9 52.5 241.7 38.4 251.8 57.5 255.9 0.9995
506.8 50.7 50.6 58.0 519.3 70.5 541.7 71.5 528.7 81.2 520.6 92.9 536.9 93.7 0.9995
822.9 25.1 50.0 57.1 839.4 47.4 861.2 51.7 849.2 57.2 837.3 66.1 854.7 69.9 0.9995
834.8 102.7 45.0 59.3 844.3 127.3 864.6 125.1 854.6 135.6 849.7 148.1 864.6 146.1 0.9994
85.7 102.2 46.3 52.4 97.5 120.7 118.9 121.1 107.8 131.1 100.3 142.0 115.9 142.4 0.9993
625.7 82.1 50.7 61.9 639.0 104.8 663.1 104.6 651.1 110.9 642.1 126.7 660.4 126.6 0.9991
752.9 83.9 50.2 57.1 768.4 106.5 791.8 107.2 780.6 116.7 769.3 126.4 789.4 127.0 0.9990
716.4 87.9 46.9 59.8 730.3 110.7 752.6 111.3 741.7 122.9 732.7 134.3 748.6 134.7 0.9981
0.0 47.0 26.0 79.9 -16.3 80.2 6.3 81.6 -7.2 96.1 -14.7 110.0 1.2 110.8 0.9851
206.4 72.3 34.9 46.5 220.7 92.9 234.2 91.8 229.6 101.3 222.8 108.8 232.9 108.2 0.9758
