6--Funeral/6_Funeral_Funeral_6_31.jpg
38
417.9 199.5 25.9 30.9 425.2 210.7 436.9 210.4 431.3 217.7 426.8 223.0 435.9 222.7 0.9994
831.2 26.1 22.8 26.2 838.2 34.1 848.7 34.8 843.4 39.9 838.4 44.5 847.2 45.1 0.9993
145.2 112.2 21.0 27.4 154.5 124.1 162.7 123.3 160.4 129.0 155.2 133.6 161.2 133.1 0.9992
223.0 192.6 29.7 35.5 230.7 209.8 243.6 205.9 239.1 213.9 236.0 221.6 245.9 218.5 0.9992
491.5 52.5 15.8 19.0 494.9 60.9 501.8 59.3 498.8 63.2 497.2 67.5 502.7 66.3 0.9992
359.0 221.0 34.0 45.1 364.5 240.9 380.0 242.0 369.8 251.5 366.4 256.1 378.7 256.8 0.9991
78.0 219.6 26.5 29.9 85.0 232.4 96.5 229.8 92.4 235.8 88.9 242.9 98.0 240.9 0.9989
932.6 36.0 35.7 43.0 937.7 50.8 952.3 51.4 940.6 58.5 938.0 67.5 949.1 68.0 0.9989
0.0 124.6 14.2 28.8 -1.5 136.7 9.2 135.3 6.4 139.7 1.8 146.3 10.6 145.3 0.9989
0.1 219.4 33.9 36.1 12.7 238.1 24.2 231.2 24.7 239.0 22.4 248.5 30.8 243.2 0.9989
365.2 157.8 22.8 27.9 377.9 168.1 381.1 165.4 386.2 170.6 383.7 178.3 385.7 176.7 0.9988
55.0 151.8 25.4 27.7 66.4 164.1 75.0 161.0 75.8 165.9 72.4 173.5 78.7 171.3 0.9987
246.4 164.6 22.3 27.4 253.2 177.0 263.1 175.6 259.4 181.7 255.9 186.8 263.5 185.7 0.9987
207.0 88.4 21.2 26.0 216.0 99.3 223.3 97.0 223.4 101.4 220.3 108.1 225.9 106.4 0.9986
286.7 238.6 35.6 38.2 298.4 250.8 315.3 252.0 307.6 259.7 299.2 266.2 312.6 267.1 0.9985
692.0 28.1 19.4 23.9 704.0 35.9 708.7 35.5 710.4 40.2 705.6 45.7 708.7 45.6 0.9984
80.6 116.1 22.5 24.5 86.6 125.3 96.4 123.2 92.7 128.1 89.7 134.5 97.6 132.9 0.9983
278.9 80.4 18.5 22.6 283.6 89.2 291.5 88.6 287.7 93.0 284.9 97.4 291.4 97.0 0.9983
464.8 160.4 26.6 33.7 475.4 174.1 486.8 172.7 483.9 179.0 478.3 186.3 486.8 185.3 0.9983
302.9 175.8 21.6 30.7 310.5 188.6 319.6 186.6 317.8 193.1 314.1 199.8 320.9 198.2 0.9982
522.0 36.3 22.7 29.3 530.2 47.8 539.7 46.5 536.5 52.4 532.2 58.4 540.4 57.5 0.9982
746.2 29.0 17.4 21.8 751.3 35.5 752.7 36.1 747.6 39.6 749.5 44.6 750.0 44.8 0.9980
380.7 63.7 15.0 21.1 383.0 72.7 389.3 71.7 385.5 75.9 384.7 80.5 389.4 79.7 0.9970
658.6 31.7 20.7 35.6 675.5 46.0 676.7 45.7 678.5 53.4 672.5 59.7 673.1 59.6 0.9939
370.1 56.6 11.3 16.5 372.0 64.0 376.7 63.4 373.9 67.3 373.2 70.2 376.8 69.8 0.9912
558.4 66.4 16.9 22.1 567.8 76.9 572.8 75.6 573.0 80.5 569.5 84.5 572.8 83.7 0.9830
252.7 96.1 11.0 15.9 255.0 101.2 256.9 101.7 254.1 104.6 254.7 108.1 256.0 108.2 0.9828
893.6 53.9 14.2 23.6 896.0 63.0 897.2 63.3 893.9 67.7 897.0 72.2 897.7 72.2 0.9805
311.7 68.5 12.0 13.6 316.6 73.8 321.7 73.5 320.3 76.4 317.9 79.4 321.6 79.2 0.9788
308.5 151.5 15.8 22.7 316.5 161.5 322.3 160.1 321.7 165.0 318.6 169.8 323.0 168.8 0.9776
355.8 57.5 13.3 19.7 358.3 64.2 363.9 63.7 360.6 68.2 359.5 72.4 364.2 72.0 0.9728
33.6 100.9 17.5 22.9 44.9 109.4 48.1 108.2 49.8 112.8 46.8 118.0 49.0 117.3 0.9703
413.3 54.3 10.6 13.5 414.9 59.5 419.0 59.3 416.4 62.2 416.0 65.0 419.1 64.7 0.9448
620.8 40.8 13.4 17.8 623.4 46.5 629.3 46.9 625.4 49.5 623.2 53.3 628.5 53.5 0.9246
401.5 151.3 17.4 23.8 412.5 159.2 415.4 157.7 418.2 162.2 415.9 168.3 418.3 167.3 0.8950
555.1 45.6 12.3 15.6 557.8 52.3 562.6 52.1 559.6 55.3 558.7 58.2 562.3 58.0 0.8207
155.2 252.3 51.2 40.6 188.4 271.1 195.2 271.1 189.2 282.2 176.4 285.8 179.2 285.5 0.8038
447.2 45.2 15.8 18.5 454.4 50.9 460.8 50.5 458.9 54.9 455.0 58.9 460.0 58.7 0.6825
