6--Funeral/6_Funeral_Funeral_6_436.jpg
13
276.1 141.6 26.3 39.1 279.9 155.6 286.9 156.4 277.4 162.4 279.6 170.6 284.4 171.0 0.9994
462.4 242.2 23.9 27.1 476.9 254.6 482.8 254.6 481.5 261.1 473.8 264.5 477.2 264.9 0.9993
707.5 237.3 20.6 27.7 712.1 247.4 721.6 248.0 715.9 252.6 712.2 257.5 720.1 258.0 0.9991
858.7 247.3 19.6 25.8 866.6 257.4 874.9 257.1 872.5 261.8 867.9 266.7 874.6 266.4 0.9991
831.6 261.3 19.5 17.1 841.4 270.6 846.3 271.5 843.5 275.8 838.2 276.2 840.6 277.1 0.9976
566.4 261.7 13.0 16.3 571.1 269.0 576.5 270.2 573.4 273.3 570.4 275.1 574.1 276.0 0.9969
0.0 245.6 22.2 30.6 0.8 258.5 11.7 257.0 5.0 263.5 3.4 269.8 11.6 268.6 0.9956
649.6 270.2 12.0 15.6 654.4 276.0 659.4 276.2 657.4 279.1 654.5 281.9 658.5 282.2 0.9955
157.1 261.4 12.2 15.9 160.4 267.9 165.8 268.0 163.0 271.0 160.8 273.7 165.1 273.7 0.9945
610.0 267.1 10.9 14.5 613.8 273.0 619.1 273.2 616.7 276.4 614.1 278.8 618.0 279.0 0.9924
595.9 271.3 10.9 12.2 600.6 276.2 604.7 276.3 603.1 279.1 600.8 281.3 603.7 281.5 0.9556
918.5 302.4 10.0 12.9 921.0 307.6 925.8 307.3 923.6 310.0 921.8 312.6 925.7 312.4 0.6629
963.3 303.4 9.4 11.6 966.9 308.6 970.8 308.5 969.3 310.9 967.3 313.1 970.4 313.1 0.5490
