6--Funeral/6_Funeral_Funeral_6_392.jpg
17
52.8 380.0 37.8 46.1 61.0 397.6 78.0 398.2 68.0 406.9 62.1 413.8 76.3 414.3 0.9997
320.0 377.5 17.2 26.8 335.5 388.0 336.0 387.6 340.3 393.0 335.5 398.2 335.1 398.4 0.9997
179.7 380.5 35.7 45.2 186.7 399.4 203.5 399.0 193.9 407.0 188.7 415.6 201.8 415.3 0.9994
353.7 382.5 16.1 19.7 356.7 389.9 363.4 389.6 359.4 393.4 357.9 397.1 363.3 396.8 0.9989
450.3 393.7 16.2 21.2 455.7 402.6 462.9 403.2 459.4 407.0 455.9 409.9 461.5 410.5 0.9987
544.0 386.3 12.5 15.6 549.3 392.7 554.4 392.5 552.6 395.9 549.9 398.7 553.7 398.6 0.9973
575.4 380.3 9.3 11.5 578.2 384.9 582.4 385.1 580.3 387.3 578.4 389.3 581.7 389.4 0.9968
393.5 387.6 12.6 16.6 396.4 394.1 401.7 394.0 398.7 397.5 397.2 400.6 401.0 400.6 0.9965
467.1 375.6 10.0 12.4 469.0 379.6 472.2 379.8 469.6 382.1 469.3 384.7 471.6 384.8 0.9948
218.2 374.6 15.3 21.6 224.6 383.1 230.8 382.9 228.7 386.8 225.2 390.9 230.3 390.9 0.9938
421.7 378.8 12.2 16.2 425.5 385.8 430.5 385.9 428.0 389.0 426.0 391.9 429.7 392.0 0.9915
594.2 384.0 8.5 11.2 595.5 388.7 598.5 388.4 596.4 390.9 596.5 393.1 598.6 392.8 0.9911
555.6 376.0 10.4 13.8 559.6 381.3 563.1 381.1 561.9 384.0 560.3 386.8 562.9 386.7 0.9793
528.6 377.5 9.4 11.3 531.4 381.8 535.7 381.9 533.4 384.1 531.6 386.2 535.1 386.3 0.9706
623.6 379.7 8.7 10.3 626.2 383.5 630.1 383.4 628.2 385.6 626.8 387.7 629.7 387.6 0.9450
514.7 380.4 10.0 16.0 521.4 386.4 523.4 386.4 523.9 389.7 521.3 392.7 522.5 392.8 0.9083
490.1 385.0 10.8 13.7 492.9 391.8 497.5 392.4 494.7 394.8 493.1 396.5 496.3 397.0 0.8450
