6--Funeral/6_Funeral_Funeral_6_137.jpg
16
715.8 576.4 86.5 109.1 725.6 623.4 760.9 628.7 731.9 650.1 730.4 660.9 757.4 664.6 0.9998
222.5 171.4 74.1 90.3 245.8 201.8 278.9 203.6 262.3 219.3 248.6 238.3 272.3 239.8 0.9998
773.8 170.9 70.8 81.2 790.7 200.7 822.6 203.2 803.7 223.4 793.0 230.5 817.9 232.4 0.9997
746.5 55.6 60.5 63.0 762.6 80.2 791.1 80.3 777.0 97.5 766.2 105.3 787.5 105.4 0.9997
129.3 573.5 93.0 106.4 162.0 630.0 204.5 627.2 187.9 653.6 168.2 664.9 197.2 662.9 0.9996
768.8 328.9 77.0 101.5 783.6 369.4 818.8 371.0 796.3 391.4 786.9 406.9 813.0 408.2 0.9996
700.5 462.3 84.9 94.9 718.8 506.5 758.8 507.7 735.5 532.7 725.0 541.9 749.9 542.5 0.9996
473.3 430.7 74.2 95.9 491.3 476.2 523.8 476.7 505.7 498.0 495.9 507.9 519.4 508.1 0.9995
192.4 338.2 70.9 98.0 211.8 377.1 244.6 376.9 228.2 394.6 216.0 413.1 240.4 412.9 0.9995
387.0 807.1 103.6 136.8 419.0 863.8 466.7 868.8 441.8 889.8 418.8 909.2 457.8 913.6 0.9995
177.3 466.5 85.8 120.3 202.5 520.7 241.1 520.3 222.9 543.8 209.6 562.8 235.6 562.3 0.9995
489.3 112.7 65.3 90.1 532.2 152.5 547.5 150.1 549.7 170.2 526.3 183.1 537.5 182.2 0.9994
546.7 39.4 60.6 71.9 561.3 70.2 587.8 70.0 573.2 85.5 564.2 93.2 586.0 93.0 0.9994
625.0 147.4 69.4 91.1 636.9 188.7 665.4 182.6 648.6 203.2 647.7 220.1 670.1 214.7 0.9994
274.0 92.3 68.1 95.6 292.6 130.9 321.7 132.7 305.7 148.6 294.7 165.1 315.3 166.5 0.9993
809.2 89.4 62.9 76.2 820.4 119.8 844.8 121.7 827.4 135.0 821.9 145.5 841.2 146.8 0.9980
