6--Funeral/6_Funeral_Funeral_6_210.jpg
8
793.8 83.6 31.9 41.8 814.1 102.0 823.1 101.2 823.8 109.4 813.9 116.4 820.5 116.2 0.9995
489.3 93.1 32.8 46.7 513.6 112.8 518.2 111.1 522.3 121.5 513.6 130.4 516.4 129.7 0.9986
309.5 99.4 33.4 47.3 332.3 121.4 337.7 120.7 339.6 130.5 329.9 137.8 333.6 137.8 0.9979
724.8 98.1 36.0 47.2 748.7 119.7 756.6 118.7 757.9 128.5 747.2 136.3 751.9 136.1 0.9974
194.2 110.6 36.9 36.8 214.9 128.7 223.4 129.0 219.2 138.6 209.1 141.7 213.3 142.2 0.9968
598.7 110.0 30.9 40.0 617.8 127.2 625.4 127.0 624.7 136.1 616.3 141.8 621.5 142.1 0.9887
1004.8 95.4 18.8 39.7 1008.3 110.1 1013.3 110.3 1006.5 117.7 1009.9 125.8 1013.0 125.8 0.9863
441.9 123.7 26.7 31.9 459.8 136.2 463.4 137.2 462.3 144.4 454.0 148.3 455.7 149.3 0.9843
