6--Funeral/6_Funeral_Funeral_6_274.jpg
22
339.7 202.6 20.6 26.1 341.7 213.4 346.3 212.5 341.5 218.7 344.9 223.9 347.6 222.8 0.9999
181.0 199.4 24.3 30.1 187.6 211.2 198.0 211.9 192.1 216.7 187.5 221.4 196.4 221.9 0.9996
144.4 192.7 20.8 26.6 148.6 203.3 157.9 204.1 152.1 208.6 148.9 212.6 156.4 213.3 0.9994
269.4 191.5 19.6 27.3 271.5 202.5 275.5 203.6 269.3 208.1 272.0 212.6 274.4 213.0 0.9991
840.6 148.4 28.9 39.1 844.3 164.6 856.0 164.3 847.2 172.2 846.9 179.1 855.4 178.7 0.9990
224.4 200.6 18.1 25.3 229.6 208.0 231.7 209.3 225.2 211.7 226.0 218.3 227.4 219.0 0.9987
503.9 224.3 19.5 25.1 508.2 234.0 516.8 234.0 512.0 238.8 509.0 243.3 515.8 243.3 0.9980
585.4 248.2 13.0 19.8 588.2 255.2 590.2 255.8 586.4 259.2 587.8 263.2 589.1 263.4 0.9978
453.6 211.4 22.0 25.0 458.4 220.2 467.8 219.9 462.8 225.4 460.0 230.0 467.2 229.7 0.9974
744.0 266.8 15.3 18.3 746.9 273.6 753.5 272.9 749.8 276.8 748.4 281.0 753.2 280.4 0.9879
654.5 237.0 12.7 21.5 657.7 244.1 657.9 244.0 654.9 247.7 655.9 252.8 656.2 252.5 0.9672
703.5 240.6 14.1 20.4 706.3 247.5 709.4 248.2 705.6 251.9 706.1 256.0 708.2 256.3 0.9529
149.5 173.9 19.4 21.9 157.4 182.9 164.6 182.8 162.3 187.7 158.3 191.5 163.7 191.6 0.9080
495.9 226.2 13.5 18.2 500.7 233.2 506.7 233.7 503.6 237.4 501.1 240.8 505.2 241.2 0.9008
213.7 206.0 15.9 25.5 225.3 213.9 227.1 214.0 228.2 218.4 224.9 224.1 226.6 224.3 0.8590
752.8 248.1 14.1 18.6 755.4 256.6 757.9 256.3 756.3 261.1 759.3 264.1 760.7 263.7 0.8580
641.6 248.2 14.1 18.1 646.9 256.8 652.5 255.9 650.8 260.4 649.3 263.8 652.8 263.2 0.8422
532.2 240.9 12.7 19.5 535.0 247.3 537.0 248.2 533.2 251.1 533.8 255.2 535.1 255.6 0.7967
313.3 209.4 9.3 11.1 316.2 212.8 320.3 212.3 318.7 215.4 316.9 218.1 319.9 217.7 0.5930
643.3 235.4 19.1 22.9 647.8 244.9 653.8 244.7 649.7 249.8 649.3 253.5 653.5 253.2 0.5849
331.9 223.4 15.3 18.2 338.7 229.0 344.2 228.5 342.9 232.5 340.1 236.9 344.2 236.6 0.5607
682.5 269.4 15.2 17.8 688.1 276.0 694.0 277.3 690.5 279.5 687.3 282.4 691.6 283.4 0.5538
