6--Funeral/6_Funeral_Funeral_6_190.jpg
8
212.3 169.6 58.2 58.7 223.5 201.7 229.8 196.8 227.3 217.0 248.3 221.3 250.5 216.4 0.9999
769.3 78.5 66.5 72.9 782.7 116.3 807.6 110.1 797.0 132.7 799.6 138.8 817.4 133.1 0.9998
336.0 84.9 59.7 77.2 345.2 115.8 372.0 112.1 355.4 128.8 350.9 144.2 373.0 141.0 0.9996
654.8 142.1 75.7 92.7 667.8 187.4 686.6 185.2 672.1 208.2 687.7 218.7 700.1 215.2 0.9996
462.7 142.9 75.4 103.2 474.3 192.5 486.0 193.7 474.7 215.9 492.1 228.2 499.6 228.5 0.9995
109.9 149.5 67.9 95.6 119.4 192.5 147.6 189.9 129.0 211.5 126.8 224.9 149.7 222.5 0.9993
984.6 158.9 38.8 74.1 1004.3 188.1 1027.0 192.1 1015.4 206.4 1000.3 212.7 1020.4 216.3 0.9979
432.9 143.4 50.2 54.0 456.7 166.8 470.9 168.0 465.9 180.1 457.4 187.0 466.8 188.3 0.7871
