6--Funeral/6_Funeral_Funeral_6_299.jpg
15
243.7 192.4 90.5 127.4 302.4 240.9 323.8 241.0 328.8 269.9 290.5 286.1 308.0 288.1 0.9997
32.3 13.2 46.0 50.7 49.1 30.8 69.3 29.4 62.0 41.1 51.7 50.0 68.5 49.1 0.9996
179.3 13.8 31.9 36.7 192.8 24.9 206.3 25.0 201.9 33.2 194.5 40.8 204.8 41.0 0.9996
269.1 24.2 29.9 34.0 277.6 36.9 290.7 35.4 285.1 44.7 280.3 50.3 291.0 49.2 0.9994
137.6 22.4 38.4 43.9 160.0 37.6 173.0 37.9 170.7 48.3 158.8 55.9 167.7 56.7 0.9994
309.4 19.8 32.0 35.0 322.1 31.4 336.1 29.4 332.7 37.8 326.2 46.3 336.8 44.8 0.9992
214.7 48.0 33.5 39.4 230.3 61.5 243.6 60.4 240.6 69.0 232.7 77.7 243.1 77.3 0.9991
621.9 164.4 83.1 148.9 641.3 213.1 639.2 213.8 624.1 242.6 640.8 275.1 639.0 275.1 0.9988
97.1 3.1 31.6 38.0 112.4 15.9 123.8 14.2 122.7 22.9 116.1 32.1 124.2 31.1 0.9984
347.9 21.5 31.9 39.1 363.8 32.9 375.7 33.6 372.9 41.3 363.5 48.8 373.1 49.5 0.9984
0.0 20.0 22.1 42.6 3.5 33.7 17.4 34.1 14.8 43.4 4.9 51.7 15.3 52.3 0.9978
446.1 94.6 10.7 13.5 448.3 101.1 453.2 100.6 450.8 103.5 449.6 106.0 453.5 105.6 0.9820
969.8 0.0 26.6 24.5 975.4 2.5 987.2 2.5 980.4 9.5 976.7 15.7 985.9 15.6 0.9698
661.6 82.3 9.8 12.5 664.3 87.2 668.7 87.3 666.5 89.8 664.7 92.2 668.3 92.2 0.9401
428.5 101.1 8.8 10.9 430.7 106.0 434.6 105.9 432.5 108.3 431.3 110.4 434.3 110.3 0.8316
