6--Funeral/6_Funeral_Funeral_6_124.jpg
15
612.3 163.7 74.0 87.6 645.5 190.4 672.5 191.6 674.4 196.4 658.1 222.9 680.0 223.6 0.9998
151.2 14.7 111.6 119.2 176.7 54.0 231.6 54.7 200.8 63.2 178.2 97.1 224.6 98.1 0.9997
409.4 0.0 147.6 150.9 464.9 27.7 524.3 29.3 508.9 39.7 478.1 90.9 529.5 91.4 0.9997
458.0 361.0 101.6 138.9 497.8 409.8 542.9 423.4 520.7 444.3 488.2 457.7 527.6 469.5 0.9997
854.9 681.7 35.0 44.7 861.3 696.4 869.9 699.5 857.3 705.0 857.5 713.7 863.9 715.7 0.9995
793.0 251.3 77.9 70.0 810.2 275.8 846.1 268.5 829.9 276.3 821.1 301.5 848.9 295.7 0.9995
926.1 708.8 54.0 71.5 942.6 734.8 968.6 733.9 958.2 747.4 947.1 763.3 966.4 762.6 0.9993
907.2 624.4 33.3 42.4 914.3 641.1 927.7 641.6 919.1 648.9 915.1 656.1 926.2 656.2 0.9984
502.4 676.7 30.6 56.3 525.5 700.5 526.7 699.8 530.7 710.3 523.6 720.6 523.9 720.6 0.9846
358.7 709.6 31.1 48.8 379.1 725.0 379.0 722.8 388.5 730.8 385.7 743.7 385.7 742.8 0.9813
784.7 403.8 123.0 169.6 847.2 473.1 893.8 471.1 883.1 504.6 856.9 536.1 890.4 534.1 0.9762
245.6 690.1 24.7 44.3 263.5 704.8 263.3 703.3 270.2 711.6 265.9 722.1 266.3 721.5 0.9708
775.5 701.5 32.3 40.7 784.8 719.7 798.9 720.9 791.0 728.6 784.7 735.3 795.5 736.1 0.7129
627.7 690.0 25.2 46.5 646.6 705.0 649.4 705.0 650.6 713.8 645.7 723.7 648.2 723.7 0.6755
983.6 639.4 27.0 40.7 989.3 652.6 999.0 652.9 992.0 661.3 989.8 670.1 997.4 670.3 0.6020
