6--Funeral/6_Funeral_Funeral_6_883.jpg
19
352.5 118.6 45.7 58.8 356.7 141.8 373.0 142.5 356.0 151.4 357.2 164.0 368.3 164.3 0.9998
690.7 127.8 43.1 59.8 698.1 146.7 716.7 146.3 703.4 155.3 698.0 168.3 714.8 167.8 0.9997
232.0 101.6 51.6 62.7 252.5 125.7 274.4 127.8 265.3 137.6 253.2 148.5 270.1 150.1 0.9997
844.8 154.8 48.4 63.4 855.5 179.8 877.4 179.8 864.7 191.1 857.9 203.3 874.1 203.3 0.9995
446.1 175.7 26.2 29.4 455.0 187.4 466.4 187.5 461.6 194.2 456.7 199.2 464.7 199.3 0.9995
583.2 164.5 52.9 62.6 599.8 188.6 622.8 191.8 609.9 200.6 598.8 210.6 616.6 213.2 0.9993
13.6 122.5 32.3 42.2 33.1 138.7 42.8 137.0 43.1 146.4 33.8 154.5 41.1 153.7 0.9993
151.8 92.2 28.8 39.3 162.7 107.3 175.2 107.7 170.2 115.5 164.1 122.4 173.1 122.7 0.9991
814.4 188.4 38.7 52.8 833.4 208.8 847.7 208.4 844.5 219.4 835.3 229.7 845.5 229.8 0.9984
36.4 115.1 21.9 32.1 42.6 128.5 51.6 128.7 46.5 135.5 42.4 140.3 49.6 140.5 0.9975
98.5 141.8 20.1 26.3 105.8 153.5 114.4 153.3 110.7 159.0 106.8 162.9 113.0 162.9 0.9962
71.8 144.6 19.8 24.4 76.6 156.0 84.7 155.3 80.4 161.1 78.7 165.1 84.2 164.5 0.9959
66.9 121.1 19.5 23.8 72.9 131.3 81.2 131.4 77.2 136.5 74.0 140.2 79.9 140.2 0.9902
323.0 165.7 23.6 26.5 329.4 180.5 338.7 180.8 333.7 186.5 331.6 189.0 337.7 189.2 0.9881
821.9 143.8 29.0 39.7 826.3 159.0 835.6 160.0 826.6 165.8 825.6 173.4 832.4 174.1 0.9881
285.4 152.9 23.9 27.7 291.4 163.7 301.1 165.3 294.6 169.0 291.0 173.4 298.1 174.7 0.9878
428.4 156.2 13.4 18.6 434.1 163.6 438.2 162.4 438.0 166.7 436.3 170.9 439.4 170.1 0.9767
1004.2 133.7 19.1 36.0 1015.7 149.0 1028.5 149.3 1023.2 155.5 1017.2 160.8 1026.9 161.1 0.9028
920.0 185.2 19.7 32.1 922.9 194.6 925.0 195.3 920.3 201.4 923.4 208.4 925.2 208.7 0.6343
