6--Funeral/6_Funeral_Funeral_6_451.jpg
16
204.0 127.3 45.3 57.5 217.6 149.1 238.0 150.1 227.8 163.1 219.2 171.0 234.3 171.9 0.9997
481.5 146.1 43.9 65.3 487.6 173.2 506.8 175.3 492.0 188.0 489.1 196.5 504.1 197.8 0.9996
575.5 109.6 41.7 58.3 581.5 130.7 599.3 132.8 584.7 142.4 581.1 152.3 595.3 153.7 0.9996
566.8 38.1 42.8 55.4 572.9 62.9 588.3 61.4 578.6 74.7 579.0 82.6 590.9 81.0 0.9994
643.7 5.2 38.8 54.6 649.5 28.7 666.7 29.9 654.8 40.3 651.6 47.9 664.4 48.7 0.9994
342.8 194.4 41.4 50.4 351.0 210.9 370.8 210.4 359.8 225.2 354.5 233.9 368.5 233.6 0.9994
329.0 34.7 43.7 59.9 336.5 59.2 356.8 57.7 344.6 70.2 339.7 80.4 356.2 79.1 0.9994
671.6 87.7 42.9 62.8 676.6 116.3 692.6 117.7 679.6 129.1 679.9 137.3 692.1 137.9 0.9993
292.5 105.9 30.8 53.4 316.4 126.5 317.7 126.0 323.2 135.5 314.1 145.4 315.4 145.5 0.9992
451.1 1.4 41.9 57.9 457.6 23.0 476.1 22.1 464.8 33.0 460.7 45.1 474.7 44.4 0.9992
989.2 6.1 21.9 29.6 992.5 16.7 999.3 17.4 992.3 22.9 992.7 28.7 997.5 28.9 0.9966
333.3 0.0 37.6 42.6 343.7 17.9 361.7 17.7 353.0 26.3 346.0 33.6 359.1 33.4 0.9942
810.8 0.0 22.9 26.3 815.8 3.9 819.7 4.8 812.6 9.9 814.3 17.2 816.8 17.6 0.9676
921.3 33.0 17.9 27.4 924.3 41.7 926.4 42.9 921.3 47.7 923.7 53.6 924.9 54.1 0.8868
712.9 2.3 16.7 25.7 715.3 10.7 717.0 10.5 714.1 16.2 717.8 21.8 719.1 21.3 0.8819
431.6 1.5 29.5 41.6 440.8 17.5 454.0 16.5 448.0 26.6 444.0 34.6 454.4 33.8 0.5381
