6--Funeral/6_Funeral_Funeral_6_418.jpg
22
552.9 90.2 116.8 171.7 614.4 145.9 655.4 148.9 655.9 168.0 618.8 208.7 653.5 211.5 1.0000
152.2 86.1 116.5 158.5 199.8 156.7 249.5 146.8 242.4 179.7 215.5 213.1 253.1 204.9 0.9998
895.3 51.0 56.4 68.8 904.1 75.0 928.4 75.2 911.5 88.1 905.8 101.2 925.9 101.4 0.9998
346.2 0.0 51.3 57.2 373.2 16.5 392.3 17.6 389.4 27.1 376.1 41.1 390.3 41.7 0.9997
762.8 22.7 121.5 160.8 820.7 84.1 868.4 83.7 864.1 107.7 831.3 143.6 869.2 142.8 0.9996
542.8 19.1 33.1 44.5 550.5 38.6 565.6 38.6 557.2 46.7 552.3 53.9 563.7 54.0 0.9995
97.8 17.5 37.7 45.6 109.6 33.2 126.8 34.3 118.3 42.6 110.7 50.9 123.8 51.7 0.9992
22.4 0.0 37.8 43.3 47.3 13.5 54.8 12.0 59.6 20.7 49.9 31.8 54.9 31.3 0.9989
978.3 73.9 25.4 34.7 988.8 87.0 999.5 85.9 997.1 92.3 991.7 100.0 999.8 99.2 0.9981
217.0 5.1 26.0 39.9 223.4 17.1 225.5 18.4 217.2 25.0 220.5 33.9 222.0 34.5 0.9980
583.7 38.4 89.2 97.2 602.1 74.8 639.9 74.8 617.8 92.1 608.0 109.5 637.3 109.8 0.9979
1001.8 78.3 21.6 45.8 1008.2 94.9 1025.5 94.3 1014.8 102.8 1010.1 112.8 1024.2 112.2 0.9978
978.4 33.2 23.7 27.4 990.6 42.8 999.0 44.2 996.7 49.3 990.7 53.8 996.3 55.1 0.9968
525.9 23.7 15.4 21.1 530.5 31.9 537.7 31.9 534.3 35.4 531.3 39.8 536.9 39.8 0.9955
149.3 26.5 45.1 49.8 154.4 42.9 169.0 44.1 156.5 52.9 156.0 62.1 167.0 62.9 0.9936
941.4 83.5 27.9 35.8 948.7 96.3 961.0 98.0 953.7 104.3 948.7 110.4 957.5 111.7 0.9924
856.0 4.1 34.6 52.1 863.0 23.3 871.3 24.3 863.1 31.6 862.4 42.4 868.4 42.9 0.9856
674.9 33.5 24.5 34.5 680.1 43.5 691.8 44.2 684.6 51.2 680.7 58.5 690.2 59.0 0.9693
393.1 0.0 37.1 44.0 411.7 15.9 423.4 16.7 419.4 26.5 411.0 34.0 419.1 34.9 0.9598
709.6 0.0 50.4 50.5 721.6 10.2 744.7 11.0 731.5 23.7 723.5 35.9 740.3 36.4 0.9516
699.9 33.9 29.3 40.7 709.0 52.1 721.4 49.4 717.1 57.6 713.1 66.3 722.3 64.3 0.9401
267.3 29.8 17.1 31.7 272.2 39.7 272.7 39.5 269.3 45.4 271.7 52.9 272.4 52.4 0.5356
