6--Funeral/6_Funeral_Funeral_6_668.jpg
9
111.0 227.3 78.5 98.5 125.8 265.8 161.3 264.9 140.6 291.2 132.1 303.7 159.8 302.7 0.9998
432.3 48.7 89.1 127.6 465.5 102.2 506.1 103.1 491.4 129.7 468.5 148.4 499.2 149.5 0.9995
735.5 206.3 86.8 110.8 756.5 254.7 798.0 248.7 779.1 274.7 766.6 295.4 797.9 290.6 0.9995
984.9 246.9 35.2 44.8 991.9 264.5 1007.5 264.9 997.7 273.1 993.1 280.6 1005.6 280.8 0.9994
843.6 228.7 36.7 50.1 850.4 249.6 867.2 251.6 856.3 260.2 851.0 266.7 864.5 268.2 0.9988
685.0 210.3 40.4 51.1 698.7 232.3 717.0 232.7 708.9 242.4 700.7 250.2 714.3 250.6 0.9969
514.9 164.0 64.5 80.2 533.3 198.5 560.8 198.7 546.4 211.3 537.0 225.8 556.8 225.6 0.9961
928.7 255.4 23.1 29.4 931.9 264.3 938.1 265.1 931.5 271.1 932.1 277.2 936.2 277.5 0.9298
873.2 156.6 15.0 19.7 876.5 164.7 883.1 164.8 879.4 168.5 877.2 172.2 882.4 172.2 0.8461
