6--Funeral/6_Funeral_Funeral_6_337.jpg
12
539.1 318.4 44.7 55.2 561.3 340.1 578.9 340.6 574.7 351.1 560.5 359.2 575.2 360.0 0.9997
303.8 326.2 42.6 54.9 315.1 350.1 335.0 348.5 325.8 360.0 318.1 368.8 334.7 367.5 0.9996
423.2 338.7 43.5 56.7 440.5 361.2 459.9 358.6 455.6 369.6 445.6 381.9 461.0 380.1 0.9996
548.7 247.0 41.8 60.1 560.2 274.8 578.7 273.7 570.0 287.4 564.5 295.4 578.6 294.1 0.9988
635.8 310.2 20.5 27.8 642.8 319.9 651.8 321.1 647.3 325.9 642.8 330.9 649.3 331.9 0.9959
594.5 287.9 19.1 26.1 605.0 297.6 611.3 297.9 610.5 302.8 605.8 307.9 610.1 308.3 0.9950
704.3 280.4 19.9 22.4 709.9 286.8 718.7 286.7 714.6 292.0 711.1 296.7 717.9 296.7 0.9922
333.1 301.9 23.5 30.0 342.9 314.5 352.8 314.5 349.6 319.7 344.9 325.6 352.0 325.7 0.9798
386.4 273.4 22.1 29.9 391.3 284.9 400.8 284.4 395.7 290.0 392.9 296.1 400.4 295.7 0.9787
387.5 334.4 33.9 45.6 396.5 352.8 411.9 352.4 404.2 361.5 398.8 370.0 410.1 369.7 0.9518
161.8 286.0 28.9 54.8 183.8 303.6 185.6 303.4 188.3 314.2 182.5 326.2 184.1 326.1 0.9148
786.9 288.6 30.1 54.7 790.8 307.0 791.9 306.6 788.6 318.2 793.9 329.4 794.9 329.1 0.7676
