6--Funeral/6_Funeral_Funeral_6_894.jpg
10
223.9 424.9 76.0 79.9 244.1 461.1 272.9 447.2 265.8 460.8 263.1 485.2 286.4 473.7 0.9998
593.2 329.5 62.2 82.3 606.6 358.6 632.7 365.0 609.9 374.2 601.6 388.6 621.1 393.7 0.9997
411.2 319.0 63.4 86.6 439.8 356.5 466.5 354.6 461.4 369.7 445.6 385.9 466.2 384.7 0.9997
484.9 301.6 61.6 90.9 491.5 339.1 515.3 338.1 493.9 353.6 494.0 371.6 511.5 370.5 0.9997
72.8 622.4 75.9 94.2 89.9 670.7 117.3 656.0 106.5 677.3 107.4 699.4 127.7 687.3 0.9997
691.6 369.9 57.9 83.5 714.9 405.8 740.6 405.9 731.2 424.3 714.7 434.8 735.1 435.2 0.9997
268.7 724.3 61.7 75.3 306.3 754.9 322.8 751.3 324.1 768.9 308.9 784.0 319.0 781.7 0.9997
185.5 545.0 76.4 88.7 207.9 594.3 234.6 575.9 231.6 599.4 230.0 620.6 248.7 605.9 0.9996
312.9 335.9 60.8 76.0 336.8 367.7 362.0 361.4 358.5 376.0 348.4 395.0 367.6 389.6 0.9994
752.5 511.7 60.3 85.0 772.6 544.7 800.0 546.9 787.1 564.2 770.8 573.6 794.3 576.0 0.9991
