6--Funeral/6_Funeral_Funeral_6_151.jpg
75
606.8 296.4 35.0 46.1 618.2 314.0 633.2 313.7 626.4 323.4 620.3 330.7 632.5 330.5 0.9999
472.1 296.0 32.0 41.3 491.5 310.5 500.6 310.0 501.7 318.0 492.8 326.4 499.4 326.7 0.9998
302.7 166.4 29.2 36.3 315.4 178.7 327.6 180.2 323.5 186.3 315.5 192.9 324.8 194.3 0.9997
856.1 240.6 35.9 41.7 862.8 255.6 879.2 255.2 869.6 263.7 865.2 271.7 877.9 271.4 0.9997
77.9 125.1 23.9 26.6 88.3 134.1 98.1 134.3 94.7 140.1 88.7 145.4 96.4 145.8 0.9997
285.5 77.6 20.7 27.5 296.2 89.1 303.2 89.0 301.9 94.3 296.7 99.3 302.1 99.5 0.9997
639.3 211.2 35.0 41.1 645.6 226.9 661.0 225.0 652.1 233.6 648.9 242.9 660.4 241.3 0.9997
195.5 152.5 27.3 32.8 206.9 164.6 218.3 165.0 214.1 171.9 207.3 177.2 216.2 177.8 0.9996
375.8 216.4 26.3 35.5 394.1 229.3 399.0 229.6 401.2 235.9 393.3 242.4 396.9 243.0 0.9996
243.6 174.6 29.5 34.0 256.9 190.1 267.8 191.8 262.8 198.7 255.0 202.2 262.6 203.8 0.9996
174.2 112.3 22.9 29.3 179.8 124.4 190.1 123.9 185.1 129.7 181.5 134.9 190.1 134.5 0.9996
382.0 306.1 36.5 43.6 394.3 322.5 411.2 322.9 404.0 331.4 396.1 339.5 408.6 339.8 0.9996
93.2 212.5 22.5 35.9 110.5 226.9 111.6 225.7 116.2 233.0 110.5 240.5 111.0 240.1 0.9996
841.8 323.4 39.4 42.2 852.8 340.7 871.0 337.4 864.3 348.8 857.6 355.6 872.8 353.0 0.9996
779.7 282.7 37.5 38.4 787.0 296.0 802.9 295.8 792.9 305.5 789.2 312.4 800.6 312.1 0.9995
697.8 17.2 19.1 24.2 701.1 26.7 709.1 26.7 703.7 31.3 702.0 35.7 708.0 35.7 0.9995
413.2 175.1 27.7 36.0 418.4 188.5 430.7 187.3 423.8 195.3 421.0 202.5 430.5 201.6 0.9995
373.0 20.8 18.2 22.9 375.0 30.8 379.5 30.7 375.5 36.0 378.0 39.5 380.9 39.2 0.9995
911.5 11.6 19.1 26.0 921.3 22.5 928.4 22.1 927.4 27.1 922.3 31.7 927.6 31.5 0.9995
452.2 49.2 20.1 23.4 454.9 56.6 463.9 56.1 458.2 62.1 456.4 66.7 464.1 66.1 0.9995
500.1 173.9 28.2 39.0 517.2 189.3 525.7 190.2 525.5 196.8 515.7 202.6 522.7 203.6 0.9995
164.1 190.9 30.9 33.6 172.3 203.8 186.9 201.1 181.0 209.6 176.3 217.3 187.6 215.2 0.9995
521.9 303.1 34.7 45.4 538.0 320.7 551.9 320.1 549.1 329.6 540.9 338.6 550.3 338.2 0.9994
114.7 123.8 22.9 30.3 122.9 136.3 132.4 137.1 127.9 142.6 123.5 147.1 130.7 147.7 0.9994
964.9 260.8 35.5 46.8 971.4 278.8 987.9 277.6 978.4 286.7 973.8 296.8 986.9 295.8 0.9994
675.8 287.1 35.5 41.3 691.7 303.4 706.3 302.3 702.1 313.0 692.8 320.1 703.2 319.5 0.9994
42.7 54.5 20.0 25.1 49.3 64.8 58.2 64.6 54.5 69.6 50.4 74.3 57.5 74.2 0.9994
739.9 270.1 34.4 42.0 756.6 289.1 770.4 289.1 766.8 297.1 757.4 303.8 767.4 304.0 0.9993
333.2 160.0 29.8 35.6 339.3 175.3 352.0 172.6 345.4 178.9 342.9 187.7 352.4 185.7 0.9993
468.3 237.3 31.1 35.7 475.0 251.0 489.1 248.7 482.5 257.5 478.9 264.8 490.1 262.9 0.9993
17.1 165.6 28.3 31.3 24.3 177.6 36.5 175.6 30.9 182.5 27.4 189.9 36.5 188.3 0.9993
130.8 143.1 24.8 29.8 137.9 154.6 148.8 153.6 144.2 159.6 140.0 165.5 149.3 164.8 0.9992
432.7 226.5 32.9 42.3 442.6 245.2 456.6 241.1 453.3 248.6 449.4 259.5 460.1 256.4 0.9992
656.9 11.1 16.2 23.2 668.9 19.9 671.7 20.1 673.2 24.9 668.4 29.3 670.2 29.8 0.9992
957.6 3.6 20.5 24.1 966.5 12.8 975.0 12.1 972.7 17.7 968.3 22.3 974.3 21.8 0.9992
222.8 132.3 25.8 33.9 226.0 144.2 235.9 144.1 228.4 151.4 228.4 158.1 235.5 157.9 0.9992
919.2 272.9 39.1 38.7 927.6 290.3 943.8 289.4 935.2 299.5 932.3 305.1 942.9 304.4 0.9991
499.3 255.4 33.9 41.0 504.7 271.0 518.3 271.6 508.6 280.5 506.2 287.5 516.3 287.8 0.9991
799.3 12.0 18.6 24.1 803.8 21.3 812.3 22.2 807.5 26.7 804.3 30.6 810.4 31.3 0.9991
728.0 324.5 36.7 42.5 733.4 342.5 747.7 339.2 739.5 351.1 740.6 358.0 751.8 355.1 0.9990
546.2 181.3 28.5 36.8 557.2 194.0 569.6 193.9 565.6 199.9 559.5 208.5 568.7 208.4 0.9990
576.7 22.9 17.1 25.9 579.5 34.3 580.8 33.9 578.1 39.6 582.8 43.9 583.6 43.3 0.9990
700.7 262.2 29.1 43.2 708.1 279.5 719.8 280.5 712.9 288.3 708.8 295.6 718.3 296.3 0.9989
57.0 10.4 16.8 20.1 60.1 17.6 67.6 16.8 63.4 21.6 61.7 26.1 67.3 25.4 0.9989
17.1 50.1 19.2 24.5 24.5 60.5 32.9 59.7 30.1 65.3 26.4 69.9 32.5 69.4 0.9988
564.6 249.8 30.7 40.7 582.5 264.3 591.7 265.5 590.8 273.3 581.8 280.0 588.2 281.4 0.9988
846.1 0.0 20.4 23.4 848.6 7.8 856.8 8.3 850.4 13.6 850.3 17.9 855.8 18.2 0.9988
984.1 320.2 28.7 38.0 988.3 330.8 992.6 331.7 983.4 339.2 989.9 347.6 992.8 347.8 0.9988
599.1 214.8 27.1 37.2 607.4 230.5 618.8 228.5 614.5 236.6 610.4 244.1 619.1 242.6 0.9987
572.4 188.7 29.4 36.6 582.4 203.6 595.0 203.1 589.7 210.1 583.9 216.9 593.8 216.5 0.9986
770.9 0.0 17.5 26.6 783.1 9.9 785.9 9.7 788.2 14.8 783.2 19.9 784.9 20.1 0.9985
113.9 197.6 24.1 35.2 129.7 211.8 135.1 211.4 136.3 219.1 128.6 225.2 132.2 225.4 0.9984
446.6 194.9 31.6 35.3 457.1 206.2 470.4 207.9 463.4 212.9 457.1 219.8 467.4 221.1 0.9982
1.1 115.1 26.2 30.2 9.9 126.9 21.2 125.4 17.4 131.2 13.2 138.2 22.0 137.0 0.9980
554.8 20.6 16.0 20.0 556.5 27.7 561.4 28.2 556.8 32.4 557.9 36.3 561.1 36.4 0.9979
155.5 41.9 16.4 23.2 162.7 51.1 169.3 50.9 167.4 55.9 163.2 60.0 167.9 60.0 0.9974
290.0 127.2 23.6 29.2 293.4 138.2 298.9 138.5 292.4 144.4 294.8 149.9 298.1 149.7 0.9972
376.5 189.4 25.8 30.1 385.4 200.7 396.5 201.1 391.7 207.5 386.9 212.3 394.9 212.6 0.9971
660.4 245.2 32.6 39.1 666.7 260.3 680.9 260.2 672.8 267.9 668.5 275.5 679.2 275.3 0.9970
1001.6 251.8 22.0 45.3 1007.5 270.2 1023.5 267.5 1014.4 278.4 1013.3 287.2 1026.0 284.6 0.9962
206.7 59.8 17.0 25.9 217.4 69.7 220.0 68.4 222.4 73.7 219.7 79.8 221.3 79.0 0.9961
116.6 62.1 16.1 25.0 128.6 72.2 130.3 71.7 131.5 77.1 127.0 81.6 128.1 81.3 0.9961
625.7 293.3 27.4 40.4 632.6 308.8 644.4 308.3 639.0 317.1 635.5 324.9 643.6 324.3 0.9950
581.6 224.7 31.3 37.5 593.9 242.8 605.7 239.6 603.6 247.7 599.7 255.6 607.8 253.3 0.9909
831.2 285.2 33.0 37.9 834.7 299.6 845.7 299.1 835.5 306.0 835.6 313.7 843.5 313.1 0.9906
49.3 80.2 14.8 22.4 60.1 88.3 61.4 87.9 63.2 93.2 59.2 97.6 59.9 97.5 0.9900
800.6 328.2 21.4 38.3 816.3 339.6 817.3 339.8 821.3 346.7 817.6 356.1 818.3 356.4 0.9884
84.9 170.4 23.4 33.7 100.1 184.0 104.3 182.4 107.2 189.2 102.4 196.6 105.5 195.7 0.9873
599.5 10.1 18.1 23.1 604.0 19.0 612.4 19.1 608.0 23.7 604.8 28.0 611.6 28.1 0.9806
876.7 504.0 24.3 47.4 881.2 521.0 881.2 521.5 877.5 530.3 883.0 539.8 883.1 540.0 0.9794
132.7 118.6 20.2 23.4 137.6 129.4 146.2 129.1 141.8 134.3 139.1 138.3 145.4 138.0 0.9728
25.9 29.7 14.3 17.9 28.8 36.5 33.1 36.5 29.9 40.2 29.8 43.7 32.7 43.5 0.8699
300.5 37.7 12.3 15.9 302.3 43.6 304.0 44.0 302.2 47.7 304.8 50.2 305.7 50.4 0.8227
1001.2 18.2 16.7 22.8 1010.0 25.8 1014.2 25.3 1014.2 30.3 1011.0 35.2 1013.8 35.1 0.8221
47.3 161.9 23.2 30.4 51.4 174.8 58.8 174.9 53.3 181.5 53.1 186.5 58.1 186.3 0.7836
