6--Funeral/6_Funeral_Funeral_6_720.jpg
8
636.8 214.7 66.4 81.3 674.3 238.9 695.0 240.2 697.5 254.7 679.8 272.8 695.4 273.9 0.9998
381.3 203.4 67.7 79.7 419.9 226.4 440.6 226.1 444.5 239.2 428.1 259.7 442.7 259.9 0.9997
827.5 215.3 64.2 77.7 868.8 242.0 885.2 240.6 889.3 257.6 870.4 274.1 881.4 273.3 0.9997
88.9 219.9 61.6 75.4 129.0 243.4 142.6 242.9 148.6 259.0 129.0 275.0 138.5 275.3 0.9997
181.4 196.4 66.3 78.2 218.7 219.8 241.1 220.0 242.3 234.9 224.1 253.1 240.9 253.2 0.9997
440.2 249.2 56.4 68.7 469.9 268.9 490.2 269.3 491.1 281.9 476.3 299.2 491.2 299.3 0.9996
773.3 274.3 70.7 92.5 817.6 313.3 836.8 313.0 837.2 331.6 812.8 346.3 826.3 346.9 0.9995
961.7 267.8 61.8 74.8 1000.0 295.6 1018.0 294.4 1018.4 311.4 998.9 326.0 1010.8 325.5 0.9995
