6--Funeral/6_Funeral_Funeral_6_79.jpg
24
926.0 72.2 42.4 53.1 948.5 92.3 964.7 92.6 961.7 101.0 950.0 112.3 962.7 112.8 0.9998
122.1 41.1 51.6 55.3 149.9 63.4 165.0 64.8 159.4 78.2 143.2 83.9 153.8 85.4 0.9997
764.8 101.0 40.9 50.7 772.8 122.0 790.6 122.4 779.3 130.8 774.3 140.4 787.7 140.6 0.9995
310.1 37.0 35.3 44.1 316.9 56.5 332.3 56.0 322.7 63.0 319.0 71.4 330.5 71.0 0.9995
341.2 169.7 46.6 58.8 356.8 195.9 377.9 196.1 368.9 207.3 359.8 216.6 374.2 216.9 0.9994
369.1 37.8 35.5 47.4 380.7 55.7 396.5 56.5 388.9 64.6 381.8 73.7 393.6 74.2 0.9994
451.4 117.4 37.8 55.8 460.7 138.7 478.8 139.8 469.1 149.9 462.3 160.4 475.5 161.2 0.9993
187.5 104.8 44.4 55.6 201.7 128.1 222.1 128.7 212.8 141.4 203.7 148.7 218.6 149.3 0.9993
221.8 74.3 32.3 47.0 225.7 92.0 238.8 90.9 229.2 100.9 229.7 111.1 239.0 109.9 0.9993
667.2 49.5 43.1 55.7 674.9 74.1 695.0 76.4 681.4 86.2 675.7 93.6 690.3 95.4 0.9992
494.9 79.2 36.4 46.0 504.4 96.4 521.8 97.6 512.0 104.8 504.7 113.9 517.8 115.0 0.9992
809.2 86.6 50.6 68.8 819.6 116.8 843.4 118.7 828.5 132.5 820.9 141.2 838.5 142.7 0.9992
256.8 71.9 37.4 44.0 267.8 90.7 285.3 89.5 278.2 96.0 270.6 104.8 284.9 103.9 0.9991
551.3 55.9 44.7 55.4 562.8 79.6 582.7 78.5 572.7 88.0 566.5 98.1 581.6 97.1 0.9984
963.9 73.2 33.1 42.8 969.6 89.4 984.2 88.5 975.1 97.1 972.2 105.8 982.9 105.1 0.9983
51.6 43.0 35.8 40.3 61.2 58.2 77.7 58.7 69.1 66.5 62.3 73.7 75.0 74.1 0.9982
635.7 68.2 35.3 50.5 652.1 89.3 665.5 88.3 662.7 98.5 654.4 108.0 664.3 107.6 0.9979
219.8 44.8 29.4 38.3 224.1 59.7 234.9 61.0 225.6 67.4 223.6 73.4 231.8 74.3 0.9964
670.5 104.6 40.0 59.0 676.0 127.7 685.0 128.7 675.9 137.4 678.4 148.0 685.5 148.6 0.9955
854.1 96.5 29.2 44.3 867.4 113.8 877.2 113.3 873.6 122.1 867.2 130.8 874.8 130.5 0.9883
150.4 67.1 32.7 41.9 959.6 90.2 975.0 90.6 968.4 98.2 960.8 108.5 972.6 108.9 0.9764
186.1 71.2 28.9 37.1 157.8 79.2 168.5 80.2 160.2 86.0 156.2 94.0 164.9 94.6 0.9730
313.3 97.0 29.2 39.3 845.6 116.2 861.8 115.5 854.3 127.0 848.5 135.3 860.8 134.8 0.9546
758.5 91.6 25.8 37.0 192.3 86.7 203.5 86.7 197.4 92.8 194.8 99.5 203.1 99.3 0.5195
