6--Funeral/6_Funeral_Funeral_6_878.jpg
13
857.7 108.3 59.5 70.7 871.4 136.0 898.2 136.4 882.6 150.1 873.0 161.4 895.0 161.8 0.9996
511.2 169.0 58.9 70.6 523.9 196.6 551.4 193.5 537.9 207.7 529.8 222.7 552.2 220.0 0.9996
593.5 120.2 60.9 80.5 611.4 153.3 639.5 155.0 625.3 170.2 612.2 181.7 634.3 183.3 0.9996
265.1 175.3 67.7 93.4 282.0 215.7 311.2 216.1 296.1 232.9 286.1 246.8 307.8 247.5 0.9995
931.6 244.8 68.6 80.0 948.4 278.6 979.3 274.3 966.3 294.2 957.8 307.7 981.2 303.8 0.9995
116.5 194.4 59.0 79.1 131.6 228.6 159.8 223.8 148.5 242.1 140.3 257.9 160.9 253.9 0.9994
693.6 163.8 62.1 74.9 708.8 194.3 737.7 195.5 721.6 213.2 711.4 221.9 732.5 223.1 0.9994
393.7 135.1 59.3 82.1 408.0 169.3 434.9 166.3 423.0 184.4 415.6 199.9 435.1 197.4 0.9992
98.3 122.0 67.6 83.5 121.0 158.8 151.6 157.6 139.0 173.6 125.5 187.3 148.6 186.3 0.9992
780.5 169.1 54.8 79.2 791.2 203.8 816.7 203.2 801.8 219.8 795.9 232.3 815.3 231.5 0.9989
10.3 165.9 68.6 95.9 30.1 201.2 62.2 203.1 46.2 222.1 32.0 237.4 56.9 238.8 0.9987
305.2 165.1 53.3 69.6 321.3 194.5 344.7 192.9 334.9 207.9 327.1 219.9 342.9 218.6 0.9961
653.6 144.3 48.3 76.1 664.9 175.5 685.3 175.7 674.7 195.4 668.7 206.4 682.2 206.9 0.9850
