6--Funeral/6_Funeral_Funeral_6_87.jpg
9
812.0 145.6 38.6 48.3 818.6 164.6 835.1 167.5 823.2 175.9 818.7 181.7 831.8 183.9 0.9996
899.6 203.4 47.2 57.9 905.2 225.0 924.4 226.3 909.4 236.1 906.1 246.6 921.0 247.3 0.9994
553.4 215.7 35.4 62.8 561.9 238.5 562.7 240.4 554.8 249.4 559.1 262.5 559.8 263.6 0.9989
128.8 246.1 36.7 54.3 155.1 264.1 155.7 262.9 163.8 273.5 154.7 285.5 155.8 285.3 0.9975
738.4 174.0 25.6 37.5 758.4 186.0 760.1 185.3 763.3 195.0 755.0 201.9 756.1 201.9 0.9955
722.9 243.0 28.9 47.4 727.1 261.2 728.8 262.2 725.6 272.1 731.4 280.0 732.3 280.9 0.9636
786.6 289.7 43.5 56.3 796.6 307.4 806.2 310.7 792.0 316.1 790.8 327.9 798.4 330.1 0.9616
348.1 119.7 31.0 41.6 868.9 197.0 878.0 197.6 873.7 201.9 869.5 207.6 876.6 208.0 0.9444
297.8 250.3 26.1 51.3 366.2 137.9 374.6 135.9 377.1 143.9 370.6 152.6 376.2 151.5 0.8159
