6--Funeral/6_Funeral_Funeral_6_541.jpg
10
551.7 377.9 14.0 18.7 560.4 384.6 564.4 384.7 564.9 388.1 560.9 391.9 563.8 392.1 0.9990
494.6 383.8 12.2 16.1 501.7 389.9 505.0 389.4 505.5 392.7 502.9 396.1 505.1 395.8 0.9985
404.6 387.8 14.1 17.4 411.1 394.4 416.8 394.1 415.4 397.4 412.1 401.0 416.5 400.8 0.9979
224.2 402.1 10.1 15.1 231.0 408.6 232.6 408.3 233.5 411.4 231.0 414.1 232.0 414.1 0.9976
442.4 380.2 12.2 15.7 448.2 386.2 452.3 385.6 452.2 388.8 449.8 392.4 452.9 392.0 0.9929
885.6 401.9 11.8 14.5 892.2 407.7 896.0 407.4 895.8 410.5 893.0 413.2 895.5 413.2 0.9912
818.4 427.2 7.2 9.0 820.4 430.7 823.5 430.6 822.0 432.3 820.8 434.1 823.3 434.0 0.9748
794.0 426.8 5.9 7.7 796.7 430.1 798.7 430.0 798.3 431.6 797.1 433.1 798.6 433.1 0.8340
346.8 416.8 8.1 9.1 348.4 420.5 352.4 420.1 350.5 422.4 349.4 424.4 352.5 424.1 0.6944
388.0 393.2 11.6 15.5 393.4 399.8 398.0 399.4 396.9 403.0 394.2 405.9 397.6 405.8 0.6379
