14--Traffic/14_Traffic_Traffic_14_301.jpg
10
102.5 220.1 17.5 24.1 112.4 227.6 117.5 227.3 117.8 232.8 113.4 238.1 116.9 238.1 0.9971
509.4 250.5 19.3 25.4 521.0 258.4 526.2 258.1 526.2 263.6 521.7 269.0 525.3 268.9 0.9955
231.3 22.0 38.0 71.3 237.4 48.6 243.3 49.6 231.3 61.8 236.3 76.0 240.5 76.4 0.9870
667.3 244.7 13.6 20.6 669.6 251.9 674.5 253.0 669.5 256.7 668.9 260.4 672.3 261.2 0.9801
63.6 207.5 16.4 23.7 74.5 215.8 77.1 215.2 78.4 220.4 74.6 225.3 76.7 225.1 0.9790
1006.4 259.3 16.4 21.3 1009.0 267.5 1013.0 267.9 1009.1 272.5 1010.9 276.6 1013.2 276.6 0.9575
728.8 325.6 18.3 20.6 1014.3 554.5 1023.2 554.4 1017.7 559.4 1015.5 563.8 1022.6 563.6 0.8662
148.6 24.7 43.9 67.3 737.7 333.5 744.2 332.8 742.3 338.4 738.3 342.1 742.8 341.8 0.8329
805.1 265.8 16.1 22.7 159.0 49.3 178.9 49.8 168.2 63.2 160.6 74.9 175.6 75.3 0.7611
950.5 277.1 21.7 24.2 816.2 273.7 819.0 273.1 819.7 278.9 814.9 283.4 816.8 283.2 0.7177
