14--Traffic/14_Traffic_Traffic_14_50.jpg
18
100.3 589.7 10.0 13.2 102.4 595.1 106.8 594.9 104.4 597.5 103.0 599.9 106.6 599.8 0.9976
67.1 616.9 13.1 17.1 71.2 624.9 77.0 624.0 74.8 628.1 72.7 631.0 77.2 630.3 0.9951
28.4 626.8 9.6 11.1 31.2 631.2 35.9 630.7 33.9 633.6 32.4 635.9 35.7 635.5 0.9920
509.2 601.5 11.1 13.8 514.2 607.3 518.4 607.1 517.2 609.9 514.7 612.5 517.9 612.4 0.9884
50.1 629.9 10.3 11.6 52.7 633.4 58.0 633.6 55.2 636.5 53.2 638.9 57.1 639.1 0.9795
186.0 382.1 8.0 10.5 188.3 386.3 192.0 386.4 190.0 388.5 188.4 390.4 191.4 390.5 0.9655
87.3 595.3 8.0 9.5 89.0 599.1 92.3 599.1 90.3 601.1 89.5 602.9 92.0 602.9 0.9515
57.1 563.5 9.0 11.4 59.3 568.0 63.4 568.0 61.2 570.4 59.8 572.6 62.9 572.6 0.9432
130.2 634.4 10.9 13.8 132.2 639.7 136.8 640.2 133.6 642.7 132.2 645.3 135.9 645.5 0.8988
126.6 489.3 9.5 11.2 129.2 493.7 133.7 494.0 131.4 496.4 129.5 498.3 132.9 498.5 0.8412
211.6 264.5 6.6 8.2 213.3 267.8 216.4 267.8 214.8 269.5 213.6 271.0 216.1 271.0 0.8290
424.1 477.0 8.5 10.6 426.8 481.0 430.7 481.0 428.9 483.2 427.1 485.4 430.3 485.4 0.8185
388.4 221.9 6.4 8.3 389.9 224.8 393.0 224.9 391.4 226.6 390.1 228.3 392.6 228.3 0.8086
516.0 499.0 9.7 11.4 519.4 503.4 523.8 503.0 522.4 505.4 520.6 508.1 523.6 507.8 0.7725
85.4 474.5 8.0 9.6 956.6 312.5 960.1 312.5 958.3 314.4 957.0 316.1 959.8 316.1 0.6597
59.4 636.3 10.7 12.7 113.4 447.5 118.8 446.4 116.0 450.4 115.2 454.1 119.0 453.2 0.6469
493.9 602.0 8.9 11.4 87.7 478.5 91.4 478.4 89.7 480.6 88.2 482.4 91.1 482.4 0.6294
130.6 430.6 8.7 11.9 61.4 641.4 65.9 642.1 62.6 644.4 61.3 646.5 64.4 647.0 0.6250
