14--Traffic/14_Traffic_Traffic_14_53.jpg
33
430.8 803.4 20.7 22.8 437.7 810.7 447.1 810.7 443.0 815.0 438.8 820.0 446.1 820.1 0.9987
947.9 596.5 19.1 21.5 951.3 603.7 959.7 603.4 954.6 607.8 952.7 612.4 959.1 612.1 0.9981
916.9 1075.9 26.8 29.9 925.1 1085.8 937.0 1085.9 931.5 1091.7 926.1 1097.3 935.8 1097.4 0.9981
68.1 668.7 19.8 21.5 76.6 675.5 84.9 675.0 82.7 679.2 78.4 684.4 84.8 684.0 0.9974
367.2 970.6 23.1 25.0 372.7 978.2 383.5 978.6 377.6 983.1 373.5 988.7 381.8 989.0 0.9971
919.4 887.3 23.6 27.5 925.2 896.6 936.3 895.8 930.9 901.6 927.1 907.5 936.2 906.8 0.9965
598.8 582.6 17.0 21.4 605.6 591.7 613.1 592.9 609.7 597.1 605.2 599.8 610.4 600.8 0.9962
314.7 416.0 15.2 18.6 318.6 424.4 325.8 423.3 322.9 428.1 320.9 431.5 325.9 430.7 0.9959
231.0 581.1 16.8 18.7 235.1 587.1 243.0 586.9 239.0 591.2 236.1 595.1 242.1 595.0 0.9952
263.1 1209.8 30.6 34.7 272.0 1221.0 285.6 1220.6 279.4 1228.4 274.0 1235.2 284.6 1234.8 0.9948
125.1 1215.9 26.8 30.1 129.0 1224.6 136.7 1225.5 127.7 1231.0 128.6 1237.6 134.0 1237.9 0.9938
153.4 590.6 17.2 23.3 155.8 599.8 159.8 600.1 155.0 604.4 156.6 608.8 159.4 608.8 0.9935
933.0 688.4 18.8 20.2 938.7 695.5 947.3 695.5 943.3 699.5 939.5 703.4 946.3 703.4 0.9932
884.9 232.3 12.7 16.2 890.0 240.4 895.3 240.1 893.4 243.6 890.9 245.7 894.5 245.7 0.9912
504.9 693.5 19.7 19.8 509.3 700.1 518.6 700.6 513.1 703.8 509.7 708.3 516.4 708.7 0.9885
932.9 228.2 11.3 14.7 935.8 234.0 941.0 234.3 938.1 237.0 935.9 239.6 940.2 239.8 0.9862
182.2 224.3 9.1 11.4 184.2 228.9 188.5 228.9 186.3 231.2 184.8 233.3 188.2 233.3 0.9819
386.8 369.9 15.0 15.8 391.8 374.5 398.7 375.1 395.3 378.4 391.9 381.3 397.4 381.7 0.9803
585.7 214.0 9.9 12.4 589.4 218.4 593.8 218.5 592.1 221.1 589.7 223.5 593.1 223.6 0.9718
606.1 438.0 15.2 16.7 609.9 443.7 616.8 443.0 613.6 447.1 611.3 450.8 616.5 450.2 0.9698
628.5 206.7 11.1 12.2 631.7 210.6 636.5 210.8 634.0 213.3 632.1 215.8 635.9 215.9 0.9603
610.2 490.4 15.1 17.7 612.1 496.4 616.7 496.5 612.5 500.3 613.1 504.3 616.3 504.1 0.9599
438.9 305.3 12.4 13.3 441.6 309.2 447.5 309.2 444.3 312.1 442.1 315.1 446.9 315.1 0.9445
653.6 329.9 15.7 18.2 658.4 336.3 665.6 336.1 662.6 339.8 659.7 343.7 665.0 343.6 0.9275
433.1 276.7 10.4 11.3 436.6 280.0 441.4 279.9 439.4 282.5 437.2 285.0 441.1 284.9 0.8574
692.4 367.1 14.7 15.5 696.9 379.9 703.5 379.7 700.4 382.9 697.8 386.1 703.1 385.9 0.8389
70.2 372.6 14.2 16.1 695.8 371.8 702.7 372.2 698.6 375.1 695.8 378.1 701.5 378.4 0.8132
969.8 268.0 11.3 12.1 72.9 378.5 78.7 379.0 74.7 382.4 73.6 385.3 77.7 385.7 0.7826
0.0 423.1 12.2 19.0 972.7 271.7 978.1 271.9 975.2 274.7 972.9 277.3 977.1 277.5 0.7529
376.4 315.5 10.2 12.2 1.3 429.4 8.8 429.2 5.7 433.3 1.9 437.1 8.1 437.0 0.6474
889.9 786.9 21.9 22.8 683.4 288.0 686.6 288.4 683.7 290.8 683.6 293.2 685.9 293.4 0.6338
674.1 434.2 13.9 15.4 218.3 977.8 226.5 977.7 222.5 982.5 219.2 987.4 225.7 987.4 0.6287
176.0 38.4 7.5 8.9 634.3 384.0 640.5 384.0 638.1 387.6 635.0 390.9 639.7 391.0 0.5303
