14--Traffic/14_Traffic_Traffic_14_300.jpg
52
669.8 643.0 11.1 13.0 674.0 648.0 678.7 649.7 675.7 651.5 672.7 652.6 676.2 653.9 0.9997
680.7 672.5 11.7 13.3 683.6 677.6 688.6 677.7 685.9 680.8 684.1 682.7 688.1 682.7 0.9992
837.0 679.8 11.3 14.4 840.5 685.9 845.5 686.3 842.9 689.3 840.7 691.2 844.4 691.5 0.9987
703.6 743.1 11.1 14.6 706.8 749.1 711.9 749.2 709.4 752.4 707.3 754.5 711.4 754.5 0.9986
719.7 634.2 8.7 9.8 722.9 637.8 726.7 638.1 724.9 640.0 722.8 641.7 725.9 642.0 0.9978
688.2 413.7 9.1 12.0 690.4 418.8 694.4 418.8 692.4 421.0 690.9 423.0 694.2 422.9 0.9973
699.3 650.5 10.1 12.1 701.8 654.7 706.3 654.6 704.0 657.2 702.5 659.6 706.0 659.5 0.9964
517.7 701.7 12.6 13.4 521.3 706.5 526.9 706.9 523.8 709.6 521.4 711.5 526.0 711.9 0.9955
704.1 576.2 8.5 10.6 705.3 580.2 708.5 580.1 706.3 582.3 706.0 584.5 708.5 584.3 0.9947
744.7 538.4 8.4 10.3 747.4 542.4 751.2 542.6 749.3 544.5 747.5 546.3 750.6 546.4 0.9943
739.0 732.0 12.8 13.6 741.7 738.7 747.3 739.0 744.0 742.2 742.5 743.4 746.3 743.6 0.9943
798.3 741.0 10.7 13.4 805.4 746.0 807.7 745.6 807.7 749.0 804.7 751.3 806.1 751.2 0.9938
558.1 483.7 9.0 11.5 559.6 487.6 563.6 487.5 561.2 490.1 560.3 492.5 563.4 492.3 0.9934
740.0 591.2 9.0 10.5 742.6 595.2 746.5 594.8 744.9 597.0 743.5 599.2 746.6 598.9 0.9927
913.8 561.8 7.8 9.3 914.9 564.9 917.6 565.4 915.1 567.0 914.7 568.7 916.7 569.0 0.9901
906.1 324.2 7.3 8.9 908.3 327.9 911.5 327.7 910.2 329.6 909.0 331.3 911.4 331.1 0.9872
791.0 392.3 8.3 10.7 792.8 396.5 796.4 396.6 794.2 398.7 793.2 400.6 796.1 400.6 0.9869
961.8 719.9 8.5 12.8 962.9 724.7 964.2 724.9 961.8 727.5 963.2 730.0 963.9 730.0 0.9864
483.7 310.4 7.5 9.6 485.7 314.8 489.1 314.7 487.5 316.7 486.2 318.3 488.8 318.3 0.9853
757.8 510.2 9.7 11.6 759.7 514.3 764.2 514.1 761.8 516.8 760.3 519.0 763.9 518.9 0.9827
762.9 401.4 7.9 9.4 764.7 405.4 768.1 405.5 766.2 407.4 765.0 409.1 767.7 409.1 0.9825
860.4 290.0 7.0 9.0 861.8 293.4 864.9 293.2 863.1 295.1 862.4 296.8 864.8 296.7 0.9823
725.0 557.8 10.0 10.5 727.1 561.8 731.7 561.4 729.5 564.1 728.3 566.3 731.8 566.0 0.9815
14.3 214.9 7.2 9.5 15.8 218.3 19.1 218.5 17.1 220.3 15.9 222.1 18.6 222.2 0.9632
551.4 462.8 10.5 12.8 554.2 467.9 558.8 468.1 556.4 470.4 554.4 472.6 558.1 472.8 0.9587
923.5 675.3 10.7 10.9 925.2 680.9 928.3 679.8 926.8 682.8 927.9 684.7 929.8 683.7 0.9346
756.5 208.3 7.1 8.6 758.5 211.5 761.6 211.6 759.9 213.3 758.8 214.9 761.3 215.0 0.9325
772.8 249.0 7.3 8.5 775.2 251.7 778.6 251.7 777.0 253.5 775.4 255.4 778.1 255.5 0.9224
899.8 304.1 6.6 8.3 901.2 307.4 904.4 307.3 902.8 309.0 901.7 310.8 904.3 310.6 0.9217
872.5 253.7 6.6 8.2 874.6 257.0 877.7 257.3 876.1 258.7 874.5 260.1 877.0 260.3 0.8947
520.9 301.5 6.3 8.2 522.3 304.9 525.3 305.0 523.6 306.7 522.6 308.1 524.9 308.1 0.8940
760.3 443.3 7.6 9.9 761.5 447.0 764.9 447.0 762.8 449.0 762.0 450.9 764.7 450.8 0.8921
940.4 734.4 8.1 11.2 941.8 738.8 944.0 738.7 942.0 741.1 942.4 743.3 943.9 743.1 0.8862
808.9 504.8 8.2 10.6 810.1 509.2 812.6 509.4 810.3 511.4 810.4 513.4 812.2 513.4 0.8812
913.1 644.0 9.6 12.3 915.3 648.1 919.2 648.7 916.4 650.6 915.1 652.8 918.1 653.2 0.8770
772.6 206.0 6.7 7.3 774.4 208.7 777.6 209.0 775.8 210.5 774.4 211.8 776.8 212.0 0.8709
807.0 258.0 7.4 9.2 809.0 261.6 812.4 261.7 810.6 263.4 809.2 265.1 812.0 265.2 0.8526
872.6 371.7 7.2 9.0 875.6 375.6 878.2 375.2 877.6 377.1 876.3 378.9 878.3 378.7 0.8510
916.4 701.3 9.7 12.7 917.9 705.9 920.7 706.2 918.0 708.6 918.1 711.2 920.3 711.3 0.8273
628.8 504.1 8.0 9.2 630.7 508.6 634.0 508.5 632.3 510.6 631.4 512.1 633.9 511.9 0.7978
965.6 237.3 6.5 7.2 967.3 239.9 970.0 240.1 968.3 241.6 967.4 242.9 969.3 243.0 0.7903
727.0 537.0 8.6 9.2 729.7 540.4 733.4 540.5 731.6 542.5 730.0 544.2 732.9 544.3 0.7893
919.9 717.6 7.6 11.2 921.2 721.5 922.8 721.7 920.8 723.8 921.5 726.1 922.5 726.1 0.7853
956.9 590.5 9.7 12.6 959.2 595.8 964.0 595.7 961.6 598.3 959.8 600.7 963.6 600.6 0.7831
46.9 571.4 10.0 10.6 50.8 575.6 54.8 576.0 52.8 578.5 50.6 579.7 53.3 580.1 0.7669
800.2 351.8 7.9 9.7 802.1 355.2 805.8 355.2 803.9 357.1 802.6 359.1 805.5 359.0 0.7140
127.8 244.8 6.9 8.1 129.6 248.1 132.5 248.0 131.0 249.7 130.2 251.2 132.5 251.1 0.6772
920.5 238.0 6.1 7.6 922.3 241.1 925.1 241.0 923.9 242.7 922.7 244.2 924.9 244.1 0.6373
875.9 583.8 6.7 10.0 877.1 587.1 879.0 587.4 877.1 589.2 877.2 591.3 878.6 591.4 0.6355
787.4 242.1 7.0 9.1 789.4 245.6 792.8 245.8 791.1 247.5 789.6 249.2 792.3 249.3 0.6054
799.2 232.3 6.9 9.5 801.2 236.1 804.5 236.0 803.1 238.1 801.8 239.9 804.4 239.8 0.5666
687.2 437.1 6.8 7.5 689.0 439.7 692.3 439.8 690.6 441.5 689.1 443.1 691.7 443.2 0.5630
