14--Traffic/14_Traffic_Traffic_14_707.jpg
20
236.0 590.4 12.5 15.7 240.7 597.6 246.3 597.0 244.5 600.7 242.0 603.5 245.8 603.1 0.9986
258.3 565.3 12.1 15.4 260.0 571.9 261.8 572.7 259.3 576.0 262.4 578.0 263.1 578.5 0.9979
267.9 62.6 13.9 19.7 272.3 69.6 278.5 70.8 275.0 74.5 271.5 77.0 276.7 78.0 0.9975
290.3 536.6 8.8 12.4 294.8 541.7 296.7 540.9 297.5 543.5 296.4 546.4 297.6 545.9 0.9941
471.6 351.2 6.1 7.8 473.9 354.2 476.5 354.2 475.5 355.7 474.2 357.1 476.3 357.1 0.9881
104.7 576.7 11.1 12.7 106.5 581.8 111.0 582.3 107.9 585.3 107.3 587.2 110.2 587.5 0.9706
46.3 369.8 7.3 9.1 48.8 373.5 52.1 373.4 50.7 375.3 49.1 377.0 51.7 377.0 0.9467
196.1 517.3 9.9 11.4 200.4 521.4 204.0 520.7 203.1 523.8 201.3 526.3 203.8 525.8 0.9400
34.1 596.2 9.3 15.1 39.9 601.6 40.8 601.1 42.4 604.1 41.0 607.6 41.6 607.3 0.9154
191.2 535.9 11.2 11.8 197.9 540.3 201.0 541.1 199.8 543.9 196.7 545.4 198.5 546.1 0.8893
112.7 477.6 7.6 10.2 113.9 481.4 115.7 481.5 113.8 483.6 114.5 485.6 115.5 485.5 0.8640
43.3 469.8 6.4 10.7 79.4 604.1 82.1 604.8 79.3 607.6 80.2 610.0 82.1 610.3 0.8399
226.9 414.3 7.0 8.0 44.5 474.1 45.3 474.1 43.9 476.2 44.8 478.2 45.3 478.1 0.8381
487.4 353.1 6.5 7.8 230.3 417.9 232.5 418.0 231.8 419.6 230.3 420.9 231.9 421.0 0.8204
191.7 318.3 6.2 7.4 489.4 356.5 492.3 356.4 491.0 358.1 489.8 359.5 492.1 359.5 0.8100
492.0 309.2 4.8 5.6 193.3 321.1 196.1 321.4 194.5 322.8 193.3 324.3 195.5 324.5 0.8076
293.8 435.3 7.8 9.1 493.2 311.2 495.3 311.3 494.0 312.5 493.3 313.6 494.9 313.7 0.7686
68.0 366.0 6.3 7.8 297.2 438.6 299.8 439.0 298.6 440.9 296.9 442.5 298.6 442.9 0.7174
138.1 417.3 5.6 8.7 70.8 368.9 73.3 369.0 72.4 370.6 71.0 372.1 72.8 372.2 0.6846
186.5 414.6 6.3 7.9 139.3 420.5 140.3 420.7 138.9 422.2 139.4 423.8 140.1 423.8 0.5861
