14--Traffic/14_Traffic_Traffic_14_29.jpg
62
219.9 532.5 12.4 15.7 221.0 537.8 224.2 537.7 220.6 541.0 222.0 544.3 224.3 544.0 0.9998
993.3 608.4 11.5 15.7 995.2 614.9 996.8 615.3 994.9 618.7 997.8 620.9 998.7 621.0 0.9987
174.6 540.2 12.3 15.9 177.8 547.0 183.2 546.2 180.9 549.7 179.2 552.9 183.2 552.3 0.9985
171.8 569.2 10.1 14.3 177.4 575.2 180.6 574.9 180.5 577.8 178.1 580.7 180.2 580.6 0.9981
719.7 340.2 9.0 11.9 722.5 345.1 726.7 344.8 725.0 347.4 723.3 349.7 726.6 349.4 0.9980
761.2 399.5 10.2 12.8 766.3 404.5 770.0 404.3 769.3 406.9 766.8 409.3 769.6 409.3 0.9980
822.9 437.3 9.8 14.1 824.3 442.6 826.3 442.6 823.7 445.6 825.0 448.6 826.4 448.3 0.9976
54.6 333.8 9.3 12.4 56.2 338.7 59.5 338.8 56.9 341.2 56.6 343.4 59.1 343.4 0.9976
860.3 454.8 10.3 13.7 861.9 459.2 866.5 459.6 863.2 462.3 861.9 465.1 865.3 465.4 0.9975
285.6 353.8 9.2 12.5 288.0 358.9 292.4 358.8 290.3 361.3 288.7 363.7 291.9 363.6 0.9971
543.1 373.3 9.1 12.6 545.5 377.6 549.5 377.4 547.7 379.8 546.1 382.5 549.4 382.4 0.9969
281.1 395.0 10.4 11.8 283.9 399.2 289.0 398.8 287.0 400.9 285.0 403.7 289.0 403.4 0.9963
866.0 421.5 9.7 11.0 869.8 425.0 874.0 424.9 872.6 427.4 870.5 429.8 873.5 429.7 0.9962
183.3 207.9 6.0 8.6 187.1 211.2 188.3 210.9 188.8 212.6 187.5 214.3 188.3 214.2 0.9945
243.4 312.8 8.5 11.1 245.0 316.8 248.4 317.0 246.1 318.9 245.1 321.0 247.9 321.1 0.9942
484.0 227.1 7.2 9.0 485.8 230.8 489.0 230.9 487.2 232.4 485.9 234.0 488.6 234.1 0.9942
761.0 459.5 11.2 15.0 764.9 465.4 769.7 465.9 767.4 468.7 765.0 471.2 768.6 471.6 0.9941
294.1 450.8 9.0 12.6 295.5 456.0 297.0 455.7 295.3 458.5 296.8 461.0 297.7 460.6 0.9939
142.4 191.6 7.3 9.1 144.7 195.4 148.1 195.3 146.6 197.1 145.1 198.8 147.8 198.7 0.9908
727.6 133.3 6.4 8.4 730.5 136.8 732.8 136.7 732.3 138.4 730.9 139.9 732.7 139.9 0.9895
345.9 269.2 7.9 9.5 349.0 273.3 352.1 273.2 351.0 275.0 349.3 276.7 351.8 276.7 0.9860
211.2 259.7 7.8 9.7 212.7 263.8 216.3 263.6 214.3 265.7 213.3 267.5 216.2 267.3 0.9847
4.7 253.9 7.3 9.2 6.0 257.4 8.6 257.6 6.6 259.2 6.1 260.9 8.2 261.0 0.9809
852.2 344.4 8.2 11.9 857.2 349.2 858.7 348.9 859.0 351.3 857.5 353.7 858.5 353.6 0.9796
100.7 335.2 8.9 10.8 103.1 339.8 107.3 339.3 105.6 341.7 104.3 343.8 107.3 343.4 0.9767
11.4 228.5 7.7 10.0 13.3 232.2 16.9 232.3 15.0 234.2 13.5 236.1 16.4 236.2 0.9695
365.9 251.0 6.9 8.7 367.9 253.9 371.0 254.1 369.4 255.7 368.0 257.3 370.5 257.4 0.9632
467.2 515.7 12.1 15.9 470.2 522.6 475.3 522.6 472.7 526.0 471.2 528.8 474.8 528.8 0.9564
426.3 182.3 7.1 8.8 428.4 185.9 431.4 186.1 429.8 187.7 428.5 189.2 430.9 189.3 0.9525
379.6 456.1 9.8 12.4 382.8 460.5 387.4 460.7 385.3 463.1 383.1 465.6 386.6 465.7 0.9515
601.9 195.0 7.1 8.3 603.6 198.2 606.9 198.2 605.2 199.8 604.0 201.5 606.7 201.4 0.9505
23.3 602.8 10.5 12.3 26.0 607.2 30.8 606.9 28.6 609.6 26.9 612.2 30.7 611.9 0.9492
603.5 439.9 9.2 11.5 604.9 444.0 608.6 443.9 606.1 446.4 605.6 448.8 608.4 448.7 0.9366
937.8 352.3 7.0 10.5 942.0 356.5 943.5 356.5 943.5 358.7 941.9 360.5 942.9 360.6 0.9363
910.0 260.0 7.8 9.1 912.9 263.6 916.1 263.4 914.8 265.5 913.5 267.3 915.8 267.2 0.9260
324.7 344.3 10.1 11.4 327.4 348.4 332.1 348.1 329.9 351.0 328.2 353.3 331.8 353.0 0.9255
167.9 482.3 11.6 13.9 169.7 488.4 173.5 487.5 171.4 491.3 172.3 494.1 174.9 493.3 0.8996
969.1 183.9 6.9 8.6 970.9 187.3 973.9 187.4 972.2 189.1 971.1 190.6 973.4 190.7 0.8960
228.5 147.8 6.2 7.3 230.2 150.7 233.0 150.6 231.6 152.1 230.6 153.6 232.8 153.5 0.8813
713.3 189.3 7.0 9.0 714.9 192.9 717.6 192.7 716.1 194.6 715.6 196.6 717.7 196.3 0.8786
655.1 490.9 10.1 12.7 657.2 495.5 661.8 495.4 659.3 498.0 657.8 500.6 661.5 500.5 0.8635
321.4 255.7 7.6 9.4 324.6 259.2 327.8 259.2 326.8 261.3 325.0 263.2 327.3 263.2 0.8595
982.6 182.0 7.0 8.5 984.9 185.5 987.8 185.5 986.5 187.1 985.1 188.6 987.4 188.6 0.8543
720.3 563.8 12.6 14.9 723.0 568.7 729.3 568.2 726.3 571.3 724.3 574.9 729.4 574.5 0.8385
519.7 242.5 7.0 8.8 522.5 246.2 525.4 246.4 524.1 248.2 522.6 249.5 524.7 249.7 0.8315
700.8 149.3 7.1 9.1 704.0 152.7 706.8 152.8 705.9 154.9 704.1 156.7 706.2 156.9 0.8151
1003.2 166.6 7.4 8.6 1006.1 170.0 1009.1 170.0 1008.0 171.7 1006.3 173.3 1008.7 173.3 0.8095
376.4 268.1 8.8 10.8 378.0 273.0 382.5 272.4 380.4 275.1 379.2 277.3 382.5 276.8 0.7849
1002.5 58.7 11.9 15.2 1004.5 63.2 1009.1 63.7 1005.4 66.8 1004.5 70.1 1008.0 70.4 0.7525
780.9 170.9 9.9 13.3 782.8 177.2 786.6 178.1 783.7 180.4 782.4 182.1 784.9 182.7 0.7496
201.4 131.1 5.8 7.1 202.8 133.8 205.4 133.9 204.0 135.3 202.9 136.6 205.0 136.7 0.7474
173.9 373.1 8.8 11.5 176.6 377.6 180.1 377.4 178.5 379.8 177.3 382.3 180.0 382.2 0.7425
497.6 498.9 10.7 14.3 501.5 504.6 506.2 504.9 504.1 507.8 501.7 510.2 505.2 510.4 0.7421
264.1 141.5 6.2 7.4 266.9 144.4 269.1 144.1 268.6 145.7 267.5 147.3 269.1 147.1 0.7186
29.1 464.4 11.2 12.4 30.4 468.6 35.5 469.0 31.9 471.6 30.8 474.2 34.4 474.4 0.7100
237.5 485.4 11.1 13.5 239.3 490.4 244.3 490.4 241.4 493.4 240.0 496.1 243.7 496.1 0.6664
567.6 365.8 9.0 11.1 572.2 369.9 574.8 369.4 574.6 372.1 572.9 374.4 574.8 374.1 0.6491
422.5 453.3 10.8 12.8 424.5 458.2 428.5 458.1 425.8 461.1 425.3 463.5 428.1 463.4 0.6061
760.2 172.5 7.0 8.3 761.5 175.6 763.8 175.9 761.7 177.6 761.6 179.3 763.2 179.4 0.5594
231.2 95.0 6.8 8.9 232.2 98.7 234.4 98.6 232.6 100.5 232.9 102.2 234.4 102.0 0.5439
860.7 163.5 6.7 7.6 862.3 166.1 865.6 165.9 864.0 167.8 862.9 169.6 865.4 169.4 0.5257
968.2 102.4 6.6 7.5 970.9 105.4 973.5 105.2 972.6 107.0 971.3 108.6 973.2 108.5 0.5135
