14--Traffic/14_Traffic_Traffic_14_290.jpg
19
373.0 555.1 35.0 48.5 389.0 574.6 403.4 574.5 399.2 584.7 389.7 592.6 400.8 592.8 0.9993
428.3 582.1 32.3 42.7 440.4 600.9 455.3 599.9 450.6 609.0 443.3 616.5 454.4 615.8 0.9993
976.4 513.4 22.8 34.6 980.7 525.0 982.1 525.7 976.6 532.3 981.6 539.4 982.4 539.5 0.9991
568.8 413.4 14.7 16.7 572.8 418.9 579.4 419.0 576.0 423.2 573.7 426.2 578.4 426.3 0.9988
621.1 436.7 18.6 24.7 623.9 446.7 631.8 446.2 626.9 451.9 625.6 456.1 631.8 455.6 0.9988
417.4 375.1 13.2 14.7 420.6 379.4 426.3 380.7 422.4 383.0 420.0 385.3 424.5 386.3 0.9987
814.8 340.7 9.8 13.1 817.3 345.9 821.9 346.1 819.4 348.5 817.7 350.8 821.2 350.9 0.9984
117.6 549.4 30.7 31.0 124.1 559.5 137.7 559.9 129.6 567.2 125.5 572.8 135.5 573.2 0.9983
852.9 346.7 8.9 11.2 856.4 351.4 859.8 351.1 858.8 353.2 857.1 355.3 859.9 355.1 0.9981
872.0 348.0 8.9 10.7 873.8 351.7 877.3 351.8 875.0 353.8 874.1 355.9 876.9 356.0 0.9948
587.4 451.5 15.4 21.4 591.3 459.2 599.2 458.6 595.7 463.0 592.5 467.4 599.3 466.9 0.9946
346.0 559.0 29.1 41.2 352.3 576.3 366.1 575.6 359.3 585.4 355.4 592.6 365.2 592.0 0.9940
611.8 362.0 10.6 12.0 614.7 365.4 619.9 365.7 617.1 368.4 614.9 370.8 618.9 371.1 0.9938
487.5 330.7 9.5 10.8 490.4 335.2 494.6 334.9 492.8 337.5 491.3 339.6 494.5 339.4 0.9862
438.5 377.6 9.6 15.6 440.5 383.1 441.4 383.5 439.4 386.5 441.0 389.3 441.8 389.5 0.9782
372.1 363.5 9.2 14.5 373.6 368.9 375.5 369.4 372.7 371.7 373.4 374.5 374.7 374.7 0.9705
585.8 339.8 8.8 11.3 588.3 344.0 592.4 344.1 590.3 346.3 588.5 348.4 591.8 348.5 0.9569
604.0 345.9 6.9 9.7 605.0 349.1 606.9 349.5 604.8 351.3 604.9 353.4 606.4 353.6 0.9044
96.9 64.3 10.1 12.8 102.5 69.6 105.3 69.5 105.1 72.7 102.9 75.0 104.5 75.1 0.8546
