38--Tennis/38_Tennis_Tennis_38_120.jpg
13
960.4 382.7 47.6 67.6 980.9 413.6 1001.1 411.7 996.5 425.2 984.2 436.3 999.6 435.2 0.9997
514.3 257.2 94.9 125.3 570.6 307.3 599.0 311.2 595.9 337.0 564.1 354.3 582.9 358.2 0.9997
496.1 141.0 35.5 52.7 501.1 163.5 506.0 163.5 499.3 175.3 508.6 181.1 513.5 180.4 0.9995
852.9 290.1 44.2 53.7 857.7 309.1 874.7 308.4 861.3 322.0 863.8 331.4 876.2 330.3 0.9994
732.6 280.8 43.9 56.9 740.0 299.4 757.3 305.4 740.1 311.8 736.6 321.1 749.9 325.4 0.9993
368.3 150.8 39.5 58.3 374.8 176.5 392.0 174.6 382.1 186.9 379.9 197.0 392.9 195.4 0.9988
35.3 130.6 32.5 42.9 38.9 148.5 45.5 150.3 37.6 158.7 43.2 164.7 47.6 165.5 0.9984
191.9 132.5 42.9 56.6 214.2 155.3 229.0 155.9 224.6 168.3 211.1 174.9 223.9 175.9 0.9979
216.2 219.7 41.5 52.2 226.2 242.0 245.2 241.3 235.7 253.6 229.8 261.3 244.4 260.6 0.9979
97.1 191.2 41.6 58.4 120.2 213.8 132.7 215.2 129.9 226.8 117.0 234.8 126.9 236.3 0.9970
511.9 528.0 46.8 71.5 524.8 557.0 546.5 556.9 535.5 572.0 526.0 581.3 543.8 581.4 0.9960
394.4 224.7 50.6 44.8 415.6 244.3 432.9 249.3 421.8 258.3 409.1 259.4 421.5 263.6 0.9762
204.5 62.9 20.5 22.8 213.4 70.9 222.2 70.2 219.8 75.8 215.0 80.8 221.4 80.5 0.9209
