32--Worker_Laborer/32_Worker_Laborer_Worker_Laborer_32_477.jpg
10
146.1 136.2 38.5 50.3 154.2 158.2 172.1 157.8 162.2 167.8 156.3 175.5 170.8 175.2 0.9997
433.7 140.2 45.5 55.1 444.3 159.7 466.1 159.0 454.8 170.3 446.8 180.6 464.7 180.0 0.9996
642.3 150.4 46.5 48.9 651.1 169.8 671.3 167.9 660.2 181.4 656.8 190.0 670.9 188.4 0.9995
241.8 122.9 39.5 48.7 250.2 141.5 266.7 140.2 257.2 149.9 253.4 160.2 265.5 159.0 0.9993
846.0 151.7 44.0 53.3 855.5 173.9 875.6 173.4 864.8 183.8 858.8 192.9 873.8 192.4 0.9992
583.6 169.2 49.9 56.1 594.2 190.1 617.3 190.2 604.0 202.8 597.0 212.5 613.9 212.5 0.9992
901.1 149.6 53.2 60.8 913.1 174.3 938.0 175.3 923.1 188.6 913.9 195.3 934.6 196.0 0.9991
579.6 127.7 41.9 45.3 588.2 141.4 606.5 143.1 594.3 152.1 588.4 160.7 601.6 162.1 0.9916
214.6 106.8 18.1 22.6 224.5 114.5 230.0 114.4 229.5 119.6 225.0 124.2 228.7 124.4 0.9223
26.0 130.2 32.3 46.0 46.4 147.3 54.0 146.7 53.8 155.7 45.0 164.1 51.1 164.1 0.8643
