32--Worker_Laborer/32_Worker_Laborer_Worker_Laborer_32_104.jpg
12
335.9 168.3 35.4 46.8 339.9 185.6 346.4 184.1 337.6 195.0 345.4 204.3 349.7 202.6 0.9997
610.3 78.6 53.8 70.4 617.1 109.4 636.0 103.6 623.6 121.7 626.6 135.9 640.0 131.3 0.9997
257.0 190.5 30.7 41.1 261.0 204.1 268.2 203.3 258.1 210.7 260.9 220.5 266.8 219.5 0.9995
184.3 224.2 29.7 33.3 187.5 234.9 198.7 234.7 189.8 242.0 189.5 248.9 197.8 248.5 0.9994
449.6 185.2 36.4 43.7 454.7 199.5 463.8 201.0 454.8 209.5 457.5 216.9 464.1 217.7 0.9991
776.2 233.5 29.7 33.0 780.5 247.0 791.1 244.7 785.3 254.1 786.7 260.2 794.1 258.2 0.9989
829.5 171.6 40.2 44.1 838.2 189.0 855.1 187.6 845.9 198.5 842.2 206.0 854.3 204.8 0.9988
1005.4 249.7 18.3 29.9 1012.8 261.2 1025.6 260.2 1019.3 267.2 1015.2 272.8 1024.7 272.0 0.9957
64.9 239.0 23.0 21.0 70.0 250.8 73.8 248.7 72.8 255.0 77.5 257.2 79.3 255.5 0.9914
518.4 213.4 28.3 33.0 523.6 221.9 533.1 222.9 525.0 227.9 522.7 235.4 530.4 236.1 0.9867
426.4 227.8 24.2 29.5 429.7 236.7 439.8 236.9 432.7 244.2 431.2 250.3 438.4 250.2 0.9862
171.6 233.1 21.9 26.3 179.4 241.0 187.4 240.9 183.5 246.4 181.3 251.4 187.6 251.4 0.6860
