32--Worker_Laborer/32_Worker_Laborer_Worker_Laborer_32_901.jpg
9
103.7 394.1 118.6 157.9 171.1 454.3 198.3 447.2 218.1 467.5 197.0 511.9 215.5 506.5 0.9999
383.0 439.4 38.7 54.8 408.5 461.4 415.5 459.3 421.1 469.3 412.5 480.8 417.5 479.7 0.9998
808.6 116.4 30.2 44.2 827.5 135.1 835.0 134.4 836.9 142.6 828.8 150.5 834.2 150.6 0.9997
238.8 41.5 102.6 120.8 253.5 94.7 296.4 86.5 269.6 114.1 264.4 132.3 304.8 125.7 0.9997
609.2 438.9 78.1 107.8 640.7 480.4 674.6 482.6 663.0 498.1 641.0 516.6 671.9 518.2 0.9996
694.4 171.2 31.3 44.1 711.9 187.2 718.9 185.0 723.7 192.6 717.7 203.7 722.8 202.4 0.9995
807.5 471.4 50.6 65.9 822.5 491.7 846.8 493.2 834.8 508.0 821.3 516.5 843.8 517.9 0.9994
843.2 126.7 22.5 31.4 856.8 140.8 862.9 139.8 864.1 145.6 858.0 151.4 862.2 150.8 0.9989
458.5 423.6 31.4 44.9 480.3 440.2 486.2 441.1 488.7 449.1 479.2 457.2 482.9 458.3 0.9986
