51--Dresses/51_Dresses_wearingdress_51_982.jpg
13
447.6 119.2 72.7 89.6 493.9 154.5 512.2 155.5 510.1 176.9 484.6 188.4 497.7 190.4 0.9997
666.9 133.6 148.7 202.4 706.4 211.2 778.4 207.6 745.7 251.5 709.5 278.4 779.9 275.1 0.9996
209.0 11.7 89.2 127.7 267.6 64.0 285.7 62.6 297.8 83.1 275.0 109.5 287.6 108.8 0.9995
91.6 33.7 76.1 116.5 124.9 82.0 156.4 80.6 149.8 99.8 133.7 124.5 156.9 123.0 0.9982
593.9 100.8 45.4 71.8 623.8 127.8 629.9 126.3 636.5 138.7 627.4 154.7 632.0 154.1 0.9978
499.7 29.8 40.6 50.2 515.5 47.2 533.4 47.2 527.0 56.4 518.4 67.1 531.7 67.2 0.9972
396.9 18.7 38.1 54.1 412.5 39.2 428.8 38.5 424.8 47.6 416.0 59.6 428.3 59.2 0.9966
845.4 47.0 45.3 75.2 874.9 74.8 881.7 73.7 889.7 86.9 877.9 102.8 883.0 102.7 0.9958
0.0 10.4 49.4 105.8 -1.2 51.4 29.7 46.8 20.9 64.7 9.6 90.4 34.0 86.6 0.9955
904.3 104.4 46.7 68.5 931.5 135.5 946.7 134.3 945.1 149.8 930.7 160.7 940.3 160.3 0.9948
753.7 18.0 39.7 51.8 774.4 37.4 783.1 35.2 786.8 43.9 781.7 55.9 787.8 54.4 0.9877
268.8 0.0 44.1 54.7 289.0 14.3 307.1 13.9 302.8 25.4 292.5 38.7 306.4 38.6 0.9862
281.9 109.7 51.2 80.4 305.2 135.1 324.3 134.9 322.5 150.0 310.5 169.1 324.6 169.3 0.9492
