51--Dresses/51_Dresses_wearingdress_51_392.jpg
9
412.1 147.4 98.7 132.6 422.1 195.1 459.5 200.8 424.9 225.5 424.8 243.5 456.9 247.5 0.9998
165.3 200.8 52.5 69.8 184.3 227.2 207.0 231.3 195.1 245.0 179.5 250.0 199.5 253.6 0.9996
368.6 210.2 48.8 71.3 396.4 241.8 409.5 237.6 413.1 249.9 401.2 264.6 412.1 262.0 0.9989
209.5 255.9 51.2 75.0 215.0 288.4 222.8 286.4 213.2 304.7 226.4 317.2 230.7 314.8 0.9987
978.8 149.3 44.2 130.8 995.1 197.5 1000.9 200.4 978.6 223.1 994.1 247.2 999.2 248.2 0.9979
404.5 79.1 42.2 54.2 408.8 100.2 425.8 99.1 412.8 109.0 410.8 120.6 423.5 119.7 0.9977
298.2 106.9 41.1 49.2 307.5 122.0 327.1 121.1 317.2 132.9 310.5 143.2 326.0 142.6 0.9722
123.2 91.6 39.7 53.2 139.3 113.3 157.4 112.1 152.4 123.1 143.7 134.1 156.5 133.3 0.9661
0.0 36.3 23.8 54.0 -8.5 54.0 13.4 54.6 2.6 65.1 -6.7 76.2 10.3 76.7 0.9454
