51--Dresses/51_Dresses_wearingdress_51_788.jpg
11
738.7 113.9 26.7 31.7 745.4 124.6 757.7 126.3 749.9 130.1 744.5 136.7 754.2 138.1 0.9997
16.7 138.5 32.6 39.4 20.2 156.6 31.7 154.0 24.1 162.3 25.8 170.1 34.4 167.8 0.9992
425.7 151.6 41.9 51.3 432.1 168.6 448.6 168.2 436.7 178.9 434.1 190.0 445.4 189.7 0.9980
296.7 146.5 28.9 40.7 305.3 163.1 318.5 163.1 312.2 170.3 305.9 177.6 317.4 177.7 0.9973
268.6 129.4 21.7 30.8 276.6 142.5 286.6 142.4 282.7 147.8 277.5 153.0 285.8 153.0 0.9963
145.7 178.6 21.9 26.5 160.3 188.7 163.8 187.2 167.7 192.5 163.3 198.9 165.3 198.1 0.9962
530.3 150.6 22.9 30.6 534.2 159.9 538.1 160.6 531.4 165.8 533.4 172.7 536.0 173.1 0.9955
502.3 137.0 20.2 24.6 505.7 145.4 514.2 144.3 509.5 149.7 507.6 155.2 514.2 154.3 0.9833
356.2 144.0 18.2 22.4 369.1 152.0 371.9 151.7 373.3 156.9 368.6 161.2 370.3 161.3 0.9820
640.9 136.4 20.5 29.5 642.5 147.0 646.9 146.4 642.5 153.7 646.4 159.6 649.5 158.7 0.9254
485.5 140.2 13.9 20.5 493.6 147.5 496.5 146.7 497.1 151.8 495.1 156.1 497.2 155.7 0.8285
