51--Dresses/51_Dresses_wearingdress_51_629.jpg
14
649.8 44.1 64.3 88.3 667.7 80.2 698.5 80.6 683.1 99.6 667.8 108.4 695.8 108.7 0.9998
374.2 44.6 63.1 89.8 391.5 81.1 421.2 83.7 405.1 100.2 391.2 110.4 416.9 112.4 0.9997
135.9 50.4 61.7 84.1 161.3 85.1 187.3 86.9 177.5 104.5 157.3 111.2 181.1 113.2 0.9997
279.6 117.3 37.8 52.1 288.7 139.4 306.7 140.9 296.3 150.6 289.0 157.0 303.7 158.2 0.9997
873.5 47.2 59.2 79.6 894.0 74.8 920.5 78.1 907.6 94.7 890.6 101.7 915.9 104.7 0.9996
520.9 122.3 38.6 51.7 534.2 143.2 551.7 142.4 544.6 153.7 536.4 162.1 550.2 161.6 0.9992
229.0 129.0 25.4 35.5 233.1 143.3 241.6 144.4 234.1 150.5 233.6 156.7 239.4 157.3 0.9951
349.5 139.4 21.1 26.2 352.9 150.7 361.1 151.0 355.2 156.2 354.2 160.2 359.7 160.4 0.9644
998.1 174.9 8.7 11.6 1000.8 179.3 1004.6 179.3 1002.9 181.6 1001.1 183.8 1004.2 183.8 0.9501
1011.2 172.9 8.1 10.6 1013.1 176.7 1016.9 176.9 1014.6 179.0 1013.2 181.1 1016.2 181.3 0.9233
561.9 102.3 18.1 23.2 570.9 112.3 577.5 113.2 575.0 117.5 570.6 121.0 575.0 121.8 0.8949
805.4 153.8 10.6 14.0 807.4 158.3 811.8 158.8 808.6 161.6 807.3 164.3 810.6 164.6 0.8640
982.5 175.1 9.0 12.7 984.3 180.0 987.8 180.2 985.5 182.6 984.6 184.9 987.3 185.0 0.8510
335.1 139.9 16.0 17.5 341.4 145.4 348.6 146.4 345.1 149.4 340.9 152.9 346.6 153.7 0.7652
