51--Dresses/51_Dresses_wearingdress_51_917.jpg
13
608.9 268.1 58.7 80.3 613.8 301.8 630.5 299.9 610.9 313.7 616.8 329.1 630.5 327.3 0.9998
807.5 205.4 63.4 80.3 813.1 236.8 834.1 232.4 812.4 247.1 815.5 265.6 833.7 261.8 0.9996
421.9 298.2 57.9 72.2 446.1 324.6 471.2 325.9 464.0 337.4 447.3 350.4 469.8 351.4 0.9996
889.3 129.9 82.5 104.4 897.1 177.1 922.7 169.9 900.0 193.0 907.6 213.6 926.3 207.3 0.9996
324.6 348.5 49.9 58.3 332.0 369.7 353.9 366.2 340.6 378.0 336.6 392.1 354.4 389.2 0.9996
187.3 369.6 33.1 40.3 191.2 381.7 202.7 382.3 190.7 388.8 190.8 398.2 199.8 398.4 0.9995
285.0 331.5 33.9 50.6 289.8 350.5 298.7 349.6 286.5 356.8 289.3 369.4 296.1 368.4 0.9994
99.0 386.6 39.1 43.5 104.9 402.9 122.4 402.2 111.0 410.2 106.4 418.4 121.3 417.9 0.9993
766.6 233.6 49.6 73.1 773.7 262.5 788.9 259.0 772.3 271.7 775.2 289.2 786.6 286.1 0.9990
55.9 434.9 23.9 31.7 70.6 448.1 76.7 447.8 77.3 453.3 70.5 458.8 75.4 458.8 0.9986
242.2 380.5 30.7 38.8 247.1 392.4 251.7 392.9 244.2 400.9 248.7 409.1 252.0 409.1 0.9980
156.2 417.2 22.2 26.2 161.4 427.2 171.1 426.0 166.7 432.0 164.1 437.8 171.6 436.8 0.9066
23.0 407.5 15.2 20.1 28.0 414.3 33.0 415.2 30.1 419.5 27.4 422.8 31.0 423.5 0.5557
