51--Dresses/51_Dresses_wearingdress_51_937.jpg
15
833.7 403.0 50.2 65.4 842.9 428.7 865.9 430.2 850.8 440.5 843.7 452.9 861.0 454.0 0.9995
177.5 261.4 30.1 44.8 183.1 278.3 197.7 280.6 187.8 287.8 183.2 295.6 193.9 297.3 0.9994
205.1 252.2 36.1 49.0 210.2 269.6 221.5 271.1 210.5 279.3 210.3 288.6 219.0 289.2 0.9993
960.5 445.1 54.2 69.4 974.1 473.1 997.5 476.2 982.8 486.6 973.7 497.1 991.5 499.6 0.9993
916.9 426.4 44.6 58.0 932.2 448.9 952.6 450.4 943.4 461.4 933.2 470.3 949.0 471.6 0.9992
631.5 231.4 33.0 40.7 642.7 248.5 656.2 246.3 651.6 254.4 646.1 262.5 657.0 260.9 0.9991
802.2 258.9 34.3 42.6 809.4 275.8 824.1 275.0 815.7 283.5 811.9 292.1 822.6 291.4 0.9978
710.4 390.1 58.0 75.0 731.8 414.1 755.1 421.3 741.3 431.2 727.6 442.4 744.8 448.2 0.9961
356.3 139.0 34.6 50.9 362.0 165.4 368.5 165.4 361.7 176.4 367.8 180.9 372.8 180.3 0.9954
952.5 192.2 37.4 41.0 962.8 204.5 976.5 212.6 962.7 214.1 955.1 219.1 965.2 225.4 0.9936
231.1 358.8 58.1 73.9 256.2 381.2 280.1 381.4 273.1 391.9 259.1 409.6 278.3 409.8 0.9846
0.0 241.9 24.2 35.0 4.0 248.7 11.1 254.1 -0.5 254.4 -5.8 261.5 -1.2 265.8 0.9813
630.4 338.3 40.7 53.8 638.9 359.0 658.1 361.2 646.2 371.0 639.6 379.2 654.2 380.8 0.9513
1002.2 391.6 20.1 43.5 1016.1 405.0 1035.0 405.3 1026.0 413.7 1017.1 423.3 1031.5 423.6 0.9174
97.8 355.8 28.6 37.6 103.1 370.2 116.0 370.9 107.5 378.5 103.8 386.2 114.0 386.5 0.8773
