51--Dresses/51_Dresses_wearingdress_51_1003.jpg
12
449.7 233.2 115.9 154.6 494.3 299.7 546.0 293.8 533.0 325.9 505.5 354.5 546.8 349.3 0.9995
224.0 378.2 43.4 55.6 236.4 396.2 257.2 396.8 247.0 407.7 236.8 417.0 255.1 417.5 0.9994
323.5 363.2 20.6 26.5 326.9 373.4 335.6 373.4 329.9 378.8 328.1 383.4 335.1 383.3 0.9994
695.5 353.1 44.5 59.9 706.0 376.3 726.6 376.8 715.4 387.1 707.9 398.3 724.0 398.7 0.9993
103.1 383.7 14.3 18.4 107.7 391.5 114.2 391.0 111.7 394.7 109.0 398.2 114.0 397.9 0.9977
6.3 330.8 39.4 58.1 22.3 352.3 39.0 350.9 34.8 362.3 26.6 375.2 38.8 374.3 0.9973
376.3 376.4 17.4 23.4 381.6 384.7 389.7 384.8 385.9 389.9 382.1 394.1 388.7 394.2 0.9956
259.7 374.5 29.8 40.6 272.4 392.0 283.9 392.1 280.3 399.9 274.1 406.6 282.5 406.7 0.9931
972.1 313.2 51.2 113.7 1009.6 355.8 1034.4 353.5 1029.1 373.5 1013.5 395.5 1032.9 393.9 0.9135
858.6 324.5 33.1 47.8 882.2 341.6 887.7 340.6 890.4 351.8 881.0 361.3 884.6 361.2 0.8325
884.8 328.8 42.7 67.9 898.8 346.6 899.4 348.6 887.4 357.0 891.4 375.0 892.3 375.6 0.7261
551.4 352.1 19.7 36.3 84.8 381.7 88.8 381.8 86.3 384.6 85.2 387.4 88.3 387.5 0.5850
