51--Dresses/51_Dresses_wearingdress_51_1002.jpg
11
333.7 217.2 36.7 44.6 347.8 233.8 364.7 234.8 358.6 241.6 348.2 248.7 363.3 249.5 0.9998
169.4 183.3 52.8 76.1 212.7 212.0 213.8 210.7 222.3 230.0 201.2 240.5 202.0 240.8 0.9997
581.0 207.5 38.5 45.8 589.6 225.4 608.4 225.4 598.4 234.6 591.1 241.6 607.2 241.5 0.9996
979.3 146.9 44.4 59.3 1013.3 165.9 1024.4 164.0 1027.8 177.5 1007.1 188.1 1016.7 188.1 0.9995
466.2 225.8 43.0 58.4 494.0 249.6 504.4 246.8 508.8 258.6 495.6 270.5 503.2 268.9 0.9995
406.7 232.6 20.0 24.6 412.9 241.9 422.5 241.6 418.8 245.3 414.1 250.5 422.6 250.3 0.9995
213.4 257.9 21.8 27.2 221.2 269.2 231.4 269.0 227.5 273.7 222.4 279.0 230.3 278.9 0.9992
25.5 209.3 40.7 61.5 56.2 230.8 57.6 230.7 65.8 242.4 56.8 254.9 57.4 255.4 0.9992
253.9 254.6 19.1 23.4 260.8 264.0 269.7 263.6 266.4 268.9 262.4 273.2 268.7 273.0 0.9990
697.5 225.2 19.8 22.4 703.0 234.0 711.2 234.7 706.6 239.5 703.8 242.9 709.5 243.3 0.9918
710.8 145.7 49.9 87.2 720.1 178.9 718.8 177.0 721.1 198.1 735.3 213.9 734.3 212.8 0.9785
