51--Dresses/51_Dresses_wearingdress_51_313.jpg
12
765.1 248.2 71.9 92.3 781.2 289.1 814.3 281.1 801.4 308.0 791.3 318.5 821.9 311.4 0.9997
225.5 233.4 87.0 102.8 243.2 271.6 281.9 264.7 261.7 284.3 252.3 309.2 284.3 303.5 0.9996
809.2 689.1 83.3 117.8 828.0 733.8 867.1 729.8 847.3 755.5 836.9 780.1 865.9 776.7 0.9992
267.5 770.6 68.0 88.9 284.6 805.2 318.0 805.6 300.6 825.2 288.9 840.8 312.9 841.1 0.9989
100.5 288.4 13.9 16.8 104.4 294.1 111.0 294.3 107.7 297.7 104.8 301.1 110.1 301.3 0.9712
694.8 730.6 14.7 17.8 701.4 737.6 706.6 737.2 705.4 741.0 702.5 744.6 706.4 744.4 0.9551
5.2 300.1 18.5 21.8 15.8 309.9 22.3 309.8 20.6 315.4 15.6 318.5 19.7 318.6 0.9535
939.4 709.1 26.8 35.4 955.4 721.1 957.2 718.3 963.5 723.9 963.0 734.3 964.0 732.4 0.8897
587.7 287.7 16.2 20.5 590.2 295.7 594.3 295.4 590.9 300.5 592.2 304.3 594.9 303.9 0.8849
164.6 826.0 11.6 15.1 166.3 831.8 170.1 832.0 166.6 835.3 166.8 838.4 169.5 838.4 0.7795
621.0 743.6 13.1 16.0 626.8 749.7 631.0 749.5 630.0 753.2 627.5 756.3 630.4 756.3 0.6788
658.3 744.5 11.6 13.1 662.8 750.1 667.2 749.5 665.9 753.0 664.2 755.7 667.3 755.3 0.5364
