51--Dresses/51_Dresses_wearingdress_51_485.jpg
13
512.2 152.2 56.3 71.6 518.4 178.0 541.6 181.7 522.7 198.0 522.4 207.1 539.0 209.6 0.9997
783.8 66.0 54.9 71.2 791.0 93.1 814.5 94.0 796.6 106.6 792.1 119.0 811.7 119.5 0.9997
918.6 184.0 52.7 66.5 928.4 206.4 952.4 208.6 936.2 223.5 929.2 233.8 947.0 235.7 0.9996
434.6 90.5 57.2 68.1 440.6 114.0 459.6 115.1 442.9 129.6 445.6 141.8 459.2 142.4 0.9996
348.3 74.7 58.0 73.4 356.6 103.4 380.2 104.5 363.7 121.9 360.6 132.7 377.2 133.7 0.9996
79.1 196.3 52.0 70.0 84.7 227.0 107.1 226.0 91.2 242.2 90.3 252.6 107.0 251.6 0.9996
9.1 153.2 52.5 67.9 17.6 177.4 40.9 175.7 25.9 189.3 20.4 201.4 42.3 199.7 0.9995
651.1 8.3 56.4 73.5 657.2 35.2 679.8 36.3 659.5 48.1 656.7 63.5 673.8 64.6 0.9995
15.4 0.0 52.9 53.2 23.9 12.4 46.4 15.1 29.0 23.7 23.1 36.3 39.4 38.7 0.9994
761.8 0.0 46.2 59.1 775.4 20.8 798.2 25.8 785.3 35.8 771.9 41.9 791.5 46.0 0.9993
852.4 142.3 55.3 68.1 863.3 170.4 887.9 172.5 871.7 185.6 865.0 195.7 882.5 197.3 0.9990
298.8 13.9 47.3 78.3 313.3 39.9 324.3 43.7 309.0 53.5 307.9 69.4 316.0 71.8 0.9989
291.8 0.0 43.5 61.0 306.6 20.6 327.7 22.5 317.6 36.4 306.2 47.0 321.9 48.6 0.9518
