51--Dresses/51_Dresses_wearingdress_51_944.jpg
17
522.7 112.8 87.4 123.5 544.6 159.7 584.8 161.7 562.1 183.5 546.7 204.1 578.3 205.7 0.9998
394.0 170.3 90.3 125.7 430.9 224.2 471.3 223.0 458.2 252.8 431.0 266.5 464.0 266.2 0.9998
900.2 65.2 40.6 47.7 906.9 81.6 921.7 88.7 906.2 95.5 903.6 100.2 913.7 105.4 0.9997
715.3 227.1 35.8 52.0 721.4 249.1 738.0 249.4 727.7 259.2 723.4 268.5 735.4 268.6 0.9991
836.2 68.3 32.7 41.3 841.7 85.1 855.8 85.9 846.7 94.1 843.7 100.7 853.8 101.2 0.9991
45.5 68.4 40.7 52.7 62.3 88.1 79.7 88.9 74.2 96.9 65.2 108.2 77.7 108.9 0.9990
903.6 6.7 34.1 42.5 909.2 19.7 922.3 22.7 909.5 28.2 907.0 36.8 916.8 38.9 0.9981
167.6 66.2 40.5 53.1 176.5 89.0 195.5 88.6 185.1 100.1 179.7 108.9 193.4 108.6 0.9973
370.3 66.7 42.3 60.8 377.2 90.8 389.6 91.9 377.6 102.3 378.5 113.2 386.9 113.5 0.9933
40.6 163.8 49.9 75.9 51.1 189.3 60.2 195.1 43.9 202.7 44.6 217.7 51.1 221.4 0.9921
649.4 247.3 34.4 38.7 662.4 259.5 677.8 260.6 671.9 267.6 663.9 275.8 675.4 276.8 0.9836
181.8 225.4 64.8 85.1 200.6 260.3 228.2 263.8 212.2 277.2 199.5 289.3 219.8 292.1 0.9827
988.5 126.3 34.2 48.6 1001.9 146.4 1018.6 147.8 1010.8 156.5 1003.5 164.7 1015.4 165.8 0.9560
121.0 127.8 40.0 52.3 132.0 147.9 149.3 147.0 140.8 156.4 134.9 166.7 147.9 166.0 0.9555
674.7 168.9 9.3 11.0 676.7 172.5 680.7 172.4 678.5 174.8 677.3 177.3 680.5 177.1 0.9141
698.3 52.8 24.9 33.9 706.8 63.2 717.6 63.4 713.0 69.9 707.5 77.0 717.0 77.2 0.8201
655.0 49.1 22.6 35.8 662.4 63.0 672.6 63.0 667.9 70.9 663.2 77.5 671.0 77.6 0.8021
