12--Group/12_Group_Team_Organized_Group_12_Group_Team_Organized_Group_12_415.jpg
21
856.2 90.4 28.7 35.8 868.9 103.7 881.0 105.1 876.5 112.0 866.7 115.7 877.5 117.1 0.9997
666.2 113.8 27.6 34.3 676.7 127.4 689.5 128.2 684.1 134.8 676.5 139.4 687.3 140.2 0.9997
523.4 103.1 28.6 36.8 537.0 116.6 548.7 117.5 545.2 125.2 533.7 128.5 545.4 129.5 0.9997
422.9 104.6 29.4 37.7 438.4 120.8 449.3 121.0 446.5 128.7 437.1 133.4 445.8 133.7 0.9996
808.1 33.6 27.3 32.8 818.8 47.3 830.9 47.7 826.5 52.9 820.0 58.6 829.6 58.9 0.9996
711.9 82.7 27.6 33.7 724.8 97.0 735.6 96.5 732.6 104.0 725.4 109.6 732.7 109.4 0.9995
594.0 117.1 26.1 30.8 605.1 128.2 616.1 127.8 613.1 133.9 606.1 139.1 615.5 138.9 0.9995
902.7 102.0 27.3 29.9 913.0 112.0 924.8 111.3 920.6 118.3 914.7 123.8 924.4 123.4 0.9994
743.8 116.0 27.8 31.6 755.5 128.7 767.7 128.7 763.4 135.8 755.1 139.9 765.2 140.1 0.9994
364.6 46.9 29.9 37.1 380.9 62.8 391.6 63.2 389.1 70.9 380.2 75.7 388.5 76.3 0.9994
804.7 70.2 27.8 34.7 817.6 83.7 829.5 84.3 826.3 90.1 818.4 96.2 828.0 96.7 0.9993
209.2 142.2 26.7 34.0 226.6 153.0 231.3 152.1 235.3 158.5 227.5 165.8 231.6 165.6 0.9992
790.9 107.9 27.9 34.8 803.8 121.9 815.4 122.3 811.5 129.7 802.5 134.1 812.3 134.6 0.9992
473.4 104.1 26.8 30.4 490.9 115.5 497.3 114.6 498.4 121.9 491.0 127.4 495.1 127.2 0.9989
934.5 61.9 26.4 35.0 943.0 75.8 954.7 75.3 949.5 82.3 944.1 88.3 953.7 87.9 0.9985
245.7 121.5 26.5 32.1 260.5 132.0 268.8 131.5 267.7 138.8 259.1 144.2 266.2 144.1 0.9981
312.6 120.5 25.1 31.3 328.7 131.0 334.8 130.2 334.9 138.0 327.1 144.0 331.7 143.8 0.9972
112.4 137.7 22.4 32.0 127.1 148.7 131.9 148.5 132.7 155.9 125.7 161.9 129.4 162.2 0.9961
566.1 95.2 24.6 27.0 578.9 103.5 587.1 102.7 585.8 108.5 580.8 114.7 586.8 114.1 0.9907
512.1 83.9 24.0 26.7 522.0 91.2 532.1 91.5 527.9 97.2 522.0 102.3 530.1 102.6 0.9687
92.0 136.2 25.4 35.1 108.8 148.4 114.2 147.4 115.2 155.3 109.4 162.8 113.4 162.3 0.9509
