12--Group/12_Group_Group_12_Group_Group_12_705.jpg
9
520.8 148.8 41.2 47.4 533.5 167.2 551.8 164.8 544.9 175.1 538.1 185.7 551.9 183.9 0.9995
696.2 137.0 38.5 46.5 707.6 153.6 725.6 153.2 717.3 163.5 710.2 172.9 724.0 172.6 0.9995
806.9 115.9 38.7 48.2 813.3 133.6 829.2 131.6 819.9 143.2 818.0 153.0 830.2 151.2 0.9992
376.6 119.7 42.8 53.5 389.7 137.1 408.9 136.8 399.9 147.0 391.3 157.3 407.3 157.0 0.9992
926.1 156.9 39.7 46.0 936.0 175.8 953.9 172.8 945.9 185.2 940.8 193.6 954.2 191.2 0.9992
211.8 162.4 38.3 48.1 222.4 180.7 239.8 180.5 231.3 190.1 224.9 199.3 237.9 199.0 0.9991
212.9 275.7 36.1 45.4 224.8 294.5 240.5 295.2 233.1 305.3 225.7 312.0 236.8 312.6 0.9987
33.4 139.6 38.9 49.3 46.0 157.7 63.9 157.4 56.6 166.7 48.5 176.4 62.0 176.3 0.9987
600.9 152.4 33.3 34.0 606.7 168.2 618.6 164.2 612.8 174.1 613.8 181.1 622.0 177.9 0.9986
