12--Group/12_Group_Large_Group_12_Group_Large_Group_12_408.jpg
26
480.2 51.3 35.6 43.6 488.3 69.0 504.3 66.8 496.6 76.4 492.1 85.1 504.4 83.4 0.9998
295.2 85.0 31.9 38.8 304.4 98.6 319.7 99.0 312.4 107.5 304.2 112.2 318.9 112.6 0.9998
239.7 90.6 34.9 47.7 250.9 108.6 267.6 108.5 260.5 117.4 250.9 125.0 266.6 125.1 0.9997
8.1 107.5 42.9 52.4 22.4 127.0 42.7 127.9 33.7 138.1 22.4 145.0 40.7 145.8 0.9997
633.4 24.3 35.4 47.5 644.5 43.2 661.2 43.0 653.9 53.5 644.7 58.2 660.5 58.1 0.9997
388.4 52.4 33.7 41.6 397.2 68.4 413.2 68.9 404.8 76.6 398.2 83.3 411.4 83.7 0.9997
839.9 76.8 37.6 51.9 849.7 99.0 868.0 99.4 858.6 109.8 850.0 115.5 866.9 115.7 0.9996
557.2 145.5 36.8 44.5 564.0 162.2 580.5 161.4 571.4 173.2 567.7 178.1 582.7 177.1 0.9996
440.3 146.9 34.9 46.6 453.4 165.3 469.2 166.6 462.5 176.1 452.2 181.2 465.9 182.5 0.9996
765.8 36.6 35.0 46.6 771.9 54.5 788.5 54.2 778.6 62.9 773.3 70.3 788.1 70.0 0.9996
576.5 71.4 31.6 41.4 583.3 85.9 598.1 84.1 590.8 93.1 585.6 100.2 599.6 98.7 0.9995
79.4 90.5 37.2 49.5 97.2 110.4 112.1 108.7 110.2 117.8 101.0 127.9 112.8 126.9 0.9995
168.1 95.3 35.3 50.2 171.7 114.7 182.9 116.1 171.0 124.4 173.9 133.0 182.7 133.5 0.9995
743.5 94.5 36.9 48.8 753.1 113.3 770.4 113.1 761.9 124.0 754.0 129.8 769.9 129.6 0.9995
972.3 82.0 33.9 42.3 979.7 97.1 996.3 98.9 986.0 106.1 979.2 111.8 994.0 113.3 0.9994
868.8 156.1 37.8 45.5 876.1 176.3 893.0 172.3 885.2 184.8 882.0 190.9 897.8 187.2 0.9994
932.8 129.5 39.2 44.3 940.8 146.2 958.9 145.5 948.8 155.2 942.6 162.1 958.6 161.5 0.9993
689.0 55.3 37.9 45.9 698.1 73.8 715.8 71.7 708.0 83.4 702.2 91.1 716.1 89.3 0.9993
892.5 78.9 35.3 44.1 899.5 99.4 915.9 96.7 908.0 106.8 903.5 113.0 917.9 110.7 0.9993
272.3 154.0 34.1 41.5 280.7 169.9 297.3 169.7 289.1 178.6 281.5 184.3 296.6 184.3 0.9993
113.1 76.1 29.9 42.0 122.4 93.7 136.9 93.8 130.3 102.5 123.2 108.3 135.4 108.5 0.9992
511.4 161.7 28.6 37.0 520.2 177.8 533.7 176.7 528.2 184.8 522.0 190.2 533.1 189.4 0.9992
909.6 188.6 38.8 45.9 922.4 203.9 940.5 206.0 931.4 216.1 920.5 220.5 937.1 222.4 0.9992
649.6 104.5 36.1 43.2 658.9 120.4 676.6 119.7 668.1 129.6 660.1 135.3 676.5 134.7 0.9991
356.1 153.2 32.7 42.8 363.4 170.3 379.2 169.6 371.1 178.9 364.6 183.7 380.0 183.1 0.9989
185.5 163.3 33.3 44.1 193.4 181.8 209.7 180.2 202.1 190.0 195.6 196.1 210.5 194.8 0.9988
