12--Group/12_Group_Group_12_Group_Group_12_197.jpg
9
373.0 173.1 52.6 62.7 387.1 196.0 412.0 195.9 400.0 208.3 387.9 217.7 411.3 217.7 0.9998
521.8 145.8 50.5 63.2 535.3 171.0 558.8 169.8 547.7 182.1 537.7 192.4 559.2 191.2 0.9997
175.8 202.7 58.8 73.5 195.5 226.6 222.8 229.7 209.5 244.1 191.8 252.6 217.9 255.6 0.9997
748.0 118.4 46.1 60.3 761.6 138.8 782.6 139.7 772.4 149.6 760.2 158.6 781.4 159.5 0.9997
849.4 151.2 46.2 58.2 859.2 171.9 881.2 171.7 868.8 182.2 859.7 191.9 880.8 191.8 0.9997
674.0 204.5 49.6 55.2 685.8 224.7 709.1 225.4 696.1 234.5 685.8 244.0 707.2 244.7 0.9996
166.0 91.4 61.2 79.8 181.5 124.9 209.7 123.2 195.9 138.0 184.5 150.4 210.9 148.8 0.9996
302.8 112.7 52.0 68.7 317.7 142.5 341.1 139.6 332.1 152.6 322.3 164.8 343.0 162.4 0.9994
562.4 109.8 43.0 57.9 576.1 131.3 595.9 132.9 586.2 141.8 577.0 153.0 591.2 154.4 0.9990
