12--Group/12_Group_Team_Organized_Group_12_Group_Team_Organized_Group_12_932.jpg
9
450.7 438.0 17.5 21.8 459.6 446.1 466.4 445.6 465.3 450.4 460.8 454.8 465.9 454.6 0.9989
596.7 463.9 15.6 20.0 599.8 471.7 606.9 472.1 602.6 476.0 600.0 478.8 606.1 479.1 0.9986
451.8 378.4 6.9 8.7 453.4 382.2 456.3 382.1 454.7 383.8 453.9 385.3 456.2 385.2 0.9917
411.2 377.0 6.6 9.0 413.0 380.6 416.2 380.6 414.7 382.4 413.3 384.0 415.9 384.0 0.9827
573.2 476.9 14.3 17.8 582.8 484.7 584.8 484.3 585.3 488.6 581.6 491.1 582.6 491.0 0.9729
274.6 389.9 7.6 10.3 275.7 394.1 278.5 394.0 276.4 396.1 276.3 398.1 278.4 398.0 0.9345
477.8 395.6 8.0 9.3 479.6 398.7 483.2 398.8 481.1 400.8 479.9 402.6 482.7 402.7 0.9138
700.7 480.3 17.5 17.6 704.2 489.4 709.1 487.1 707.7 492.5 709.8 495.4 713.0 493.6 0.8426
987.4 446.6 19.0 12.5 993.1 455.0 999.2 452.9 997.2 457.6 997.2 459.1 1000.6 457.5 0.8403
