12--Group/12_Group_Large_Group_12_Group_Large_Group_12_153.jpg
17
588.1 258.8 45.9 53.9 597.0 282.9 617.5 277.0 609.0 293.2 603.7 299.9 623.3 294.9 0.9998
667.8 157.2 40.5 53.8 679.0 176.7 698.0 179.0 687.6 187.5 677.6 194.3 695.1 196.3 0.9997
625.0 128.4 41.6 57.8 632.1 152.5 649.6 150.2 639.6 164.2 636.9 170.5 654.2 168.1 0.9997
115.3 157.2 40.9 52.9 131.5 173.2 149.5 179.6 140.0 184.5 126.9 190.6 143.7 195.8 0.9997
263.9 125.4 38.5 54.6 274.0 146.7 291.8 146.4 282.8 157.1 275.2 164.5 291.5 164.2 0.9997
417.1 113.4 36.5 45.5 423.4 129.8 440.3 127.5 430.9 136.8 426.5 146.4 441.1 144.4 0.9997
780.5 377.2 41.3 58.0 790.1 399.3 809.4 399.5 799.0 411.8 790.3 417.1 810.0 417.4 0.9996
227.0 240.2 45.0 56.5 246.3 265.0 264.2 259.3 262.5 273.1 249.7 282.1 266.7 277.6 0.9996
656.6 287.9 43.1 50.5 666.4 310.2 683.6 302.5 677.6 316.6 674.0 325.7 690.5 319.2 0.9996
105.6 222.1 48.6 65.2 118.2 248.2 140.4 246.3 130.7 258.6 120.4 268.3 142.2 266.7 0.9996
200.7 177.6 37.2 51.1 213.1 199.3 230.6 198.7 224.0 210.9 214.7 217.3 229.0 217.0 0.9995
369.7 146.6 35.3 46.3 379.6 165.5 395.0 162.1 390.1 170.2 384.2 180.4 397.9 177.7 0.9995
663.8 407.9 39.3 56.5 672.3 430.5 690.6 428.9 681.2 442.2 673.5 447.5 692.5 446.2 0.9995
502.4 240.7 38.6 56.8 515.0 262.4 532.8 261.9 525.8 274.4 515.3 281.5 531.9 281.3 0.9994
548.2 150.6 36.9 53.1 557.0 169.7 573.3 167.9 565.6 177.8 559.7 187.8 574.9 186.1 0.9994
464.1 284.4 38.1 50.2 472.7 305.2 489.3 306.8 479.1 317.0 473.9 323.7 485.6 325.0 0.9993
611.6 180.4 34.2 44.5 617.3 199.9 632.2 195.0 625.1 206.0 623.0 213.9 637.0 209.8 0.9991
