12--Group/12_Group_Group_12_Group_Group_12_146.jpg
19
592.7 241.2 46.8 57.7 604.1 260.6 625.7 261.0 613.8 273.3 604.5 280.7 625.3 281.0 0.9997
729.4 139.0 34.4 47.9 737.3 158.9 753.1 158.7 744.2 167.6 738.0 174.0 752.6 173.9 0.9997
298.3 95.7 40.5 55.0 312.5 114.4 330.2 117.4 321.3 125.1 308.5 131.2 327.0 133.9 0.9997
109.2 202.8 47.1 60.1 122.0 224.8 143.0 224.3 132.8 238.2 123.1 245.4 142.3 245.1 0.9997
504.5 106.8 34.1 43.9 513.3 124.1 529.2 122.7 521.9 132.0 515.3 138.6 529.8 137.5 0.9997
609.7 100.4 38.0 50.8 619.6 120.8 636.7 119.0 628.7 130.7 623.1 139.0 637.3 137.3 0.9997
646.3 195.1 35.5 47.6 654.9 214.7 671.6 214.2 663.4 224.4 656.2 229.9 671.6 229.5 0.9996
825.4 127.7 39.2 46.2 833.7 144.8 852.0 144.0 841.8 152.5 834.5 160.2 852.0 159.4 0.9996
687.6 86.0 36.6 43.7 696.3 101.6 713.7 101.3 705.1 108.0 697.8 116.6 713.5 116.4 0.9996
160.1 146.0 42.0 54.5 173.4 164.4 193.0 165.5 183.7 176.0 171.8 182.4 191.2 183.4 0.9995
268.8 260.5 40.9 56.5 281.5 281.3 300.9 282.7 292.3 291.7 281.2 301.2 298.0 302.6 0.9995
764.0 191.7 35.8 45.9 773.7 209.1 790.0 210.1 781.3 218.0 773.3 223.8 788.9 224.7 0.9995
275.3 144.0 42.0 52.1 286.7 165.0 306.5 163.7 297.7 173.4 289.6 183.0 306.2 182.0 0.9995
861.6 220.9 35.7 43.9 866.9 239.4 883.4 236.4 874.2 245.5 870.1 253.5 884.9 251.2 0.9993
397.7 275.6 41.1 53.1 406.9 297.2 426.3 295.9 416.5 307.4 409.3 314.8 427.3 313.6 0.9993
446.4 111.4 30.9 40.1 455.7 126.9 470.3 128.3 462.9 136.3 455.3 141.6 467.8 142.9 0.9992
414.8 118.8 38.4 52.3 427.4 138.2 445.0 138.0 437.9 148.7 427.8 156.6 443.7 156.5 0.9992
406.5 184.8 38.3 49.9 419.1 201.8 437.2 205.6 428.4 212.0 417.7 220.0 432.9 223.2 0.9990
547.3 188.1 35.8 39.9 555.8 199.5 573.3 198.8 564.5 208.5 557.1 215.1 573.4 214.5 0.9988
