12--Group/12_Group_Group_12_Group_Group_12_47.jpg
51
604.8 138.0 21.1 26.3 609.8 147.7 620.2 147.5 615.2 152.6 611.0 157.9 619.8 157.7 0.9999
568.6 185.3 21.7 28.5 575.1 195.9 585.1 196.3 580.1 201.0 575.3 205.8 584.0 206.2 0.9998
238.2 178.5 23.0 28.9 244.7 188.9 255.4 189.5 249.7 194.2 244.9 199.3 254.2 199.6 0.9998
167.2 158.9 23.6 28.5 173.2 170.3 184.4 169.6 179.1 175.8 174.6 180.3 184.3 179.7 0.9997
568.5 146.4 20.6 28.4 575.0 158.8 584.4 158.5 580.4 164.0 576.1 168.7 583.9 168.6 0.9997
450.4 129.8 22.1 27.6 456.2 140.6 466.7 140.2 461.8 145.5 457.0 149.7 466.7 149.5 0.9997
612.5 201.5 22.6 27.7 618.1 212.0 628.5 211.9 623.1 217.1 619.1 222.3 627.9 222.2 0.9997
127.2 163.6 23.9 30.8 134.4 175.8 145.3 175.9 139.9 181.3 135.1 186.6 144.3 186.7 0.9996
666.0 128.1 23.0 29.2 672.4 139.7 682.8 139.7 677.7 144.8 673.2 149.8 682.0 149.8 0.9996
270.5 191.6 26.5 35.1 278.2 207.2 290.8 206.3 285.7 213.4 280.2 219.0 290.5 218.3 0.9996
873.9 146.4 21.3 26.5 879.9 156.1 889.9 155.6 885.3 160.9 880.8 165.5 889.7 165.1 0.9996
806.9 135.8 21.5 27.2 813.1 146.2 823.3 146.2 818.5 151.6 814.1 156.2 822.3 156.3 0.9996
498.5 162.0 23.6 29.3 505.4 175.2 516.8 172.8 512.9 179.7 508.3 184.8 518.3 182.9 0.9996
211.7 211.7 25.4 34.2 219.6 226.1 231.6 225.8 226.2 233.3 219.8 236.9 230.7 236.7 0.9996
912.5 175.9 20.7 27.2 917.7 186.3 928.0 185.6 923.2 190.9 918.6 195.6 928.3 195.0 0.9995
521.6 127.1 22.1 27.5 528.3 138.9 538.8 138.4 534.2 143.3 529.4 147.8 538.5 147.4 0.9995
223.7 132.9 22.8 30.1 231.6 144.9 241.5 144.2 237.9 149.8 233.1 155.3 241.8 154.8 0.9995
295.0 164.3 22.0 26.9 302.4 173.5 313.1 174.2 308.1 179.0 302.6 183.8 311.4 184.4 0.9995
338.0 194.7 24.0 30.1 344.4 205.0 356.0 204.9 350.5 212.1 344.7 215.8 355.7 215.8 0.9994
737.2 130.9 22.2 28.1 744.6 141.0 754.7 141.4 750.0 145.8 744.8 150.7 753.6 151.0 0.9994
294.8 117.0 22.7 29.3 302.5 127.6 313.1 128.6 308.1 133.5 301.7 137.0 312.1 137.8 0.9994
138.1 207.3 25.4 33.7 145.2 220.0 157.1 221.2 150.8 226.9 144.6 230.7 156.3 231.6 0.9994
82.1 155.8 24.6 29.9 88.8 167.2 100.6 166.6 95.0 172.4 89.4 177.2 100.7 176.7 0.9994
208.7 179.2 25.0 30.5 216.7 191.4 228.1 191.5 223.0 197.3 217.5 202.3 226.9 202.4 0.9994
365.3 232.2 21.9 28.9 370.9 242.5 381.7 241.6 376.7 248.2 371.7 252.7 382.3 251.9 0.9994
369.9 146.8 23.6 32.8 376.8 159.2 388.3 159.5 382.9 165.9 376.9 170.5 387.5 170.8 0.9993
706.0 183.1 24.3 29.0 715.2 191.9 726.1 195.2 720.0 197.2 713.1 201.6 722.6 204.2 0.9993
750.0 200.6 22.8 29.5 756.5 213.2 767.1 211.8 762.7 218.2 757.6 222.5 767.5 221.5 0.9993
487.6 193.9 22.3 30.5 493.7 204.7 504.5 205.2 499.1 211.0 493.3 214.9 504.1 215.3 0.9993
959.7 204.2 22.9 30.2 964.6 216.9 975.6 215.9 970.0 222.4 966.0 226.6 976.3 225.7 0.9993
663.7 250.3 23.2 31.8 669.8 263.2 680.7 262.6 675.8 268.4 671.2 274.1 680.6 273.8 0.9993
412.4 188.4 23.0 30.6 418.1 200.6 429.0 199.0 424.2 206.3 419.8 210.7 430.1 209.4 0.9993
374.3 112.2 24.5 31.0 382.6 124.8 393.7 124.8 389.1 131.2 384.1 136.4 392.3 136.4 0.9992
588.4 224.3 27.3 30.9 594.8 236.7 607.9 234.5 602.4 241.3 597.7 247.0 609.6 245.2 0.9992
725.5 242.1 23.2 29.5 731.4 253.1 741.5 253.3 736.1 258.2 731.9 263.3 740.7 263.4 0.9992
541.8 216.7 22.5 29.4 548.0 227.4 559.2 227.3 553.8 233.2 548.2 237.6 559.0 237.5 0.9992
632.5 161.1 24.3 32.5 639.8 174.3 651.3 174.0 646.4 180.2 640.1 184.3 651.4 184.0 0.9992
430.1 238.1 24.8 29.6 437.6 248.5 449.5 246.7 445.0 254.4 439.1 259.4 450.2 258.1 0.9992
681.5 206.4 22.4 30.4 689.2 218.5 699.6 218.8 695.2 224.8 689.0 228.6 698.6 228.9 0.9991
436.2 163.9 23.5 26.1 443.2 172.7 454.7 171.8 450.2 177.8 444.9 182.7 454.9 182.0 0.9991
61.7 198.8 24.9 31.8 69.2 211.2 80.9 211.4 75.5 217.7 69.2 221.4 80.3 221.6 0.9991
502.7 226.2 25.6 32.7 510.4 238.3 522.7 240.1 516.2 245.8 509.3 249.5 520.4 251.0 0.9989
830.8 167.2 24.7 32.0 838.3 180.3 850.0 180.0 844.8 186.6 839.1 191.0 849.4 190.8 0.9988
889.7 193.0 24.2 31.2 896.1 206.2 907.5 204.6 902.6 211.1 897.6 216.0 908.2 214.8 0.9988
296.5 239.2 24.9 32.3 303.4 252.2 315.3 252.1 309.7 258.1 304.2 263.2 314.7 263.1 0.9988
866.7 249.3 22.2 28.9 871.5 260.4 882.6 260.3 876.7 266.2 872.6 270.9 882.1 270.7 0.9986
803.4 244.6 24.3 29.0 809.1 255.9 821.2 256.3 814.7 260.6 809.1 264.9 820.5 265.2 0.9985
774.1 193.5 21.6 27.2 780.7 203.7 790.6 203.4 786.2 208.3 781.9 213.5 790.4 213.3 0.9984
936.0 238.5 25.0 30.9 942.7 252.2 954.0 250.3 949.2 256.8 945.3 262.3 954.6 260.7 0.9982
821.1 212.9 23.2 28.8 827.5 223.3 838.3 222.2 833.8 227.3 828.7 232.8 838.8 232.0 0.9979
113.6 251.0 16.0 22.4 115.9 260.1 118.5 260.9 114.2 265.0 116.5 268.7 118.1 269.0 0.9935
