12--Group/12_Group_Large_Group_12_Group_Large_Group_12_261.jpg
540
279.8 547.6 13.7 17.4 281.1 555.1 286.0 554.3 282.6 558.3 283.0 561.7 286.7 561.0 0.9996
306.5 317.0 18.0 21.2 314.4 324.2 321.5 327.5 317.0 330.5 311.4 331.9 317.2 334.6 0.9994
495.7 48.4 12.6 15.3 499.3 53.9 505.2 55.2 501.6 57.5 498.6 59.7 503.2 60.7 0.9994
733.7 89.4 12.6 15.3 737.1 95.5 743.0 95.5 740.1 98.5 737.6 101.4 742.1 101.4 0.9994
171.4 315.6 11.1 13.2 173.1 321.7 177.6 320.0 175.7 323.7 175.5 326.6 178.9 325.1 0.9993
55.9 741.2 15.5 21.3 58.2 750.0 65.6 749.3 61.4 754.1 59.6 757.7 66.1 757.1 0.9993
920.3 738.2 15.4 19.3 924.5 745.7 931.8 745.9 928.2 749.1 924.6 752.0 931.4 752.1 0.9993
884.8 279.4 14.1 19.2 886.7 287.5 892.0 287.1 888.4 290.9 887.9 294.5 892.2 294.1 0.9993
538.0 84.7 13.1 17.3 540.7 91.6 546.9 91.3 543.6 95.0 541.5 98.1 546.5 97.9 0.9993
397.8 508.5 17.0 20.4 401.1 518.2 408.6 515.1 406.1 521.5 405.2 525.7 411.2 523.2 0.9992
918.6 279.3 17.9 23.0 923.7 288.2 932.7 288.9 928.2 293.1 923.6 296.4 931.3 296.9 0.9992
346.6 200.6 21.5 25.6 350.8 209.9 361.3 209.3 355.7 215.3 352.7 220.4 361.0 219.9 0.9992
582.2 624.9 14.8 17.7 590.4 630.9 595.3 630.8 595.0 634.8 591.2 638.5 594.3 638.7 0.9992
465.0 392.4 11.5 13.8 468.2 397.3 473.6 398.0 470.5 400.6 467.8 403.0 472.1 403.5 0.9992
240.2 701.6 12.7 16.7 243.6 708.3 250.1 708.6 247.0 711.8 243.8 714.7 249.2 714.9 0.9992
728.0 393.9 14.4 16.4 730.8 399.9 737.0 398.5 734.0 402.5 732.7 406.4 737.6 405.4 0.9992
576.4 549.5 16.0 21.6 579.6 558.9 586.8 559.3 582.5 563.6 580.0 566.6 586.0 566.8 0.9992
757.5 276.7 20.8 27.6 764.9 288.8 774.6 287.8 771.2 294.0 766.3 298.5 774.2 297.8 0.9992
841.7 121.4 21.6 29.0 847.2 131.5 857.9 132.1 852.2 138.5 847.4 142.7 856.7 143.1 0.9992
844.4 505.7 14.1 18.5 848.6 513.0 855.3 513.5 851.9 516.8 848.6 519.7 854.1 520.1 0.9992
653.0 47.7 13.0 17.0 656.8 55.2 662.8 55.3 659.9 58.8 657.5 61.5 661.9 61.7 0.9991
271.5 12.9 19.3 20.9 278.5 20.4 286.0 25.0 279.8 26.6 275.1 27.6 280.3 31.2 0.9991
733.1 124.8 13.6 16.2 735.5 132.5 741.0 130.4 738.7 135.0 738.1 137.6 743.0 135.9 0.9991
348.1 318.5 13.0 17.3 352.2 327.0 357.9 326.3 355.8 330.2 353.8 332.9 358.2 332.3 0.9991
617.4 429.4 12.0 15.1 620.5 435.2 625.9 435.1 623.2 437.8 621.0 440.5 625.7 440.4 0.9991
847.8 200.9 14.8 17.9 852.2 207.3 859.2 208.2 855.5 211.3 852.3 214.3 857.6 215.0 0.9991
307.1 206.3 23.6 24.9 310.9 220.3 320.2 214.7 317.5 223.1 318.2 228.6 324.7 224.1 0.9991
691.5 313.6 25.0 31.0 699.5 325.3 711.3 324.9 706.2 331.7 700.6 336.8 710.6 336.4 0.9991
18.0 513.3 14.7 18.9 21.5 519.6 28.5 520.3 24.3 523.7 21.5 527.3 27.0 527.8 0.9990
574.9 431.9 13.3 17.2 581.4 438.6 586.2 440.0 583.9 442.8 580.0 444.8 583.7 446.0 0.9990
953.1 621.5 17.7 23.6 956.2 631.4 963.3 630.0 959.4 635.5 958.6 640.1 964.1 638.9 0.9990
994.7 591.3 15.5 18.3 998.4 598.3 1005.2 597.5 1001.9 601.9 999.7 605.1 1005.4 604.5 0.9990
872.3 666.6 16.5 20.0 875.0 676.2 882.4 674.0 878.9 679.9 878.4 683.7 883.8 682.0 0.9989
892.7 700.6 12.9 17.1 894.6 707.7 901.1 707.5 897.2 711.2 895.7 714.3 900.5 714.1 0.9989
733.5 354.0 15.1 17.7 739.7 360.1 746.1 361.5 742.9 364.7 738.7 366.9 743.9 368.1 0.9989
465.9 49.8 12.7 17.5 469.3 56.7 475.0 56.5 472.2 59.5 470.0 63.0 474.8 62.8 0.9989
731.0 13.1 14.8 20.5 739.2 21.5 744.2 21.6 743.4 25.6 739.3 29.2 743.1 29.5 0.9989
771.7 130.3 14.0 17.6 776.7 136.7 783.3 136.4 781.0 140.1 778.1 143.9 783.0 143.7 0.9989
579.5 358.0 14.7 18.6 584.2 364.1 591.1 364.2 588.0 368.3 584.7 371.9 590.1 372.0 0.9989
236.8 238.7 16.1 21.8 241.1 247.3 249.0 247.4 245.1 251.5 241.4 254.6 248.4 254.7 0.9989
386.9 164.2 24.3 27.4 396.6 173.4 407.0 175.7 401.6 180.0 395.3 183.6 403.4 185.6 0.9988
1.6 743.1 14.4 17.2 7.8 749.2 13.5 749.2 11.6 753.1 8.1 756.3 12.1 756.4 0.9988
83.7 393.3 13.1 17.0 87.7 399.1 93.7 399.7 90.4 403.0 87.5 405.8 92.4 406.4 0.9988
585.5 203.5 12.8 18.3 587.7 210.6 593.4 211.6 589.2 214.3 587.5 217.3 591.8 218.0 0.9988
567.5 162.7 14.6 20.6 570.2 170.5 577.2 171.4 572.6 174.9 570.2 178.2 575.6 178.9 0.9988
277.6 394.3 12.9 16.5 280.9 400.4 287.1 400.4 284.0 403.6 281.4 406.8 286.5 406.8 0.9988
43.7 705.5 13.0 17.9 47.2 712.0 53.5 711.6 50.6 715.3 47.7 718.6 53.7 718.3 0.9987
574.5 126.7 14.2 20.4 578.3 133.2 585.3 133.6 581.6 137.1 578.4 141.2 584.3 141.5 0.9987
737.1 546.9 12.0 15.7 743.3 553.0 747.4 552.2 747.5 555.7 744.9 559.2 747.8 558.8 0.9987
165.7 10.9 12.1 15.1 168.8 16.2 174.6 16.2 171.7 18.9 169.4 22.2 174.1 22.2 0.9987
123.3 395.8 13.9 17.0 130.4 401.6 135.7 401.9 134.3 405.5 130.5 408.5 134.6 408.8 0.9987
39.3 736.1 16.2 21.0 44.1 743.7 51.5 744.1 47.7 747.7 44.1 751.4 50.5 751.7 0.9987
669.2 44.2 10.9 15.1 672.0 50.5 676.9 50.2 674.6 53.1 672.8 55.8 677.0 55.6 0.9987
589.4 125.2 14.9 21.2 591.0 133.7 597.4 133.5 593.1 138.2 592.6 142.1 597.3 141.8 0.9987
612.8 512.8 13.1 15.9 616.1 518.2 621.9 517.6 619.1 520.9 617.1 524.6 621.8 524.1 0.9987
97.5 392.8 13.4 18.4 99.2 401.8 104.9 400.0 102.1 404.9 102.1 408.4 106.3 407.0 0.9987
846.8 660.8 14.0 16.6 849.6 666.3 856.1 665.7 852.8 669.2 850.9 672.9 856.6 672.4 0.9987
162.2 394.9 15.4 18.8 165.9 401.8 173.3 402.1 169.3 405.9 166.6 409.5 172.1 409.7 0.9987
1005.9 468.0 15.1 18.9 1011.6 475.3 1018.7 475.5 1016.0 479.2 1012.3 482.5 1017.6 482.8 0.9987
913.5 694.9 23.4 27.6 916.9 705.6 926.7 703.6 921.1 710.5 920.3 715.8 928.5 714.1 0.9987
651.9 738.3 16.7 21.6 655.4 747.3 663.8 745.9 660.0 750.9 657.2 754.7 664.5 753.7 0.9986
986.6 627.1 15.9 19.1 989.2 636.8 995.3 634.4 992.7 639.7 992.9 643.2 997.3 641.2 0.9986
275.3 703.4 14.8 17.9 278.8 710.4 285.6 709.8 282.4 714.0 280.2 717.6 285.3 717.1 0.9986
954.2 470.7 21.7 27.1 960.3 480.4 970.9 481.1 965.6 485.9 960.3 490.0 969.7 490.6 0.9986
498.8 552.6 15.7 19.6 502.0 560.3 509.5 559.7 505.6 563.8 503.2 567.7 509.4 567.2 0.9986
193.7 700.1 19.1 25.3 198.2 711.5 207.2 710.2 202.9 716.6 200.2 720.4 207.5 719.4 0.9986
353.7 742.7 14.9 19.7 356.5 749.8 363.8 750.6 359.2 754.3 356.7 757.7 362.2 758.2 0.9986
885.6 353.0 13.7 18.7 890.3 360.5 896.8 360.4 894.1 364.0 891.2 367.5 896.0 367.5 0.9986
550.9 509.4 12.1 15.7 554.1 516.1 559.8 514.7 557.8 518.3 556.1 521.8 560.5 520.8 0.9986
769.9 83.9 10.7 13.5 772.5 89.4 777.3 88.9 775.1 91.7 773.5 94.3 777.4 94.0 0.9985
991.6 662.9 13.4 17.4 998.3 669.7 1003.5 670.1 1002.0 673.3 998.4 676.3 1002.4 676.7 0.9985
228.3 399.9 11.6 16.7 232.9 406.7 238.4 406.5 236.5 409.9 233.3 412.9 238.0 412.8 0.9985
965.1 49.8 12.5 17.5 967.8 56.9 973.5 56.9 970.4 60.2 968.5 63.4 973.0 63.4 0.9985
203.0 359.4 13.3 17.3 206.7 366.5 212.7 366.5 209.6 369.8 207.2 372.5 212.1 372.5 0.9985
610.2 627.7 13.3 17.7 613.5 634.8 620.0 634.4 617.0 637.8 614.5 641.3 619.8 641.0 0.9985
532.4 504.3 12.1 15.1 536.5 509.0 542.2 510.1 539.1 512.7 535.9 515.2 540.5 516.1 0.9985
613.5 14.4 20.0 23.2 618.2 22.5 627.8 22.9 622.5 27.4 619.1 32.0 626.3 32.3 0.9985
117.4 477.6 15.0 18.7 122.1 484.2 129.4 484.5 126.2 487.5 122.8 491.4 128.7 491.7 0.9985
883.5 473.8 18.9 25.4 889.0 484.1 897.9 484.5 893.5 489.1 889.4 493.2 896.7 493.4 0.9984
622.8 550.3 11.9 16.1 625.3 556.1 630.3 556.2 627.1 559.3 625.6 562.5 629.7 562.5 0.9984
501.0 626.3 13.3 17.0 503.4 633.7 509.6 632.7 506.6 636.6 505.1 640.0 510.0 639.1 0.9984
575.4 316.8 15.6 20.1 577.7 324.9 584.5 324.3 580.1 328.1 578.9 332.4 584.0 331.9 0.9984
308.7 587.1 21.3 28.4 314.9 598.8 324.2 599.0 319.7 604.3 316.0 609.1 323.0 609.3 0.9984
845.3 697.4 13.2 16.8 848.6 703.8 855.0 704.0 851.7 707.2 849.3 710.4 854.1 710.5 0.9984
424.8 355.3 13.6 16.2 431.5 360.9 436.8 362.4 434.7 364.7 430.8 367.2 434.6 368.4 0.9984
847.6 50.1 17.2 22.8 850.9 58.3 858.9 58.9 853.8 63.2 851.2 67.4 857.2 67.9 0.9984
657.1 121.2 16.1 18.2 661.1 129.4 668.3 126.7 666.4 131.7 665.0 136.2 670.3 134.0 0.9983
771.2 698.1 10.7 15.6 774.3 704.0 779.7 704.3 776.9 707.4 774.4 710.2 778.7 710.4 0.9983
770.2 48.7 10.9 13.0 772.9 53.2 778.0 52.9 775.6 55.6 773.7 58.3 777.9 58.1 0.9983
835.4 15.4 14.0 17.7 841.2 22.4 847.2 22.6 845.1 26.2 841.4 29.1 846.1 29.4 0.9983
93.1 167.0 10.8 14.6 95.5 173.0 100.7 172.8 97.9 175.5 96.2 178.3 100.3 178.1 0.9982
765.4 323.0 24.8 30.1 775.9 336.0 786.2 333.2 785.2 340.4 780.7 347.4 787.8 345.4 0.9982
844.3 164.8 18.0 24.6 849.6 174.9 858.8 174.3 855.0 179.4 851.2 184.2 858.2 183.8 0.9982
767.2 433.6 16.0 19.4 771.2 440.3 778.8 442.0 773.9 444.8 770.3 447.6 776.4 449.0 0.9982
404.7 736.1 10.4 14.4 407.8 741.6 412.5 741.7 410.3 744.3 408.1 746.9 412.1 746.9 0.9982
994.2 434.8 13.2 16.6 1000.3 441.7 1005.5 442.3 1003.4 445.5 999.8 447.9 1003.6 448.5 0.9982
532.7 354.2 13.3 16.1 534.4 360.9 539.8 360.0 536.7 364.1 536.5 367.2 540.3 366.4 0.9982
708.7 86.0 9.4 12.4 710.9 91.2 715.4 90.9 713.3 93.4 711.8 95.9 715.5 95.6 0.9981
539.7 45.4 23.9 30.1 545.3 57.3 557.0 55.2 552.1 63.0 547.7 67.9 558.4 66.2 0.9981
85.4 700.4 15.2 19.3 89.3 708.1 96.2 707.6 93.0 711.1 90.2 714.7 96.3 714.3 0.9981
687.2 43.6 11.9 14.9 689.9 50.1 695.4 48.5 693.4 52.2 692.1 55.7 696.3 54.5 0.9981
348.8 48.0 17.5 22.6 352.8 56.8 361.1 56.2 357.1 60.9 354.3 65.4 360.8 64.9 0.9981
608.8 583.5 15.3 20.9 615.7 591.2 622.1 591.5 620.3 595.6 616.1 599.5 621.0 599.8 0.9981
86.8 360.2 15.6 20.8 91.3 368.8 98.5 368.8 95.0 372.5 91.9 376.0 97.9 376.0 0.9981
389.8 627.0 21.1 23.5 397.3 634.2 407.0 635.6 402.2 640.3 396.4 643.7 404.5 644.9 0.9981
273.0 127.1 12.5 15.0 274.7 134.0 279.7 132.6 277.2 136.7 277.3 139.8 280.9 138.6 0.9980
585.4 88.6 16.8 23.0 591.5 97.6 599.0 98.4 595.4 102.7 591.2 106.5 597.0 107.2 0.9980
646.4 279.1 14.3 18.5 651.4 286.1 658.1 287.3 654.7 290.4 650.7 292.8 656.2 293.7 0.9980
763.7 203.2 15.9 21.0 767.5 212.2 774.9 212.3 771.0 216.2 768.4 219.6 774.1 219.7 0.9980
383.0 583.6 24.7 32.1 388.2 597.0 400.1 596.4 394.0 603.3 390.1 609.2 399.2 608.7 0.9979
881.1 703.5 11.4 15.7 885.8 709.2 890.8 709.9 888.6 712.6 885.6 715.4 889.4 716.0 0.9979
53.8 86.7 10.4 15.5 55.3 93.1 57.5 93.4 54.9 96.4 56.3 99.0 57.7 99.1 0.9979
7.9 355.2 24.6 30.2 14.2 366.6 25.6 366.9 19.5 372.8 15.1 377.9 24.2 378.1 0.9979
133.6 468.7 15.9 20.9 136.5 477.1 144.3 476.0 140.5 480.5 138.3 484.7 144.7 483.8 0.9979
758.9 90.4 10.4 13.4 763.0 94.8 767.4 95.8 765.1 97.5 762.3 99.7 765.9 100.5 0.9979
650.4 586.2 21.1 26.3 653.5 595.1 663.0 594.9 656.9 600.8 654.9 605.8 662.6 605.5 0.9978
950.2 542.5 31.4 37.3 953.1 557.5 966.6 552.1 959.2 561.3 959.3 570.5 971.4 566.1 0.9978
429.0 666.8 10.2 13.7 433.0 672.2 437.5 672.4 435.7 675.3 433.3 677.7 436.5 677.9 0.9978
277.9 362.9 18.4 21.7 284.6 371.2 293.0 371.4 289.6 376.0 285.4 379.7 291.7 380.0 0.9978
385.0 666.4 11.0 14.6 389.0 672.2 393.9 671.7 392.2 674.6 390.0 677.7 393.8 677.4 0.9978
312.0 437.2 17.5 20.8 315.7 444.6 324.1 443.8 320.1 448.9 317.5 453.2 324.2 452.6 0.9978
469.1 122.7 13.2 14.8 473.2 127.6 479.4 127.8 476.4 131.0 473.4 133.6 478.5 133.7 0.9977
87.2 88.1 12.7 15.1 92.9 93.5 98.6 93.5 97.2 96.2 94.0 99.6 98.0 99.7 0.9977
801.9 90.3 20.2 24.4 806.8 99.1 815.9 102.0 809.1 105.6 805.2 108.7 811.4 110.9 0.9977
276.9 50.0 24.3 27.7 288.9 60.5 297.6 63.9 293.0 67.9 285.6 70.8 291.7 73.5 0.9977
692.9 630.0 23.4 29.1 700.8 642.1 711.6 641.4 707.2 648.1 702.3 653.1 710.6 652.7 0.9977
625.8 584.6 13.4 18.3 628.5 591.8 634.8 591.8 631.1 595.5 629.0 598.9 633.9 598.8 0.9976
761.2 703.0 9.9 14.8 764.0 709.1 768.8 709.2 766.6 712.2 764.7 714.9 768.2 714.9 0.9976
393.2 547.9 16.7 21.2 396.7 556.8 404.1 556.0 400.3 560.3 398.1 564.2 404.3 563.6 0.9976
124.3 91.2 19.2 22.8 131.6 101.7 140.0 100.8 137.2 106.3 133.5 110.0 139.3 109.5 0.9976
695.0 200.8 12.2 16.0 700.3 206.5 705.3 207.2 703.2 210.0 699.9 212.6 703.8 213.2 0.9975
189.4 234.1 15.3 19.7 195.3 241.1 202.1 241.1 199.7 244.9 195.9 248.6 201.6 248.6 0.9975
396.2 662.9 11.2 15.4 398.1 668.8 403.2 668.7 400.2 671.9 398.9 675.0 403.0 674.8 0.9975
280.4 508.0 11.0 14.1 283.5 513.3 288.6 513.8 285.9 516.4 283.5 518.6 287.8 518.9 0.9975
971.9 435.5 14.5 18.2 976.3 442.7 982.5 441.6 980.2 445.8 978.2 449.9 982.8 449.0 0.9975
430.0 507.9 11.6 16.3 433.3 514.2 438.9 514.0 436.3 517.5 434.2 520.8 438.3 520.6 0.9975
857.7 6.4 13.1 17.7 860.9 14.0 866.8 14.0 863.6 17.4 861.5 20.4 866.2 20.4 0.9975
378.7 510.4 17.8 24.5 384.2 518.5 392.9 520.5 387.7 524.0 382.9 527.8 390.0 529.5 0.9974
428.8 197.1 14.2 16.8 433.1 203.3 439.1 205.0 435.1 207.4 431.9 209.2 436.9 210.5 0.9974
613.4 56.9 17.9 20.3 616.6 64.5 624.0 64.2 619.4 69.0 618.0 72.9 623.3 72.6 0.9974
805.8 131.0 13.0 17.5 808.8 138.7 814.8 137.8 811.9 141.9 810.3 145.0 815.1 144.3 0.9974
731.0 625.6 15.6 20.9 733.1 634.0 739.6 633.4 735.2 637.5 734.4 641.7 739.4 641.2 0.9974
12.5 44.5 12.0 13.6 15.7 49.4 20.9 51.4 16.9 53.1 14.3 54.2 18.1 55.8 0.9974
996.2 743.1 11.3 14.4 998.8 749.1 1004.0 748.8 1001.5 751.6 999.7 754.2 1004.0 753.9 0.9974
305.6 744.9 16.1 21.5 312.5 755.5 318.9 753.8 317.7 758.7 314.8 762.8 319.5 761.6 0.9974
361.6 390.2 17.4 23.5 365.9 401.4 373.3 398.5 371.1 404.2 369.7 409.4 375.5 407.0 0.9973
781.9 702.6 10.5 14.4 783.4 708.6 787.9 708.1 785.2 711.3 784.7 714.3 787.9 713.8 0.9973
125.3 283.8 20.6 21.9 133.6 291.0 142.3 291.8 138.6 296.4 133.0 299.7 140.0 300.5 0.9973
5.7 435.1 14.5 20.7 10.1 443.2 16.9 443.3 13.7 447.6 10.0 449.9 16.7 450.0 0.9972
532.1 395.4 15.0 19.7 538.1 402.8 544.7 404.3 541.5 407.6 537.6 410.5 542.1 411.7 0.9972
240.0 400.6 10.5 15.0 242.6 406.3 247.7 406.3 245.1 409.1 242.9 411.7 247.5 411.7 0.9972
40.2 660.8 15.1 18.3 43.4 668.1 50.2 667.5 46.8 671.4 45.0 674.9 50.5 674.4 0.9972
125.4 738.7 11.8 14.6 127.6 744.3 133.1 743.7 130.1 746.6 128.6 749.8 132.9 749.4 0.9972
506.6 512.5 10.9 13.0 510.9 517.0 515.3 516.8 513.8 519.4 511.6 522.2 515.0 522.1 0.9972
353.8 11.7 12.9 16.1 357.0 18.5 362.8 17.6 360.3 21.2 358.5 24.3 363.4 23.5 0.9971
613.3 665.5 21.3 25.4 619.2 674.6 629.2 674.9 624.3 679.8 620.4 684.7 628.0 685.0 0.9971
695.5 11.0 12.0 15.2 698.2 16.8 703.9 16.3 701.1 19.7 699.4 22.9 703.8 22.5 0.9971
278.8 242.2 15.0 19.2 283.6 250.1 290.3 250.0 287.2 253.9 284.3 257.3 289.3 257.3 0.9970
698.4 243.6 20.4 26.4 705.3 254.7 715.1 255.2 710.6 260.8 706.1 264.9 712.8 265.4 0.9970
623.6 621.6 13.9 18.1 625.9 628.5 632.2 628.5 628.2 631.7 626.6 635.2 631.4 635.1 0.9970
321.9 740.4 15.4 21.7 326.8 748.9 333.9 750.2 330.0 754.2 326.3 757.3 331.5 758.3 0.9970
170.4 548.9 11.3 14.6 172.1 555.4 176.6 554.6 174.2 558.2 174.0 561.0 177.4 560.2 0.9970
798.3 239.6 12.3 14.9 800.5 244.4 806.0 243.2 803.4 247.3 802.2 251.0 806.6 250.1 0.9970
131.4 554.5 9.7 13.0 133.5 560.0 137.8 559.9 135.4 562.3 134.2 564.7 137.4 564.5 0.9970
572.9 199.6 14.2 20.0 577.4 206.3 584.1 207.9 580.3 211.1 576.6 214.2 581.8 215.5 0.9969
874.7 587.0 13.1 16.4 877.0 594.4 882.4 593.6 879.5 597.5 878.7 600.4 882.8 599.7 0.9969
508.9 394.4 9.9 12.9 510.5 398.9 512.9 399.5 510.1 401.5 510.1 404.1 511.8 404.4 0.9969
920.0 46.7 12.0 15.1 923.1 51.4 929.0 51.5 926.1 54.6 923.7 57.9 928.4 58.0 0.9969
802.5 509.5 10.4 13.0 806.1 514.4 811.1 514.7 808.9 517.0 806.3 519.2 810.5 519.4 0.9969
51.2 206.5 12.0 15.0 54.2 212.1 59.8 212.1 57.0 215.3 55.1 218.2 59.2 218.2 0.9968
158.2 549.0 10.3 13.7 161.1 553.9 166.2 553.8 163.9 556.8 161.6 559.4 165.8 559.4 0.9968
613.7 234.7 20.5 25.4 622.3 245.2 631.6 245.6 628.1 250.3 622.7 254.3 629.9 254.7 0.9968
281.9 747.5 11.3 14.7 284.6 753.4 290.0 753.6 287.1 756.6 285.1 759.1 289.1 759.2 0.9968
500.3 743.9 13.4 16.7 503.2 751.1 509.2 749.5 506.8 754.0 505.6 757.6 510.0 756.4 0.9967
891.7 660.2 15.4 22.8 893.8 669.2 900.6 668.7 896.5 673.7 895.2 677.7 900.7 677.3 0.9967
273.9 273.6 21.1 27.0 277.4 284.1 286.5 282.1 281.7 288.4 280.3 293.9 288.0 292.2 0.9967
137.7 242.6 8.1 10.9 139.5 247.3 143.3 247.2 141.2 249.4 140.0 251.3 143.1 251.2 0.9967
432.2 581.9 12.0 16.5 434.6 588.7 440.6 587.2 438.2 591.0 436.3 594.3 441.8 593.1 0.9966
962.3 8.9 13.6 18.4 965.7 16.1 972.4 15.6 969.3 19.2 966.6 22.7 972.3 22.3 0.9966
53.9 581.7 13.7 15.5 58.5 586.8 64.2 589.3 60.2 591.4 56.8 592.8 61.2 594.7 0.9965
394.4 83.6 16.1 20.2 398.2 90.8 405.5 91.0 401.5 94.8 398.8 98.7 404.7 98.7 0.9965
800.8 658.1 15.5 19.2 803.1 664.6 808.8 664.1 804.7 667.8 804.0 672.2 808.4 671.7 0.9965
587.6 274.8 15.5 21.6 595.2 283.3 600.8 283.4 599.6 287.7 595.8 291.6 599.8 291.9 0.9965
885.1 319.1 11.4 14.2 889.4 324.5 894.5 324.6 892.4 327.3 889.8 330.0 893.9 330.1 0.9964
946.2 436.1 12.9 16.8 948.6 441.7 953.6 442.5 949.7 445.5 948.6 448.8 952.2 449.2 0.9964
388.8 355.9 23.7 30.2 397.3 371.1 407.1 367.0 405.9 374.4 402.8 381.3 409.9 378.3 0.9964
576.9 702.5 13.2 19.4 578.4 710.2 583.9 709.6 580.2 713.7 579.6 717.6 584.1 717.0 0.9964
477.3 398.4 10.5 12.5 479.5 404.4 484.4 403.5 482.2 406.6 481.1 408.8 484.9 408.0 0.9963
619.7 390.1 21.5 25.1 624.0 400.3 633.2 398.2 629.1 404.8 627.9 409.8 635.1 408.1 0.9963
394.5 700.8 9.9 12.8 396.8 706.8 401.4 706.1 399.2 708.7 398.0 711.3 401.4 710.7 0.9963
315.0 164.6 29.2 32.9 321.4 176.8 335.8 176.2 328.3 183.2 323.4 189.6 334.7 189.1 0.9963
654.7 165.3 12.6 13.4 657.9 171.8 663.5 170.9 661.1 174.6 659.8 176.9 663.4 176.3 0.9963
918.7 541.9 13.9 16.4 920.9 547.7 926.5 547.7 922.4 550.7 921.5 554.3 925.8 554.2 0.9962
357.2 126.4 8.6 11.2 359.3 131.0 363.3 130.7 361.4 133.0 360.0 135.1 363.3 134.9 0.9962
335.6 665.5 22.1 27.5 341.7 675.9 352.0 677.1 346.2 682.3 341.7 686.3 349.5 687.3 0.9960
308.0 628.9 12.8 16.0 310.7 636.2 316.7 634.7 314.2 638.5 312.9 642.0 317.3 640.9 0.9960
694.4 466.4 10.8 14.3 696.6 472.0 702.0 471.7 699.3 474.8 697.6 477.7 701.7 477.4 0.9960
622.0 201.9 10.7 13.6 624.3 207.0 629.0 207.8 625.8 210.1 624.1 212.3 627.5 212.9 0.9959
653.3 353.9 10.4 13.7 658.0 359.2 662.2 359.2 661.1 362.0 658.6 364.6 661.6 364.7 0.9959
328.1 326.4 11.3 15.3 333.1 333.4 338.0 332.7 336.9 336.2 334.6 339.3 337.8 338.8 0.9959
785.4 51.9 11.3 14.8 788.3 57.9 793.6 57.8 790.8 61.2 789.0 63.7 793.1 63.6 0.9959
853.6 240.8 10.5 13.6 855.6 246.7 860.3 245.3 858.4 248.7 857.6 251.7 861.2 250.6 0.9958
438.5 358.4 12.6 17.7 441.1 364.0 445.7 365.5 441.1 368.1 439.9 371.3 443.1 372.3 0.9957
478.3 624.5 11.1 14.0 481.5 629.9 486.9 629.5 484.6 632.7 482.6 635.5 486.5 635.2 0.9956
461.0 481.8 17.7 21.0 464.5 490.4 472.4 489.4 467.9 494.0 466.2 498.5 472.0 497.7 0.9956
273.3 550.4 10.4 14.4 278.0 556.4 282.4 555.4 281.5 558.3 279.5 561.9 282.8 561.2 0.9956
303.9 557.7 10.6 12.9 306.4 562.2 311.3 562.5 308.6 564.8 306.5 567.2 310.6 567.4 0.9954
470.7 161.2 12.9 16.8 473.2 169.3 478.4 167.9 476.2 172.1 475.6 175.1 479.6 173.9 0.9954
651.4 550.6 8.9 10.9 653.1 555.2 656.6 555.0 654.5 557.3 653.9 559.3 656.6 559.1 0.9953
514.5 121.3 16.8 24.5 517.4 130.2 525.5 129.2 521.0 134.9 519.1 140.0 525.7 139.3 0.9953
238.8 583.1 16.3 21.1 243.5 591.6 251.2 592.7 246.8 596.6 243.1 599.5 249.2 600.4 0.9951
848.6 277.9 7.1 9.2 850.3 281.1 853.8 281.2 852.0 283.0 850.6 284.7 853.4 284.8 0.9951
57.4 702.2 13.9 18.3 59.8 709.2 66.4 708.5 62.8 712.8 61.3 716.6 66.4 716.0 0.9950
403.7 197.3 9.9 13.1 405.3 203.2 409.5 202.7 407.1 205.0 406.2 207.5 409.8 207.0 0.9950
690.1 91.6 8.9 11.3 692.5 96.1 696.6 96.3 694.4 98.3 692.6 100.2 695.9 100.4 0.9948
767.6 550.4 10.7 13.5 769.3 555.7 773.9 555.7 771.0 558.5 770.1 561.0 773.5 560.9 0.9948
928.6 624.2 13.8 18.6 936.3 630.6 940.7 630.5 940.3 634.4 936.7 638.2 939.9 638.4 0.9947
21.0 544.2 11.3 13.8 24.1 548.9 29.6 549.3 26.6 551.9 24.1 554.6 28.6 554.9 0.9947
162.6 622.4 19.6 28.1 166.4 633.0 175.3 632.9 169.9 637.9 167.4 643.6 174.0 643.5 0.9946
650.0 83.8 10.2 13.4 653.8 89.9 658.5 90.0 656.5 92.5 654.2 94.7 657.7 94.8 0.9946
155.4 318.9 10.3 13.4 157.3 324.1 161.3 324.2 158.6 326.8 157.6 329.3 160.8 329.3 0.9945
380.4 6.6 12.3 14.9 382.8 13.6 387.7 11.9 385.7 15.7 385.2 18.8 388.9 17.5 0.9945
81.4 197.0 14.3 18.8 84.5 204.3 91.4 204.1 87.7 207.6 85.5 211.3 91.0 211.1 0.9945
78.7 48.7 27.3 32.2 13.2 725.7 17.5 725.7 14.7 728.4 13.8 730.7 17.1 730.6 0.9944
1002.1 443.0 12.3 16.4 84.6 60.6 98.0 60.6 90.7 66.8 86.1 73.5 96.0 73.5 0.9940
262.3 744.3 11.6 15.4 1005.6 449.0 1010.0 451.2 1005.6 452.7 1003.6 455.0 1006.5 456.6 0.9940
956.8 750.3 21.2 19.1 265.0 750.3 270.3 750.4 267.5 753.5 265.5 756.3 269.7 756.3 0.9940
615.8 349.5 10.1 12.9 961.7 761.8 969.3 760.6 965.7 766.1 965.7 767.8 970.3 766.8 0.9940
306.7 503.1 22.8 28.5 618.1 354.3 622.8 354.1 620.4 356.8 618.9 359.5 622.4 359.3 0.9940
494.4 117.7 18.4 24.5 310.1 511.0 320.6 513.9 311.9 519.2 309.0 523.0 317.4 525.1 0.9933
661.5 276.8 14.2 16.9 503.5 124.2 510.6 125.1 508.6 129.6 503.0 134.5 508.9 135.3 0.9930
540.5 316.9 16.4 20.4 664.7 283.2 671.0 281.9 668.3 286.0 666.8 289.8 672.0 288.7 0.9929
356.6 88.4 21.1 26.4 543.9 323.5 551.2 324.3 546.2 327.7 543.8 331.9 549.2 332.5 0.9927
8.1 311.6 10.5 12.9 362.7 98.1 372.4 97.0 368.6 103.5 365.2 108.9 372.5 108.1 0.9927
835.7 355.6 11.5 13.5 12.4 316.4 16.6 317.3 14.4 319.5 11.8 321.3 15.0 322.1 0.9927
60.2 122.7 15.3 20.1 837.8 360.1 843.2 359.5 840.5 362.7 839.2 365.8 843.5 365.2 0.9927
387.8 284.2 17.1 19.6 63.2 131.2 70.3 129.7 67.1 134.2 65.6 138.6 70.9 137.4 0.9926
498.2 3.2 13.5 17.9 391.7 292.5 399.5 290.9 396.1 296.5 394.5 300.5 400.0 299.3 0.9926
425.2 473.9 10.2 14.3 502.0 9.1 508.6 9.6 505.2 12.9 502.2 16.2 507.6 16.5 0.9923
1001.5 163.2 9.4 12.5 429.0 479.6 433.9 479.5 432.0 482.5 429.5 485.2 433.1 485.2 0.9923
629.5 162.6 13.9 17.8 1004.2 168.5 1008.4 168.6 1006.3 170.9 1004.5 172.9 1007.9 173.0 0.9923
86.6 509.7 10.3 13.5 632.6 170.0 638.7 168.3 636.4 172.9 634.9 176.4 640.2 175.0 0.9922
27.7 742.7 12.3 16.6 89.0 515.5 93.8 515.0 91.5 518.0 90.1 520.7 93.9 520.4 0.9922
766.7 236.3 13.6 17.7 29.4 747.7 34.6 748.0 30.5 751.5 29.7 755.0 33.7 755.2 0.9921
21.6 315.9 8.6 11.0 768.8 243.3 774.1 242.7 770.6 246.5 769.9 249.8 774.1 249.4 0.9921
533.3 164.7 14.7 20.4 23.0 320.7 26.4 320.4 24.3 322.7 23.9 324.7 26.5 324.5 0.9919
362.3 324.2 11.4 13.6 538.6 172.7 545.5 173.5 542.2 177.6 538.8 181.0 543.6 181.7 0.9917
513.8 7.7 13.1 18.0 365.9 328.4 371.3 329.6 368.2 332.1 365.4 334.3 369.3 335.2 0.9917
778.8 274.3 16.2 23.3 516.1 15.5 521.9 14.6 518.9 19.0 517.9 22.4 522.2 21.7 0.9916
604.7 163.3 13.7 17.7 782.8 284.6 790.5 283.5 787.1 288.9 784.8 293.2 790.9 292.3 0.9916
420.6 130.2 10.2 14.0 609.2 168.8 615.4 169.8 612.1 173.0 608.7 175.7 614.1 176.5 0.9914
461.1 169.9 10.2 13.9 423.7 134.9 428.3 135.0 426.2 137.5 424.1 140.3 428.0 140.3 0.9913
84.3 554.8 13.4 15.7 464.7 175.4 469.3 175.7 467.3 178.0 464.8 180.4 468.6 180.6 0.9911
509.6 49.9 9.9 13.1 88.4 560.6 94.7 559.9 92.4 563.2 89.3 566.0 95.1 565.5 0.9909
964.3 703.6 13.8 16.3 511.6 55.2 516.4 55.1 513.9 57.9 512.4 60.2 516.1 60.0 0.9909
896.8 4.6 10.2 12.8 968.4 709.4 974.1 711.6 969.7 713.6 966.7 715.5 970.9 717.2 0.9908
81.7 471.2 22.0 27.0 898.6 10.6 903.0 9.6 901.0 13.0 900.7 15.5 903.6 14.6 0.9905
535.5 552.2 10.6 12.6 85.5 482.4 94.9 482.0 89.1 487.9 87.7 492.6 94.5 492.2 0.9903
665.0 355.1 10.4 13.1 538.0 557.4 542.6 557.6 539.8 559.9 538.2 562.1 541.9 562.2 0.9903
942.3 693.5 15.2 18.5 668.4 359.9 673.3 360.8 670.6 363.1 668.0 365.0 671.8 365.8 0.9902
553.5 395.3 11.9 17.8 947.5 698.9 953.8 698.7 951.2 702.8 948.1 706.6 953.3 706.5 0.9902
0.1 509.1 15.5 21.6 556.2 401.9 562.2 401.4 559.5 405.3 557.4 409.0 562.2 408.6 0.9898
471.1 659.2 10.3 13.9 6.6 517.1 13.8 516.4 12.0 521.2 8.1 526.1 13.3 525.7 0.9898
586.7 511.9 11.8 15.5 475.0 664.8 479.5 664.4 477.9 667.5 475.9 670.4 479.2 670.1 0.9898
296.2 239.9 12.3 15.9 589.5 517.9 595.0 518.6 591.6 521.6 589.6 524.0 593.5 524.5 0.9897
574.8 516.6 12.8 17.4 299.5 246.4 305.5 245.9 302.8 249.4 300.7 252.5 305.2 252.2 0.9897
82.1 164.0 9.7 13.1 578.1 524.2 584.1 523.3 581.6 527.3 579.8 530.7 584.3 530.0 0.9896
967.5 594.3 13.9 18.0 84.3 169.1 88.8 168.9 86.5 171.8 85.0 174.2 88.6 174.0 0.9896
481.6 662.5 9.8 13.3 969.7 601.1 975.1 600.9 971.5 604.7 970.9 608.3 974.9 608.0 0.9895
227.6 203.3 23.3 30.8 484.0 668.1 488.5 668.4 485.9 671.1 484.3 673.0 487.7 673.2 0.9894
352.0 246.5 20.4 25.9 231.5 216.2 241.1 216.5 235.0 223.0 233.6 227.1 241.3 227.2 0.9891
950.9 121.7 9.5 11.7 356.0 256.1 365.4 255.7 360.3 261.8 358.0 266.7 364.8 266.3 0.9889
819.1 138.2 14.6 19.1 953.1 126.6 957.6 126.1 955.6 128.7 954.3 131.0 957.8 130.6 0.9889
762.7 401.8 20.1 24.5 821.9 146.2 828.8 146.0 824.8 149.7 823.0 153.5 827.9 153.3 0.9889
6.5 278.1 10.3 12.8 767.6 411.7 776.8 411.9 771.6 416.7 768.3 421.1 775.1 421.3 0.9883
881.3 15.9 9.5 12.8 8.2 282.0 12.9 282.0 10.0 284.9 8.8 287.8 12.4 287.7 0.9883
49.5 51.3 8.3 10.4 884.3 21.5 888.4 20.9 887.1 23.4 885.7 26.0 888.6 25.5 0.9883
853.2 395.4 8.1 10.8 51.7 55.3 55.8 55.2 53.8 57.4 52.2 59.5 55.5 59.4 0.9881
694.3 347.2 12.8 14.8 854.9 399.5 858.6 399.7 856.3 401.6 855.0 403.5 858.0 403.7 0.9879
840.1 318.1 10.8 13.9 699.7 352.9 705.2 352.7 703.4 356.1 700.7 359.1 704.4 359.0 0.9876
325.1 558.8 12.4 15.3 842.6 324.2 847.8 323.6 845.4 326.8 843.9 329.4 847.8 328.9 0.9876
133.5 694.9 21.4 27.9 327.8 565.1 334.3 564.7 331.2 568.1 329.2 571.2 333.9 570.9 0.9875
1003.8 661.6 12.9 18.7 138.0 705.5 147.3 704.7 142.2 711.2 140.2 716.9 147.2 716.1 0.9875
154.4 89.0 14.3 17.9 1006.8 669.8 1012.7 669.4 1009.8 673.3 1008.0 676.5 1012.5 676.2 0.9872
960.3 237.3 10.0 12.8 156.6 97.4 162.0 97.0 158.6 100.8 158.2 103.7 162.2 103.2 0.9869
211.2 276.9 9.5 12.6 961.9 243.0 966.8 242.3 964.4 245.3 963.3 247.7 966.9 247.1 0.9868
512.4 100.5 11.3 13.9 212.8 282.1 217.0 282.0 214.4 284.5 213.4 286.9 216.6 286.7 0.9863
915.6 399.8 8.1 9.7 515.1 105.6 519.9 105.9 517.0 108.4 515.3 110.9 519.1 111.1 0.9861
90.0 585.5 7.9 9.4 917.1 403.5 920.6 403.2 918.7 405.5 918.1 407.5 920.7 407.2 0.9861
170.0 479.2 12.9 17.0 91.3 589.1 94.5 589.0 92.4 590.9 91.8 592.7 94.3 592.6 0.9859
324.0 242.5 10.4 14.7 175.1 485.2 180.8 486.5 177.8 489.3 174.3 492.0 178.4 493.1 0.9859
999.8 556.9 19.0 21.6 326.7 248.1 331.5 247.9 329.3 250.6 327.2 253.5 331.6 253.3 0.9858
319.3 121.1 9.4 11.5 1010.5 564.8 1016.8 564.0 1015.8 569.1 1011.1 573.3 1015.5 572.9 0.9858
667.6 466.5 13.3 18.0 322.3 125.6 326.7 125.5 324.7 127.9 322.6 130.0 326.2 130.0 0.9857
383.7 200.5 11.0 13.6 672.2 473.0 678.5 473.3 675.7 477.3 672.8 480.6 677.2 480.9 0.9854
473.0 356.0 9.0 11.3 388.0 206.0 392.9 205.8 391.1 208.5 388.7 211.2 392.4 211.1 0.9854
311.0 246.1 11.2 13.6 476.5 360.7 480.0 360.5 478.9 363.0 477.0 365.2 479.7 365.2 0.9851
918.7 325.8 7.6 9.9 314.6 250.8 320.0 250.5 317.8 253.6 315.5 256.4 319.7 256.2 0.9850
842.1 244.1 10.8 14.9 921.1 329.8 924.6 330.0 922.8 331.7 921.1 333.4 924.0 333.5 0.9849
908.4 509.8 14.8 21.3 846.7 249.5 851.4 249.8 849.6 252.8 846.7 255.5 850.4 255.8 0.9842
756.3 48.8 11.3 14.4 913.1 517.7 920.3 517.8 917.1 522.1 913.6 526.2 919.3 526.3 0.9842
391.2 468.7 14.7 19.8 759.4 55.0 763.6 56.1 760.7 58.5 758.7 60.1 761.7 60.9 0.9842
468.2 555.8 13.8 15.3 400.6 476.9 403.9 477.4 403.4 481.3 399.3 484.3 401.4 484.9 0.9837
539.4 702.4 11.5 14.5 476.6 561.4 479.6 562.9 477.7 566.3 473.2 567.6 474.9 568.9 0.9836
199.3 595.3 9.1 11.6 543.5 707.9 548.4 707.6 546.6 710.7 544.4 713.8 548.2 713.6 0.9835
513.0 475.0 16.0 21.0 201.7 600.1 205.9 600.3 203.7 602.6 201.9 604.5 205.2 604.7 0.9834
1010.0 394.6 7.6 9.6 515.7 481.4 521.2 482.6 515.5 486.2 514.7 490.5 518.3 491.2 0.9834
548.7 163.7 13.7 19.6 1011.9 398.2 1015.7 398.3 1013.7 400.3 1012.2 402.3 1015.2 402.3 0.9832
807.4 288.4 8.7 11.7 551.4 171.3 557.7 171.9 553.7 175.4 551.5 179.0 556.3 179.4 0.9832
955.0 206.2 8.1 9.6 810.0 292.9 814.0 293.1 811.9 295.2 810.0 297.2 813.3 297.4 0.9812
974.6 397.3 9.4 12.1 196.0 586.6 199.1 586.8 197.6 588.3 196.1 589.9 198.7 590.1 0.9811
435.7 471.1 9.4 11.6 958.1 209.3 961.6 209.4 960.2 211.3 958.2 213.2 961.1 213.4 0.9810
572.6 9.8 7.1 8.6 978.9 401.7 982.3 401.3 981.6 403.7 979.6 406.2 982.3 406.1 0.9810
953.4 48.5 8.9 11.7 438.2 475.4 442.5 475.2 440.4 477.6 438.9 480.0 442.4 479.8 0.9809
609.4 551.5 11.2 13.7 575.7 12.9 578.7 12.8 577.8 14.6 576.1 16.4 578.4 16.4 0.9796
212.1 553.4 7.8 9.4 955.8 53.4 959.8 53.2 957.9 55.5 956.5 57.7 959.7 57.5 0.9789
211.3 8.9 6.6 8.5 613.0 556.1 618.0 556.1 615.7 558.7 613.4 561.5 617.5 561.5 0.9783
437.0 236.4 16.6 23.1 213.7 557.0 216.9 557.3 214.7 559.1 213.7 560.7 216.2 560.9 0.9779
344.1 399.7 15.6 16.8 213.2 12.0 216.4 12.0 214.9 13.8 213.4 15.4 216.0 15.5 0.9776
236.0 662.0 7.0 7.9 439.7 245.5 448.5 246.2 443.2 250.9 440.2 254.6 446.8 255.1 0.9775
521.9 50.1 11.0 15.3 349.7 404.7 356.1 407.4 351.6 409.2 347.4 410.8 352.9 413.0 0.9774
320.3 623.2 13.1 17.2 238.1 664.7 241.3 665.0 239.5 666.6 238.0 668.1 240.4 668.3 0.9774
394.2 198.6 8.9 13.3 524.4 56.7 529.4 56.2 527.0 59.7 525.6 62.5 529.5 62.1 0.9773
685.1 744.6 15.4 17.1 321.8 631.4 327.3 630.2 324.1 634.3 324.1 637.7 327.8 636.7 0.9771
357.7 468.5 7.4 8.7 397.4 204.6 401.4 204.5 400.0 206.9 397.9 209.2 401.3 209.2 0.9769
588.5 434.8 10.9 16.1 688.9 753.3 693.0 750.5 692.4 755.5 693.5 758.7 696.8 756.4 0.9765
397.9 46.9 5.8 7.4 359.7 472.0 362.6 471.6 361.2 473.5 360.5 475.3 362.7 475.0 0.9765
888.3 431.4 6.8 8.5 592.0 442.3 596.5 442.8 594.1 446.0 591.8 448.2 595.1 448.5 0.9763
92.4 131.2 6.2 7.9 399.3 49.7 402.2 49.6 400.8 51.1 399.7 52.7 402.0 52.6 0.9756
226.6 81.6 22.0 28.1 890.3 434.5 893.3 434.6 891.7 436.2 890.3 437.8 892.8 437.9 0.9753
423.8 544.9 20.1 25.7 94.0 134.4 96.9 134.3 95.4 135.8 94.3 137.3 96.7 137.2 0.9751
201.1 277.7 10.0 13.1 235.0 93.3 244.4 91.0 243.2 97.5 239.2 104.4 245.6 102.6 0.9751
575.9 664.0 7.0 9.0 432.5 552.0 439.4 556.6 433.3 558.7 427.4 561.2 433.0 564.9 0.9750
657.8 559.4 9.6 12.6 204.2 283.0 208.5 283.2 206.4 285.6 204.6 288.0 207.8 288.1 0.9750
346.0 128.1 9.8 13.0 578.1 667.3 581.4 667.4 579.8 669.1 578.1 670.7 580.9 670.8 0.9749
241.0 10.5 7.8 9.5 660.6 564.4 664.6 564.9 662.3 566.8 660.6 568.8 663.8 569.1 0.9746
440.9 666.4 8.6 11.6 348.6 133.4 353.0 133.4 350.8 136.1 349.2 138.4 352.4 138.4 0.9743
97.7 548.2 12.9 14.2 244.7 14.2 247.4 14.2 246.6 16.1 244.9 18.0 246.9 18.0 0.9742
839.2 392.1 7.9 9.8 443.0 671.5 446.9 671.3 445.0 673.7 443.9 675.9 446.9 675.6 0.9742
420.5 15.9 14.9 17.1 100.2 553.7 105.8 552.2 103.5 555.6 102.2 559.2 106.8 557.9 0.9736
787.5 13.3 6.4 8.3 841.5 395.7 845.2 395.9 843.2 397.7 841.6 399.6 844.5 399.7 0.9735
833.1 660.4 10.6 15.6 691.1 413.1 695.0 413.4 693.1 415.4 690.9 417.3 694.0 417.6 0.9733
234.8 163.0 8.1 10.4 425.7 23.0 432.3 23.2 429.3 26.6 426.1 29.8 431.3 30.0 0.9731
759.1 666.9 7.8 10.1 789.3 16.6 792.2 16.5 790.9 18.2 789.8 19.8 792.2 19.6 0.9730
559.5 546.8 10.7 13.9 834.9 666.4 839.2 666.3 836.3 669.4 835.5 672.4 838.9 672.3 0.9726
578.0 471.7 8.6 10.6 236.9 167.0 240.7 166.8 238.9 168.9 237.5 171.0 240.6 170.9 0.9723
386.3 707.6 9.7 12.9 760.6 671.0 763.8 671.3 761.6 673.2 760.7 675.0 763.1 675.2 0.9715
693.0 592.0 9.6 12.2 562.7 551.8 567.4 552.0 564.9 554.5 562.8 557.0 566.8 557.2 0.9709
155.8 474.9 13.4 18.0 580.7 475.3 584.5 475.6 582.6 477.4 580.7 479.4 583.9 479.5 0.9701
172.9 243.6 19.1 25.1 388.9 713.3 393.3 712.9 391.3 715.4 389.8 717.8 393.1 717.6 0.9696
416.2 237.2 20.2 24.2 695.5 597.3 699.8 596.8 697.8 599.5 696.6 601.9 700.0 601.5 0.9693
589.6 475.0 7.8 9.3 164.6 480.7 167.3 481.1 167.1 485.1 163.0 488.1 165.0 488.6 0.9676
200.0 10.9 7.3 9.3 180.7 252.4 188.8 251.5 186.5 256.5 182.1 262.1 188.3 261.4 0.9674
39.8 581.2 11.1 15.5 424.4 246.8 432.9 244.9 431.4 251.4 427.6 256.7 433.8 255.3 0.9673
11.7 236.9 7.8 9.7 592.0 478.4 595.6 478.1 594.1 480.2 592.6 482.2 595.5 482.0 0.9667
899.8 351.3 12.9 16.9 202.4 14.8 205.6 14.9 204.2 16.6 202.6 18.2 205.2 18.3 0.9666
785.9 93.5 10.3 13.7 43.2 587.2 48.4 586.7 46.4 590.3 44.3 593.5 48.2 593.2 0.9662
992.9 393.9 7.9 9.6 13.5 240.7 17.4 240.8 15.3 242.9 13.6 244.8 16.8 244.9 0.9656
104.8 130.5 5.8 7.3 902.7 359.1 908.3 358.5 905.6 362.5 904.3 365.4 908.4 364.9 0.9647
891.2 405.2 7.2 9.6 788.9 98.3 793.5 98.1 791.4 101.2 789.7 104.0 793.2 103.8 0.9645
275.2 474.8 7.8 10.0 995.3 397.8 998.9 397.8 997.2 399.7 995.6 401.5 998.5 401.6 0.9643
217.8 588.6 6.6 9.0 106.1 133.4 108.9 133.3 107.6 134.8 106.5 136.2 108.8 136.2 0.9633
155.8 357.4 9.2 11.0 893.3 408.7 896.9 408.5 895.5 410.5 893.9 412.5 896.9 412.4 0.9633
240.9 738.1 12.7 15.4 277.4 478.6 280.7 478.5 279.0 480.5 277.9 482.4 280.5 482.3 0.9619
652.7 699.9 8.6 11.6 219.1 592.1 221.6 592.2 219.9 593.9 219.2 595.6 221.2 595.6 0.9619
793.9 418.2 48.4 53.4 159.7 361.3 163.4 360.9 162.5 363.2 160.6 365.6 163.5 365.4 0.9613
692.7 391.8 7.5 9.8 244.4 744.0 250.1 743.9 247.3 747.1 245.1 750.0 249.7 749.9 0.9601
804.7 629.9 6.5 8.5 657.0 704.3 659.9 704.4 659.1 706.6 657.0 708.6 659.2 708.8 0.9592
108.4 697.1 20.7 30.1 803.6 435.9 826.1 432.7 815.3 446.6 808.9 456.9 827.8 454.0 0.9583
723.6 586.1 14.1 19.9 695.7 395.5 698.9 395.5 697.6 397.4 695.9 399.3 698.4 399.4 0.9581
79.4 130.4 6.3 7.7 807.0 633.4 809.6 633.4 808.6 635.0 807.2 636.5 809.3 636.6 0.9578
421.0 440.0 26.3 31.8 114.8 706.4 124.3 706.6 119.7 712.4 115.3 718.5 123.4 718.7 0.9577
894.5 201.3 8.3 10.4 725.4 593.9 729.5 593.2 726.5 597.9 727.5 601.9 730.6 601.2 0.9575
966.8 216.1 7.9 9.6 91.0 456.3 95.9 456.7 93.4 458.8 91.3 461.3 95.0 461.6 0.9575
612.0 210.2 10.9 13.8 81.3 133.2 84.3 133.2 83.0 134.8 81.6 136.2 84.0 136.2 0.9574
842.2 472.7 24.4 28.6 427.2 451.2 439.1 453.1 431.1 457.4 426.5 463.3 435.3 464.7 0.9549
814.7 280.3 9.3 11.2 896.6 205.3 900.3 205.6 898.2 207.6 896.7 209.4 899.5 209.6 0.9544
168.0 706.4 9.8 12.4 968.6 219.6 972.5 219.7 970.5 221.7 969.0 223.6 972.1 223.6 0.9541
504.2 423.2 9.6 11.3 616.5 215.3 621.2 216.2 618.9 218.1 616.0 220.2 619.6 221.1 0.9525
841.9 740.3 7.3 9.5 237.3 372.2 242.1 372.7 238.5 375.7 237.3 378.8 241.0 379.1 0.9488
801.6 196.8 6.9 9.2 852.2 481.7 862.6 485.6 856.8 489.0 849.1 491.9 857.7 495.0 0.9484
470.3 280.4 12.7 17.4 816.5 284.0 820.8 283.9 818.4 286.4 817.1 288.8 820.5 288.7 0.9483
286.9 164.6 7.9 10.2 169.8 711.0 174.1 711.3 171.3 713.6 170.1 715.9 173.3 716.0 0.9475
292.3 626.4 6.9 8.8 506.4 427.1 510.7 426.9 508.5 429.3 507.1 431.7 510.6 431.5 0.9465
250.1 662.0 7.5 9.2 845.1 744.4 848.0 744.1 847.3 746.2 845.7 748.0 847.9 747.9 0.9463
703.4 511.0 8.6 11.0 803.8 200.8 806.8 200.6 805.6 202.4 804.4 204.1 806.8 203.9 0.9458
472.1 7.9 7.5 9.4 471.8 287.9 474.1 287.9 471.6 291.7 473.6 294.5 475.2 294.3 0.9456
351.4 476.7 6.9 8.7 288.8 168.7 292.4 168.6 290.6 170.6 289.3 172.5 292.3 172.4 0.9447
345.3 620.0 12.4 17.1 294.1 630.1 297.3 630.2 295.6 631.8 294.3 633.3 296.8 633.4 0.9437
691.7 122.3 12.5 14.3 251.8 665.3 255.2 665.7 253.0 667.4 251.6 669.1 254.3 669.3 0.9435
542.9 471.7 7.7 9.2 705.5 515.0 709.5 515.2 707.2 517.3 705.6 519.3 708.8 519.5 0.9423
322.6 360.8 12.5 15.2 474.4 11.6 477.5 11.6 476.1 13.5 474.7 15.2 477.2 15.2 0.9416
533.1 586.2 9.2 11.7 353.3 480.4 356.4 480.3 355.0 482.0 353.8 483.6 356.4 483.4 0.9412
76.0 665.0 13.8 20.2 184.1 27.9 187.6 27.7 186.3 30.1 184.7 32.3 187.3 32.2 0.9404
740.0 156.3 8.8 10.7 350.4 626.3 353.9 624.9 354.3 628.1 353.1 632.4 355.8 631.4 0.9394
933.1 319.9 7.2 9.6 696.1 128.5 701.2 127.7 699.7 130.9 697.7 133.8 701.7 133.3 0.9385
175.9 351.4 10.2 11.9 545.7 475.0 549.2 475.0 547.9 477.0 546.1 478.9 548.8 478.9 0.9366
331.3 12.8 7.4 10.5 324.4 367.3 329.3 366.1 326.7 369.6 326.3 372.9 330.0 371.9 0.9362
438.2 163.0 10.6 13.7 537.6 590.9 540.9 591.2 539.9 593.4 537.5 595.3 539.9 595.6 0.9362
925.4 239.6 7.4 9.2 84.7 671.1 87.9 671.1 88.1 676.0 83.6 680.1 85.9 680.3 0.9361
469.0 737.7 7.4 9.7 742.5 160.1 746.6 160.0 744.6 162.1 742.9 164.3 746.3 164.2 0.9331
543.1 132.5 7.2 8.9 934.7 323.9 938.0 323.7 936.3 325.7 935.3 327.5 938.0 327.4 0.9325
701.8 592.0 9.9 12.6 766.9 22.4 771.3 22.3 769.8 26.0 767.6 29.1 770.7 29.1 0.9312
58.6 396.3 8.2 10.6 177.9 355.9 182.5 356.1 179.8 358.6 178.5 360.8 181.8 360.9 0.9303
206.2 586.7 7.8 9.4 332.5 16.6 335.0 16.7 333.0 18.7 332.8 20.9 334.8 20.8 0.9295
311.7 359.4 11.0 14.2 439.8 167.4 443.8 167.4 440.9 170.3 440.4 173.3 443.6 173.1 0.9259
15.7 330.3 8.8 10.6 926.8 243.7 929.9 243.4 928.2 245.5 927.7 247.4 930.0 247.1 0.9258
322.7 479.3 7.9 8.3 471.5 741.2 474.6 741.2 473.3 743.3 471.8 745.4 474.2 745.4 0.9240
130.0 359.7 9.2 11.5 545.5 135.9 548.7 136.2 547.1 137.8 545.5 139.3 548.0 139.5 0.9239
119.0 238.2 8.1 9.8 704.1 597.1 708.3 598.3 705.1 600.3 703.5 601.9 706.4 602.8 0.9228
421.7 694.4 8.2 9.3 61.5 400.8 64.9 400.4 64.0 402.6 62.4 404.7 65.0 404.5 0.9194
927.8 511.7 15.5 19.0 208.5 590.4 212.1 590.7 210.2 592.5 208.5 594.1 211.3 594.4 0.9193
934.1 426.6 11.4 15.3 314.8 364.6 319.3 365.9 316.0 368.1 314.0 370.1 317.3 371.0 0.9190
40.6 279.1 12.3 18.0 18.0 335.1 21.9 335.0 20.0 337.3 18.6 339.1 21.6 339.0 0.9157
811.3 5.3 14.3 18.4 325.0 482.5 328.5 482.5 326.8 484.3 325.5 485.9 328.1 485.8 0.9126
443.3 622.7 9.8 13.2 132.0 363.9 136.3 364.1 133.7 366.4 132.2 368.6 135.5 368.7 0.9095
467.2 522.3 6.8 8.7 120.7 241.7 124.9 241.6 122.8 243.9 121.3 246.1 124.6 246.0 0.9074
552.6 471.7 8.7 11.1 424.1 697.5 427.6 697.6 425.8 699.4 424.2 701.3 427.1 701.4 0.9067
661.8 78.8 10.9 12.8 931.7 520.0 939.0 518.8 936.0 523.4 933.8 527.1 939.5 526.2 0.9059
885.7 202.5 9.1 10.8 936.2 431.4 941.7 431.4 938.3 434.6 936.6 438.1 940.8 438.1 0.8993
277.9 664.8 7.0 8.9 582.5 208.6 589.0 210.1 584.8 213.0 581.8 215.8 587.1 216.9 0.8976
654.1 231.2 12.0 14.5 42.5 286.9 45.8 286.0 43.7 290.2 44.7 293.8 47.1 292.9 0.8962
648.7 625.3 9.1 11.2 815.0 11.0 821.2 12.0 817.1 15.3 814.6 18.9 819.2 19.6 0.8960
918.2 436.8 8.0 9.8 86.4 26.2 89.1 26.2 87.8 27.6 86.7 29.0 88.9 29.0 0.8949
505.1 203.8 9.5 13.7 445.2 627.3 449.1 627.5 446.2 630.1 445.3 632.7 448.2 632.8 0.8909
899.3 431.7 8.7 10.7 469.1 525.5 472.2 525.7 470.5 527.3 469.1 528.8 471.6 528.9 0.8883
25.8 236.5 7.8 10.2 555.3 476.4 559.3 476.1 557.7 478.6 556.2 480.8 559.2 480.6 0.8880
21.0 470.3 13.9 18.8 664.2 83.3 668.6 83.4 666.0 85.9 664.5 88.6 668.1 88.6 0.8850
59.4 46.1 6.9 8.1 889.3 206.1 893.5 206.1 892.0 208.5 889.7 210.9 893.0 210.9 0.8826
305.7 409.0 8.6 10.9 768.4 702.5 777.5 702.3 774.0 708.3 769.5 714.3 776.5 714.3 0.8822
914.8 353.0 8.1 10.2 279.8 668.7 283.0 668.5 281.4 670.4 280.4 672.1 282.8 671.9 0.8801
53.5 508.2 6.8 8.1 162.5 548.7 174.0 548.6 168.0 555.2 163.9 561.5 173.0 561.3 0.8780
662.0 511.2 7.4 8.6 658.6 235.7 663.3 235.8 661.3 238.9 658.9 241.9 662.4 242.0 0.8767
697.6 275.1 10.1 12.6 650.7 629.8 654.8 629.9 652.5 632.1 651.1 634.3 654.4 634.3 0.8765
429.1 736.1 7.4 9.7 921.8 440.7 924.6 440.6 923.8 442.6 922.2 444.5 924.4 444.4 0.8743
457.0 318.1 10.7 13.4 507.3 208.6 511.1 209.1 508.5 211.6 507.3 214.0 510.2 214.4 0.8724
88.1 323.1 11.6 17.7 902.8 435.6 906.4 435.2 905.5 437.7 903.6 440.1 906.3 439.9 0.8721
306.5 13.8 9.3 13.2 27.5 240.7 30.8 240.7 28.9 242.7 28.0 244.6 30.6 244.5 0.8700
276.7 627.5 6.5 8.5 23.7 478.0 29.3 478.0 25.7 482.1 24.8 485.5 28.8 485.4 0.8659
207.3 422.4 10.9 13.5 61.3 49.2 64.0 49.0 62.6 50.9 61.9 52.5 63.9 52.4 0.8645
47.9 392.1 7.7 9.1 307.5 412.9 311.1 413.0 308.8 415.3 307.8 417.4 310.6 417.5 0.8645
973.0 279.7 8.3 9.7 894.1 255.5 899.7 255.3 897.5 259.0 894.9 262.3 899.2 262.2 0.8632
704.3 706.9 6.0 7.4 916.9 357.0 920.5 356.8 918.8 358.8 917.5 360.8 920.4 360.6 0.8630
689.9 517.0 7.6 9.6 55.1 511.0 58.0 511.3 56.2 512.7 55.1 514.2 57.4 514.3 0.8619
213.8 701.1 20.3 28.9 663.6 514.3 666.8 514.2 665.1 516.2 664.2 517.9 666.6 517.8 0.8582
720.5 629.7 12.7 18.9 699.8 280.3 704.4 280.0 702.1 282.6 700.8 285.0 704.3 284.7 0.8572
844.1 431.1 7.9 9.9 431.0 739.9 434.0 739.7 432.5 741.9 431.7 743.8 434.0 743.6 0.8544
809.4 468.4 7.8 9.1 459.7 323.3 464.6 324.2 461.4 326.1 459.3 328.2 462.9 328.9 0.8533
680.6 153.0 21.2 24.8 89.9 328.5 91.6 329.0 88.4 332.4 89.7 336.3 91.1 336.5 0.8519
764.2 14.4 6.3 7.6 576.6 13.0 582.6 13.1 579.9 16.4 577.1 19.8 581.7 19.9 0.8414
762.9 178.5 13.1 15.9 313.0 18.5 314.2 18.6 314.9 21.2 312.2 23.5 313.1 23.8 0.8406
439.4 738.3 6.1 8.3 278.4 631.0 281.3 630.9 280.0 632.6 278.8 634.2 281.2 634.1 0.8390
125.8 163.9 6.9 8.9 210.5 426.7 215.9 426.8 213.4 429.7 211.1 432.5 215.2 432.6 0.8377
699.0 705.5 6.8 8.1 51.2 395.5 54.3 395.7 53.0 397.5 51.1 399.2 53.4 399.4 0.8338
917.2 668.0 10.7 13.1 975.4 283.6 979.0 283.3 977.5 285.3 976.2 287.2 979.1 287.0 0.8335
811.0 623.6 6.1 8.2 705.6 709.9 708.1 710.2 706.4 711.6 705.5 712.8 707.5 713.0 0.8290
240.7 625.3 8.4 10.9 691.7 520.5 695.6 520.5 693.6 522.5 692.0 524.5 695.1 524.6 0.8286
81.4 439.6 12.8 16.9 216.8 712.3 225.4 712.2 219.1 718.4 217.5 723.7 223.9 723.4 0.8262
157.1 705.9 9.9 13.2 723.0 637.3 728.4 636.4 725.9 641.1 724.9 644.7 729.4 644.0 0.8258
775.4 155.8 15.5 18.9 846.4 434.6 850.0 434.6 848.4 436.6 846.8 438.5 849.8 438.5 0.8254
552.8 697.9 9.2 12.1 811.3 472.1 814.6 471.8 813.0 473.7 812.2 475.6 814.8 475.3 0.8203
194.4 424.7 12.6 14.8 692.5 161.2 698.7 162.2 696.9 168.5 689.4 171.8 693.7 173.0 0.8189
877.3 433.4 7.1 8.7 766.4 17.5 769.2 17.5 768.0 19.1 766.7 20.5 768.8 20.6 0.8189
308.1 655.7 14.7 17.6 767.0 184.4 773.5 184.8 770.2 188.1 767.2 191.1 772.1 191.5 0.8173
285.0 206.8 14.0 14.8 441.4 741.4 444.0 741.4 442.9 743.0 441.7 744.7 443.7 744.7 0.8171
52.6 324.9 12.7 15.1 127.2 167.3 129.9 167.3 128.1 169.2 127.6 171.1 129.7 171.0 0.8143
919.1 82.8 7.8 9.7 655.6 674.1 660.4 673.2 662.8 679.8 657.6 687.1 660.7 686.8 0.8127
96.4 429.3 10.6 11.3 701.6 708.8 704.3 708.9 703.3 710.7 701.9 712.1 703.9 712.1 0.8046
949.2 579.2 15.4 18.6 920.3 672.9 925.2 673.2 922.6 675.8 920.5 678.3 924.4 678.5 0.7956
618.1 468.7 9.9 11.9 799.4 4.4 804.2 4.7 800.8 7.6 799.8 10.5 803.5 10.6 0.7946
881.7 737.3 7.4 10.6 812.9 626.7 815.1 626.6 814.1 628.3 813.3 630.1 815.0 630.0 0.7923
661.7 437.3 7.0 8.0 242.1 629.5 245.2 629.5 243.1 631.8 242.7 633.9 245.0 633.8 0.7889
621.5 82.6 14.7 17.3 85.0 446.7 90.4 447.2 87.2 450.3 85.2 453.0 89.3 453.3 0.7876
160.3 60.1 6.4 7.9 158.7 710.8 162.5 710.5 160.3 713.5 159.8 716.3 162.6 716.0 0.7857
45.7 550.5 10.5 12.9 782.0 162.5 787.7 161.9 786.2 166.0 783.2 170.3 787.6 170.0 0.7849
700.3 395.7 7.1 8.7 115.8 12.8 118.4 12.9 116.9 14.4 116.0 15.9 118.0 15.9 0.7835
586.9 10.7 6.3 8.6 555.0 702.6 559.0 702.4 556.9 705.0 555.7 707.6 558.9 707.4 0.7835
127.1 588.8 9.9 12.1 197.0 429.1 202.5 429.3 199.2 432.4 197.5 435.6 201.9 435.7 0.7830
666.1 700.6 7.7 10.6 880.2 436.5 883.0 436.5 882.0 438.3 880.4 440.0 882.6 440.0 0.7824
465.4 195.9 11.8 13.6 310.0 660.9 316.3 660.8 312.0 664.9 311.0 669.1 315.8 668.9 0.7823
356.4 674.0 18.9 23.7 287.5 214.0 291.0 213.2 289.1 217.5 291.2 219.9 293.1 219.1 0.7758
96.6 239.4 7.4 8.9 56.7 329.8 62.2 329.8 59.7 333.0 57.5 335.9 61.6 335.9 0.7681
733.0 52.0 8.4 10.6 921.4 87.3 925.1 87.0 923.5 89.2 922.2 91.0 925.0 90.8 0.7642
772.0 668.6 7.3 8.7 100.3 434.4 103.9 432.8 103.7 435.4 102.8 438.3 105.3 437.2 0.7624
121.5 619.5 8.4 10.1 102.9 26.6 105.9 26.8 104.2 28.4 103.1 30.0 105.4 30.1 0.7501
774.2 14.6 7.1 8.7 952.8 585.6 959.9 584.8 956.7 589.2 954.5 593.2 960.1 592.5 0.7486
378.9 321.7 8.7 11.1 621.3 474.5 625.5 475.5 622.8 477.4 620.8 478.5 623.7 479.3 0.7472
90.2 239.6 10.7 13.0 883.4 741.5 886.4 741.6 884.6 743.6 883.6 745.6 886.1 745.6 0.7423
502.3 690.2 15.9 16.4 663.5 440.0 666.8 440.2 665.0 441.8 663.6 443.3 666.1 443.5 0.7381
589.3 663.1 7.2 9.1 625.4 88.3 632.9 88.8 628.9 92.8 625.6 96.4 631.4 96.7 0.7322
609.8 310.1 19.8 23.4 162.5 63.1 165.2 63.1 164.0 64.6 162.7 66.0 164.8 66.1 0.7181
120.4 424.9 25.2 27.4 48.6 554.8 53.4 555.1 50.8 557.6 48.7 560.2 52.5 560.4 0.7152
463.3 10.0 7.5 9.3 702.8 399.3 705.6 399.4 704.2 401.1 703.0 402.7 705.1 402.7 0.7147
696.1 433.7 10.1 11.9 588.8 14.5 591.4 14.3 590.4 16.2 589.4 17.8 591.4 17.7 0.7124
236.4 493.2 10.1 13.3 129.6 593.3 133.9 593.4 131.6 596.0 130.1 598.6 133.3 598.6 0.7118
652.8 7.8 13.1 15.1 667.2 704.9 670.1 705.0 667.8 707.0 667.5 709.0 669.7 709.0 0.7082
154.1 742.5 7.3 9.3 467.4 200.5 472.1 200.5 469.0 203.5 468.0 206.5 471.6 206.4 0.6984
42.6 475.8 6.5 8.4 361.3 683.8 370.5 685.0 365.2 689.2 361.4 693.2 367.9 694.1 0.6937
981.0 313.7 10.0 13.3 98.6 242.9 101.9 242.9 100.3 244.7 99.1 246.4 101.7 246.4 0.6917
131.6 123.0 8.4 10.3 735.3 56.6 739.3 56.6 737.3 58.8 735.7 60.8 738.9 60.8 0.6880
313.6 386.3 13.4 15.3 773.2 671.9 776.1 671.7 774.3 673.7 773.9 675.6 776.1 675.4 0.6827
814.9 203.0 6.7 7.9 125.7 623.4 128.8 623.4 128.0 625.5 125.9 627.5 128.2 627.6 0.6790
171.6 57.8 5.8 7.3 776.2 17.9 779.4 18.0 777.8 19.7 776.5 21.4 779.1 21.4 0.6771
357.0 274.5 7.7 9.8 380.9 325.9 384.9 326.1 382.6 328.2 381.1 330.3 384.2 330.5 0.6763
199.8 199.7 7.8 10.4 93.2 244.0 97.4 244.0 95.1 246.7 93.8 249.6 96.9 249.5 0.6618
320.5 42.3 18.7 23.3 100.5 16.5 102.8 16.7 101.3 18.0 100.6 19.4 102.4 19.5 0.6598
163.8 47.9 7.3 8.9 511.6 698.1 515.2 698.1 514.0 702.3 509.8 704.0 511.7 704.2 0.6550
477.9 326.0 8.0 9.6 591.3 666.6 594.8 666.6 593.2 668.4 591.7 670.2 594.5 670.2 0.6504
962.6 511.7 6.8 8.5 616.7 318.0 625.6 317.8 622.1 323.4 617.8 328.7 624.6 328.7 0.6402
546.6 240.6 25.4 28.8 132.2 435.2 142.8 435.0 139.7 441.9 133.6 446.9 140.7 447.0 0.6391
958.6 282.3 8.0 9.7 465.7 13.7 468.9 13.9 467.3 15.6 465.9 17.3 468.4 17.4 0.6193
593.1 8.4 7.3 9.2 697.7 438.1 701.5 437.8 699.1 440.5 698.9 443.0 701.7 442.6 0.6185
968.0 362.6 6.1 7.3 239.3 498.7 243.8 498.5 241.7 501.3 240.0 503.8 243.5 503.7 0.6155
649.7 667.9 14.9 18.5 655.8 12.6 661.7 12.8 658.3 16.0 656.2 19.3 660.8 19.4 0.6100
279.9 90.6 19.9 23.9 156.6 746.3 159.7 746.4 158.2 748.2 156.8 749.9 159.2 750.1 0.6015
480.3 314.3 5.9 7.1 479.0 663.5 486.0 662.9 484.1 668.4 480.6 673.9 485.7 673.5 0.5955
661.2 619.6 9.5 12.7 45.5 479.1 47.7 478.9 47.2 480.7 45.9 482.3 47.7 482.2 0.5939
391.3 49.8 5.9 7.1 984.0 318.3 988.6 318.1 986.5 320.8 984.5 323.6 988.3 323.5 0.5910
196.5 127.0 7.7 9.9 135.2 126.6 138.7 126.5 137.7 128.7 135.7 130.9 138.4 130.9 0.5906
550.1 277.8 7.7 10.1 319.5 391.2 324.5 391.1 323.0 394.7 320.2 398.0 323.8 398.1 0.5896
514.9 674.3 12.9 18.4 816.5 206.1 819.3 206.0 817.8 207.6 816.9 209.1 819.2 209.0 0.5870
579.8 11.1 6.0 8.1 172.9 60.8 175.3 60.8 173.8 62.3 173.2 63.6 175.0 63.7 0.5842
854.9 741.4 7.9 9.8 359.1 277.9 362.7 277.8 361.0 279.8 359.5 281.8 362.5 281.8 0.5795
712.1 169.1 12.6 16.7 161.5 707.8 169.9 708.4 164.8 713.4 161.7 718.5 168.3 718.9 0.5787
787.9 467.4 5.6 6.8 433.1 477.8 437.7 478.3 435.3 481.4 433.1 484.1 436.5 484.4 0.5637
765.9 508.6 11.7 14.5 569.6 649.0 575.1 648.9 572.3 652.9 570.6 656.2 574.7 656.1 0.5603
441.2 695.4 7.3 8.9 166.8 450.6 173.8 450.4 170.6 454.1 167.6 457.4 173.1 457.3 0.5579
290.7 96.8 8.9 11.5 203.6 204.0 206.1 203.7 205.8 205.8 204.2 207.8 206.0 207.7 0.5530
499.9 200.8 10.1 13.6 330.4 50.5 336.7 50.3 335.7 55.7 331.8 60.2 336.0 60.3 0.5508
502.3 154.4 10.9 11.9 165.6 51.4 168.7 51.5 167.0 53.2 165.9 54.8 168.3 54.9 0.5459
974.9 168.2 6.9 8.6 480.0 329.7 483.6 329.7 481.7 331.8 480.4 333.8 483.1 333.8 0.5429
649.7 506.2 7.8 10.4 964.2 515.1 967.2 515.0 965.6 516.8 964.6 518.4 967.0 518.3 0.5413
117.4 202.7 7.2 9.1 556.3 250.0 567.9 248.8 564.2 255.7 559.0 262.8 567.5 262.1 0.5361
392.7 318.4 7.7 9.3 136.8 11.8 139.3 11.6 138.3 13.4 137.4 15.0 139.3 14.8 0.5293
174.2 202.6 7.9 9.4 961.0 286.1 964.6 286.0 963.0 287.9 961.5 289.9 964.3 289.8 0.5253
1003.5 273.3 5.7 6.3 656.2 282.6 667.0 283.2 660.0 288.9 656.8 294.9 665.1 295.2 0.5219
158.3 50.5 16.6 20.2 595.4 11.9 598.4 11.7 597.2 13.7 596.0 15.5 598.3 15.4 0.5206
465.1 630.3 11.2 13.2 969.6 365.4 972.3 365.4 971.0 366.9 969.9 368.3 972.1 368.3 0.5147
95.2 624.7 7.6 9.2 657.8 674.4 662.3 673.8 662.8 678.0 659.6 682.4 662.4 682.2 0.5133
786.8 667.0 6.9 9.0 449.2 127.6 454.4 127.6 451.9 130.5 449.7 133.0 453.8 133.0 0.5093
