12--Group/12_Group_Group_12_Group_Group_12_67.jpg
21
492.2 161.4 24.3 30.4 498.9 173.4 509.9 172.2 505.2 178.2 500.7 184.1 510.2 183.3 0.9996
779.6 153.6 27.7 35.8 785.6 167.7 798.1 166.6 791.5 173.9 787.2 180.0 798.4 179.1 0.9996
225.4 199.2 25.6 28.2 232.7 207.6 244.6 208.5 238.3 213.4 232.7 218.9 242.7 219.6 0.9996
868.6 152.9 28.1 35.4 875.5 168.1 887.9 165.5 882.7 173.3 879.0 179.8 889.5 177.7 0.9996
118.4 215.4 26.0 30.8 126.3 227.9 138.2 226.1 133.9 232.7 128.9 238.4 139.5 237.0 0.9996
616.4 184.1 24.2 32.9 622.0 197.8 633.4 195.4 628.5 203.9 624.7 209.2 634.9 207.2 0.9996
419.9 159.6 28.1 35.8 427.7 174.6 440.4 172.7 435.2 180.0 430.5 186.5 441.2 185.0 0.9995
706.2 178.2 25.8 30.0 712.2 188.3 724.0 189.0 717.3 194.9 712.8 200.1 722.4 200.6 0.9995
273.1 176.4 25.4 29.7 280.7 187.6 292.0 185.8 287.9 191.9 283.8 198.9 292.7 197.5 0.9994
469.8 191.6 25.2 32.3 478.9 205.0 490.4 204.6 485.9 211.2 479.5 215.7 489.5 215.5 0.9994
201.0 171.2 26.0 31.1 206.7 185.4 217.9 182.1 213.2 188.7 210.9 196.0 219.8 193.4 0.9994
342.3 169.5 23.9 29.7 349.6 180.6 360.7 180.3 355.8 185.9 350.4 190.8 360.4 190.5 0.9993
557.6 178.7 25.8 31.9 561.6 192.1 573.1 190.7 566.3 197.1 563.8 203.2 573.3 202.1 0.9993
682.6 170.5 24.0 30.8 687.2 181.9 698.3 180.7 692.3 187.1 688.6 192.8 698.9 191.8 0.9993
181.8 212.5 22.8 27.6 188.6 223.2 198.6 221.0 195.0 227.6 191.2 233.1 199.8 231.3 0.9993
520.4 181.3 24.7 32.7 526.9 195.1 537.8 194.3 532.6 201.4 528.4 206.5 537.7 205.9 0.9991
389.0 194.0 25.0 32.0 396.9 207.8 408.7 206.7 404.1 213.3 398.2 218.0 409.0 217.1 0.9990
139.9 195.5 25.0 30.6 147.5 207.7 159.4 207.4 154.1 213.4 148.6 218.4 158.7 218.2 0.9990
309.5 188.0 25.4 30.6 317.2 199.1 329.4 197.9 324.7 204.7 318.8 210.0 329.9 209.0 0.9987
717.5 142.3 26.5 34.3 721.5 156.9 731.9 157.2 724.8 164.2 724.2 169.7 731.4 169.8 0.9986
603.5 158.5 21.6 27.2 606.9 169.4 616.0 168.6 610.2 173.3 608.3 179.1 615.7 178.4 0.9974
