12--Group/12_Group_Team_Organized_Group_12_Group_Team_Organized_Group_12_148.jpg
19
917.8 764.5 89.4 104.6 933.5 808.4 967.7 799.0 950.4 827.3 949.7 846.8 976.3 838.7 0.9997
452.5 1117.7 78.3 100.2 468.4 1162.2 502.4 1155.8 486.0 1179.6 478.9 1194.0 509.7 1188.0 0.9997
595.3 722.5 60.0 69.9 603.7 748.4 628.5 747.5 611.7 761.3 607.0 775.3 626.5 774.3 0.9996
817.6 748.7 70.5 78.8 830.0 782.9 854.0 774.8 840.3 793.0 840.5 809.2 859.7 802.2 0.9994
222.1 1038.8 78.7 94.9 243.4 1075.6 278.3 1078.7 258.2 1094.7 242.4 1106.7 273.0 1109.5 0.9994
441.2 718.4 56.3 69.1 458.6 746.0 483.3 746.6 471.0 761.2 460.7 772.3 479.6 772.9 0.9994
148.9 705.0 49.7 58.9 162.7 721.7 186.8 724.1 174.0 734.5 163.4 746.9 182.4 748.7 0.9993
275.2 678.8 46.2 55.8 289.6 698.9 310.5 700.0 300.9 708.4 292.0 720.1 307.4 721.0 0.9990
648.3 662.2 50.8 61.2 660.6 682.3 683.3 684.0 669.2 692.9 660.7 706.4 677.7 707.7 0.9990
954.7 679.6 65.7 78.1 961.7 706.8 989.6 705.3 970.9 719.5 966.3 737.3 987.3 736.0 0.9989
735.1 733.1 64.8 83.6 747.1 772.2 771.6 762.8 760.5 783.1 761.5 799.2 781.4 791.3 0.9989
79.4 724.8 61.7 83.5 98.2 755.2 126.7 758.9 111.6 774.7 96.5 787.6 120.7 790.5 0.9987
834.4 689.8 51.0 55.5 849.4 709.5 873.6 709.5 862.4 718.9 852.1 731.0 871.4 731.0 0.9985
266.2 744.3 53.5 62.8 278.9 765.5 302.1 764.2 290.3 776.3 283.4 790.2 300.8 789.2 0.9983
195.2 738.6 52.4 69.9 212.5 765.9 236.8 765.0 227.4 778.8 216.3 792.1 235.2 791.5 0.9980
0.0 685.1 41.8 63.5 7.5 710.7 30.9 710.9 21.4 721.7 10.5 733.4 29.6 733.6 0.9977
898.4 694.9 49.4 60.7 908.2 721.8 928.2 720.0 917.5 732.7 913.1 743.2 928.1 741.5 0.9940
707.5 712.2 47.1 57.0 716.9 734.3 736.9 731.9 725.9 744.2 721.5 755.9 736.3 754.1 0.9927
786.0 710.5 38.2 45.3 797.9 725.2 813.6 726.6 805.3 731.9 797.7 741.6 810.9 742.8 0.9632
