12--Group/12_Group_Group_12_Group_Group_12_72.jpg
15
651.0 153.1 54.3 60.4 664.6 171.4 689.8 169.7 678.0 180.5 667.3 194.1 690.8 192.5 0.9998
90.4 277.4 60.1 71.5 107.3 307.3 134.5 305.4 122.5 321.3 111.0 330.9 135.0 329.2 0.9997
818.8 160.7 56.9 75.1 832.7 192.2 859.4 190.9 846.0 206.1 835.0 215.8 861.1 214.6 0.9997
411.2 250.3 55.9 73.9 424.5 280.0 450.4 280.1 436.4 296.1 426.1 303.7 450.9 303.6 0.9997
518.2 181.2 51.2 63.7 534.0 205.4 557.4 207.1 545.7 221.2 532.9 227.2 554.0 228.7 0.9997
249.6 253.4 55.9 70.5 264.3 280.3 290.9 279.9 278.3 293.2 264.3 302.7 291.0 302.5 0.9997
629.8 77.9 49.7 62.2 642.9 102.4 666.9 101.5 655.6 114.0 644.6 122.6 666.8 121.8 0.9997
595.3 257.6 55.1 70.8 608.6 287.4 633.8 285.7 621.5 299.5 612.2 311.1 634.0 309.8 0.9996
217.5 126.7 50.9 65.9 231.7 152.6 255.7 153.4 243.5 164.4 233.6 176.8 252.1 177.2 0.9996
461.7 135.5 45.8 60.6 473.2 155.0 495.1 154.8 484.0 167.0 473.6 176.7 495.2 176.5 0.9996
806.4 85.8 44.4 59.9 817.6 110.3 838.3 107.5 828.9 121.0 821.1 130.2 839.4 127.8 0.9996
320.9 73.0 47.0 58.2 333.1 96.5 354.9 96.4 343.8 106.0 336.1 117.9 352.3 117.7 0.9995
511.4 70.7 47.2 60.1 526.1 93.1 548.0 94.4 537.7 102.4 526.9 114.1 544.7 115.3 0.9995
335.8 153.7 57.1 74.4 350.3 185.2 376.1 183.7 363.8 197.4 354.1 210.0 375.8 208.8 0.9995
165.2 200.8 55.1 67.4 180.3 229.8 206.3 231.6 192.5 241.9 180.8 252.2 201.7 254.0 0.9993
