12--Group/12_Group_Team_Organized_Group_12_Group_Team_Organized_Group_12_178.jpg
11
924.4 177.0 40.2 49.7 934.9 193.5 951.1 201.0 936.1 205.0 928.1 210.9 941.3 216.8 0.9997
325.5 191.8 34.2 45.7 336.3 210.4 352.2 213.0 343.6 221.8 335.1 225.8 348.2 227.9 0.9996
236.8 193.8 33.6 43.5 249.1 211.7 264.6 213.6 257.5 222.0 247.7 225.4 261.4 227.1 0.9996
588.2 201.9 41.1 51.4 598.5 222.1 617.7 221.4 608.4 233.0 600.9 240.2 617.0 239.6 0.9996
489.2 206.4 37.6 53.2 498.9 230.0 516.6 228.2 508.8 240.2 501.0 245.7 517.8 244.3 0.9994
394.8 207.4 40.7 48.6 405.9 225.7 424.3 226.2 414.6 234.9 407.0 242.9 422.4 243.3 0.9994
141.9 191.0 35.3 43.9 153.2 210.2 170.4 209.1 163.7 219.8 155.3 224.9 169.8 224.0 0.9993
758.6 198.4 33.1 46.0 763.9 214.7 778.5 216.7 767.0 224.9 763.7 232.2 775.1 233.6 0.9993
827.1 172.9 36.2 47.4 836.5 191.2 854.0 189.4 846.7 201.4 839.8 208.9 854.2 207.3 0.9992
81.2 190.6 36.7 47.4 95.1 210.4 112.0 208.8 106.9 219.4 97.1 226.4 111.8 225.1 0.9991
694.4 202.3 35.0 43.5 703.2 216.7 718.6 222.2 706.5 227.4 699.1 231.9 712.2 236.2 0.9989
