12--Group/12_Group_Large_Group_12_Group_Large_Group_12_66.jpg
101
142.1 423.7 18.7 23.6 146.4 433.3 154.6 432.4 150.4 437.0 147.6 441.1 154.9 440.4 0.9997
650.6 413.5 18.4 24.0 654.6 422.8 663.3 423.4 657.9 427.7 654.6 431.9 661.8 432.3 0.9997
740.6 443.9 18.0 20.3 745.4 450.7 753.6 450.7 749.4 455.0 746.0 458.5 753.0 458.5 0.9996
331.9 547.0 17.0 20.7 336.3 554.0 343.8 554.0 340.0 558.5 337.1 562.2 343.4 562.1 0.9996
509.8 233.4 12.8 16.5 513.3 240.1 519.1 240.2 516.1 243.1 513.7 246.0 518.6 246.0 0.9996
690.0 251.1 13.0 15.3 693.6 256.1 699.8 256.7 696.4 259.0 693.5 261.8 698.8 262.3 0.9995
644.5 438.4 16.2 18.6 648.9 443.5 656.3 443.8 652.5 447.7 649.1 451.3 655.6 451.5 0.9995
441.9 235.2 15.4 18.8 446.2 242.0 453.2 242.7 449.4 246.1 446.3 249.2 452.0 249.7 0.9995
578.3 514.4 19.7 23.4 583.0 523.1 591.7 523.2 587.0 528.1 583.4 531.3 591.5 531.3 0.9995
581.5 219.9 13.8 18.4 585.0 226.9 591.5 227.2 587.9 230.5 585.2 233.5 590.7 233.7 0.9995
596.0 411.3 19.8 22.3 602.0 418.2 610.7 418.3 606.6 422.4 602.5 426.9 610.0 427.0 0.9994
195.6 506.2 19.5 24.9 202.1 515.2 211.0 515.9 206.9 519.6 202.4 524.5 209.5 525.1 0.9994
827.5 419.5 23.0 25.5 832.4 427.9 843.1 427.1 837.5 432.3 834.1 438.0 843.0 437.3 0.9994
697.1 487.6 20.2 26.2 702.0 498.8 711.0 497.1 707.0 503.0 704.3 507.2 712.4 505.8 0.9994
84.0 414.7 17.0 21.0 88.1 421.7 95.8 421.6 91.6 424.9 88.4 429.4 95.2 429.3 0.9994
519.9 299.5 14.9 17.6 523.9 306.6 530.5 306.6 527.1 310.2 524.4 313.0 529.9 312.9 0.9993
497.2 254.8 16.1 19.2 501.6 261.8 508.8 262.1 505.2 265.5 502.0 269.0 507.8 269.3 0.9993
711.8 431.9 16.3 20.9 715.6 438.9 723.4 438.7 719.5 442.4 716.5 447.2 723.1 447.0 0.9993
403.0 387.7 18.0 23.1 407.2 398.1 415.6 397.4 411.5 401.4 408.5 405.5 415.7 405.0 0.9992
363.3 227.1 13.6 15.7 367.7 231.9 373.9 232.8 370.6 234.9 367.5 238.2 372.4 238.9 0.9992
635.5 488.9 15.9 17.4 639.6 494.9 647.2 494.4 643.9 498.7 641.4 502.6 646.8 502.1 0.9992
570.8 423.0 20.6 22.0 574.7 430.2 583.6 430.3 578.1 435.1 575.8 439.3 582.6 439.3 0.9992
220.2 529.1 21.3 26.2 226.9 539.0 235.7 541.5 229.9 545.8 225.3 548.7 231.9 550.7 0.9992
558.5 199.6 12.5 15.9 561.4 205.8 567.5 206.0 564.1 208.9 561.8 211.7 566.7 211.9 0.9992
542.6 290.7 16.0 18.8 546.6 297.9 553.8 297.2 550.3 301.4 547.8 305.1 553.7 304.6 0.9992
414.3 238.0 13.8 15.9 418.1 244.1 424.4 243.5 421.7 246.7 419.4 250.0 424.7 249.5 0.9991
791.6 453.6 17.9 19.9 795.9 460.0 804.0 459.9 799.7 464.6 796.3 467.4 803.9 467.3 0.9991
300.2 490.7 17.9 22.9 304.1 498.9 312.5 499.3 307.7 503.3 304.5 507.5 311.4 507.9 0.9991
390.3 499.9 18.2 23.0 394.6 509.1 403.4 509.2 398.7 513.7 395.4 517.4 402.4 517.6 0.9991
537.9 384.3 16.3 19.0 541.3 390.2 548.2 390.4 543.9 394.5 541.7 398.1 547.3 398.3 0.9991
478.9 196.7 12.0 14.4 481.9 201.9 487.8 201.7 484.8 204.5 482.6 207.7 487.1 207.6 0.9991
544.0 236.2 13.7 17.7 548.2 242.5 554.8 243.2 551.5 245.9 547.9 248.7 553.9 249.3 0.9991
286.9 426.0 17.7 22.4 291.2 434.5 299.4 435.6 294.5 438.9 291.1 442.6 297.6 443.5 0.9991
428.5 279.7 13.7 16.9 432.1 285.8 438.3 286.2 434.8 289.1 432.1 292.2 437.3 292.5 0.9991
398.5 227.4 12.6 14.8 401.7 232.0 408.1 232.1 405.0 234.5 402.3 238.1 407.5 238.1 0.9991
467.1 291.0 15.4 17.8 471.5 298.4 478.3 298.5 475.0 302.2 472.2 304.9 477.5 304.9 0.9991
717.1 255.9 11.8 14.8 720.6 260.6 726.0 260.6 723.5 262.9 721.1 266.3 725.6 266.4 0.9991
318.4 436.3 16.6 23.2 322.2 445.4 329.5 445.4 325.3 448.9 322.6 453.3 328.8 453.3 0.9990
414.0 330.4 16.8 22.7 418.4 340.1 426.2 340.1 422.3 344.7 418.9 347.8 425.7 347.8 0.9990
282.2 221.1 13.1 15.5 285.2 226.3 291.0 225.9 287.9 229.4 286.1 232.7 290.7 232.4 0.9990
189.0 425.3 18.2 21.9 192.7 432.3 200.2 433.3 194.8 436.5 192.3 440.6 198.4 441.4 0.9990
687.8 413.7 16.8 19.0 692.5 419.6 700.1 418.9 696.7 423.0 693.8 427.5 700.0 427.0 0.9990
452.4 350.4 17.2 21.4 457.0 358.0 465.1 358.2 460.9 361.6 457.1 365.4 464.5 365.6 0.9990
506.5 351.6 14.2 17.6 509.5 358.0 516.2 358.2 512.4 361.3 509.7 364.5 515.5 364.6 0.9990
259.6 414.8 16.2 20.5 264.6 421.1 272.2 421.3 268.7 424.8 265.0 429.2 271.5 429.3 0.9989
618.8 445.2 18.0 21.8 623.8 454.2 631.9 455.1 627.5 458.8 623.8 461.5 630.8 462.1 0.9989
364.5 389.3 16.8 19.8 368.6 396.2 376.2 395.9 372.3 399.6 369.4 403.7 375.7 403.5 0.9988
602.1 230.8 14.1 18.3 606.1 238.3 612.7 238.6 609.4 242.0 606.4 244.5 612.0 244.8 0.9988
128.1 500.5 20.7 25.7 135.6 509.9 145.0 510.5 141.0 514.9 136.2 519.5 143.6 519.9 0.9988
469.6 325.4 15.2 20.5 473.5 332.7 480.4 332.9 476.7 336.7 473.8 340.5 479.7 340.6 0.9988
518.7 334.1 14.4 16.4 522.2 340.3 529.0 339.3 526.2 342.4 523.8 346.2 529.8 345.3 0.9988
558.3 264.1 14.7 17.7 562.1 270.9 569.2 271.1 565.6 274.3 562.6 277.6 568.3 277.7 0.9988
487.4 403.1 18.9 21.2 492.5 411.1 501.0 411.3 496.5 415.4 492.7 418.4 500.3 418.6 0.9988
412.8 203.2 11.5 15.1 416.2 208.6 421.4 209.7 418.2 211.7 415.7 214.2 419.8 215.0 0.9987
546.3 333.5 16.2 19.8 550.0 340.1 557.5 339.7 553.6 343.1 550.7 347.4 557.4 347.1 0.9987
465.4 258.8 13.0 17.6 468.9 265.2 474.6 265.7 471.3 268.9 469.0 271.9 473.6 272.3 0.9987
632.8 506.7 20.1 24.9 638.1 516.0 646.8 515.6 642.6 520.8 639.2 525.4 646.8 525.0 0.9986
541.0 222.3 12.3 15.8 544.4 228.1 549.7 227.9 547.2 230.8 545.0 233.7 549.5 233.5 0.9986
502.7 190.5 11.3 13.9 505.5 196.1 510.9 196.3 508.0 198.5 505.9 201.2 510.1 201.3 0.9986
489.4 233.6 13.8 16.3 493.5 239.4 499.8 239.4 496.8 242.7 493.9 245.6 499.2 245.7 0.9985
492.3 206.7 12.1 15.6 495.8 213.1 501.6 213.0 498.9 215.8 496.3 218.4 501.3 218.3 0.9985
465.6 381.9 17.1 22.4 469.7 391.2 477.5 390.5 473.8 395.0 471.1 399.3 477.6 398.8 0.9985
526.6 234.1 13.5 16.5 529.6 240.3 535.7 239.6 532.6 242.3 530.6 246.1 535.8 245.6 0.9985
543.6 432.4 16.1 18.1 547.7 438.3 554.9 438.6 550.8 442.0 547.7 445.2 553.9 445.5 0.9985
430.0 479.9 15.4 18.3 433.8 486.8 440.7 487.2 436.8 490.9 434.3 494.1 439.4 494.3 0.9984
660.4 228.1 14.1 18.2 665.2 234.9 671.3 235.7 668.0 238.7 664.7 241.3 670.1 241.9 0.9984
209.2 242.3 13.3 16.5 211.7 248.6 217.4 248.7 213.9 252.1 212.5 255.0 217.0 255.0 0.9984
481.1 304.8 15.1 17.4 485.3 311.0 492.2 311.9 488.3 314.8 484.8 317.2 490.8 318.0 0.9984
673.7 424.3 13.5 17.3 677.5 432.0 683.9 432.3 680.7 435.7 678.1 438.4 682.8 438.6 0.9984
791.5 422.3 19.4 20.3 796.3 429.4 804.8 429.2 800.4 433.6 797.4 437.4 804.4 437.2 0.9984
380.1 223.0 13.0 16.3 383.9 228.6 389.8 229.5 386.4 231.8 383.6 234.9 388.3 235.6 0.9983
696.0 449.9 18.0 21.6 699.8 456.7 707.9 456.5 703.2 461.0 700.6 465.2 707.5 465.1 0.9983
250.9 513.9 17.3 23.2 255.7 522.3 263.8 521.6 260.3 526.2 257.0 531.2 263.8 530.6 0.9982
747.8 415.2 18.0 20.4 752.1 422.1 760.2 422.0 755.8 426.8 753.2 431.0 759.1 430.9 0.9982
533.2 354.9 16.8 22.4 537.7 364.6 545.7 364.8 541.7 368.8 538.3 372.4 544.6 372.6 0.9981
252.4 543.8 19.0 25.0 257.5 551.7 266.2 552.1 261.4 555.5 257.6 561.1 264.9 561.4 0.9981
256.3 228.0 12.1 15.0 259.0 232.8 264.2 232.9 261.0 235.3 259.1 238.5 263.6 238.6 0.9980
412.7 524.5 16.9 22.2 418.5 534.0 426.3 533.0 423.5 538.1 420.2 542.1 426.3 541.5 0.9980
658.6 461.2 14.8 19.5 662.7 469.6 669.3 469.6 666.0 473.2 663.1 476.0 668.8 476.0 0.9980
304.6 218.2 13.3 15.1 309.3 223.3 315.1 223.4 312.7 226.6 310.1 229.6 314.5 229.6 0.9978
427.7 231.5 13.0 14.8 431.4 235.9 437.7 236.0 434.6 239.5 432.1 242.6 437.0 242.7 0.9976
230.3 433.2 18.7 22.4 234.9 442.3 243.3 441.7 239.1 445.9 235.9 449.9 243.0 449.5 0.9976
589.1 203.1 12.7 16.5 591.8 208.9 597.9 209.2 594.4 212.5 592.2 215.7 596.9 215.9 0.9972
466.3 232.5 13.2 16.0 469.9 237.8 476.2 238.1 472.9 241.2 470.0 244.4 475.3 244.6 0.9972
506.5 518.5 17.8 22.2 511.0 526.4 519.4 526.6 515.0 531.0 511.3 534.2 519.0 534.3 0.9971
399.3 301.8 14.4 17.2 402.3 309.0 408.0 307.7 405.2 311.8 404.6 315.6 408.9 314.4 0.9970
429.4 305.1 16.1 19.1 433.6 312.6 441.0 312.7 437.1 315.7 434.1 319.4 440.2 319.5 0.9969
749.8 386.1 14.5 15.6 753.7 391.8 760.2 391.5 757.1 395.7 755.2 398.7 759.7 398.4 0.9968
430.1 436.2 15.3 18.5 434.0 443.8 441.1 443.3 437.8 447.2 435.2 450.5 441.1 450.0 0.9968
526.3 260.8 12.2 14.5 530.2 266.2 535.9 266.5 533.2 268.9 530.2 271.2 535.3 271.4 0.9965
381.2 435.6 16.3 19.1 385.7 442.4 393.0 441.7 389.8 445.5 386.9 449.6 393.2 449.0 0.9961
451.3 204.1 12.4 15.7 454.5 209.5 460.5 209.9 457.3 213.0 454.9 216.0 459.4 216.4 0.9957
468.2 536.2 16.7 19.6 470.1 542.4 476.1 543.5 470.9 547.2 470.0 550.8 474.3 551.5 0.9949
560.0 182.7 12.1 14.2 563.0 188.1 568.7 187.6 566.0 190.7 564.0 193.7 568.5 193.3 0.9930
430.4 325.8 14.4 19.1 434.7 332.5 441.5 333.4 437.8 336.6 434.5 339.9 440.1 340.6 0.9930
87.0 458.7 15.4 19.4 90.5 467.5 97.6 467.5 93.8 471.7 91.7 474.8 96.7 474.8 0.9908
437.5 181.0 12.0 16.3 440.4 186.1 445.9 186.2 442.9 189.4 440.9 193.0 445.4 193.0 0.9889
513.8 252.3 12.2 15.7 517.5 258.6 522.7 258.7 520.1 261.6 517.8 264.3 522.0 264.4 0.9762
533.8 203.9 11.2 13.2 535.5 208.1 540.2 207.4 537.8 210.8 537.5 213.7 541.1 213.0 0.9669
452.7 183.6 12.5 17.0 457.8 190.7 463.1 191.6 460.6 195.0 457.1 197.2 461.0 198.0 0.9443
455.9 168.9 10.5 13.4 459.8 174.1 464.5 174.4 462.5 177.0 460.1 179.4 463.6 179.6 0.9211
