12--Group/12_Group_Large_Group_12_Group_Large_Group_12_159.jpg
15
254.6 330.2 45.4 51.2 267.9 345.5 288.6 346.4 278.1 357.8 268.7 366.4 285.6 367.2 0.9997
613.8 322.2 42.6 56.5 624.8 344.0 644.8 343.9 634.6 356.4 626.4 364.1 643.7 363.9 0.9997
564.3 79.2 43.2 55.1 576.0 100.6 595.9 100.3 586.2 109.0 577.9 119.3 595.3 118.9 0.9997
496.0 312.3 47.5 55.5 508.6 329.8 529.4 329.5 518.8 340.9 511.5 352.1 527.1 351.9 0.9996
641.4 171.8 43.1 48.8 652.3 188.6 672.2 187.9 662.5 200.6 655.0 207.6 671.6 207.1 0.9996
843.4 315.1 45.1 53.7 853.5 332.5 872.9 331.0 862.7 342.6 857.3 353.7 872.4 352.4 0.9996
116.9 310.6 44.6 53.2 135.1 328.6 154.5 327.8 148.9 339.0 136.1 348.0 153.6 347.4 0.9996
371.5 321.4 46.5 53.8 384.0 342.0 405.1 341.0 395.2 350.6 386.8 360.8 404.4 360.0 0.9996
729.3 344.8 47.2 51.0 740.9 361.4 762.0 359.8 751.9 371.9 744.6 380.4 762.9 379.1 0.9996
351.3 159.6 41.9 51.9 362.4 177.4 382.1 177.1 372.2 187.8 363.4 196.6 381.2 196.4 0.9996
797.1 168.7 42.4 48.9 808.3 187.0 827.6 186.6 818.1 195.3 809.9 204.0 826.4 203.7 0.9996
499.4 162.5 43.5 51.7 512.5 179.0 533.0 180.2 522.9 189.7 512.1 198.0 530.4 199.0 0.9996
230.8 172.1 40.9 47.1 240.8 188.2 259.9 186.4 250.9 197.9 243.7 206.0 260.4 204.6 0.9995
392.8 75.2 45.9 60.4 405.3 99.0 425.7 97.9 416.1 107.4 407.4 118.6 425.8 117.8 0.9995
728.7 116.6 42.7 54.1 740.6 135.2 760.2 134.9 751.0 147.1 743.5 157.2 758.0 157.1 0.9994
