12--Group/12_Group_Group_12_Group_Group_12_77.jpg
14
187.4 248.1 38.6 45.3 202.2 262.6 218.9 265.4 210.6 274.7 199.1 279.3 214.5 281.8 0.9997
642.7 191.8 38.2 43.1 648.8 208.8 664.6 206.6 655.7 218.4 654.5 225.5 666.8 223.6 0.9997
533.3 170.1 34.8 39.8 542.3 183.0 558.5 183.4 550.3 190.1 543.9 198.8 556.8 199.1 0.9997
426.9 191.3 34.5 46.7 436.4 208.9 452.7 208.9 444.8 217.9 438.5 226.9 450.6 226.9 0.9997
795.6 231.2 39.7 48.5 805.9 249.3 825.0 249.2 815.8 258.7 806.9 265.8 824.7 265.7 0.9996
321.2 175.3 36.7 47.0 332.7 191.8 349.6 191.8 342.1 201.0 333.3 208.9 348.3 209.0 0.9996
387.5 249.1 37.4 48.2 398.5 267.0 415.6 270.4 405.7 278.1 396.4 282.8 412.4 285.4 0.9995
471.4 253.6 35.8 41.5 479.3 265.9 495.9 267.2 485.6 276.0 479.4 282.5 493.6 283.5 0.9995
198.1 157.2 36.6 45.7 210.3 174.7 226.8 176.5 218.6 183.2 210.4 191.2 223.1 192.6 0.9995
841.3 208.4 36.3 41.9 850.3 223.2 867.7 222.9 859.0 231.2 852.7 240.1 866.0 239.9 0.9994
703.8 235.0 35.4 41.3 713.2 250.7 730.0 250.0 722.0 259.2 714.9 265.5 729.3 264.9 0.9993
529.6 229.3 34.9 43.1 534.8 249.5 550.8 245.1 543.7 255.1 540.1 262.8 554.6 259.3 0.9992
308.0 255.4 37.2 46.9 322.6 273.5 339.1 275.4 331.7 284.6 320.1 290.2 333.7 292.1 0.9992
881.6 226.4 38.9 42.2 891.7 240.8 909.8 240.9 900.2 247.5 892.5 256.4 907.7 256.5 0.9989
