12--Group/12_Group_Team_Organized_Group_12_Group_Team_Organized_Group_12_383.jpg
40
712.8 367.4 31.7 38.2 724.9 380.9 739.2 384.0 732.2 389.4 723.0 394.4 735.5 396.9 0.9998
708.4 436.9 33.0 38.6 716.7 449.7 732.1 448.0 725.3 456.4 718.6 463.3 733.6 461.9 0.9998
373.4 351.4 24.7 31.7 380.4 363.3 391.8 362.7 386.6 368.6 382.0 374.7 391.8 374.3 0.9997
227.9 375.7 30.9 37.7 235.9 388.7 250.5 387.8 243.4 394.9 237.4 402.9 250.1 402.2 0.9996
573.9 398.3 30.5 39.3 583.3 410.5 597.6 413.5 589.1 419.6 581.3 425.4 593.5 427.9 0.9996
261.8 376.4 28.8 38.9 271.5 392.1 284.8 392.1 279.1 399.5 272.1 405.7 283.6 405.8 0.9996
163.0 416.5 32.8 38.6 174.3 428.6 189.6 429.0 183.1 436.8 175.1 443.7 188.3 444.1 0.9996
91.0 372.0 30.8 36.1 99.9 385.3 114.6 386.2 107.4 392.8 100.1 398.0 113.0 398.7 0.9995
779.4 370.1 28.2 30.8 786.9 381.5 800.5 381.6 793.9 387.0 788.9 393.7 799.1 393.8 0.9995
215.2 448.5 32.9 35.5 225.1 460.0 240.7 460.0 233.9 467.0 226.6 474.1 239.6 474.1 0.9995
104.6 430.5 39.2 41.2 123.9 441.5 139.0 446.5 132.6 451.7 119.9 457.9 132.3 462.0 0.9995
932.6 398.9 31.9 38.2 937.9 414.1 951.4 412.6 943.5 421.3 941.7 428.1 952.6 426.7 0.9995
885.6 369.2 29.7 33.1 892.8 381.8 906.6 380.5 899.6 386.5 894.3 393.4 906.4 392.3 0.9994
793.9 446.5 29.1 35.9 797.6 462.4 808.9 460.7 801.8 469.1 801.1 475.4 810.1 473.8 0.9994
985.9 354.1 34.8 38.6 994.4 368.9 1010.6 368.0 1002.4 374.7 996.4 382.6 1009.9 381.8 0.9994
13.6 368.5 30.1 36.0 23.9 382.9 37.4 384.9 30.2 390.4 21.9 394.4 34.0 396.1 0.9994
492.8 400.0 31.8 38.4 503.4 415.4 518.1 415.5 511.6 424.3 504.1 429.3 515.9 429.4 0.9994
403.4 403.9 33.1 45.4 413.7 422.3 429.4 420.5 423.6 430.2 416.1 438.3 429.9 436.9 0.9994
850.8 398.0 32.7 41.6 859.7 415.1 874.4 414.5 867.4 422.7 861.3 429.2 873.8 428.7 0.9994
425.7 350.0 27.8 34.4 432.6 362.9 444.7 363.4 437.6 367.9 432.9 375.0 442.5 375.4 0.9994
814.9 381.3 27.6 34.3 821.5 395.0 834.3 394.5 827.7 400.6 823.0 407.2 833.7 406.8 0.9994
948.8 340.0 30.6 34.5 954.0 355.7 967.4 351.1 961.2 358.5 959.1 367.2 970.2 363.5 0.9993
314.9 380.7 30.9 39.3 323.9 397.3 338.5 395.9 332.6 403.9 326.5 410.9 338.5 409.7 0.9993
773.4 394.3 28.2 35.7 781.4 407.5 794.5 407.1 788.6 413.7 782.6 420.5 794.1 420.3 0.9993
170.7 358.7 28.3 33.3 178.9 370.0 191.9 369.3 185.9 376.3 180.1 382.8 191.4 382.3 0.9993
829.0 356.8 25.5 30.0 835.2 366.7 846.4 368.4 839.1 372.2 834.8 378.0 843.4 379.4 0.9993
442.5 376.3 26.0 31.3 449.2 387.5 461.8 386.5 455.9 390.6 450.8 398.8 461.3 398.0 0.9988
659.1 351.7 22.4 28.6 664.2 362.5 674.7 361.6 669.8 366.7 666.4 373.3 674.6 372.6 0.9988
121.5 377.2 26.0 29.5 131.0 385.4 142.9 388.5 136.2 393.0 129.1 397.6 138.7 400.1 0.9987
363.0 395.5 29.0 35.4 371.4 408.3 384.7 408.7 378.2 415.0 372.7 421.9 383.0 422.3 0.9987
531.7 370.2 22.3 29.8 539.6 382.9 549.3 380.7 546.8 386.8 543.4 393.8 550.4 392.0 0.9986
489.1 356.2 25.3 27.7 498.4 364.8 509.7 365.0 505.2 371.3 499.9 376.9 508.1 377.1 0.9984
649.6 374.3 23.5 31.7 656.7 385.9 667.0 385.1 662.5 390.6 658.5 398.0 666.3 397.3 0.9980
245.5 354.8 22.7 29.7 252.4 367.1 261.8 367.4 257.6 372.0 253.0 377.5 260.4 377.7 0.9966
598.9 380.2 24.8 31.8 608.2 392.0 618.8 391.2 615.9 398.3 611.3 405.0 618.6 404.3 0.9959
561.4 365.0 22.8 29.0 569.5 375.3 578.5 375.4 574.8 380.9 570.6 386.5 577.9 386.6 0.9911
511.1 358.4 16.3 23.8 516.4 368.7 524.2 369.0 520.8 374.0 516.9 378.0 522.6 378.3 0.9838
605.8 390.6 25.0 33.3 616.4 402.4 624.8 402.6 623.0 408.8 617.2 414.9 623.5 415.3 0.9458
611.8 365.5 20.5 26.8 618.1 375.2 627.2 375.7 623.0 380.0 619.2 385.3 626.2 385.6 0.9455
335.1 386.7 18.0 26.5 336.6 394.9 345.3 395.1 340.4 400.6 337.7 406.8 344.2 406.9 0.8609
