12--Group/12_Group_Large_Group_12_Group_Large_Group_12_118.jpg
16
754.1 18.1 117.9 157.2 787.6 72.5 842.9 72.4 817.1 97.1 795.2 131.2 837.2 130.9 1.0000
24.4 148.4 129.2 154.6 55.0 212.0 115.5 200.4 89.4 232.6 65.4 262.1 123.7 251.9 0.9998
900.3 110.6 121.5 164.8 926.0 180.2 980.9 171.9 953.2 207.5 933.4 229.3 990.0 222.1 0.9998
192.2 23.2 110.8 152.0 227.2 76.6 280.2 75.0 259.0 98.0 232.2 130.4 278.1 129.0 0.9997
789.6 318.7 131.2 167.0 817.6 389.7 878.4 379.1 849.3 415.6 828.4 441.9 888.1 432.7 0.9997
454.4 348.9 131.9 180.2 495.6 417.1 557.0 418.8 529.5 452.4 492.3 474.9 553.4 476.8 0.9997
44.3 333.4 140.8 208.5 84.9 421.1 150.6 420.1 121.4 461.7 88.8 487.9 150.5 486.5 0.9997
208.8 252.1 143.0 179.2 248.3 325.9 315.1 321.9 285.4 358.8 251.0 380.7 316.9 377.0 0.9997
604.0 167.2 144.8 212.4 638.7 249.0 709.2 249.5 671.5 287.3 642.7 321.2 704.7 321.9 0.9996
601.3 0.0 125.8 151.0 630.8 53.0 691.3 52.9 658.7 85.4 633.4 106.4 691.2 105.8 0.9996
894.7 0.0 112.8 140.4 917.9 50.9 968.9 52.7 936.5 83.5 924.4 106.6 960.2 108.1 0.9994
303.8 78.2 140.7 178.2 336.7 138.5 404.0 141.5 364.7 177.2 339.7 207.4 395.0 209.8 0.9994
453.0 75.2 148.6 216.6 491.2 150.7 564.7 151.5 528.6 193.2 491.0 221.7 566.5 222.6 0.9992
44.5 0.0 123.9 157.4 86.5 59.6 142.4 60.9 120.2 91.7 92.9 119.0 133.4 120.0 0.9990
493.2 0.0 102.9 106.0 525.0 35.9 570.0 46.6 540.2 60.7 515.9 75.9 549.1 84.6 0.9983
399.4 0.0 92.5 115.6 428.0 39.6 467.2 45.6 444.5 61.1 425.9 81.3 456.0 86.2 0.9877
