12--Group/12_Group_Large_Group_12_Group_Large_Group_12_61.jpg
107
109.9 44.8 14.8 17.7 114.5 51.5 121.0 51.3 118.1 54.4 115.0 57.7 120.6 57.7 0.9998
585.1 46.8 14.1 18.1 589.0 53.8 595.2 53.5 592.4 56.6 589.8 59.8 595.2 59.6 0.9998
152.7 111.9 14.2 17.1 157.1 117.4 163.9 117.8 160.6 121.6 157.1 124.4 162.9 124.7 0.9997
421.0 65.7 14.6 17.4 425.4 72.0 432.3 72.0 429.2 75.1 426.0 78.4 431.8 78.4 0.9997
988.8 68.9 14.7 19.0 992.6 76.2 999.3 76.0 996.1 79.3 993.3 82.7 999.2 82.5 0.9997
1004.8 45.8 13.9 16.9 1008.2 51.7 1014.8 51.8 1011.3 54.9 1008.5 58.1 1014.2 58.1 0.9997
895.5 59.3 13.1 16.1 898.9 65.2 904.9 65.7 901.3 68.4 898.7 71.1 903.8 71.5 0.9997
684.8 40.5 15.8 19.2 689.1 47.5 696.1 47.2 692.8 50.6 689.7 54.1 696.1 53.8 0.9996
148.3 75.2 14.0 17.2 152.6 81.4 158.8 81.6 155.7 84.3 152.7 87.3 158.1 87.5 0.9996
842.7 51.0 14.2 16.9 846.6 57.3 853.1 57.2 850.0 60.6 847.2 63.4 852.7 63.4 0.9996
411.5 205.4 18.5 23.8 415.3 215.1 424.0 215.3 418.9 219.4 415.7 223.3 423.1 223.5 0.9996
516.3 58.5 14.3 18.1 519.6 65.3 526.3 65.3 522.8 68.6 520.1 72.0 525.9 71.9 0.9996
500.3 137.6 18.4 22.4 505.5 145.8 514.5 146.2 509.9 149.8 505.5 153.6 513.5 154.0 0.9996
84.8 126.5 16.3 21.7 88.6 135.5 95.9 135.2 91.9 138.9 89.4 142.7 95.5 142.4 0.9996
711.5 42.1 15.0 18.6 714.6 48.8 721.8 48.7 717.8 52.4 714.7 55.1 722.0 54.9 0.9996
955.3 83.5 14.6 17.4 959.2 89.3 965.8 89.3 962.5 92.4 959.8 95.8 965.5 95.7 0.9996
76.7 51.0 12.9 15.2 80.8 56.1 86.5 56.6 83.4 59.1 80.7 61.8 85.4 62.1 0.9996
447.0 89.7 14.9 18.9 451.1 96.3 458.3 96.2 454.9 100.0 451.7 104.0 457.8 104.0 0.9996
475.4 204.7 18.2 23.5 480.2 213.5 488.7 212.7 484.9 217.5 481.2 221.5 489.3 220.7 0.9996
535.0 82.2 15.3 18.2 538.1 88.5 545.2 88.3 541.3 92.3 538.5 95.2 545.3 95.0 0.9995
86.0 77.1 14.1 18.7 89.7 84.2 96.4 84.4 92.9 87.5 89.8 90.5 95.9 90.6 0.9995
533.3 206.7 16.1 20.6 537.1 214.2 544.7 214.1 540.9 217.9 537.8 222.0 544.3 222.0 0.9995
814.5 117.3 15.8 20.4 817.4 125.8 824.6 125.3 820.6 129.3 818.4 132.8 824.8 132.3 0.9995
869.8 129.6 16.8 18.1 874.2 136.2 882.4 136.5 878.2 139.3 874.7 142.8 881.5 143.0 0.9995
823.0 71.0 14.1 19.2 826.9 78.0 833.3 77.9 830.2 81.8 827.4 85.0 833.1 84.9 0.9995
469.7 40.1 14.7 19.5 473.6 47.6 480.5 47.4 477.2 50.8 474.3 54.2 480.3 54.1 0.9995
359.3 100.2 18.2 23.3 364.7 109.7 373.1 109.2 369.6 113.6 366.0 118.1 373.1 117.8 0.9995
190.2 121.7 15.2 17.0 193.9 127.9 200.6 126.7 197.9 131.2 195.5 134.4 201.4 133.5 0.9995
777.4 132.5 16.3 22.6 782.4 141.9 790.1 141.7 786.7 145.8 782.8 149.1 789.9 149.0 0.9995
874.3 84.4 14.2 17.9 878.4 91.2 884.5 91.6 881.0 94.3 878.2 97.3 883.5 97.6 0.9995
692.8 124.2 16.6 19.0 697.3 130.3 705.4 130.7 701.1 133.3 697.0 136.6 704.9 136.9 0.9995
609.2 45.4 14.1 16.9 612.7 51.5 619.1 51.6 615.6 54.4 613.0 57.5 618.5 57.5 0.9995
17.7 73.2 15.1 17.9 21.8 79.7 29.0 79.5 25.8 82.9 22.7 86.4 28.9 86.2 0.9995
496.4 83.7 16.6 21.6 500.9 92.2 508.9 92.4 504.6 96.4 501.3 100.4 508.0 100.5 0.9994
652.2 79.4 14.0 18.7 655.8 86.5 662.4 86.6 658.9 89.8 656.0 93.1 661.8 93.2 0.9994
137.5 54.2 12.5 16.4 139.8 60.0 145.9 59.9 142.3 63.0 139.9 65.7 145.9 65.6 0.9994
336.8 53.6 13.5 16.8 339.9 60.9 346.1 59.5 343.6 63.3 341.6 66.5 347.0 65.5 0.9994
55.5 84.5 13.0 17.0 59.2 91.6 65.0 91.5 62.1 94.5 59.7 97.3 64.6 97.2 0.9994
43.0 117.7 14.4 16.6 47.4 122.6 54.1 123.8 50.4 126.5 46.6 128.9 52.7 129.8 0.9994
363.6 147.6 17.7 21.8 368.0 155.6 376.4 155.5 372.1 159.5 368.8 163.7 376.0 163.6 0.9994
238.3 79.6 16.2 18.0 243.2 85.4 250.5 86.4 246.5 89.1 242.9 92.2 248.9 93.0 0.9994
556.0 55.3 13.4 17.5 559.5 62.2 565.6 62.2 562.6 65.3 559.9 68.1 565.3 68.2 0.9993
575.3 112.3 16.0 19.8 579.4 119.4 587.2 119.5 583.3 123.3 579.8 127.3 586.4 127.4 0.9993
139.7 125.9 16.1 22.3 144.2 135.1 151.6 134.9 148.0 138.9 144.4 142.3 151.3 142.2 0.9993
475.7 65.6 14.6 18.7 479.2 72.7 486.1 72.9 482.3 76.2 479.5 79.6 485.3 79.7 0.9993
792.3 34.2 16.2 18.6 796.7 40.8 804.0 41.1 800.1 44.1 796.9 47.3 803.3 47.6 0.9993
443.0 141.5 17.4 20.1 448.2 149.4 456.2 149.5 452.3 153.3 448.3 156.1 455.7 156.2 0.9993
319.7 140.2 16.7 21.2 323.7 148.2 331.7 147.8 327.8 151.9 324.5 155.7 331.8 155.3 0.9993
189.0 36.3 15.4 18.6 192.5 42.9 199.5 43.0 195.6 46.3 192.9 49.8 198.9 49.8 0.9993
287.1 65.0 15.6 20.3 292.0 73.5 298.8 73.3 295.6 77.1 292.7 80.7 298.3 80.6 0.9993
770.9 55.2 13.5 17.7 772.7 61.8 776.9 62.1 773.0 65.1 773.1 68.4 776.4 68.4 0.9993
703.3 70.1 15.5 17.9 707.9 76.1 714.7 76.5 711.2 79.4 707.9 82.7 713.9 82.9 0.9993
542.5 48.5 12.9 14.8 546.0 53.4 551.9 53.3 549.1 55.7 546.8 59.1 551.6 59.0 0.9993
224.5 126.2 18.5 22.7 229.5 135.4 238.1 135.2 234.0 139.9 230.6 143.5 237.6 143.3 0.9993
620.5 102.3 16.8 22.9 624.7 111.3 633.0 111.0 628.9 115.4 625.3 118.9 633.0 118.7 0.9993
647.1 152.6 17.5 21.4 649.6 160.5 657.2 159.9 652.7 164.9 651.5 168.8 657.8 168.2 0.9992
478.7 121.3 15.5 20.0 481.5 129.1 489.2 128.5 485.1 132.1 482.3 135.8 489.6 135.3 0.9992
279.9 124.3 14.7 17.4 283.5 130.2 290.3 130.0 286.9 133.4 284.4 136.9 290.2 136.7 0.9992
585.6 203.9 18.9 24.8 589.0 213.7 598.0 213.7 592.6 219.2 589.7 222.6 597.3 222.6 0.9992
562.5 157.9 16.4 22.3 565.4 166.5 572.6 166.9 568.0 170.5 565.7 173.8 572.4 174.1 0.9992
391.6 113.4 15.0 20.0 395.1 120.8 402.4 120.3 398.8 124.2 395.8 127.7 402.7 127.3 0.9992
197.9 67.9 15.4 21.1 201.1 76.9 207.9 77.1 203.8 80.6 201.5 83.7 207.6 83.8 0.9992
419.6 132.7 18.9 25.3 423.7 142.6 432.4 142.2 427.6 146.5 424.7 151.6 431.8 151.4 0.9992
971.5 113.7 17.3 21.8 975.7 122.2 983.6 122.0 979.4 125.5 976.5 129.7 983.2 129.4 0.9992
232.4 39.4 13.6 17.1 236.3 45.6 242.5 46.0 239.2 48.7 236.0 51.2 242.1 51.4 0.9992
529.3 112.0 16.6 22.3 533.1 120.5 541.0 120.2 536.9 124.7 533.5 127.9 541.1 127.7 0.9992
367.0 34.5 14.9 18.2 370.0 40.6 376.8 40.4 373.2 43.9 370.8 47.5 376.6 47.3 0.9992
848.3 140.9 18.8 24.1 854.1 150.0 863.2 150.4 859.0 154.8 854.3 159.2 861.9 159.6 0.9991
736.1 73.4 16.0 18.8 739.6 80.4 746.8 79.8 743.1 83.8 740.2 86.5 747.5 86.0 0.9991
738.5 46.1 16.8 18.0 744.2 53.1 751.6 53.6 748.1 55.9 744.7 59.1 750.7 59.5 0.9991
268.5 54.4 14.6 17.4 272.6 60.1 279.4 60.9 275.8 63.7 272.1 66.4 278.3 67.0 0.9991
733.6 117.8 16.5 20.3 737.8 125.4 745.9 126.3 741.2 129.9 737.4 133.4 744.0 134.1 0.9991
783.3 70.9 14.0 17.5 786.8 77.6 793.1 77.5 790.0 80.6 787.4 83.7 792.8 83.7 0.9991
785.7 113.0 16.8 20.2 790.2 120.7 797.6 121.2 793.5 124.7 790.2 128.2 796.4 128.6 0.9991
967.0 40.6 13.3 15.7 970.0 46.1 976.3 45.5 973.3 48.4 971.2 52.1 976.4 51.6 0.9991
598.4 69.4 14.8 20.6 602.2 77.3 608.9 77.5 605.3 81.1 602.2 84.3 608.4 84.4 0.9990
507.0 35.9 15.5 19.7 511.2 43.7 518.4 43.6 514.8 47.5 511.7 50.6 517.9 50.5 0.9990
26.2 132.8 15.4 19.9 30.3 139.3 37.1 139.6 33.5 143.5 30.3 146.9 36.5 147.1 0.9990
924.5 43.9 14.5 18.1 927.5 51.2 934.3 51.2 930.5 54.2 928.0 57.2 934.1 57.1 0.9990
389.7 148.4 17.5 21.5 394.9 154.4 403.1 155.6 398.6 159.0 394.6 163.6 401.1 164.5 0.9990
422.6 35.7 16.6 22.0 426.9 44.5 434.7 44.4 430.9 48.4 427.3 51.6 434.8 51.5 0.9990
100.8 101.1 15.1 20.4 106.9 109.3 113.4 109.6 110.9 113.3 106.8 116.1 112.6 116.5 0.9989
467.9 159.8 17.8 20.1 470.4 168.8 477.2 166.2 473.9 171.6 474.0 175.8 479.7 173.6 0.9989
613.7 149.9 15.5 21.4 617.4 157.9 624.9 157.9 621.0 162.1 617.7 165.4 624.7 165.3 0.9989
663.0 63.8 14.8 18.7 667.2 70.9 673.9 71.0 670.5 74.3 667.6 77.6 673.3 77.7 0.9989
748.5 151.8 15.3 18.4 751.6 157.7 759.0 157.2 755.1 161.7 752.2 164.7 759.4 164.3 0.9989
390.7 76.8 14.5 19.0 394.7 83.8 401.6 84.2 397.9 87.5 394.7 91.0 400.5 91.4 0.9989
645.6 36.8 16.0 20.1 649.7 44.6 657.2 44.7 653.3 47.7 650.1 51.3 656.8 51.3 0.9989
1011.1 153.0 12.3 21.3 1013.3 161.5 1020.6 161.2 1015.3 164.7 1013.7 169.0 1019.8 168.6 0.9988
972.0 148.2 17.2 22.1 975.8 157.3 984.0 157.0 979.7 160.8 976.3 164.3 983.9 164.0 0.9988
435.0 114.1 14.7 20.3 439.3 122.4 446.4 122.2 443.3 126.1 440.2 129.7 445.8 129.6 0.9987
888.8 151.1 16.3 19.6 891.7 158.7 899.2 157.4 895.5 162.5 893.3 165.6 900.5 164.5 0.9987
294.7 38.4 14.5 17.5 299.0 44.6 305.7 44.6 302.5 47.8 299.4 51.1 305.1 51.2 0.9987
908.3 85.3 14.8 18.4 911.6 93.2 918.3 92.2 915.1 95.7 913.3 99.7 918.3 99.0 0.9986
178.6 138.4 15.4 18.8 181.2 144.9 188.4 144.3 184.3 149.3 182.4 152.3 188.8 151.8 0.9986
34.4 41.5 14.9 18.5 38.6 48.2 45.3 48.5 41.8 51.2 38.8 54.6 44.6 54.9 0.9986
698.0 161.0 16.1 19.9 700.8 167.6 708.2 168.3 703.3 171.6 700.5 175.4 706.8 175.8 0.9985
250.3 111.6 15.2 19.0 254.3 118.6 261.5 118.6 258.0 122.1 254.9 125.6 261.0 125.6 0.9984
354.2 202.5 19.9 25.1 359.9 212.3 368.9 213.0 364.3 217.1 359.7 221.1 367.3 221.6 0.9984
350.1 69.5 14.4 17.9 354.6 75.2 361.3 75.8 358.1 78.3 354.8 82.2 360.4 82.6 0.9983
323.0 112.3 16.3 20.4 325.5 119.7 332.7 119.9 328.1 123.9 326.1 128.1 332.0 128.1 0.9983
912.2 102.2 15.6 20.3 916.1 109.7 923.4 109.7 919.5 113.2 916.3 116.8 922.8 116.9 0.9983
268.4 145.4 15.9 19.5 271.4 152.0 278.7 151.9 274.6 155.9 272.0 159.4 278.4 159.3 0.9982
553.1 103.0 14.3 18.9 557.6 110.0 564.0 109.9 561.2 113.3 558.2 116.8 563.7 116.8 0.9982
27.9 109.5 13.7 16.7 31.6 116.3 37.6 116.2 34.6 119.4 32.4 122.3 37.3 122.2 0.9981
931.1 159.2 15.5 19.8 934.6 166.3 941.9 165.9 938.2 169.7 935.1 173.0 942.2 172.7 0.9981
0.0 107.0 7.7 18.1 -2.8 114.6 4.1 114.2 1.1 117.3 -1.9 120.6 4.2 120.3 0.9911
