12--Group/12_Group_Large_Group_12_Group_Large_Group_12_5.jpg
35
69.0 211.1 41.6 53.4 80.4 231.5 100.5 231.0 91.1 243.5 80.9 248.7 100.3 248.4 0.9998
76.4 145.7 44.2 52.5 91.5 166.2 111.9 166.9 103.2 176.6 93.3 185.7 109.2 186.3 0.9998
916.2 178.1 43.8 46.4 924.1 200.8 940.9 191.6 935.9 208.8 937.7 218.4 949.7 211.0 0.9998
200.5 232.6 44.1 52.5 217.9 248.0 235.2 254.8 224.5 263.1 209.8 265.4 226.6 271.5 0.9998
318.0 347.6 45.9 57.2 334.3 369.6 354.5 372.4 344.1 384.6 329.8 387.8 349.2 390.4 0.9997
862.8 289.6 42.3 51.8 868.7 309.6 885.8 307.5 874.5 319.7 873.0 326.3 889.7 324.2 0.9997
356.4 209.9 40.2 51.4 368.4 229.5 387.1 230.4 377.8 239.4 367.7 246.3 385.3 247.2 0.9997
637.1 154.6 36.2 46.3 646.1 171.4 663.2 171.0 654.4 180.5 646.8 187.7 663.0 187.3 0.9997
548.5 217.0 40.6 50.9 558.4 237.0 578.0 234.7 569.0 246.9 560.7 254.0 579.8 252.2 0.9996
551.6 150.1 36.4 43.7 561.4 166.4 578.5 170.4 566.9 173.4 559.2 181.6 571.7 184.7 0.9996
609.0 198.0 36.1 47.2 617.1 215.9 634.5 214.5 625.7 222.2 619.2 232.8 634.2 231.8 0.9996
704.6 190.6 40.0 43.1 718.9 203.9 734.3 212.5 723.2 216.7 712.4 217.5 726.4 224.7 0.9996
752.4 142.6 36.3 45.7 758.8 156.9 775.5 157.0 765.2 167.7 760.5 174.3 776.1 174.1 0.9996
801.8 298.1 41.9 49.7 810.9 317.9 830.3 314.6 821.4 327.5 815.3 334.4 833.4 331.7 0.9996
312.2 195.6 40.5 45.1 325.6 209.1 344.8 212.0 335.2 221.0 324.5 227.3 340.6 229.7 0.9996
257.3 186.9 44.7 52.6 276.1 203.2 295.9 205.0 288.2 215.8 275.4 224.1 291.9 225.8 0.9996
394.0 184.9 35.2 45.5 403.6 201.2 420.6 199.2 413.7 208.0 406.9 218.3 421.0 216.9 0.9995
500.6 264.4 40.6 53.0 508.5 285.0 526.6 281.5 517.6 294.8 513.7 303.0 530.2 299.9 0.9995
176.1 165.0 42.1 48.9 188.3 180.8 208.3 180.7 199.0 191.6 189.5 200.1 207.1 200.0 0.9995
333.7 143.4 41.1 49.7 345.0 162.9 362.1 159.4 355.7 170.9 350.1 179.8 364.8 176.8 0.9995
707.0 276.1 39.1 50.0 717.0 297.3 735.0 295.2 727.1 308.3 719.9 313.0 737.4 311.1 0.9995
418.1 256.4 39.0 48.9 426.5 275.5 445.2 275.1 435.1 285.4 427.7 291.5 445.6 291.1 0.9995
485.5 152.5 40.4 51.5 495.5 172.2 514.7 171.8 505.0 183.2 496.7 189.4 514.7 188.9 0.9995
845.0 189.1 38.6 50.4 853.6 210.1 872.5 208.9 863.1 219.8 854.9 226.1 873.2 225.1 0.9995
769.5 205.9 42.5 52.2 778.8 224.8 798.7 223.7 788.1 234.1 780.9 242.9 799.4 242.0 0.9995
449.7 419.1 41.5 44.8 459.7 437.8 477.8 430.6 472.0 443.9 466.4 452.2 483.2 446.5 0.9995
845.6 134.3 35.8 40.5 851.3 148.9 866.5 146.7 857.9 157.3 855.3 164.3 868.9 162.4 0.9994
684.7 131.4 38.6 44.7 696.7 144.9 715.2 146.2 706.7 153.5 697.6 162.4 713.2 163.4 0.9993
653.9 224.5 36.3 47.7 664.6 240.6 681.5 245.3 670.9 254.4 661.8 256.6 677.5 260.4 0.9992
462.0 133.1 35.0 45.3 471.7 150.9 487.5 148.9 480.7 157.4 475.6 168.1 487.2 166.4 0.9989
609.9 173.7 15.4 19.3 617.1 181.6 622.3 180.8 621.6 184.6 618.7 188.5 622.6 188.1 0.9989
222.8 151.3 32.2 52.4 243.8 169.7 249.2 168.7 253.9 177.6 244.8 188.8 249.2 188.6 0.9986
728.2 149.6 27.2 36.5 736.0 165.4 748.7 164.8 743.0 172.5 738.5 179.5 747.8 179.1 0.9894
835.8 150.5 13.9 21.9 838.1 159.2 840.7 159.3 836.9 163.2 838.5 167.3 840.4 167.2 0.9786
940.7 152.5 20.7 23.2 748.6 161.7 764.4 160.8 757.4 169.8 750.8 177.3 764.3 176.3 0.8663
