12--Group/12_Group_Team_Organized_Group_12_Group_Team_Organized_Group_12_40.jpg
25
539.4 516.2 64.7 77.3 551.2 539.0 576.3 546.9 553.3 557.9 546.0 569.7 565.9 576.1 0.9998
583.4 419.7 51.8 64.3 590.6 444.0 611.7 441.5 597.9 456.2 595.5 469.4 611.4 467.5 0.9997
787.7 427.7 51.2 58.7 800.5 445.3 821.7 451.5 804.9 461.7 796.1 470.1 810.8 475.1 0.9997
708.8 295.4 33.1 37.7 717.9 306.5 732.9 309.2 723.7 316.8 716.8 322.9 728.0 325.1 0.9996
639.2 456.0 58.0 68.6 647.1 482.9 669.6 477.1 656.1 494.9 656.6 510.6 672.6 505.9 0.9996
758.1 569.4 76.6 88.1 764.7 597.0 790.0 602.0 764.5 619.1 767.5 635.0 784.6 638.7 0.9994
479.4 294.4 27.8 31.0 487.3 304.9 500.2 304.3 494.5 310.6 489.6 317.6 499.5 317.1 0.9993
632.7 293.8 28.0 34.4 640.0 306.9 653.2 305.7 647.1 312.6 642.5 320.1 652.9 319.2 0.9993
606.8 377.3 43.7 46.5 614.3 393.5 633.6 392.4 622.1 402.4 617.7 412.7 631.6 411.8 0.9993
532.9 346.0 36.9 44.3 542.5 361.3 559.5 363.6 549.4 372.6 542.7 379.7 555.3 381.4 0.9993
924.8 98.5 23.5 28.9 929.8 108.4 939.9 109.0 932.8 112.8 929.5 119.2 937.5 119.7 0.9993
678.5 282.3 26.1 31.7 684.3 293.0 696.2 293.0 689.7 301.0 685.9 306.5 695.4 306.4 0.9992
830.5 298.6 37.1 44.0 838.4 314.6 855.5 312.1 847.1 322.1 842.5 331.8 856.2 329.8 0.9991
467.7 355.5 34.2 40.7 476.4 368.8 492.4 370.1 483.3 379.4 477.0 386.1 488.6 387.2 0.9991
599.4 319.7 31.2 34.9 607.8 328.5 622.1 330.8 613.2 338.5 606.9 344.3 617.9 346.1 0.9988
909.1 262.8 27.5 36.5 913.5 277.3 925.2 276.0 917.8 283.4 915.8 290.8 924.8 289.7 0.9988
385.7 441.3 61.3 73.6 396.2 469.7 423.7 469.1 407.2 486.8 401.5 498.7 421.6 498.3 0.9987
823.4 369.9 40.2 46.3 830.9 386.4 847.4 386.5 837.0 397.7 834.6 406.2 846.2 406.1 0.9982
926.1 313.4 31.5 35.7 932.6 323.7 946.4 325.3 936.6 331.4 932.1 338.7 942.7 339.8 0.9978
560.1 296.7 26.2 26.7 566.6 306.5 578.5 307.2 571.7 314.1 568.0 318.0 576.0 318.6 0.9978
812.0 274.1 26.0 35.4 818.7 289.9 830.0 289.5 824.2 296.7 820.5 302.7 829.4 302.3 0.9972
662.0 271.2 21.0 26.8 666.7 282.4 675.8 281.8 671.3 288.3 669.3 293.0 675.7 292.4 0.9963
754.5 309.2 28.9 34.0 761.9 323.0 773.9 323.5 767.3 330.3 763.2 335.5 772.0 335.9 0.9937
647.9 355.4 33.4 40.7 653.4 367.8 665.7 366.8 658.3 378.0 658.7 386.3 667.5 385.2 0.9506
9.0 414.0 33.3 48.0 458.5 356.6 464.7 357.0 459.1 364.2 460.2 370.6 465.0 370.7 0.5291
