12--Group/12_Group_Large_Group_12_Group_Large_Group_12_520.jpg
10
271.1 452.0 12.1 17.1 279.2 458.6 281.9 458.5 282.1 462.2 278.8 465.3 280.6 465.5 0.9960
222.4 451.6 15.2 19.0 226.4 457.1 230.7 459.5 225.4 461.5 223.7 464.6 226.9 466.4 0.9955
156.3 447.7 14.3 18.8 160.1 454.5 165.5 454.3 162.2 457.9 160.6 462.1 164.8 461.9 0.9945
554.1 469.0 10.2 15.9 556.8 474.6 558.7 475.2 555.4 477.6 555.5 480.8 556.8 481.1 0.9848
852.5 391.8 36.7 59.9 878.9 412.0 880.9 410.5 888.3 421.3 881.6 435.8 883.1 435.0 0.9813
211.0 463.1 16.0 26.3 221.5 472.9 223.4 472.1 225.8 477.7 223.2 483.3 224.5 483.0 0.9735
130.5 437.6 13.4 17.8 133.3 443.2 137.8 444.5 134.0 447.6 132.8 450.7 136.0 451.7 0.9655
764.7 476.7 14.8 19.2 774.7 483.8 777.1 483.4 777.7 488.0 774.4 491.6 775.7 491.6 0.9642
0.0 418.8 32.5 48.1 2.8 435.9 19.4 435.4 10.9 446.2 5.5 455.4 17.3 454.8 0.9247
372.4 464.4 17.9 24.3 375.2 474.1 379.2 475.6 374.7 479.6 375.2 483.3 377.8 484.1 0.6267
