12--Group/12_Group_Group_12_Group_Group_12_203.jpg
17
473.5 298.7 27.5 38.8 483.3 314.0 496.3 314.2 491.1 321.4 482.5 326.2 494.8 326.5 0.9999
855.9 296.8 35.6 43.8 864.0 312.8 880.9 313.4 871.4 321.5 864.5 328.0 879.4 328.5 0.9998
421.6 278.7 27.2 38.7 428.2 294.8 441.0 294.7 434.4 302.0 429.6 308.1 439.9 308.1 0.9997
704.1 285.7 32.3 44.3 711.8 303.9 727.6 303.9 719.5 312.1 712.6 317.9 726.9 318.0 0.9997
547.9 281.4 33.7 42.5 557.0 299.0 572.8 297.4 565.6 304.8 558.8 312.1 573.4 310.7 0.9997
797.9 287.7 33.5 42.6 804.0 305.5 819.3 304.8 810.4 313.1 806.4 320.5 818.6 319.9 0.9996
266.9 267.1 35.8 41.8 280.2 281.5 296.1 282.8 289.3 291.2 279.2 295.9 293.7 297.0 0.9996
806.2 414.6 40.1 47.5 815.2 430.2 833.4 432.1 821.6 440.5 814.2 447.8 830.3 449.4 0.9996
646.5 293.2 32.1 39.3 654.2 308.3 669.1 307.2 661.7 315.0 656.5 322.8 668.6 321.9 0.9995
359.2 273.6 31.0 40.4 369.0 289.6 383.4 289.1 377.6 296.1 371.4 304.0 382.8 303.7 0.9995
756.1 294.9 31.3 39.2 763.6 309.3 778.6 309.8 770.5 318.3 763.6 322.4 777.8 322.8 0.9995
665.1 375.6 35.3 40.1 671.3 388.6 687.4 389.2 676.9 397.0 671.8 403.7 685.7 404.2 0.9995
236.4 369.7 39.3 50.7 248.9 387.2 267.3 387.9 258.9 396.6 250.0 406.5 264.7 407.2 0.9994
339.7 385.7 37.9 46.8 349.5 403.1 367.2 403.7 357.8 412.0 350.5 420.1 365.2 420.5 0.9994
143.7 264.0 37.2 45.1 154.0 281.5 171.8 281.8 163.1 290.5 155.6 298.3 169.5 298.5 0.9994
744.9 397.8 38.7 46.0 752.9 416.6 769.9 415.8 760.3 424.7 755.6 433.1 768.5 432.6 0.9993
463.1 392.5 29.9 38.2 472.0 407.8 486.8 408.2 479.9 414.8 472.4 420.5 485.3 420.9 0.9989
