12--Group/12_Group_Group_12_Group_Group_12_369.jpg
11
461.1 136.0 49.2 62.1 474.5 159.8 496.9 156.4 487.7 169.4 477.8 179.2 500.1 176.3 0.9997
129.9 104.0 46.3 61.3 143.5 127.5 165.1 128.0 154.7 138.9 143.5 147.0 164.0 147.3 0.9997
178.8 154.9 53.6 65.4 193.4 178.8 217.4 177.7 206.2 191.0 196.1 202.5 216.4 201.6 0.9997
387.6 96.8 43.2 54.6 400.9 118.0 420.9 117.1 412.4 127.1 403.1 137.0 420.4 136.4 0.9996
548.5 144.0 41.2 50.7 558.4 163.1 578.1 162.6 568.0 172.0 559.8 180.7 577.4 180.4 0.9996
598.8 197.0 45.9 58.9 609.2 221.5 631.8 222.7 619.0 233.0 609.5 239.5 630.4 240.3 0.9996
333.5 129.9 49.2 61.2 346.6 152.8 370.0 151.8 359.0 165.3 349.3 174.9 369.2 174.1 0.9995
244.7 108.6 42.2 50.0 255.9 126.4 276.4 128.4 265.3 136.9 255.8 144.7 273.6 146.2 0.9994
811.7 116.2 41.9 52.2 823.3 135.8 842.8 134.4 834.3 144.2 826.1 153.9 843.8 152.5 0.9994
673.6 144.4 38.0 53.3 684.4 164.4 702.1 165.6 692.8 174.5 683.8 182.1 700.0 183.1 0.9992
840.6 203.6 46.5 60.6 849.7 224.6 870.6 224.5 858.4 237.6 851.1 246.4 870.7 246.2 0.9992
