12--Group/12_Group_Team_Organized_Group_12_Group_Team_Organized_Group_12_660.jpg
24
264.6 56.2 25.7 31.4 271.0 69.8 283.0 68.8 277.3 74.6 272.7 80.2 283.0 79.5 0.9997
244.2 521.3 38.1 46.9 251.5 543.0 269.5 539.6 260.8 550.4 256.3 558.5 271.0 555.7 0.9996
176.2 496.3 38.4 50.1 190.9 513.4 207.4 516.7 199.4 525.0 188.4 531.2 202.6 534.1 0.9996
914.3 352.0 14.3 17.4 918.3 358.4 924.9 358.3 921.6 361.6 918.9 365.0 924.4 364.9 0.9995
189.0 62.1 25.9 33.1 196.4 74.9 208.5 75.4 202.5 81.8 196.6 86.3 207.3 86.7 0.9993
560.2 521.1 23.0 30.8 564.3 532.9 573.6 535.3 565.6 539.9 563.2 544.1 570.6 545.8 0.9991
579.2 68.0 13.9 19.4 584.1 75.8 590.8 75.7 588.3 79.1 585.1 82.9 590.2 82.9 0.9988
886.3 7.1 12.9 16.9 890.3 13.4 895.9 13.8 892.8 16.4 890.0 19.1 894.9 19.5 0.9988
913.9 157.9 13.4 16.3 917.0 164.4 923.5 164.1 920.2 167.4 917.8 170.1 923.3 169.9 0.9987
866.9 322.8 15.2 19.3 871.4 330.2 878.8 330.0 875.6 333.3 872.2 337.0 878.3 336.9 0.9985
579.7 326.8 15.2 19.6 583.8 334.5 591.0 334.9 587.3 338.7 584.1 341.7 590.0 342.0 0.9985
604.5 79.6 13.2 16.5 607.3 85.7 613.6 85.8 610.2 89.2 608.0 92.1 613.1 92.1 0.9984
18.3 17.7 25.2 33.3 21.9 31.2 32.6 29.6 25.8 35.7 24.3 43.1 32.8 41.7 0.9983
421.9 134.0 19.5 26.1 434.8 144.5 439.1 144.6 440.3 149.3 434.9 154.2 437.8 154.5 0.9982
624.3 323.8 14.8 18.0 628.2 331.3 635.0 330.9 631.7 334.4 629.0 337.5 634.6 337.3 0.9980
885.8 308.7 14.1 18.5 889.6 316.1 896.8 316.1 893.3 319.9 890.4 323.2 895.6 323.3 0.9980
719.1 370.1 11.5 15.2 725.8 376.3 729.0 375.7 729.3 378.8 726.8 381.9 728.8 381.6 0.9978
953.6 7.1 13.6 16.9 957.3 13.6 963.7 14.2 960.0 16.3 957.1 19.5 962.2 20.1 0.9975
858.9 523.7 14.4 18.8 862.6 531.3 869.5 530.7 866.3 534.7 863.9 538.4 869.3 538.0 0.9970
476.4 300.6 14.8 19.5 478.5 308.2 485.4 307.9 481.2 311.6 479.7 315.8 484.9 315.5 0.9964
795.7 75.9 9.2 12.2 796.9 79.7 799.4 79.9 796.9 82.5 797.3 85.2 799.2 85.2 0.9718
539.7 522.1 16.2 22.6 542.5 529.1 544.8 530.0 540.6 534.5 542.0 539.1 543.5 539.6 0.9530
494.2 506.9 21.1 25.8 469.4 82.3 477.9 81.7 475.9 88.5 471.6 95.7 478.2 95.3 0.7528
752.7 79.2 10.1 12.2 624.5 92.4 630.2 92.6 626.8 95.8 624.9 98.9 629.4 99.0 0.7427
