12--Group/12_Group_Group_12_Group_Group_12_320.jpg
38
242.6 100.8 35.6 31.1 259.5 114.3 271.1 117.7 264.1 125.6 253.1 125.7 259.9 128.6 0.9999
152.5 116.1 34.8 37.1 168.8 132.0 182.2 133.2 177.2 141.8 166.3 145.2 175.9 146.5 0.9999
324.4 77.2 27.3 32.4 336.4 95.1 347.2 92.3 344.8 101.2 338.3 105.2 345.7 103.2 0.9998
620.2 109.3 23.4 29.9 634.1 124.3 640.7 124.1 639.8 130.8 633.0 134.1 637.7 134.3 0.9998
423.8 75.6 29.1 32.7 438.0 87.9 448.1 92.5 442.2 98.1 432.1 98.7 440.2 102.7 0.9998
438.6 157.9 30.7 35.9 457.9 173.9 464.2 172.5 463.5 182.0 453.5 186.5 458.4 185.9 0.9998
875.9 90.9 22.5 23.4 879.9 101.6 886.8 99.6 883.3 106.5 885.5 110.6 890.0 108.8 0.9998
801.3 122.6 20.4 20.1 810.8 129.4 817.2 132.3 812.8 136.3 806.9 137.4 811.3 139.9 0.9998
698.4 220.5 28.9 38.2 706.4 236.4 718.5 240.7 709.7 246.7 704.3 249.4 712.7 252.8 0.9997
133.8 355.9 36.6 49.5 156.5 379.4 166.1 376.1 167.5 387.9 156.5 396.1 163.1 394.1 0.9996
252.4 194.5 41.3 38.4 278.5 210.2 285.3 211.1 282.5 221.3 269.1 223.8 273.5 225.0 0.9996
946.3 97.3 20.3 23.2 950.3 107.3 959.3 108.0 953.8 113.5 951.6 116.2 957.7 116.6 0.9996
547.7 79.3 22.4 21.2 557.9 88.3 565.5 89.8 561.5 94.6 556.0 96.2 560.7 97.5 0.9995
335.2 290.8 36.6 32.8 355.4 306.0 365.7 305.6 362.4 314.7 351.2 318.3 356.9 318.4 0.9995
806.7 203.0 21.7 25.4 814.9 210.9 823.6 214.8 817.5 218.6 811.4 220.6 818.3 223.7 0.9995
509.2 131.5 30.0 33.8 524.2 149.3 534.5 148.6 531.5 157.0 523.9 160.4 530.7 160.2 0.9994
770.7 115.1 17.7 23.8 781.4 127.5 784.9 127.7 783.8 133.0 778.0 134.7 780.2 135.1 0.9994
5.0 183.7 40.5 44.4 19.2 203.9 36.7 199.8 31.7 212.7 23.9 218.4 38.2 215.2 0.9993
572.8 123.6 19.2 26.5 584.0 134.0 589.9 133.6 588.9 139.7 582.9 144.1 587.3 144.0 0.9992
879.8 136.1 20.2 23.2 884.3 145.4 893.8 145.2 888.8 150.9 885.8 154.4 893.1 154.2 0.9991
935.6 127.3 23.2 29.7 941.4 139.4 952.0 140.1 946.1 145.5 942.1 150.0 950.2 150.6 0.9988
565.9 277.0 28.5 38.3 582.3 289.9 591.5 290.5 590.0 299.5 580.0 305.8 586.4 306.6 0.9985
631.6 279.8 29.1 18.1 647.7 290.8 653.3 292.8 649.5 297.6 642.1 295.7 644.2 297.4 0.9984
690.6 86.2 19.5 19.4 701.3 95.2 706.1 95.2 704.2 100.0 698.9 102.3 701.5 102.5 0.9981
481.8 83.0 19.4 25.2 492.0 93.8 497.9 94.3 495.9 99.8 490.7 103.1 494.7 103.6 0.9978
842.3 245.0 30.1 24.3 860.6 258.8 864.0 261.4 859.8 266.6 851.3 264.3 852.6 266.4 0.9978
513.1 189.5 27.9 24.5 524.0 201.7 533.2 203.2 527.6 208.7 521.3 210.0 527.2 211.2 0.9976
946.2 246.4 38.3 42.0 954.9 266.8 957.8 265.4 957.5 274.9 965.6 280.0 967.0 278.9 0.9956
50.6 123.3 32.7 28.9 67.8 136.8 74.5 137.9 70.3 145.5 61.5 146.7 65.3 147.8 0.9941
451.7 334.7 29.9 26.0 461.2 345.7 473.2 348.2 465.6 354.0 459.1 354.9 467.4 357.0 0.9915
619.4 63.3 17.7 21.6 630.7 72.8 634.7 72.1 634.9 76.9 630.2 80.4 632.9 80.2 0.9884
766.7 73.6 17.1 20.4 774.7 81.1 780.8 81.6 778.6 85.9 774.6 89.7 778.9 90.2 0.9882
1012.9 100.9 10.8 25.7 1017.8 112.1 1026.3 112.4 1021.5 117.6 1018.8 120.8 1025.6 121.0 0.9813
303.8 377.2 47.2 74.1 342.1 408.4 341.8 408.3 340.3 426.0 327.5 436.6 327.2 436.4 0.9783
777.4 518.8 45.3 46.8 785.4 540.2 792.9 543.8 786.1 552.4 795.0 556.6 798.2 559.0 0.9739
699.6 115.0 20.6 20.9 708.7 125.7 715.6 127.1 711.9 131.5 706.7 132.5 711.4 133.7 0.9638
643.9 64.6 15.5 19.2 648.0 71.8 655.3 71.4 652.2 75.4 649.5 79.5 655.0 79.2 0.9463
718.4 335.1 20.1 32.2 607.9 70.9 615.0 71.6 609.1 76.1 608.0 81.0 613.5 81.3 0.6398
