12--Group/12_Group_Team_Organized_Group_12_Group_Team_Organized_Group_12_150.jpg
10
634.1 105.3 39.4 39.8 655.3 121.4 664.5 127.4 658.0 134.8 645.3 134.9 651.0 140.0 0.9999
500.2 391.9 59.9 62.3 545.4 421.6 547.6 418.9 547.6 435.4 530.0 443.8 529.3 441.8 0.9997
679.9 382.6 46.4 45.0 698.7 403.6 718.2 402.9 710.6 416.1 698.3 419.6 711.5 419.3 0.9997
579.6 337.7 53.3 58.1 599.0 359.1 620.7 363.2 608.9 376.9 596.0 381.5 611.3 385.6 0.9997
372.2 96.1 44.8 38.0 392.8 113.6 408.1 113.5 401.9 125.6 389.3 127.7 398.4 128.1 0.9997
756.4 100.4 33.5 40.1 760.3 113.5 773.6 113.0 763.9 122.5 763.0 130.9 772.7 130.2 0.9995
964.1 294.9 38.6 41.3 973.6 313.1 990.8 315.4 980.2 324.9 973.9 328.2 985.9 329.9 0.9995
956.8 109.4 12.7 21.0 966.8 117.0 966.9 116.8 968.8 121.6 964.9 125.6 965.0 125.8 0.9508
744.3 113.3 13.7 17.8 750.6 119.8 755.1 119.2 754.4 123.2 752.0 127.2 755.3 126.8 0.7971
265.4 110.0 8.9 9.8 954.4 119.1 960.9 119.8 957.6 124.7 954.4 129.1 958.8 129.6 0.6481
