12--Group/12_Group_Large_Group_12_Group_Large_Group_12_117.jpg
24
480.4 255.4 27.4 36.7 490.4 269.0 503.0 269.1 497.9 275.9 489.6 280.9 501.7 281.1 0.9997
872.7 144.4 29.3 37.4 879.3 159.7 892.9 157.7 886.5 166.7 881.7 172.3 894.1 170.6 0.9997
635.8 149.9 28.2 36.7 641.1 164.3 654.6 164.2 646.8 171.1 642.3 176.6 654.3 176.5 0.9997
541.6 262.4 28.3 36.2 546.2 277.7 559.6 277.8 551.1 284.7 547.2 288.9 559.6 288.9 0.9997
483.5 159.8 25.4 35.0 489.8 174.2 502.1 173.5 496.4 181.0 490.9 185.4 502.1 185.0 0.9997
424.4 260.3 27.4 36.0 431.8 275.3 445.1 273.4 439.8 280.4 433.8 287.0 445.7 285.6 0.9997
712.2 259.7 28.7 35.7 719.4 273.2 732.9 273.1 726.0 279.5 720.0 285.2 732.2 285.2 0.9996
771.2 259.5 27.8 37.2 776.1 275.1 789.1 274.1 781.8 281.5 777.8 286.7 790.0 285.8 0.9996
776.3 172.6 25.3 32.5 782.4 184.9 794.4 186.9 787.1 191.9 781.6 195.6 792.5 197.1 0.9996
553.4 157.8 28.1 35.8 561.5 172.5 574.6 170.7 569.5 178.3 563.2 183.9 575.4 182.6 0.9996
126.9 224.2 27.7 38.2 137.4 239.6 150.1 238.1 146.3 246.2 138.1 252.1 149.7 251.0 0.9995
828.3 222.0 30.5 36.0 834.4 235.6 848.5 235.3 840.5 243.2 835.4 247.6 848.5 247.3 0.9995
208.5 130.8 30.7 40.6 218.2 144.3 232.7 145.1 225.8 152.6 217.9 159.1 230.8 159.8 0.9995
45.7 237.2 30.5 37.3 55.1 250.6 70.1 249.3 65.0 255.8 57.5 263.7 70.9 262.6 0.9995
210.9 217.7 28.9 35.2 220.1 232.3 233.7 231.4 228.5 238.7 221.4 243.5 233.8 242.8 0.9994
81.0 126.1 29.0 37.2 88.5 139.9 102.7 140.2 95.3 146.4 89.5 153.7 100.9 153.9 0.9994
356.6 266.8 27.2 34.1 364.8 280.4 377.5 279.1 372.5 287.2 367.4 293.4 377.0 292.4 0.9994
605.2 257.3 25.7 36.4 610.2 270.9 623.1 271.3 615.7 279.0 610.6 283.7 622.7 283.9 0.9994
915.0 223.0 31.4 40.3 921.4 240.7 936.0 239.0 928.5 247.7 923.9 254.1 935.9 252.8 0.9993
399.1 153.5 27.9 32.6 406.7 163.1 419.2 163.3 412.8 170.3 407.0 175.8 418.7 175.9 0.9992
698.2 169.0 26.2 33.7 703.5 183.8 715.5 182.0 709.5 189.4 706.0 194.6 716.6 193.1 0.9992
295.3 149.7 30.8 36.3 303.7 161.0 317.9 161.3 310.7 167.6 304.3 174.7 316.6 174.9 0.9991
662.1 261.9 26.7 32.1 668.1 274.0 681.7 274.3 674.5 281.2 669.0 285.6 680.8 285.8 0.9990
280.6 237.4 31.3 38.3 291.5 250.9 306.1 250.9 300.3 259.0 292.9 265.7 304.9 265.7 0.9988
