12--Group/12_Group_Group_12_Group_Group_12_378.jpg
10
75.0 152.3 63.7 79.3 97.3 180.6 125.7 181.4 114.3 194.5 100.4 210.5 122.7 211.2 0.9996
575.5 199.5 52.9 63.3 594.7 221.5 618.6 220.8 610.0 233.1 599.3 247.0 617.1 246.4 0.9996
718.4 332.5 54.9 68.5 733.7 357.4 758.5 356.8 747.2 370.0 738.0 383.9 756.4 383.4 0.9996
172.5 318.4 67.0 77.5 195.7 347.2 225.0 346.4 213.7 360.3 201.2 376.7 223.1 376.1 0.9996
360.9 319.2 60.5 73.0 391.5 340.8 414.4 342.6 410.9 356.9 394.1 372.4 411.6 373.6 0.9996
498.9 332.5 57.1 75.7 516.8 361.9 543.7 361.1 532.8 376.4 520.7 390.1 541.6 389.5 0.9995
937.1 378.8 57.4 70.7 950.7 402.6 976.4 403.4 961.9 416.2 952.5 429.5 973.1 430.3 0.9994
796.4 205.1 51.5 64.4 811.9 229.0 835.6 228.1 825.3 241.2 816.1 254.6 833.6 253.9 0.9993
217.6 157.5 60.7 73.4 239.6 182.6 266.8 188.1 253.1 197.9 236.9 208.8 259.9 213.1 0.9982
427.3 182.6 50.3 66.8 440.5 206.3 462.8 206.0 450.8 217.7 442.6 231.8 459.3 231.5 0.9904
