12--Group/12_Group_Group_12_Group_Group_12_649.jpg
9
346.9 63.3 43.9 53.7 357.1 91.2 373.7 81.7 368.7 97.3 366.2 105.8 382.0 97.8 0.9998
214.9 58.0 50.0 57.1 228.8 74.0 247.2 84.6 229.9 89.1 220.8 92.9 238.3 101.5 0.9998
235.7 175.6 52.2 72.6 244.5 206.7 267.8 203.0 255.2 218.8 250.8 230.1 273.1 226.5 0.9997
669.0 72.8 41.1 52.1 680.7 90.7 699.0 97.2 685.7 104.1 676.3 107.9 692.8 113.4 0.9996
435.8 196.0 50.4 70.0 447.8 221.9 470.3 228.1 453.4 239.7 443.8 245.6 463.5 250.8 0.9996
549.9 204.1 45.1 56.3 558.3 219.4 578.9 221.6 564.6 233.5 557.8 240.7 577.9 242.4 0.9995
788.7 68.6 41.4 50.7 798.1 84.3 817.3 86.3 805.2 98.1 797.4 102.2 816.2 103.6 0.9995
695.1 192.8 46.1 62.0 703.4 214.2 725.0 217.8 709.2 226.9 701.9 235.8 721.3 238.8 0.9994
479.6 89.8 41.3 51.0 488.2 111.5 506.1 106.1 499.0 120.4 495.2 128.9 511.4 124.0 0.9994
