12--Group/12_Group_Team_Organized_Group_12_Group_Team_Organized_Group_12_480.jpg
12
477.6 168.8 32.1 42.7 485.5 184.4 500.6 184.3 492.9 191.3 487.2 199.9 499.5 199.9 0.9997
732.0 351.2 34.0 41.8 742.7 366.0 758.1 365.5 751.4 375.0 744.8 382.9 756.5 382.6 0.9996
545.8 334.8 34.1 43.5 554.3 351.9 569.9 351.0 562.3 360.3 557.4 368.7 568.8 368.0 0.9995
343.8 177.3 32.2 42.4 351.5 193.5 366.6 193.6 358.8 201.4 353.1 209.3 364.9 209.3 0.9995
879.8 311.9 35.2 43.2 887.8 327.5 904.7 327.6 895.5 338.8 890.3 345.8 902.4 345.9 0.9993
253.3 318.4 35.1 49.5 264.5 338.6 280.5 339.2 272.8 350.0 265.4 356.2 278.1 356.6 0.9992
191.9 185.8 32.6 41.3 199.9 201.4 214.7 201.2 206.9 207.6 201.9 216.5 213.4 216.4 0.9992
623.1 184.3 34.6 42.8 631.4 198.8 647.5 198.8 638.9 204.1 633.2 215.1 646.1 215.0 0.9992
123.7 323.9 35.3 48.9 132.5 344.7 148.3 344.7 139.8 355.0 134.7 362.4 146.4 362.2 0.9990
740.3 182.2 33.8 47.0 749.7 198.9 764.8 198.3 757.7 206.5 752.5 217.0 763.9 216.4 0.9988
400.9 353.5 36.3 44.6 410.9 368.6 428.3 369.0 419.9 376.2 412.8 386.1 426.2 386.5 0.9985
559.6 288.7 12.7 16.7 561.3 295.0 566.3 294.8 562.9 298.4 562.4 301.8 566.1 301.6 0.8280
