12--Group/12_Group_Group_12_Group_Group_12_357.jpg
9
592.2 88.4 34.8 41.9 599.8 102.4 616.4 101.3 607.9 110.5 602.1 118.9 616.3 117.9 0.9994
160.8 101.7 38.8 48.3 174.4 121.2 192.0 120.2 185.3 127.2 176.5 137.9 190.8 137.1 0.9994
710.2 50.7 43.4 52.1 720.2 71.3 739.4 71.1 728.8 82.2 722.5 90.3 737.4 90.2 0.9993
294.3 107.7 35.4 46.5 308.1 124.9 323.4 128.5 315.4 137.6 305.5 142.5 317.1 145.7 0.9991
398.3 104.6 33.8 47.3 405.7 123.1 422.4 122.3 414.0 133.2 408.6 141.0 421.6 140.3 0.9988
828.3 101.3 19.9 24.3 836.6 109.8 844.9 110.6 841.8 114.4 837.1 119.1 843.5 119.7 0.9981
492.9 82.6 15.1 17.4 497.0 89.8 502.7 91.7 498.3 94.4 495.7 96.1 499.6 97.6 0.9808
479.0 95.4 13.0 17.0 487.7 101.2 490.4 101.4 490.0 105.5 485.8 108.3 487.8 108.7 0.9708
522.8 109.1 9.7 12.0 526.2 113.5 530.7 113.4 529.0 116.1 527.0 118.6 530.2 118.6 0.9660
