12--Group/12_Group_Large_Group_12_Group_Large_Group_12_720.jpg
25
526.3 283.9 26.4 35.1 533.8 297.0 546.0 296.9 540.2 302.9 534.4 309.1 545.2 309.2 0.9999
431.4 276.5 22.7 29.1 434.6 288.9 443.9 287.8 438.6 294.0 437.5 299.8 444.9 298.7 0.9999
709.4 287.8 25.8 31.5 715.0 300.4 726.3 299.3 720.7 305.5 717.3 311.5 726.8 310.7 0.9999
590.3 295.0 24.2 30.9 597.1 306.7 607.7 306.7 602.5 311.6 597.8 317.0 607.1 316.9 0.9998
335.0 293.8 23.7 29.7 343.5 304.6 353.7 305.5 348.8 310.3 343.1 315.2 351.7 315.9 0.9998
398.0 414.4 24.9 27.0 407.1 422.5 418.0 423.7 412.4 428.7 406.5 433.6 415.3 434.6 0.9998
214.8 292.1 24.2 32.5 222.1 304.6 233.2 304.8 227.6 310.4 222.6 316.1 232.0 316.3 0.9997
138.5 300.5 25.9 28.4 148.0 309.1 159.4 311.2 153.8 315.7 146.9 319.8 156.6 321.5 0.9996
687.5 294.8 25.3 34.5 691.6 310.4 703.0 308.0 697.0 315.3 694.9 322.0 704.2 320.0 0.9996
384.9 283.1 22.4 26.4 391.5 290.2 401.5 289.9 396.9 296.1 391.9 300.9 401.5 300.7 0.9996
634.5 279.4 25.2 31.7 639.2 292.3 650.3 291.0 644.2 298.0 641.2 303.1 651.1 302.1 0.9996
494.9 281.7 22.6 26.9 499.3 290.7 510.0 289.0 504.8 295.1 501.8 301.8 510.5 300.4 0.9996
763.0 285.1 24.1 32.3 768.9 298.8 779.6 297.6 774.5 304.5 771.0 309.8 780.0 308.9 0.9996
257.8 300.2 22.3 28.6 263.1 312.3 273.1 312.1 268.1 317.6 264.3 322.4 272.7 322.2 0.9996
803.8 269.6 28.9 34.2 808.4 284.7 820.1 282.3 813.6 289.8 812.4 296.4 821.5 294.4 0.9995
557.0 267.7 23.5 27.7 562.9 277.3 573.9 277.4 567.9 282.7 563.6 288.1 572.7 288.2 0.9995
645.9 416.6 28.3 34.2 651.6 432.5 663.4 430.9 657.1 438.5 654.4 443.3 664.3 442.0 0.9995
611.8 268.0 24.0 32.0 617.7 283.2 627.4 280.5 623.7 288.0 621.6 293.8 629.2 291.7 0.9995
309.8 398.8 25.9 33.2 318.9 411.2 330.2 412.5 324.8 418.6 318.7 423.2 327.9 424.3 0.9995
107.6 301.8 27.9 34.4 118.5 315.1 130.4 315.7 125.5 322.8 118.5 327.6 128.1 328.2 0.9994
170.1 297.7 27.6 35.1 180.7 311.3 192.2 311.2 187.8 317.4 181.3 323.4 191.2 323.6 0.9994
465.4 303.3 24.5 28.3 471.2 311.0 482.7 310.9 476.7 317.4 472.1 322.9 482.0 322.9 0.9993
297.1 303.9 21.8 24.1 304.4 311.3 314.2 312.1 309.6 317.1 304.7 321.5 312.2 322.1 0.9992
521.4 411.7 25.4 35.5 528.5 425.9 540.9 426.1 535.0 433.8 529.1 438.3 539.9 438.5 0.9991
86.8 283.2 24.0 33.7 101.2 297.2 106.4 296.7 107.4 302.7 101.9 308.8 105.6 308.7 0.9985
