12--Group/12_Group_Large_Group_12_Group_Large_Group_12_211.jpg
14
312.2 366.6 15.8 20.6 317.0 373.7 324.2 374.6 320.2 377.9 316.6 381.4 322.7 382.1 0.9989
823.7 63.2 14.5 17.3 826.8 71.2 833.1 69.0 830.7 72.8 829.4 76.8 834.5 75.1 0.9988
626.6 186.5 14.2 18.0 630.7 193.5 637.0 193.5 634.0 196.5 631.2 199.7 636.6 199.7 0.9986
576.7 183.9 14.9 18.8 581.3 191.4 588.0 190.2 585.7 194.0 583.1 198.2 588.5 197.3 0.9985
506.0 239.9 13.4 17.6 510.8 246.7 516.5 246.5 514.3 249.8 511.5 253.0 516.2 252.9 0.9981
789.6 80.6 15.1 18.4 794.4 87.3 800.8 87.6 797.6 90.4 794.9 94.1 799.8 94.3 0.9977
411.8 309.2 15.1 17.1 415.5 316.0 422.6 314.2 420.2 317.3 418.0 321.8 423.8 320.4 0.9975
571.0 230.9 14.4 17.3 575.7 238.3 582.2 237.8 579.6 241.3 576.8 244.5 581.9 244.1 0.9972
436.7 284.2 15.6 18.1 440.5 291.6 447.3 290.7 444.2 294.2 441.9 297.6 447.8 296.9 0.9971
528.3 202.6 13.5 16.2 531.6 208.5 537.8 208.5 534.5 211.0 532.2 214.7 537.1 214.7 0.9961
355.3 367.6 13.4 16.1 359.6 373.3 365.7 373.6 362.9 375.8 359.8 379.0 365.2 379.2 0.9960
727.8 149.1 13.7 16.3 731.5 154.9 737.3 154.1 734.8 156.9 732.8 160.8 737.7 160.2 0.9953
658.4 198.3 13.2 16.0 661.8 205.2 668.2 204.6 665.4 207.5 663.2 210.9 668.2 210.4 0.9948
678.2 221.2 13.4 16.6 680.3 228.7 685.5 227.4 682.7 230.9 682.2 234.6 686.0 233.5 0.9685
