12--Group/12_Group_Group_12_Group_Group_12_882.jpg
11
465.0 208.0 39.2 49.4 475.4 226.9 493.9 226.1 485.3 236.8 476.3 242.5 495.1 242.0 0.9997
581.7 205.5 38.6 46.9 593.3 222.2 611.2 222.6 602.7 232.0 593.4 238.3 610.5 238.7 0.9997
117.1 257.5 48.0 59.3 132.2 281.4 153.5 279.6 145.6 291.8 136.0 302.3 153.9 300.8 0.9997
177.1 231.5 43.1 55.8 187.3 255.6 206.9 252.4 198.4 263.3 192.8 274.8 208.2 272.2 0.9996
378.3 243.3 41.6 48.6 389.3 262.1 408.7 261.6 399.4 270.4 392.2 279.9 407.5 279.5 0.9996
261.6 241.6 41.0 50.0 273.0 260.2 292.1 259.0 283.6 269.4 274.8 277.5 292.2 276.6 0.9996
851.0 207.8 37.2 47.8 859.0 224.7 877.0 224.9 867.1 232.7 859.5 240.9 876.9 241.0 0.9995
655.3 247.4 40.7 51.4 663.0 268.2 681.7 266.9 671.4 276.7 665.7 285.1 683.1 283.8 0.9995
724.3 202.8 37.0 51.6 734.7 223.0 752.0 223.7 742.8 233.6 735.5 241.4 749.9 241.9 0.9995
526.9 279.6 40.9 48.5 537.3 298.1 556.1 296.9 547.0 307.9 540.0 315.5 556.2 314.4 0.9994
784.1 246.3 39.9 49.4 792.1 266.2 811.1 266.4 800.0 274.4 792.7 282.1 809.8 282.2 0.9994
