12--Group/12_Group_Large_Group_12_Group_Large_Group_12_24.jpg
14
552.7 305.9 33.7 37.0 564.4 319.7 578.7 322.8 570.8 330.0 561.6 331.8 574.0 334.4 0.9998
735.1 209.2 31.1 40.4 743.1 226.7 757.0 224.0 751.2 232.2 746.9 240.7 757.9 238.5 0.9998
635.9 182.3 32.7 39.3 646.4 193.0 661.2 198.7 651.3 202.9 642.0 207.7 655.1 212.4 0.9996
638.1 298.7 34.6 50.5 644.3 318.4 659.6 319.9 649.0 328.9 643.9 335.1 657.9 336.2 0.9996
232.7 284.5 34.9 41.2 242.6 301.3 259.2 299.5 252.3 310.0 244.8 315.4 259.8 314.0 0.9995
738.9 322.6 36.6 34.1 759.3 334.9 766.5 345.0 759.5 346.5 748.3 342.2 754.8 350.2 0.9994
448.3 285.6 33.4 41.0 457.8 299.1 473.5 301.1 464.6 309.6 458.0 316.4 469.5 318.0 0.9993
457.1 182.2 26.7 35.4 464.1 193.4 477.0 196.0 469.3 202.8 462.6 206.3 474.8 208.4 0.9993
344.7 315.4 34.1 47.2 353.5 331.0 370.5 330.7 362.3 340.0 354.2 347.9 370.3 347.8 0.9990
406.9 269.5 24.4 36.0 411.6 283.3 423.0 283.5 416.1 291.0 412.4 296.9 421.4 297.0 0.9988
522.5 246.1 30.4 47.3 530.5 259.8 544.7 261.0 536.2 267.4 530.5 278.1 542.0 279.0 0.9987
775.7 291.7 35.3 37.6 786.3 304.1 800.6 311.3 789.4 315.6 781.3 316.8 792.2 322.5 0.9978
626.0 233.8 31.9 40.7 637.1 247.0 650.7 251.7 642.5 256.0 634.3 261.8 645.2 265.6 0.9966
553.3 202.5 31.2 38.2 563.5 214.2 577.1 213.4 572.1 220.6 565.4 228.7 577.6 228.0 0.9920
