12--Group/12_Group_Group_12_Group_Group_12_481.jpg
12
566.0 556.1 59.0 43.4 586.5 583.0 590.2 562.8 599.1 573.0 609.3 587.1 612.5 571.9 1.0000
490.7 298.4 47.5 51.6 509.8 316.9 527.1 329.2 513.1 331.8 499.2 331.1 514.0 341.0 0.9999
706.3 149.9 49.0 52.0 714.1 171.7 732.1 167.6 722.0 181.4 722.6 191.0 736.2 187.5 0.9999
30.0 105.6 53.3 75.4 53.7 128.4 75.2 133.1 67.0 145.7 47.1 154.6 68.1 159.2 0.9998
708.8 241.7 49.5 65.7 717.1 264.7 737.6 266.6 722.4 279.6 718.6 287.6 737.9 288.8 0.9998
857.1 80.9 55.6 64.9 869.5 115.6 890.1 103.6 883.7 122.1 882.1 133.2 900.0 123.2 0.9998
491.8 570.3 49.7 59.6 503.2 595.4 524.4 590.7 515.6 607.2 509.8 614.9 529.5 610.6 0.9998
829.8 174.3 49.3 65.5 836.4 200.5 856.1 197.5 843.2 213.5 843.4 222.0 862.5 218.9 0.9997
293.3 156.8 45.6 51.1 305.5 176.0 326.8 174.2 317.8 182.6 309.0 193.6 328.4 192.0 0.9996
408.7 508.4 35.5 51.1 412.0 526.6 425.1 528.0 412.4 537.0 414.7 545.3 425.8 545.9 0.9995
618.8 117.8 44.7 60.8 630.9 141.0 652.0 146.1 639.0 155.7 628.5 161.1 647.7 165.0 0.9994
111.1 555.3 50.6 64.0 142.7 598.8 131.4 596.3 140.6 587.0 148.2 568.2 139.7 565.7 0.9993
