12--Group/12_Group_Group_12_Group_Group_12_613.jpg
8
208.8 231.5 19.5 24.2 211.1 241.0 219.5 241.0 213.5 245.4 212.1 250.1 218.6 249.9 0.9995
893.5 238.0 33.1 41.2 899.1 251.4 912.6 254.2 901.2 259.2 897.1 266.9 908.0 269.1 0.9994
432.1 250.3 22.0 28.7 434.5 259.5 442.9 259.4 435.6 264.4 435.0 271.4 441.5 271.1 0.9993
92.5 232.6 19.8 21.8 103.4 239.4 109.8 238.4 110.4 243.1 105.8 248.5 110.3 248.0 0.9992
647.2 191.2 28.5 41.0 650.4 206.4 659.7 206.3 649.9 213.4 651.2 222.5 657.7 222.2 0.9992
304.9 237.4 23.4 27.4 321.0 249.2 323.6 248.7 323.0 255.3 316.5 259.2 317.8 258.9 0.9974
541.2 229.5 21.7 38.8 559.2 243.2 560.1 242.9 561.3 251.6 556.0 259.2 556.7 258.9 0.9726
768.4 63.7 8.6 11.6 770.5 68.6 774.4 68.6 772.2 70.8 770.7 72.8 773.9 72.8 0.8543
