12--Group/12_Group_Team_Organized_Group_12_Group_Team_Organized_Group_12_783.jpg
8
640.9 191.9 52.2 56.6 650.6 215.2 671.0 207.9 662.3 224.3 660.4 234.4 678.7 228.4 0.9998
201.1 127.9 50.1 60.5 216.4 146.8 240.0 148.5 228.3 159.7 215.5 168.6 237.8 170.1 0.9997
398.7 111.5 45.0 60.6 411.6 136.9 433.3 136.0 423.9 149.0 412.9 155.7 433.3 154.9 0.9995
541.8 199.5 42.6 53.1 552.3 217.3 572.2 216.8 562.0 229.7 553.8 237.5 571.8 237.0 0.9993
526.3 401.1 45.5 49.0 540.4 417.5 562.6 417.8 552.5 429.1 541.1 436.0 560.1 436.4 0.9993
616.2 403.6 52.0 66.1 628.6 427.3 652.0 421.4 643.0 441.5 636.1 452.1 656.5 446.8 0.9992
273.9 126.0 43.8 58.0 292.5 147.4 311.8 149.5 304.7 158.2 292.6 168.1 308.7 169.9 0.9989
455.0 384.4 46.0 57.2 470.2 399.0 490.4 403.5 478.6 415.3 467.0 423.3 482.9 427.2 0.9962
