12--Group/12_Group_Group_12_Group_Group_12_322.jpg
34
135.5 64.0 13.8 18.9 137.2 70.1 140.4 71.1 135.8 74.0 136.6 77.7 139.0 78.2 0.9996
741.2 41.6 17.7 27.0 743.4 50.4 745.2 51.9 739.4 55.7 742.4 60.9 743.3 61.6 0.9996
551.9 54.3 12.8 19.1 553.4 61.5 555.3 62.3 551.2 65.3 553.2 68.6 554.3 68.9 0.9995
505.7 60.0 13.2 18.8 507.1 67.3 510.0 67.8 506.0 71.0 507.5 74.4 509.4 74.5 0.9995
306.8 66.4 10.5 15.2 307.8 71.8 309.6 72.3 306.2 75.0 307.9 78.0 309.0 78.1 0.9994
697.4 50.4 13.9 19.1 699.1 57.7 702.5 57.9 698.3 61.4 699.7 65.2 702.1 65.1 0.9993
444.0 70.1 14.8 24.5 446.8 78.1 448.0 78.1 443.5 82.6 446.1 88.2 447.6 87.9 0.9991
15.2 68.7 11.1 16.4 16.6 74.5 18.0 75.0 14.8 77.9 16.8 81.2 17.5 81.3 0.9991
823.6 15.3 33.0 56.4 832.0 34.8 832.5 35.3 824.7 43.8 829.7 56.2 831.1 56.1 0.9989
384.7 52.9 18.2 29.3 387.5 62.9 387.4 63.8 382.6 68.5 387.3 74.3 386.4 74.5 0.9988
632.1 46.3 24.8 38.6 637.9 58.1 639.6 58.7 632.1 64.7 636.5 73.7 638.2 73.8 0.9988
253.9 64.7 15.1 19.0 257.3 70.8 260.4 71.4 255.2 73.9 255.6 78.3 257.7 78.6 0.9988
75.5 51.8 11.3 15.6 77.2 56.8 80.3 57.0 76.6 59.9 77.2 63.3 79.4 63.3 0.9987
795.9 41.7 15.9 21.4 797.9 49.0 802.4 50.0 797.3 53.5 797.6 57.8 800.9 58.2 0.9986
350.8 60.6 11.7 19.0 352.3 67.9 353.4 68.2 350.9 72.0 353.4 75.4 354.3 75.4 0.9986
286.7 68.5 10.1 14.5 287.7 73.5 289.8 74.0 286.6 76.6 287.7 79.6 289.1 79.8 0.9985
487.9 53.9 10.0 14.0 489.2 59.6 492.6 59.6 489.8 62.3 489.8 64.8 492.4 64.7 0.9979
943.6 52.3 11.5 18.1 951.5 58.9 952.7 58.6 955.0 62.1 952.2 65.9 952.9 66.0 0.9979
93.1 70.8 11.1 15.1 94.7 76.2 97.3 76.6 94.5 79.7 95.6 82.4 97.3 82.5 0.9969
186.0 57.9 12.1 18.4 189.1 64.1 189.6 64.7 185.9 67.4 187.1 71.5 187.4 71.6 0.9966
48.7 63.3 9.1 11.8 50.4 67.4 54.3 67.9 51.6 69.8 50.3 72.0 53.5 72.4 0.9965
338.0 54.0 10.3 14.7 340.3 58.5 343.1 59.7 339.5 61.7 339.0 64.5 341.2 65.3 0.9962
152.7 59.2 10.2 12.7 154.3 64.1 157.7 64.2 154.9 66.4 154.9 69.0 157.3 69.0 0.9906
229.7 61.1 9.4 12.9 230.6 65.9 233.4 66.2 230.5 68.6 231.2 71.3 233.0 71.4 0.9860
176.3 59.8 9.2 13.2 177.7 64.5 181.0 64.7 178.3 67.3 178.0 69.9 180.7 69.9 0.9821
585.0 56.7 10.1 15.8 587.2 62.0 588.0 62.4 585.3 65.2 587.0 68.5 587.6 68.6 0.9818
0.0 65.6 7.1 12.3 -0.8 69.4 3.9 70.0 1.0 71.6 -0.8 74.4 2.9 74.9 0.9800
608.5 57.7 11.1 15.2 610.3 62.5 613.7 63.0 610.6 65.7 610.1 68.9 612.8 69.1 0.9603
109.0 65.0 10.5 15.1 110.4 71.2 113.4 70.8 111.2 74.2 111.8 77.2 114.1 76.7 0.9524
224.0 63.9 7.8 10.4 225.3 67.4 227.7 67.7 225.5 69.6 225.5 71.6 227.3 71.7 0.9074
787.7 57.5 10.1 13.5 790.4 63.3 794.9 62.9 792.7 65.9 791.3 68.5 794.8 68.2 0.8796
1011.1 46.8 11.3 17.7 1012.7 53.7 1014.5 54.0 1011.4 57.3 1013.0 60.6 1014.2 60.6 0.8075
438.3 62.3 10.1 14.6 440.7 67.5 444.4 67.8 441.5 70.6 440.5 73.6 443.3 73.8 0.6101
922.8 48.6 11.3 15.7 924.7 54.6 928.3 54.8 925.0 57.6 924.6 60.7 927.3 60.8 0.5216
