12--Group/12_Group_Group_12_Group_Group_12_217.jpg
79
520.6 449.8 20.2 24.8 526.4 459.0 535.6 459.2 531.1 463.5 526.9 467.9 534.7 468.0 0.9999
686.7 449.8 20.9 26.5 693.3 460.0 702.7 460.0 698.2 464.6 693.9 469.2 701.9 469.2 0.9999
725.9 452.3 19.2 24.5 731.1 461.6 740.2 461.4 735.9 466.0 731.9 470.6 739.7 470.5 0.9999
452.1 436.1 19.4 23.4 459.8 444.3 467.8 444.7 464.4 448.8 459.9 453.1 466.5 453.4 0.9999
548.8 460.8 21.1 26.3 554.1 471.4 564.3 470.8 559.7 475.9 555.7 480.9 564.4 480.4 0.9999
621.1 446.9 21.4 25.7 626.4 456.6 636.2 456.7 631.1 461.7 627.2 466.4 635.3 466.5 0.9999
481.0 420.4 18.2 23.5 486.3 429.6 494.6 429.9 490.4 433.7 486.4 437.5 493.6 437.8 0.9999
576.4 479.2 22.7 29.2 582.7 490.6 593.5 490.8 588.2 496.2 582.9 500.6 592.6 500.8 0.9998
299.7 623.5 34.7 44.8 308.1 639.8 322.9 640.7 314.1 647.7 308.1 655.5 321.1 656.0 0.9998
594.9 601.7 30.8 39.6 602.6 616.2 617.7 615.9 610.5 623.5 604.2 631.2 616.9 631.0 0.9998
647.6 471.4 25.3 32.1 654.6 483.5 666.4 483.1 660.6 489.5 656.0 496.0 665.6 495.8 0.9998
695.4 482.9 22.3 27.1 700.5 494.3 710.0 493.4 705.5 498.8 702.6 503.6 710.5 503.0 0.9998
780.0 527.2 26.8 35.5 786.9 541.6 798.5 542.1 792.0 548.3 787.2 554.3 797.1 554.6 0.9998
335.9 583.5 33.0 40.7 344.4 599.7 359.1 600.2 350.9 607.4 345.0 614.2 357.1 614.5 0.9998
498.1 548.9 28.9 38.4 505.1 564.3 518.4 563.9 511.8 570.9 506.6 577.8 518.1 577.5 0.9997
563.0 425.6 18.9 24.7 568.7 435.8 577.5 435.5 573.6 440.1 569.7 444.5 577.1 444.3 0.9997
740.5 626.3 36.0 43.5 750.3 641.7 766.6 641.4 758.8 649.4 751.9 657.6 766.0 657.4 0.9997
616.5 478.7 21.3 28.9 621.5 490.7 631.5 489.6 626.8 495.9 622.9 500.6 631.9 499.7 0.9997
323.8 482.9 23.6 28.6 329.9 493.3 340.5 493.9 334.6 498.6 329.9 503.7 339.2 504.1 0.9997
524.9 478.8 21.8 27.2 530.2 489.1 540.1 488.6 535.0 493.3 531.2 498.9 539.6 498.5 0.9997
270.2 558.1 32.0 37.9 280.0 571.7 294.5 572.7 287.0 579.7 279.7 585.5 292.1 586.3 0.9996
523.5 670.7 40.3 54.5 534.0 692.4 553.1 692.2 543.8 701.7 535.6 710.5 552.2 710.4 0.9996
747.9 558.2 32.7 42.6 756.8 573.9 772.3 575.1 763.5 582.2 756.5 589.8 769.7 590.6 0.9996
282.7 508.4 25.2 33.7 290.2 521.8 301.9 522.2 295.9 528.6 290.6 534.6 300.2 534.9 0.9996
666.7 554.9 27.8 37.2 675.1 568.7 688.2 571.5 680.2 577.0 672.7 581.2 684.5 583.5 0.9996
585.8 448.6 19.3 22.8 590.7 456.8 600.0 456.5 595.4 461.1 591.8 465.8 599.5 465.6 0.9996
646.8 422.3 20.6 22.8 652.8 431.2 662.2 431.5 657.5 434.9 653.3 439.0 661.1 439.2 0.9996
443.0 616.0 33.3 42.2 451.2 632.4 466.6 632.4 458.5 639.7 452.2 647.2 465.4 647.2 0.9996
395.6 525.8 28.0 36.1 402.8 540.1 415.3 540.0 408.8 546.0 403.8 552.3 414.8 552.1 0.9996
634.1 610.8 32.9 41.4 642.3 626.4 657.8 626.6 649.8 633.9 643.2 641.3 656.4 641.5 0.9995
323.5 542.8 27.6 34.3 330.0 556.0 342.4 555.7 336.2 561.9 331.4 568.0 342.0 567.8 0.9995
227.3 593.8 33.2 39.4 239.0 608.2 253.2 611.7 244.8 617.8 236.3 622.3 247.9 625.2 0.9995
503.1 498.0 23.6 30.3 509.2 509.8 520.6 510.5 514.6 516.4 510.0 521.4 518.8 521.8 0.9995
194.0 639.8 32.8 40.4 204.4 655.2 219.0 654.4 213.0 662.0 206.2 669.6 218.8 669.2 0.9995
733.6 497.9 24.3 30.0 740.3 508.7 751.5 510.7 744.9 515.3 739.5 519.8 748.5 521.4 0.9995
185.1 553.2 29.2 36.5 193.2 567.8 206.9 567.3 200.5 574.5 195.1 581.2 205.8 580.9 0.9995
844.9 565.4 32.7 38.1 851.5 579.5 867.0 578.5 858.7 586.4 853.9 593.4 867.2 592.5 0.9995
536.8 617.5 32.4 40.6 546.1 633.3 560.6 633.7 553.1 641.0 546.8 648.1 558.9 648.4 0.9995
457.9 512.1 26.7 34.0 463.7 524.4 476.7 524.0 469.7 530.5 464.8 536.4 476.4 536.2 0.9994
361.5 457.2 20.7 25.5 367.1 466.4 376.6 466.7 371.6 471.3 367.5 476.0 375.6 476.2 0.9994
542.5 570.4 30.8 38.6 551.0 586.7 565.5 585.7 559.0 593.5 553.5 600.7 565.5 600.0 0.9994
459.4 583.8 31.1 36.7 467.7 598.5 482.0 598.2 475.1 603.7 469.7 611.3 481.2 611.1 0.9994
551.4 507.0 28.6 37.1 560.5 521.0 572.9 521.9 566.3 527.6 560.3 534.0 570.9 534.7 0.9994
95.5 674.4 42.8 50.6 109.9 691.9 129.5 694.1 120.6 700.7 109.5 709.2 126.9 711.1 0.9994
387.6 472.7 24.2 28.9 394.5 483.7 405.5 483.3 400.4 489.4 395.7 494.2 405.0 493.9 0.9994
705.2 607.3 30.7 40.8 713.0 622.9 726.7 623.2 719.3 629.8 713.6 637.0 725.6 637.1 0.9994
597.8 542.0 26.2 35.4 604.0 556.2 616.3 556.1 610.1 562.8 605.0 569.2 615.5 569.2 0.9994
340.8 514.3 29.1 34.5 349.5 529.0 362.9 528.6 356.5 534.7 351.6 541.0 361.7 540.7 0.9994
391.5 421.8 22.3 29.8 398.2 433.5 408.5 434.2 403.3 439.5 398.6 444.4 406.9 444.9 0.9993
640.8 522.6 24.7 30.9 647.2 535.0 658.9 533.5 654.0 540.5 648.9 545.0 660.1 543.8 0.9993
679.4 655.7 35.3 44.6 687.9 671.5 705.0 671.0 696.2 678.2 688.8 687.0 704.8 686.5 0.9993
299.9 449.5 22.6 25.7 306.4 459.7 316.5 460.0 311.5 463.7 306.9 468.3 315.5 468.6 0.9993
415.8 578.3 29.4 34.2 423.1 590.4 436.7 590.9 429.5 597.0 423.5 603.5 435.1 603.8 0.9993
659.2 444.2 19.7 24.8 663.7 454.1 673.0 453.6 668.1 457.4 665.0 463.0 672.1 462.7 0.9993
245.2 515.5 28.3 34.2 252.6 530.4 265.8 528.4 260.2 536.3 255.4 542.2 266.5 540.6 0.9993
603.9 418.5 18.4 21.3 609.2 426.1 617.6 425.6 613.9 429.9 610.5 434.5 617.4 434.1 0.9993
682.1 520.2 27.2 34.9 688.3 535.7 701.4 535.6 694.6 543.5 689.9 547.6 700.6 547.5 0.9992
774.9 460.5 22.7 29.0 780.1 471.7 790.4 471.2 785.1 476.4 781.4 481.8 790.4 481.4 0.9992
439.4 454.0 24.0 28.9 444.2 464.4 455.0 464.5 448.4 468.0 444.9 474.7 453.3 474.7 0.9992
803.5 670.5 39.8 48.7 810.9 689.7 830.3 689.2 819.6 698.8 812.9 706.2 830.2 705.8 0.9992
423.2 511.5 24.4 29.3 428.9 521.5 439.7 521.8 433.4 527.2 429.5 532.9 438.4 533.1 0.9992
865.0 610.4 39.1 49.6 874.0 631.5 892.9 631.0 883.1 640.0 875.8 647.6 892.3 647.1 0.9991
373.9 425.3 17.3 22.9 377.6 434.2 386.0 434.5 381.4 438.5 378.3 442.5 385.3 442.6 0.9991
481.5 489.1 22.0 30.2 487.8 501.0 498.2 501.4 493.1 506.3 488.4 511.6 497.3 511.9 0.9990
829.9 526.6 28.0 33.3 835.7 538.6 848.0 537.6 840.9 544.2 837.4 551.4 847.1 550.7 0.9990
757.6 461.9 19.9 29.9 761.5 475.5 771.1 474.4 766.2 480.9 763.8 485.9 771.6 485.0 0.9990
725.9 422.0 19.9 22.9 730.0 429.1 739.1 428.8 733.9 433.0 731.2 438.8 738.1 438.5 0.9990
233.7 709.3 36.2 47.5 242.3 727.3 259.7 726.6 250.9 736.6 243.7 744.0 259.3 743.4 0.9989
485.7 450.9 20.1 25.6 490.5 460.7 499.7 460.1 495.4 464.8 491.8 469.9 499.9 469.3 0.9989
539.7 422.6 18.3 23.4 544.4 430.9 552.8 431.1 548.2 435.0 544.9 439.9 551.5 440.1 0.9989
812.7 490.2 23.3 26.0 818.6 498.6 829.7 498.7 824.0 503.5 819.2 508.2 829.3 508.2 0.9988
826.2 604.8 33.4 46.2 831.4 623.8 846.4 620.5 838.5 630.3 835.2 639.7 848.2 637.1 0.9987
782.0 437.0 21.5 25.0 788.3 445.8 797.9 446.9 792.2 449.5 788.1 455.1 795.4 455.9 0.9986
374.2 503.5 24.8 30.5 380.7 515.3 392.5 515.9 386.6 519.4 381.8 526.1 391.0 526.5 0.9985
369.4 647.1 34.0 52.0 378.3 666.6 394.9 667.5 386.5 676.8 378.1 684.0 393.9 684.8 0.9983
288.8 485.7 24.6 29.4 295.6 495.9 307.8 495.7 302.3 502.1 297.4 508.1 306.6 507.9 0.9952
11.4 375.6 10.9 17.0 17.6 382.3 20.6 381.9 20.8 385.4 18.3 388.8 20.5 388.6 0.9878
551.8 387.6 8.2 11.8 553.1 392.0 555.0 392.5 552.5 394.6 553.0 396.9 554.4 397.1 0.9615
452.2 402.0 9.3 12.6 454.1 406.7 456.6 407.2 453.9 409.7 453.8 412.1 455.6 412.4 0.5573
