12--Group/12_Group_Group_12_Group_Group_12_228.jpg
16
948.9 244.2 74.0 99.3 959.5 287.4 991.0 288.6 969.4 309.0 965.5 320.4 992.6 321.4 0.9999
115.0 245.8 70.8 94.7 148.3 283.8 177.5 283.8 171.9 302.0 151.1 318.6 174.0 318.4 0.9998
602.6 240.3 60.8 64.1 614.6 269.4 635.1 266.1 624.0 283.9 627.1 292.3 642.0 288.8 0.9998
531.4 197.7 48.9 58.8 542.1 221.3 563.9 219.0 552.9 234.2 547.3 243.2 564.7 241.1 0.9997
280.5 303.0 89.1 120.7 327.6 356.2 360.9 356.8 354.6 382.6 326.2 400.4 350.7 400.8 0.9997
709.0 209.7 60.2 87.1 714.4 248.3 734.5 248.9 716.0 266.1 721.0 278.5 735.9 278.7 0.9996
787.0 154.4 40.4 57.8 811.1 176.0 822.3 174.6 825.8 184.5 813.9 196.1 823.2 195.5 0.9996
376.7 210.9 50.7 67.7 403.8 243.3 421.3 241.8 417.9 255.2 405.0 266.3 417.0 265.3 0.9995
590.4 130.6 22.6 31.8 604.8 144.3 610.0 143.7 611.0 150.1 605.7 156.0 609.0 155.9 0.9977
658.7 133.2 25.9 32.8 663.5 145.5 673.0 143.7 667.6 151.3 666.4 158.2 674.1 156.6 0.9973
319.3 152.3 31.2 40.7 326.6 168.9 339.9 168.6 333.0 177.0 328.7 183.4 339.0 183.1 0.9955
715.3 137.3 19.1 32.2 728.6 149.2 730.0 148.6 733.7 154.5 729.8 161.5 730.8 161.3 0.9775
937.9 150.6 17.6 26.5 940.7 160.9 943.0 161.0 940.8 167.0 943.1 171.4 944.7 171.4 0.9198
54.2 160.1 26.3 33.2 61.6 173.1 73.4 173.6 67.2 180.6 62.4 186.4 71.4 186.8 0.8925
975.4 155.0 29.6 34.1 992.4 169.8 1001.3 169.0 999.2 178.3 991.7 183.2 997.3 182.9 0.8872
550.6 143.8 19.4 28.5 564.1 154.7 567.5 153.8 570.0 159.7 565.9 165.8 568.0 165.5 0.6068
