12--Group/12_Group_Team_Organized_Group_12_Group_Team_Organized_Group_12_368.jpg
14
800.8 119.4 69.2 79.9 810.6 151.4 839.7 147.1 821.7 167.3 818.7 181.2 842.4 177.3 0.9997
618.3 411.5 73.6 96.0 634.1 450.8 667.8 447.8 650.4 468.8 639.1 481.7 671.4 478.9 0.9997
710.9 144.6 63.1 71.4 721.6 178.8 747.1 168.8 735.2 189.0 734.3 201.8 756.4 193.0 0.9997
452.4 382.7 65.8 88.8 465.3 420.7 495.8 418.8 478.4 434.8 468.4 448.5 497.4 446.7 0.9997
78.7 439.5 79.4 91.1 106.7 473.7 142.1 475.0 127.2 493.9 106.3 505.1 137.7 506.4 0.9997
638.0 104.8 52.8 64.4 649.9 129.9 673.5 126.5 662.1 140.2 654.9 152.3 675.7 149.2 0.9997
550.3 315.4 66.7 82.2 567.0 350.0 596.8 347.3 582.6 362.6 571.9 376.5 598.4 374.0 0.9996
219.0 430.6 65.1 89.8 239.1 466.1 269.7 471.1 252.7 487.0 233.9 493.9 263.0 498.4 0.9996
499.7 158.3 50.3 59.9 513.8 179.0 537.3 179.2 525.8 190.8 514.7 201.0 535.5 201.2 0.9996
103.2 138.1 69.4 81.8 126.2 166.8 156.2 172.0 140.5 180.6 122.6 192.9 150.4 197.5 0.9996
321.1 144.5 56.1 69.4 336.4 174.7 362.0 174.9 349.0 187.5 338.0 196.7 360.2 196.6 0.9995
420.1 95.2 53.6 66.9 436.7 123.2 460.5 122.8 450.2 133.3 438.5 144.0 459.7 143.7 0.9995
559.9 136.3 45.2 58.4 573.0 157.7 594.2 157.9 583.7 167.1 574.1 179.1 591.7 179.1 0.9994
272.2 580.4 55.6 68.2 285.9 609.3 311.8 609.1 298.5 622.0 289.9 634.2 308.3 634.2 0.9994
