12--Group/12_Group_Group_12_Group_Group_12_69.jpg
37
733.3 237.6 20.0 23.9 737.7 246.1 747.1 246.1 741.8 250.6 738.4 255.2 746.3 255.2 0.9998
803.5 229.9 23.3 27.5 808.6 239.9 818.3 240.7 812.0 245.0 808.6 249.9 816.7 250.4 0.9998
672.0 237.7 20.2 22.8 677.6 246.1 686.9 245.5 682.6 250.9 678.6 254.1 687.0 253.6 0.9997
429.1 230.1 19.2 25.4 435.4 241.0 443.6 240.8 439.9 245.5 436.3 250.0 443.1 249.9 0.9997
754.2 249.2 20.7 26.5 759.2 259.5 768.8 259.5 763.8 264.0 760.0 268.8 768.2 268.7 0.9997
465.0 243.3 22.7 29.4 470.9 255.5 481.1 255.1 476.2 260.5 472.2 265.6 480.9 265.3 0.9997
911.2 257.1 26.8 33.6 919.2 269.5 931.4 272.7 923.9 277.5 916.6 280.5 927.8 283.0 0.9997
310.8 239.5 22.8 29.9 317.0 252.3 327.9 251.8 322.9 257.9 318.0 261.9 327.9 261.4 0.9997
213.0 221.5 22.5 28.7 217.1 232.9 226.3 232.8 220.5 238.0 218.2 243.2 225.8 243.0 0.9997
376.3 227.3 24.3 29.0 383.6 237.5 394.6 237.6 389.4 242.8 384.3 248.2 393.5 248.4 0.9997
561.4 236.3 22.7 27.8 565.5 247.4 575.5 247.4 569.5 252.7 566.7 257.8 574.8 257.7 0.9996
289.4 307.0 25.8 31.3 295.9 320.2 308.3 318.7 303.0 326.0 297.9 330.4 309.4 329.2 0.9996
490.4 224.8 20.4 24.6 496.9 233.6 506.4 234.7 501.8 238.3 496.9 242.5 504.7 243.4 0.9996
687.3 322.4 24.9 30.4 692.1 335.5 703.5 333.8 697.6 341.0 694.5 345.7 704.2 344.3 0.9996
148.8 227.6 23.8 29.4 153.6 239.4 165.0 238.2 159.3 245.2 155.2 249.3 166.1 248.3 0.9995
236.8 242.9 21.7 28.6 242.5 255.0 252.3 254.5 247.6 259.7 243.8 264.5 252.1 264.2 0.9995
875.1 244.2 24.8 29.2 880.9 255.4 892.7 255.8 886.2 259.6 881.7 265.6 891.1 265.8 0.9995
694.1 260.2 21.9 24.0 699.8 268.8 710.7 269.2 705.2 273.2 700.9 278.3 709.0 278.6 0.9995
371.4 320.4 22.5 26.3 376.5 331.8 386.9 329.3 382.7 336.0 379.4 340.4 388.9 338.4 0.9994
68.8 229.4 28.1 35.3 79.1 243.4 91.7 244.2 86.7 249.1 79.5 255.0 90.4 255.6 0.9994
530.8 233.2 21.8 23.7 534.5 243.2 543.4 239.7 539.2 244.8 538.0 251.3 545.5 248.4 0.9994
97.8 212.5 23.8 28.8 104.3 223.5 115.5 222.9 110.3 228.3 105.7 233.6 115.1 233.2 0.9994
612.1 216.3 19.7 23.0 618.5 223.6 627.3 224.6 622.9 228.8 618.3 232.5 625.7 233.2 0.9994
781.1 325.2 26.3 31.3 789.0 336.6 801.5 338.2 794.9 343.7 788.6 347.9 798.9 349.1 0.9993
870.0 350.6 26.9 32.3 876.4 362.8 888.9 364.3 881.5 370.8 876.7 375.1 886.1 376.3 0.9993
855.2 230.9 23.2 28.9 860.0 242.9 870.4 241.4 864.9 246.6 861.8 252.7 870.4 251.5 0.9993
537.7 317.6 23.4 27.5 543.4 326.9 554.7 326.9 548.8 333.0 544.7 338.2 553.2 338.2 0.9993
296.9 211.1 19.4 25.8 301.8 221.2 311.0 220.8 306.6 226.1 303.1 230.9 310.5 230.6 0.9993
76.2 321.5 28.3 34.8 85.5 335.3 98.8 333.9 94.2 341.7 87.7 347.6 99.0 346.5 0.9993
610.9 307.7 23.4 31.4 615.1 320.5 626.3 320.1 619.8 326.3 616.4 331.6 625.7 331.3 0.9992
637.5 250.2 21.2 25.2 641.9 258.1 651.2 259.3 645.1 264.3 641.6 267.4 649.9 268.3 0.9992
959.0 247.4 27.4 34.2 967.7 260.4 980.3 262.5 973.5 267.5 966.7 272.4 977.0 274.1 0.9992
260.3 228.9 20.9 28.5 268.9 239.3 278.4 240.2 274.7 245.4 267.9 249.0 276.6 249.8 0.9992
833.1 255.0 27.4 30.8 840.6 265.5 853.0 267.3 845.4 271.7 839.9 276.8 849.8 278.1 0.9991
447.9 306.9 24.7 33.4 453.0 319.9 465.5 320.0 458.6 326.7 453.4 331.4 465.0 331.5 0.9991
345.1 232.1 19.9 25.7 347.3 241.0 353.3 240.6 347.8 246.4 349.1 251.9 353.1 251.3 0.9989
179.2 306.1 28.9 38.5 186.6 320.9 200.4 320.7 193.6 327.5 188.0 334.4 199.8 334.1 0.9988
