12--Group/12_Group_Group_12_Group_Group_12_188.jpg
12
771.9 80.6 57.9 66.9 784.5 111.0 806.8 102.8 797.6 121.5 796.2 133.9 814.0 126.8 0.9998
605.9 351.5 57.1 70.8 624.7 373.8 650.2 376.6 637.3 389.4 621.2 398.2 646.1 401.0 0.9998
218.7 347.9 54.5 69.3 245.8 371.7 265.9 378.9 258.2 391.0 237.4 394.9 255.2 401.4 0.9998
343.6 337.3 60.3 77.4 364.6 361.9 390.1 368.5 374.7 380.5 358.1 389.0 381.1 395.0 0.9997
452.3 377.0 54.5 67.5 468.2 402.7 493.4 403.7 480.7 418.0 467.5 425.4 490.5 426.4 0.9996
297.4 56.0 47.0 63.1 308.0 80.6 330.0 81.5 317.5 93.4 308.9 101.7 328.0 102.4 0.9996
420.2 93.3 48.3 54.2 431.0 111.5 452.7 111.6 440.5 121.9 433.0 132.0 450.9 132.1 0.9996
79.7 129.6 51.0 57.8 98.8 148.8 122.1 149.9 112.7 161.4 99.0 170.4 119.0 171.3 0.9996
749.8 328.1 61.0 74.0 765.1 356.1 792.3 356.0 777.8 370.4 767.3 382.1 790.5 381.8 0.9996
689.5 60.6 46.2 65.1 701.4 86.7 722.2 85.6 712.1 98.3 704.9 109.9 721.1 108.9 0.9995
180.3 85.8 42.3 60.1 189.9 110.4 209.0 105.9 200.8 120.5 196.1 132.0 211.9 128.1 0.9995
583.9 98.0 51.6 64.0 598.9 122.9 622.7 123.8 611.1 134.9 598.9 144.0 620.4 144.9 0.9995
