12--Group/12_Group_Large_Group_12_Group_Large_Group_12_55.jpg
17
426.4 234.2 35.5 42.8 435.0 250.2 451.9 248.6 443.9 257.6 437.0 264.6 452.9 263.3 0.9998
266.2 271.3 33.3 43.8 278.0 288.9 293.5 289.0 287.6 297.9 278.0 302.8 292.6 303.1 0.9997
320.0 212.5 33.8 44.9 329.7 230.2 345.7 230.2 338.3 238.8 330.2 244.5 345.2 244.6 0.9997
185.0 257.7 35.3 44.1 194.8 276.7 211.4 275.0 204.3 284.1 197.4 291.0 211.8 289.6 0.9996
772.0 240.9 31.5 42.2 780.6 258.0 795.5 256.9 788.7 264.7 782.3 271.8 795.7 270.8 0.9996
707.3 373.5 29.3 34.2 714.9 385.3 728.6 384.6 722.0 393.1 716.3 398.6 728.4 398.1 0.9996
647.5 370.5 29.0 33.5 655.5 381.4 669.0 381.3 662.4 389.1 656.5 394.5 668.1 394.4 0.9995
119.7 241.9 36.3 44.8 130.9 259.7 147.5 259.8 139.8 268.4 132.1 275.3 145.9 275.4 0.9995
566.1 276.8 33.1 39.9 575.9 291.4 590.4 292.3 583.0 299.8 575.7 305.7 588.6 306.5 0.9995
696.3 226.0 33.7 43.9 703.9 243.7 719.1 243.3 710.8 252.1 705.6 258.9 718.3 258.6 0.9995
373.1 261.7 35.6 43.2 382.4 278.3 398.9 278.2 390.7 286.7 383.3 293.2 398.2 293.2 0.9994
469.6 266.5 26.4 28.7 477.3 278.3 489.2 277.1 484.1 284.0 480.0 289.6 489.0 288.7 0.9991
863.6 265.8 30.5 40.1 872.0 281.2 885.6 281.8 878.6 289.4 871.8 294.6 884.6 295.2 0.9991
637.9 248.8 30.8 39.6 646.4 264.0 661.2 264.0 653.9 272.3 646.9 277.2 660.8 277.2 0.9991
810.5 204.7 27.6 30.9 817.7 216.6 830.2 216.9 823.7 221.8 819.3 228.2 828.6 228.4 0.9990
827.0 401.0 26.1 31.3 834.2 413.4 846.2 413.6 840.1 419.6 834.9 424.0 845.2 424.2 0.9989
345.1 281.3 26.4 32.5 357.0 294.4 368.0 295.3 364.7 300.3 357.7 305.8 366.1 306.6 0.9986
