12--Group/12_Group_Team_Organized_Group_12_Group_Team_Organized_Group_12_109.jpg
22
103.3 336.1 25.2 30.8 123.3 348.8 123.8 348.8 124.9 356.4 116.1 360.0 115.8 360.4 0.9989
724.5 314.1 16.8 23.2 727.0 322.3 729.2 322.9 725.5 328.1 729.3 332.1 730.8 332.3 0.9983
612.6 315.8 12.0 15.1 617.9 323.4 622.2 324.2 620.1 326.9 617.4 328.5 620.2 329.1 0.9979
305.6 261.1 14.1 18.3 314.4 268.4 317.8 268.6 317.4 272.6 313.3 275.6 315.6 275.9 0.9973
809.0 358.6 11.3 13.0 812.3 363.0 817.4 364.1 814.2 366.3 811.7 368.1 815.7 368.9 0.9967
446.4 294.8 11.9 15.6 449.2 300.3 454.7 300.4 451.8 303.0 449.7 306.3 454.1 306.4 0.9965
41.2 316.9 11.9 14.7 46.3 323.0 51.4 322.9 49.9 325.7 47.3 328.6 50.9 328.6 0.9963
620.5 354.5 13.1 15.0 622.8 362.0 625.0 361.4 623.5 365.5 626.7 367.5 627.7 366.9 0.9961
692.0 368.0 11.0 15.5 693.5 374.2 696.4 374.9 693.0 377.6 694.0 380.2 695.8 380.5 0.9950
849.5 353.4 9.6 12.5 851.8 358.2 856.0 358.5 853.4 360.9 851.9 363.2 855.1 363.4 0.9912
105.0 278.1 9.1 11.4 107.4 282.0 111.7 281.9 109.6 284.2 107.9 286.5 111.4 286.5 0.9870
384.2 389.2 15.7 25.7 395.7 398.5 397.1 398.3 399.4 403.1 395.7 408.3 397.1 408.5 0.9863
669.5 352.9 13.6 13.9 63.4 378.6 65.4 378.6 68.0 385.7 63.8 393.5 65.3 393.9 0.9296
877.8 350.5 9.5 11.4 677.0 358.7 680.3 359.5 678.6 362.7 674.8 363.9 676.5 364.6 0.9149
351.8 292.1 7.3 9.2 880.2 354.3 884.7 354.4 882.5 356.8 880.5 359.1 884.0 359.2 0.8783
139.8 270.5 8.8 10.9 355.0 296.0 357.5 295.7 356.9 297.6 355.6 299.3 357.4 299.2 0.8662
695.2 347.1 12.3 14.2 142.3 274.7 146.4 274.9 144.3 277.1 142.3 279.1 145.7 279.2 0.7708
767.6 357.3 10.5 12.6 698.8 352.3 703.5 351.9 701.4 355.4 700.0 358.7 703.6 358.4 0.7183
510.1 340.7 7.2 9.2 770.0 361.8 774.5 361.8 772.0 364.6 770.7 367.3 774.2 367.2 0.6585
37.1 241.8 7.8 9.0 512.8 344.1 515.9 344.2 514.7 346.1 513.0 347.8 515.4 347.9 0.6566
218.9 382.1 17.7 25.1 40.5 245.4 43.4 245.4 42.4 247.3 40.7 248.9 42.8 249.1 0.6458
64.7 332.6 9.0 12.2 666.6 354.5 671.8 354.8 668.5 358.9 666.9 362.9 670.7 363.1 0.5928
