12--Group/12_Group_Group_12_Group_Group_12_426.jpg
24
882.7 232.0 38.5 50.6 892.4 253.9 910.5 254.8 900.6 264.5 892.2 268.7 909.2 269.4 0.9998
630.5 119.4 34.7 38.4 639.6 132.3 656.0 131.6 648.1 140.3 641.1 146.4 655.8 145.8 0.9997
92.2 218.6 39.9 48.4 107.7 235.5 125.7 240.2 116.6 247.8 104.3 252.5 119.8 256.3 0.9996
919.7 352.3 41.0 49.7 927.4 374.1 945.8 372.2 935.8 384.8 930.9 391.0 946.6 389.4 0.9996
775.8 224.7 43.3 52.5 786.3 245.3 805.8 245.9 794.8 255.6 786.9 263.4 802.9 264.1 0.9996
676.6 339.2 40.5 52.2 688.6 361.9 708.1 360.7 699.8 372.6 690.9 379.2 707.4 378.3 0.9996
411.7 84.8 35.7 51.5 421.2 105.7 437.7 106.2 429.1 114.2 422.2 122.8 436.1 123.1 0.9995
797.0 337.9 37.7 48.0 806.1 357.5 823.6 356.0 815.0 365.8 808.5 373.3 824.0 372.1 0.9995
537.5 335.4 44.1 55.0 546.8 357.6 567.7 357.2 556.1 368.5 548.5 376.6 567.0 376.3 0.9995
203.7 216.3 42.5 52.4 219.1 236.0 238.0 239.5 229.0 247.3 217.3 254.2 233.2 257.3 0.9995
125.2 408.3 40.7 51.2 137.9 427.1 157.3 428.0 148.2 437.0 137.7 445.5 154.8 446.3 0.9995
289.4 339.7 36.8 52.5 300.3 361.1 318.5 361.7 310.0 371.7 301.2 379.5 315.9 380.0 0.9994
437.8 189.6 37.5 47.4 447.9 206.1 465.8 206.6 456.9 216.2 448.1 222.3 465.1 222.7 0.9994
163.1 184.9 38.0 44.4 176.9 198.9 193.6 203.8 184.2 207.9 173.4 214.3 187.8 218.3 0.9994
771.4 86.2 37.1 44.0 779.5 103.2 796.4 101.4 787.9 110.1 782.9 119.6 796.3 118.2 0.9994
440.6 376.7 39.7 45.6 451.0 393.8 470.5 394.6 460.4 403.8 451.6 410.2 468.1 410.9 0.9994
306.8 96.4 34.8 45.2 315.9 112.9 332.5 113.4 323.7 120.6 315.7 127.8 331.5 128.1 0.9994
382.8 337.7 42.8 55.0 393.6 359.4 413.9 359.9 403.3 368.9 395.3 379.1 411.3 379.7 0.9994
537.9 141.5 36.2 41.8 550.4 157.8 566.3 160.4 558.3 166.5 549.1 171.3 562.9 173.4 0.9994
218.6 123.9 36.5 48.1 227.6 144.7 244.9 144.3 236.1 153.2 230.0 161.7 243.0 161.4 0.9994
670.2 169.6 36.5 48.3 679.6 188.4 696.9 187.9 688.3 198.3 681.5 205.5 695.9 205.1 0.9993
566.6 235.4 38.9 50.5 576.0 255.1 594.2 255.3 584.4 264.9 577.7 273.7 591.7 273.9 0.9993
356.3 153.9 35.0 45.0 364.3 170.2 381.5 170.7 372.1 179.6 364.6 185.5 381.0 185.8 0.9993
271.0 194.5 37.0 43.7 282.7 209.5 300.3 211.7 291.3 220.1 281.2 224.7 297.3 226.5 0.9992
