12--Group/12_Group_Large_Group_12_Group_Large_Group_12_63.jpg
8
774.7 315.0 24.6 35.1 780.5 325.3 783.4 326.6 775.7 332.0 778.6 340.1 780.4 340.6 0.9993
445.5 289.6 24.1 30.2 460.4 302.3 466.6 301.5 466.5 308.5 458.9 313.4 463.1 313.3 0.9992
740.7 282.7 27.3 27.9 752.1 293.3 763.8 292.8 760.0 299.9 753.8 304.9 762.1 304.6 0.9991
650.7 262.4 17.2 21.9 653.0 271.4 657.0 272.5 652.2 276.2 654.3 279.6 656.7 280.1 0.9987
590.5 159.8 15.9 26.6 602.7 169.9 603.7 169.6 605.8 175.3 601.4 180.5 602.3 180.5 0.9933
113.6 373.2 26.8 46.4 135.6 391.3 135.4 390.6 138.7 400.9 132.4 409.5 132.0 409.3 0.9857
540.1 313.6 20.6 28.8 727.0 267.1 729.6 267.0 726.5 271.0 728.3 274.4 729.9 274.1 0.5237
683.2 256.7 14.8 18.3 551.1 323.3 558.0 323.2 556.9 329.5 551.5 335.7 556.7 335.9 0.5138
