12--Group/12_Group_Team_Organized_Group_12_Group_Team_Organized_Group_12_447.jpg
15
741.8 410.8 48.3 52.5 754.6 427.0 776.5 426.7 765.6 438.6 757.6 449.6 774.5 449.4 0.9998
592.7 196.8 37.0 49.2 601.7 217.5 617.8 214.7 610.6 225.0 606.9 235.8 618.3 233.5 0.9997
831.2 194.2 47.4 62.2 842.5 221.2 864.8 221.1 852.8 232.9 845.3 242.7 862.3 242.5 0.9997
684.2 197.3 43.2 60.0 691.1 223.4 710.1 222.9 697.7 233.9 693.1 243.6 708.7 243.0 0.9997
117.8 371.7 44.3 59.0 130.0 397.4 149.3 392.9 142.1 405.7 135.4 416.4 152.2 412.7 0.9996
533.9 410.7 45.2 56.0 544.6 432.7 565.9 432.4 555.0 444.4 546.9 452.9 565.0 452.6 0.9996
318.2 373.7 49.4 53.0 326.7 398.8 347.1 394.9 336.3 408.2 334.2 416.8 350.0 413.6 0.9996
388.5 207.3 36.7 45.1 397.0 223.3 413.3 223.4 404.1 233.4 398.9 241.9 410.9 242.0 0.9996
489.0 370.1 42.3 47.9 497.9 386.4 517.7 385.7 506.9 394.3 500.0 404.5 516.3 404.0 0.9996
161.9 165.9 37.0 46.7 167.5 185.4 182.7 184.8 173.0 195.7 171.6 202.7 183.1 201.9 0.9996
504.6 189.8 35.5 46.6 513.0 208.7 528.9 207.1 521.0 217.9 517.2 226.9 528.2 225.6 0.9995
259.5 192.2 35.6 45.3 265.0 209.4 279.8 209.8 269.5 219.2 267.0 227.6 277.2 227.8 0.9995
0.0 375.0 38.1 48.1 5.3 394.1 22.0 393.0 11.9 406.2 9.8 412.6 23.0 411.5 0.9994
656.9 416.4 47.9 56.7 666.4 440.0 687.9 436.4 677.5 452.0 673.3 461.9 689.0 458.9 0.9994
72.3 196.6 35.6 43.0 78.2 212.0 93.7 212.3 83.4 221.3 79.8 229.2 91.1 229.4 0.9992
