12--Group/12_Group_Group_12_Group_Group_12_680.jpg
18
73.8 159.6 23.2 30.1 81.6 171.6 92.2 171.0 88.0 177.2 82.9 182.4 91.7 182.0 0.9997
941.1 222.3 21.7 23.3 947.4 230.1 957.6 230.1 952.8 235.5 948.4 239.8 956.5 239.8 0.9995
219.2 167.4 22.7 28.3 227.0 178.8 236.7 178.7 232.6 183.7 227.8 188.5 235.9 188.4 0.9994
301.9 186.1 19.0 24.2 308.6 196.3 316.5 196.0 313.6 200.7 309.6 205.1 316.0 205.1 0.9993
262.2 182.4 19.3 26.0 269.0 191.9 277.5 191.2 274.6 195.5 270.6 201.4 277.7 200.9 0.9991
292.0 212.0 22.3 28.5 300.4 223.5 310.0 223.8 305.9 229.1 300.7 233.8 308.5 234.1 0.9989
917.2 188.2 21.1 25.7 924.2 196.3 933.6 196.9 929.3 200.8 924.8 206.2 932.5 206.7 0.9983
348.0 183.4 19.3 25.0 356.2 192.9 364.2 193.6 360.9 198.5 356.5 202.5 362.2 203.1 0.9983
101.4 164.1 21.7 27.1 106.5 174.6 116.8 174.3 111.5 179.9 108.0 185.3 115.9 185.1 0.9982
191.9 175.1 17.5 24.9 198.5 184.5 205.6 183.9 203.5 188.1 200.6 193.9 205.9 193.5 0.9960
997.7 210.6 21.2 25.6 1003.7 221.4 1013.7 220.5 1009.4 226.5 1005.8 231.3 1013.4 230.7 0.9936
883.8 192.6 18.8 21.9 886.0 198.6 891.8 199.3 885.5 203.6 885.9 208.3 890.0 208.6 0.9927
873.9 219.2 21.5 24.5 879.5 227.4 888.9 226.7 884.5 232.9 881.5 238.0 888.5 237.4 0.9895
244.7 191.4 17.9 21.7 249.8 200.2 258.0 201.6 253.3 204.9 249.6 208.4 255.5 209.5 0.9892
504.5 177.5 45.3 48.0 520.2 193.0 539.2 196.5 528.0 206.2 516.9 213.0 530.5 215.7 0.9872
664.8 158.6 47.7 56.8 673.7 178.0 696.1 178.1 682.8 190.7 676.1 201.9 692.4 202.0 0.7533
0.9 182.8 16.9 22.9 10.1 192.3 15.2 191.0 15.7 196.5 12.3 201.5 15.9 200.8 0.7494
142.6 204.5 17.7 19.3 147.1 212.7 155.4 212.8 151.0 217.3 148.1 220.3 153.9 220.4 0.5889
