12--Group/12_Group_Team_Organized_Group_12_Group_Team_Organized_Group_12_648.jpg
21
826.0 71.5 29.8 34.1 830.4 84.6 843.5 83.9 835.0 90.7 832.7 97.8 842.7 97.2 0.9998
47.4 56.9 42.6 46.3 65.8 71.3 83.9 72.5 77.4 80.5 65.8 89.2 81.4 90.2 0.9998
123.1 44.3 34.9 38.9 139.4 55.5 153.4 56.6 149.5 63.7 140.2 71.4 151.7 72.4 0.9996
937.0 60.3 43.9 45.7 946.2 74.0 966.9 73.4 955.3 83.0 949.3 94.0 964.8 93.3 0.9995
324.1 83.5 22.3 24.9 330.8 91.1 340.8 91.3 335.8 96.6 331.2 100.9 339.7 101.2 0.9995
683.9 178.8 27.1 29.7 688.2 190.2 700.1 187.5 694.3 195.0 692.0 201.6 701.7 199.3 0.9995
196.5 61.0 30.5 31.6 210.2 69.0 223.1 72.8 217.8 75.8 208.3 81.6 219.0 84.7 0.9995
681.6 63.1 20.4 25.2 684.5 70.8 688.2 71.0 682.4 76.1 686.0 81.5 688.4 81.3 0.9995
780.9 72.1 27.0 31.5 786.9 82.4 799.4 80.3 793.8 88.0 790.2 95.7 800.0 94.0 0.9995
164.5 45.8 32.8 37.7 175.9 57.0 191.0 57.2 185.2 64.7 178.1 73.4 190.1 73.5 0.9994
863.7 88.4 29.2 32.3 869.4 98.7 882.4 98.5 874.3 103.5 870.2 111.2 880.8 111.0 0.9994
895.2 110.8 32.9 35.7 899.3 124.5 912.1 120.7 904.7 130.6 904.6 138.9 914.5 135.8 0.9993
718.0 70.0 19.3 23.5 720.1 78.5 727.7 76.9 723.1 83.7 723.8 89.0 729.3 87.6 0.9993
473.2 77.5 21.2 23.9 480.5 85.0 490.2 86.0 485.7 90.6 480.3 94.2 488.6 94.9 0.9993
634.1 165.6 21.8 23.2 637.9 175.3 646.3 172.2 642.4 178.0 641.8 183.8 647.9 181.3 0.9993
248.4 80.4 23.9 26.9 258.5 90.1 268.8 90.8 265.2 95.1 259.4 100.1 267.3 100.7 0.9993
416.0 66.6 20.8 23.7 423.5 73.3 432.8 74.5 428.6 78.0 423.3 82.9 431.1 83.9 0.9992
383.0 53.1 24.5 27.6 393.2 61.4 403.5 62.8 399.5 67.3 393.0 72.2 401.4 73.3 0.9991
659.7 156.1 22.4 24.6 663.1 163.8 672.5 163.6 666.2 168.5 664.2 174.0 671.6 173.8 0.9990
736.6 65.1 24.5 26.3 741.0 73.3 752.1 72.5 745.9 77.6 742.7 83.6 751.7 83.0 0.9984
803.4 73.6 17.7 24.8 805.2 82.1 811.2 81.5 807.8 86.3 807.1 92.1 811.9 91.7 0.9345
