12--Group/12_Group_Team_Organized_Group_12_Group_Team_Organized_Group_12_222.jpg
20
645.1 218.0 30.1 34.7 653.4 228.5 667.5 231.9 658.5 237.5 651.1 241.2 663.7 243.9 0.9994
577.7 246.0 33.3 39.4 584.1 258.1 599.8 258.4 590.7 267.7 585.0 273.8 599.1 274.0 0.9993
316.1 223.1 30.4 31.6 323.0 233.3 336.5 235.4 327.8 241.5 322.8 245.5 334.0 246.9 0.9991
402.1 98.0 26.4 31.8 410.2 109.0 422.4 107.3 417.8 115.3 411.9 121.0 422.9 119.8 0.9991
748.3 328.4 34.3 37.3 758.5 342.5 774.0 339.9 768.1 350.2 762.2 357.1 774.5 355.2 0.9991
341.4 376.8 38.0 41.9 351.4 389.9 370.1 390.4 360.7 399.3 352.2 406.6 368.3 407.1 0.9991
475.3 128.2 28.9 34.8 487.5 139.0 499.6 138.9 496.2 146.2 489.4 153.3 498.9 153.2 0.9991
447.9 432.8 44.6 53.7 458.2 449.2 479.4 451.8 466.2 464.5 457.8 469.2 477.3 471.2 0.9990
484.8 259.1 37.3 43.5 492.0 270.9 509.6 273.8 497.2 282.1 490.7 289.1 505.3 291.4 0.9987
384.9 241.4 34.9 39.5 391.6 255.7 407.8 257.2 397.0 264.6 391.6 270.9 404.0 271.9 0.9987
561.6 420.2 44.9 50.9 572.5 437.4 594.7 435.5 584.5 449.6 575.7 457.7 595.0 456.2 0.9986
236.2 326.5 34.3 37.3 244.1 338.6 260.5 340.2 250.6 349.0 244.2 353.9 257.0 355.2 0.9985
249.5 195.7 28.1 31.7 257.2 205.1 270.4 207.5 262.7 213.2 256.1 217.7 267.3 219.6 0.9984
177.1 291.5 30.5 33.4 186.3 301.0 199.7 306.7 190.1 311.9 182.8 314.0 193.4 318.5 0.9984
714.2 191.8 27.7 32.0 722.3 200.2 734.7 204.9 725.9 208.4 719.2 212.2 730.2 215.9 0.9979
558.6 105.8 26.2 30.1 566.8 115.9 579.4 114.9 574.3 122.0 568.8 128.0 579.2 127.3 0.9977
864.5 270.9 27.4 31.7 872.4 282.3 885.0 280.1 880.3 288.9 875.1 294.8 885.9 293.2 0.9976
135.5 259.4 26.8 29.2 141.6 269.2 153.8 270.4 146.4 276.3 141.9 281.1 151.0 282.0 0.9973
692.7 367.4 39.5 43.0 703.9 381.1 722.8 381.5 713.5 391.3 705.3 398.7 721.0 399.0 0.9972
819.7 300.5 30.2 32.5 827.9 313.7 842.0 310.6 837.0 320.3 832.8 326.8 843.3 324.4 0.9965
