12--Group/12_Group_Large_Group_12_Group_Large_Group_12_282.jpg
15
115.5 717.1 41.6 49.8 143.5 736.6 150.0 737.2 148.8 750.1 134.9 755.7 138.7 756.7 0.9997
718.4 719.8 38.7 50.0 729.0 736.9 747.4 736.8 738.7 744.9 731.2 756.2 745.5 756.1 0.9997
676.9 736.2 44.0 52.0 695.0 754.4 714.4 756.0 707.1 766.3 695.6 774.3 711.4 775.7 0.9996
167.7 726.7 38.5 43.3 180.5 739.8 198.2 740.8 189.7 749.6 180.6 758.2 195.2 759.0 0.9996
403.8 735.7 36.7 47.3 428.3 753.5 436.1 752.2 438.4 763.1 428.1 772.4 432.7 772.0 0.9995
816.6 752.1 51.7 70.0 851.5 779.0 862.0 779.8 864.2 795.4 847.4 806.1 853.9 807.3 0.9995
298.2 722.4 52.1 68.4 317.7 750.0 341.2 747.9 334.0 763.8 321.9 775.7 339.8 774.1 0.9995
548.8 756.2 60.9 66.6 577.9 775.6 601.8 776.1 597.6 788.4 583.1 804.3 600.7 804.9 0.9993
941.1 747.0 48.1 58.6 966.9 765.6 984.3 765.2 983.3 776.9 970.1 790.0 983.1 790.1 0.9992
883.9 698.2 33.7 37.9 890.9 710.6 906.3 709.8 897.4 717.0 892.6 726.0 904.9 725.3 0.9988
739.7 820.3 67.0 85.7 783.9 848.3 795.8 846.1 802.9 862.9 785.4 880.9 795.0 879.9 0.9976
347.5 768.0 28.7 34.1 357.3 777.5 369.7 780.3 362.7 786.0 355.7 791.9 365.2 794.1 0.9963
606.5 756.4 19.4 28.7 614.1 765.4 622.9 765.2 620.2 771.0 615.2 777.5 622.2 777.5 0.9425
505.0 757.6 22.7 33.0 518.7 767.3 524.1 766.4 525.2 773.8 520.9 781.5 524.9 781.1 0.8495
481.3 751.7 19.4 26.1 493.1 759.6 497.7 758.4 498.6 763.2 495.8 769.9 499.5 769.2 0.6651
