12--Group/12_Group_Large_Group_12_Group_Large_Group_12_25.jpg
57
289.6 417.5 22.9 26.2 294.5 430.3 304.5 427.2 300.9 434.8 298.9 439.2 307.2 436.6 0.9997
55.8 374.5 25.1 31.7 71.8 387.8 76.9 386.0 79.9 392.1 73.8 398.8 77.3 397.8 0.9996
468.6 394.4 22.1 24.0 472.0 403.7 481.2 401.6 476.4 408.3 475.0 412.8 482.8 411.1 0.9995
549.9 414.9 24.1 29.0 555.5 426.0 566.7 426.4 560.6 432.3 556.4 436.6 565.5 436.9 0.9995
919.3 405.0 17.0 23.6 922.3 413.3 923.7 414.3 918.7 418.0 922.2 422.7 922.9 423.1 0.9994
612.9 438.1 21.2 27.5 618.4 449.8 628.4 450.1 623.2 455.7 619.4 459.6 627.2 459.8 0.9993
182.2 325.3 12.1 13.5 183.9 331.8 185.9 331.6 184.2 335.2 187.4 336.8 188.4 336.4 0.9991
364.7 406.3 22.3 26.3 370.3 416.4 381.0 415.0 376.4 421.6 373.1 427.2 381.2 426.1 0.9991
251.0 421.1 20.8 24.9 258.7 430.2 267.9 431.4 263.2 435.6 257.9 439.6 265.3 440.5 0.9991
183.4 382.1 16.5 17.2 188.6 387.8 196.1 387.4 193.2 390.5 190.2 394.7 196.0 394.4 0.9990
703.5 410.8 23.5 27.2 711.1 420.9 721.8 422.7 716.1 428.1 710.7 431.3 718.7 432.8 0.9990
431.2 399.9 20.3 25.3 435.3 408.4 445.0 407.5 440.2 414.0 436.9 418.1 445.7 417.3 0.9990
751.5 388.8 22.9 27.4 755.5 400.2 765.8 400.5 759.4 406.1 757.2 410.8 764.1 410.9 0.9990
108.0 335.0 17.8 18.9 112.9 342.8 120.8 341.4 117.8 345.8 115.5 350.1 121.4 348.9 0.9989
648.1 394.7 24.7 31.3 652.7 406.5 663.2 407.2 656.2 412.9 652.9 417.0 662.2 417.5 0.9989
747.4 426.0 27.0 31.4 752.8 437.1 764.9 438.6 756.5 443.6 752.7 449.3 761.7 450.5 0.9989
415.8 365.0 18.6 24.9 420.1 376.3 427.9 375.0 424.3 380.5 422.7 385.1 428.4 384.0 0.9988
251.0 377.4 18.8 23.9 256.2 386.7 265.0 386.6 260.8 391.1 256.7 394.9 264.5 394.8 0.9987
625.6 373.0 21.7 23.2 631.6 380.4 641.8 380.8 636.4 386.0 632.1 389.9 640.2 390.2 0.9986
455.0 357.9 16.8 22.4 458.8 366.9 466.9 366.5 462.7 370.9 460.0 375.2 466.5 374.9 0.9985
341.0 388.7 19.9 23.8 344.9 397.3 354.3 396.2 349.5 402.1 347.0 407.2 354.0 406.4 0.9985
310.5 389.5 19.7 22.8 315.6 397.7 325.4 397.3 320.7 402.6 317.2 407.1 324.4 406.8 0.9984
119.8 408.5 16.8 21.2 125.0 417.6 132.3 416.4 129.6 420.9 126.9 425.1 132.4 424.2 0.9983
251.8 327.9 11.4 13.4 255.7 333.5 260.7 333.4 258.6 336.4 256.3 338.6 260.0 338.5 0.9982
590.9 410.0 22.8 27.3 595.8 419.9 606.5 420.2 600.4 426.1 596.5 430.5 605.2 430.7 0.9982
515.9 355.8 16.5 20.5 519.8 362.4 527.8 362.7 523.4 366.9 520.3 371.0 526.8 371.3 0.9980
284.8 359.8 19.5 20.5 288.6 368.8 297.4 366.1 293.9 371.9 292.1 376.3 299.4 374.1 0.9980
699.9 344.3 13.0 16.8 706.9 350.9 711.2 350.8 710.6 354.1 707.5 357.3 710.5 357.4 0.9979
668.2 446.6 24.1 29.0 673.6 456.6 684.4 456.5 678.5 462.9 674.9 467.9 683.7 467.7 0.9978
550.5 375.2 20.9 25.5 556.2 385.3 566.0 385.3 561.2 389.9 557.2 394.6 565.1 394.5 0.9977
389.4 359.4 17.7 20.6 393.3 366.7 401.3 365.9 397.3 370.3 394.7 374.7 401.3 374.1 0.9973
475.8 362.6 17.9 21.1 480.9 371.1 489.0 370.9 485.1 375.2 482.2 379.3 488.2 379.1 0.9971
506.5 440.3 22.9 26.4 511.4 449.1 522.6 449.3 516.5 455.5 512.4 460.1 521.5 460.2 0.9963
0.0 466.4 20.9 32.6 -3.5 478.9 10.2 476.0 4.4 484.0 1.0 490.8 12.8 488.4 0.9948
449.5 322.3 9.9 13.3 451.0 327.3 454.0 327.4 451.3 330.0 451.3 332.6 453.4 332.6 0.9948
29.6 341.5 21.2 21.7 33.4 348.9 41.0 350.3 34.1 352.1 32.4 356.5 37.9 357.5 0.9947
404.8 320.2 10.8 15.8 406.3 326.3 408.8 326.3 405.9 329.4 407.0 332.6 408.7 332.4 0.9938
918.2 351.4 14.0 15.9 923.5 357.1 929.5 357.8 926.9 360.8 923.5 363.7 927.9 364.2 0.9929
574.6 368.3 15.9 18.9 578.0 374.9 586.0 375.0 581.7 379.1 579.0 383.1 584.6 383.2 0.9875
0.0 337.7 14.1 19.8 0.3 345.3 3.3 345.8 -0.9 349.7 1.5 353.4 3.2 353.4 0.9852
260.2 299.6 9.4 12.9 261.1 304.7 263.8 304.5 261.5 307.4 262.5 309.9 264.3 309.6 0.9845
514.5 304.4 8.9 12.1 516.1 308.8 519.1 309.1 516.3 311.2 516.0 313.6 518.0 313.7 0.9822
969.7 347.9 13.7 16.7 972.5 354.9 973.3 354.9 971.9 359.3 976.4 361.8 976.4 361.5 0.9798
944.3 363.6 13.7 16.9 955.0 369.8 956.4 370.0 957.2 374.2 953.4 376.9 953.9 377.3 0.9701
294.3 307.8 7.5 8.9 296.6 311.4 299.9 311.2 298.4 313.1 297.1 314.8 299.7 314.7 0.9650
352.5 304.9 6.9 9.1 354.2 308.4 357.2 308.4 355.6 310.0 354.4 311.6 356.9 311.6 0.9607
138.9 332.0 9.7 13.1 144.7 337.1 147.0 336.7 147.4 339.4 145.4 342.0 146.9 341.8 0.9597
335.1 308.2 8.0 9.6 337.1 311.6 340.4 311.8 338.4 313.6 337.3 315.6 339.8 315.7 0.9557
49.4 311.3 13.5 15.6 53.8 316.1 59.9 316.2 57.0 319.5 54.2 322.8 59.0 323.0 0.9414
404.0 302.2 9.3 11.2 406.3 307.4 410.4 306.8 408.8 309.3 407.6 311.3 410.5 310.9 0.9067
381.8 317.0 8.4 12.1 386.2 321.6 388.6 321.8 388.0 324.2 386.1 326.3 387.7 326.6 0.8831
439.9 313.3 7.0 10.1 965.7 356.2 968.0 356.4 964.1 361.2 966.5 366.4 967.8 366.2 0.7654
617.3 314.4 9.4 11.7 444.1 317.2 445.5 316.9 445.9 319.2 444.6 321.4 445.5 321.3 0.7613
738.4 363.5 10.7 12.4 621.8 319.0 625.2 319.0 624.3 321.6 622.1 323.9 624.4 324.1 0.7448
469.4 317.6 10.7 13.5 742.6 367.9 747.0 367.9 745.4 370.7 743.0 373.3 746.4 373.4 0.6856
245.5 364.2 13.7 18.0 473.0 322.8 477.5 322.9 475.5 325.7 473.5 328.3 476.7 328.3 0.6535
729.3 347.8 9.3 10.6 249.7 371.1 255.5 371.2 252.7 374.7 250.2 378.1 254.7 378.2 0.5294
