12--Group/12_Group_Group_12_Group_Group_12_538.jpg
13
446.4 312.7 25.0 27.9 453.1 321.8 464.3 321.7 458.7 327.4 454.1 333.0 463.4 333.0 0.9998
771.3 193.6 23.0 28.7 775.9 206.4 786.5 204.3 781.4 211.4 778.8 216.5 787.5 214.7 0.9998
550.0 193.9 24.2 28.7 555.1 206.5 565.5 204.2 560.8 211.2 558.1 216.2 567.1 214.3 0.9997
486.9 203.4 21.5 26.1 492.7 213.1 502.4 212.8 497.9 217.9 493.9 222.9 502.1 222.6 0.9996
377.9 202.2 23.5 26.9 384.8 211.3 395.6 210.0 391.3 217.3 387.0 222.4 396.0 221.5 0.9995
655.1 202.1 20.8 26.9 659.6 214.4 669.1 213.3 664.3 218.2 661.5 223.0 669.3 222.2 0.9993
439.7 207.6 22.3 26.5 445.6 217.1 455.8 215.9 451.2 222.2 447.3 227.5 455.6 226.6 0.9993
838.0 301.4 34.7 39.9 845.6 319.5 861.3 315.9 854.4 325.0 849.7 331.4 864.1 328.5 0.9993
554.0 307.3 26.8 32.6 559.9 320.9 572.6 317.7 567.7 326.9 563.9 332.5 574.9 330.0 0.9990
714.8 192.3 20.4 23.6 720.0 200.3 729.2 200.4 724.3 204.7 720.7 209.4 728.2 209.5 0.9990
610.2 207.2 20.4 24.4 615.9 216.3 625.3 215.3 621.4 221.0 617.4 225.3 625.7 224.5 0.9987
357.2 303.1 28.8 36.1 365.9 316.8 379.3 319.4 371.7 325.6 365.1 329.8 375.9 331.8 0.9984
735.0 314.8 31.2 39.5 743.2 328.6 758.6 330.4 750.2 337.8 742.9 342.8 756.5 344.3 0.9983
