12--Group/12_Group_Large_Group_12_Group_Large_Group_12_39.jpg
304
758.8 308.9 17.9 19.6 766.2 315.8 773.3 319.9 768.0 322.5 762.3 322.3 768.2 325.7 0.9998
474.7 195.6 12.5 14.1 478.1 200.5 483.8 200.2 481.1 203.4 478.6 205.7 483.9 205.5 0.9998
283.7 363.2 17.2 18.7 287.1 371.3 294.4 368.9 291.6 374.9 290.0 377.6 296.8 375.6 0.9998
706.5 190.6 12.0 14.7 710.1 196.2 715.5 196.2 712.9 198.9 710.5 201.6 715.1 201.6 0.9997
589.5 281.4 16.7 20.2 595.2 288.9 602.9 290.4 598.7 294.2 593.9 295.9 600.9 297.1 0.9997
318.4 167.2 12.4 15.7 321.6 173.8 327.3 173.4 324.6 176.9 322.1 179.1 327.4 178.8 0.9997
839.6 303.9 14.7 17.4 842.2 309.9 848.6 310.1 844.6 313.6 842.2 316.0 848.4 316.1 0.9997
659.3 298.9 14.5 15.8 664.1 304.2 670.2 306.1 666.3 308.5 662.8 310.2 667.6 311.7 0.9997
733.7 194.8 12.8 15.2 737.9 200.2 743.5 201.1 740.3 203.7 737.2 205.7 742.0 206.5 0.9997
299.6 235.6 12.7 14.7 302.6 241.6 308.1 240.7 305.6 244.3 303.8 246.8 308.7 246.0 0.9996
230.3 373.4 18.2 21.0 234.0 382.0 242.3 380.2 238.4 385.6 236.0 388.9 243.9 387.4 0.9996
367.3 52.3 8.6 11.5 370.0 56.9 374.1 57.1 372.2 59.3 370.0 61.2 373.5 61.4 0.9996
155.7 295.2 17.0 17.6 159.3 305.0 166.0 301.3 164.2 307.0 164.1 310.4 169.1 307.4 0.9996
837.1 203.2 13.6 16.7 840.7 209.5 846.9 211.0 842.7 213.9 839.6 215.5 844.8 216.6 0.9996
700.7 284.0 15.0 18.1 705.8 289.8 712.5 290.9 708.9 293.8 705.1 296.6 710.8 297.6 0.9996
641.5 233.2 12.0 15.3 643.9 239.1 649.4 239.2 646.2 242.1 644.2 244.9 648.8 245.0 0.9996
897.7 333.1 18.6 22.1 903.5 340.9 911.6 344.1 906.1 346.7 901.2 348.2 908.2 350.8 0.9995
602.0 245.4 13.2 16.7 605.3 251.5 611.4 251.8 607.9 254.6 605.5 257.6 610.6 257.8 0.9995
498.3 339.5 16.9 21.7 502.6 348.9 510.7 348.4 506.8 353.7 503.3 356.0 510.5 355.7 0.9995
637.6 315.1 15.7 17.4 641.9 321.1 649.0 321.5 645.2 325.2 641.6 327.3 648.4 327.5 0.9995
223.0 194.0 11.1 13.9 225.8 199.2 231.2 199.0 228.6 201.8 225.8 203.5 231.4 203.5 0.9995
319.9 206.4 13.7 17.1 322.6 214.7 328.1 212.4 326.2 216.9 325.5 220.3 330.1 218.5 0.9995
250.7 211.2 12.0 14.7 255.7 216.8 260.5 216.1 259.3 219.3 256.8 222.4 260.4 221.9 0.9995
478.9 279.1 16.0 19.3 483.3 287.7 490.4 286.4 487.5 291.1 485.2 294.3 491.1 293.3 0.9995
663.9 338.2 18.3 22.2 668.9 346.6 677.3 347.4 672.8 351.6 669.0 354.5 675.9 355.2 0.9995
357.9 180.2 11.7 14.2 361.2 184.7 366.7 184.7 364.1 187.9 361.7 190.6 366.2 190.6 0.9995
453.3 259.7 13.7 16.6 456.4 267.2 462.4 266.2 459.8 269.9 457.7 272.6 463.2 271.7 0.9995
141.1 319.6 17.1 20.6 145.7 329.4 153.3 327.0 150.8 332.7 148.5 336.2 155.0 334.4 0.9995
733.6 359.3 19.0 20.9 739.8 365.5 748.1 368.3 742.6 371.7 737.3 372.9 744.9 375.2 0.9995
208.8 105.8 11.3 14.4 212.8 112.1 217.8 111.7 215.9 114.6 213.4 116.9 217.7 116.6 0.9995
230.6 217.3 13.4 16.0 234.3 223.8 240.4 223.0 237.8 226.7 235.7 229.7 240.4 229.1 0.9995
721.3 57.4 10.3 12.5 724.5 62.0 729.1 63.4 726.1 65.1 723.7 66.6 727.2 67.6 0.9995
182.6 383.0 18.5 21.4 186.6 393.9 194.3 391.4 191.4 397.6 190.0 400.4 196.5 398.3 0.9995
776.1 210.9 12.0 14.0 779.8 216.4 785.2 216.8 782.4 219.1 779.6 221.0 784.5 221.4 0.9995
516.2 242.8 11.4 14.4 519.1 248.5 524.3 248.5 521.6 251.5 519.6 253.9 523.7 253.9 0.9995
387.3 355.5 17.3 22.0 391.3 364.5 399.8 364.8 395.3 368.6 391.4 371.4 399.5 371.6 0.9995
772.1 89.2 10.9 13.6 775.0 94.4 780.0 94.9 777.1 97.1 775.0 99.3 779.1 99.6 0.9995
254.4 341.7 15.4 18.3 257.3 350.5 264.0 348.4 261.5 353.4 260.6 357.0 265.6 355.4 0.9995
789.2 81.0 9.4 12.4 791.6 85.9 796.0 86.8 793.2 88.7 791.1 90.2 794.9 90.9 0.9994
850.8 94.5 10.4 11.8 853.5 98.1 858.2 98.6 855.5 100.6 853.3 102.6 857.4 103.0 0.9994
648.5 131.1 10.6 12.8 651.1 135.6 656.1 135.8 653.4 138.3 651.2 140.3 655.8 140.4 0.9994
396.3 316.8 15.0 19.3 400.0 324.1 407.1 324.2 403.4 328.1 400.0 330.5 406.9 330.6 0.9994
682.6 243.9 13.9 17.7 686.2 250.6 692.9 250.9 689.3 253.9 686.3 256.9 692.0 257.2 0.9994
937.4 200.0 13.7 14.8 942.5 203.8 948.2 206.5 944.2 208.4 940.2 209.5 945.1 211.7 0.9994
313.0 302.8 13.5 16.7 316.4 309.2 322.6 308.8 319.7 312.2 317.5 315.4 322.7 315.1 0.9994
537.0 148.7 10.6 12.4 539.8 153.2 544.7 153.3 542.2 156.0 540.3 158.2 544.1 158.3 0.9994
893.8 141.3 12.6 16.0 896.0 147.7 901.7 147.7 898.2 150.5 896.3 153.1 901.4 153.1 0.9994
796.0 183.6 12.7 16.4 798.5 190.0 804.4 190.0 800.9 193.0 798.9 195.8 804.0 195.8 0.9994
268.1 212.8 12.9 15.2 271.6 217.7 277.9 217.3 275.1 220.7 272.3 223.8 277.7 223.5 0.9994
586.5 59.9 9.2 11.6 588.9 64.6 593.2 64.7 590.9 66.9 589.2 68.9 592.7 68.9 0.9994
812.1 152.0 10.8 12.0 815.1 155.8 820.1 156.1 817.5 158.5 815.2 160.9 819.4 161.0 0.9994
271.2 273.9 13.7 15.7 275.5 280.0 281.8 280.0 278.9 283.1 275.6 285.2 281.3 285.3 0.9994
548.8 174.3 12.4 16.3 551.4 180.9 557.0 181.2 553.7 184.4 551.7 186.5 556.6 186.7 0.9994
319.4 126.7 10.6 12.4 322.0 131.5 327.0 131.1 324.7 133.6 322.7 135.9 327.2 135.6 0.9994
470.4 244.1 12.8 15.3 474.4 249.7 480.4 250.1 477.4 253.0 474.2 255.0 479.8 255.3 0.9994
851.4 145.6 11.9 13.9 855.1 150.7 860.5 151.1 857.6 153.7 854.9 155.6 859.6 155.9 0.9994
375.8 147.1 10.6 13.9 379.0 153.2 383.9 153.3 381.6 156.1 379.1 157.8 383.5 157.8 0.9994
565.0 199.2 11.8 13.9 568.1 204.7 573.7 204.3 571.2 207.7 569.2 210.2 573.4 209.9 0.9994
958.9 222.4 13.0 16.3 961.4 228.8 967.0 228.4 963.7 231.4 961.9 234.4 967.1 234.0 0.9994
546.5 224.7 13.0 16.8 550.7 231.6 556.6 231.8 553.9 234.9 550.8 237.2 556.1 237.3 0.9994
547.1 52.5 8.9 11.9 549.5 57.5 553.7 57.4 551.7 59.7 549.9 61.8 553.4 61.7 0.9994
701.6 121.6 10.3 11.9 704.4 126.2 709.1 127.1 706.2 129.0 704.1 130.7 707.6 131.4 0.9994
885.2 195.7 13.3 17.1 888.6 202.4 894.7 203.5 890.8 206.3 887.9 208.4 893.1 209.2 0.9994
92.0 259.1 14.8 16.6 96.2 267.2 102.5 264.9 100.7 269.7 98.7 272.4 104.2 270.5 0.9994
739.5 151.5 11.3 14.4 743.4 157.2 748.5 157.6 745.8 160.2 743.1 162.5 747.4 162.9 0.9994
786.2 160.3 12.1 15.9 788.7 167.3 794.3 167.4 791.2 170.5 789.1 172.4 794.2 172.4 0.9993
762.5 274.1 15.8 18.7 766.6 280.8 773.5 282.1 769.1 285.2 766.0 287.6 771.8 288.6 0.9993
85.0 159.6 13.7 16.1 88.6 166.6 95.2 165.9 92.2 169.1 89.8 172.1 95.3 171.6 0.9993
343.3 311.5 16.1 19.1 346.8 319.2 353.9 318.1 350.6 322.9 348.5 326.0 354.9 325.1 0.9993
717.1 392.6 17.1 20.5 721.6 399.4 729.6 400.8 724.5 404.4 720.7 407.0 727.6 408.2 0.9993
339.7 223.2 12.8 14.5 344.4 228.3 350.0 229.3 347.2 232.3 343.7 233.6 348.5 234.4 0.9993
797.6 364.8 19.1 24.9 802.4 374.1 811.8 376.1 806.0 380.8 801.8 383.3 809.3 384.9 0.9993
738.2 124.2 11.5 14.5 741.1 130.0 746.3 130.9 743.0 133.1 740.6 134.9 745.0 135.6 0.9993
274.0 153.4 11.5 13.1 277.9 158.4 283.1 158.1 281.1 160.4 278.7 163.1 283.0 162.8 0.9993
714.6 251.6 14.8 17.8 718.6 257.4 725.3 257.8 721.6 261.4 718.1 263.6 724.9 264.0 0.9993
50.0 206.5 14.3 17.3 54.9 214.6 60.7 212.6 59.5 216.3 57.7 220.3 62.2 218.7 0.9993
817.3 231.6 13.9 17.3 820.9 238.2 827.4 238.4 824.0 241.5 821.2 244.6 826.7 244.8 0.9993
916.6 414.4 19.8 24.4 921.3 422.2 930.3 424.8 923.9 428.2 919.5 431.4 927.1 433.5 0.9993
442.5 362.1 15.9 19.3 445.6 369.7 452.9 369.0 449.0 373.9 446.6 376.5 453.4 375.9 0.9993
74.2 182.1 12.6 16.0 78.4 189.0 84.0 188.4 82.0 191.5 79.5 194.3 84.2 193.9 0.9993
409.3 144.5 9.4 12.4 412.3 149.0 416.8 149.4 414.6 151.8 412.1 154.1 415.9 154.5 0.9993
564.5 259.8 14.0 17.2 567.9 266.4 574.3 266.2 571.2 269.4 568.5 272.7 574.1 272.6 0.9993
271.9 311.2 14.3 18.1 275.3 318.4 282.1 318.3 278.7 322.3 276.0 325.0 281.9 324.9 0.9993
343.9 92.6 9.1 12.7 347.7 97.8 351.6 97.7 350.1 100.3 347.9 102.5 351.0 102.5 0.9993
540.5 288.1 16.6 22.6 544.1 296.9 552.0 297.2 547.6 301.9 544.8 305.7 550.9 305.8 0.9993
175.2 262.0 14.6 18.0 179.8 270.2 185.8 268.3 184.2 273.0 182.3 276.5 187.0 275.1 0.9993
493.5 147.9 11.8 14.4 496.5 154.2 501.6 154.1 499.0 157.2 497.1 159.1 501.4 158.9 0.9993
804.5 328.0 15.2 17.8 808.0 333.9 815.1 334.2 811.1 337.8 807.8 340.3 814.6 340.5 0.9993
374.0 212.1 12.8 16.7 377.2 218.7 383.1 218.4 380.2 222.0 377.7 224.4 383.4 224.1 0.9993
804.7 273.3 15.3 16.1 809.9 277.6 816.4 280.2 812.0 282.7 807.9 283.9 813.5 286.0 0.9993
702.0 338.3 15.9 17.9 707.5 344.7 714.6 346.2 710.7 349.4 706.3 350.8 712.7 352.0 0.9993
392.4 79.5 8.8 11.8 395.2 84.4 399.2 84.6 397.3 86.7 395.3 88.6 398.6 88.7 0.9993
176.5 120.9 10.8 12.5 179.9 126.5 184.6 125.4 183.1 128.6 181.5 131.0 185.3 130.0 0.9993
76.8 288.7 17.3 18.2 81.1 298.8 87.6 294.3 86.6 300.0 86.0 303.9 91.3 300.4 0.9993
129.2 261.0 14.4 18.6 134.3 269.3 141.1 268.3 139.0 272.3 135.8 275.7 141.2 274.9 0.9992
874.0 111.7 12.4 14.7 876.1 117.7 881.6 118.4 877.8 120.9 876.0 122.7 880.5 123.2 0.9992
469.9 112.8 10.6 13.2 472.8 118.4 477.6 118.5 475.2 120.8 473.3 122.9 477.0 123.0 0.9992
141.8 196.3 13.9 15.1 146.1 203.8 152.2 201.4 150.7 206.3 148.8 209.0 153.7 207.2 0.9992
886.5 302.8 16.5 19.4 890.3 309.4 898.2 310.0 893.6 313.5 890.1 316.3 897.3 316.8 0.9992
194.6 201.8 12.1 13.7 198.6 206.7 204.0 206.9 201.5 209.8 198.8 211.9 203.3 212.1 0.9992
197.4 291.9 14.5 18.7 200.7 299.5 207.4 298.8 204.4 302.6 202.2 306.2 207.9 305.6 0.9992
295.7 202.9 12.6 15.2 298.6 208.7 304.0 207.9 301.4 211.7 300.0 214.7 304.4 214.0 0.9992
518.4 212.1 12.1 16.2 520.9 218.6 526.3 218.9 523.1 221.7 521.1 224.4 525.7 224.6 0.9992
726.8 121.6 10.2 12.7 728.9 126.7 733.6 127.1 730.7 129.4 728.9 131.0 733.1 131.3 0.9992
767.4 116.8 10.3 12.9 769.9 121.8 774.9 122.4 772.0 124.5 769.7 126.4 774.0 126.8 0.9992
447.2 127.9 10.0 12.9 449.5 133.2 454.2 133.2 451.8 135.7 450.1 138.0 453.9 137.9 0.9992
219.1 127.6 12.8 15.9 223.0 133.7 229.0 133.7 226.2 136.8 223.5 139.8 228.4 139.8 0.9992
392.9 103.7 9.5 11.9 395.5 108.1 399.8 108.0 397.6 110.2 395.9 112.4 399.6 112.3 0.9992
135.0 352.7 15.8 17.4 138.7 361.2 145.5 359.2 143.1 364.2 141.5 366.7 147.3 365.0 0.9992
946.6 371.4 18.2 20.0 951.6 377.4 959.9 380.0 954.1 382.1 949.6 384.2 957.0 386.3 0.9992
457.2 53.8 8.3 11.2 458.4 58.4 461.5 58.2 459.5 60.4 459.2 62.6 461.7 62.3 0.9992
316.6 372.0 17.5 19.5 320.2 382.5 327.3 378.7 325.4 384.7 324.7 388.4 330.6 385.3 0.9992
432.2 301.4 15.0 18.9 435.1 310.3 441.4 308.8 438.5 313.3 437.2 316.2 442.7 314.9 0.9992
176.0 96.3 10.2 12.9 178.8 101.5 183.4 101.0 181.4 104.0 179.7 106.4 183.5 106.0 0.9992
368.7 123.8 9.3 12.4 370.9 128.7 375.0 128.7 372.8 130.9 371.3 133.2 374.8 133.1 0.9992
669.8 268.3 13.8 16.1 674.3 274.2 680.4 275.1 677.1 278.2 673.5 279.5 679.2 280.3 0.9991
947.1 309.2 17.0 18.8 952.9 315.0 960.0 318.3 954.8 320.6 950.2 321.8 956.3 324.4 0.9991
444.1 224.1 13.4 16.1 447.2 231.4 453.2 230.0 450.8 234.2 449.3 237.2 454.0 236.1 0.9991
846.4 347.6 17.9 22.2 851.6 356.3 859.4 357.9 854.5 361.5 850.6 363.8 857.2 365.1 0.9991
858.4 394.2 19.6 22.9 864.9 403.1 873.4 406.0 868.0 408.9 862.8 410.5 869.8 412.9 0.9991
582.1 171.7 11.1 13.3 585.6 176.1 590.8 177.2 587.7 179.2 585.1 181.3 589.1 182.2 0.9991
328.7 252.7 14.7 17.0 331.6 260.8 337.6 258.4 335.2 263.7 334.8 266.8 339.5 264.8 0.9991
351.3 344.4 17.0 19.5 357.0 351.9 364.7 351.9 361.3 356.4 357.0 358.5 364.2 358.6 0.9991
513.2 115.5 9.7 12.6 516.3 120.4 520.7 120.6 518.6 123.0 516.6 125.2 520.0 125.3 0.9991
160.9 180.0 12.0 13.8 164.5 186.7 169.4 184.6 168.4 188.4 167.0 191.0 171.1 189.4 0.9991
652.7 61.2 9.5 11.7 654.6 66.3 658.7 65.3 656.8 68.2 656.0 70.4 659.2 69.7 0.9991
969.7 284.5 17.3 19.8 975.0 291.5 982.3 294.3 977.1 296.4 972.8 297.7 979.3 299.9 0.9991
195.4 244.8 12.7 16.0 198.4 251.0 204.3 250.7 201.5 253.7 199.2 256.8 204.3 256.6 0.9991
603.6 201.1 11.5 14.9 606.4 206.5 611.7 206.9 608.7 209.9 606.2 211.7 611.2 212.0 0.9991
947.1 265.6 14.7 16.6 951.3 272.0 957.9 273.9 953.6 276.1 950.1 277.5 955.6 278.9 0.9991
581.8 221.4 12.2 15.8 585.7 227.1 591.3 227.6 588.2 230.2 585.4 233.0 590.2 233.4 0.9991
914.8 268.2 16.1 18.7 919.6 274.2 926.8 276.6 921.7 278.8 917.6 280.6 924.0 282.6 0.9991
252.0 153.9 10.4 13.2 255.2 159.4 259.9 159.1 257.8 162.0 255.9 164.3 259.6 164.1 0.9991
619.7 284.5 14.8 16.5 624.6 289.9 631.0 292.0 626.8 294.1 622.9 295.7 628.3 297.5 0.9990
818.6 78.3 7.7 10.3 820.6 82.5 824.1 82.8 822.1 84.4 820.5 86.0 823.5 86.2 0.9990
481.0 41.3 8.2 11.0 483.5 45.8 487.3 46.0 485.5 47.9 483.6 49.7 486.8 49.8 0.9990
292.5 167.8 12.0 14.8 295.5 174.6 300.8 172.8 299.0 176.8 297.7 179.7 302.1 178.3 0.9990
383.6 247.8 13.4 15.9 387.6 253.5 393.6 252.5 391.3 256.8 388.8 259.5 394.2 258.7 0.9990
152.3 246.1 13.4 14.9 156.3 252.2 162.3 251.3 159.9 255.2 157.5 257.6 162.6 257.0 0.9990
392.8 162.9 11.9 14.2 396.4 168.1 402.0 168.2 399.3 171.0 396.8 173.7 401.5 173.7 0.9990
421.7 41.3 8.3 10.3 424.5 45.7 428.2 45.7 426.5 47.8 424.8 49.5 427.7 49.6 0.9990
178.6 221.1 12.9 14.4 182.8 226.4 188.7 226.1 186.3 229.3 183.5 231.7 188.5 231.5 0.9990
370.5 86.0 11.4 14.0 374.0 91.6 379.2 91.4 376.9 94.2 374.7 96.7 379.1 96.6 0.9990
532.4 120.7 11.2 14.5 535.2 127.0 540.5 126.7 538.0 130.0 535.8 132.0 540.6 131.7 0.9990
842.3 76.5 8.7 11.3 844.2 80.7 848.5 80.8 846.1 83.1 844.4 85.4 848.0 85.5 0.9990
565.4 51.0 8.7 11.2 567.5 55.4 571.6 55.7 569.3 57.6 567.6 59.5 571.0 59.7 0.9990
755.2 164.6 13.1 16.8 759.0 171.9 764.6 173.4 761.0 176.1 758.2 177.4 762.8 178.5 0.9990
403.4 181.2 12.7 16.2 406.7 187.8 412.6 187.7 409.7 190.8 407.4 193.6 412.3 193.5 0.9989
726.1 226.3 13.4 17.4 730.0 232.9 736.2 234.1 732.5 237.3 729.1 238.9 734.7 239.9 0.9989
376.9 298.1 12.9 16.3 380.7 305.5 386.8 304.4 384.5 308.3 382.0 310.8 387.5 310.0 0.9989
427.8 163.8 9.9 13.1 430.7 169.1 435.3 168.9 433.3 171.3 431.3 173.7 435.2 173.6 0.9989
303.7 323.4 14.2 17.8 307.6 330.9 314.1 330.5 311.2 334.6 308.8 337.5 314.0 337.2 0.9989
888.4 225.8 12.9 15.9 893.0 231.7 898.6 232.2 895.7 234.8 892.7 237.5 897.3 238.0 0.9989
108.1 318.5 15.6 18.1 112.1 324.3 119.7 324.2 116.0 328.4 113.0 332.0 118.9 331.9 0.9989
402.3 270.6 13.4 16.3 405.7 276.1 411.9 276.0 408.8 279.8 406.0 282.0 412.0 281.9 0.9989
270.3 251.3 13.4 16.3 273.4 259.0 279.5 257.9 276.8 261.5 275.1 264.5 279.9 263.6 0.9989
352.4 270.5 14.1 16.8 356.5 277.3 362.8 275.8 360.5 280.3 358.0 283.1 363.7 282.0 0.9989
204.9 355.7 16.0 17.7 208.1 363.2 215.2 361.4 212.3 366.3 210.9 369.9 216.4 368.5 0.9989
875.1 243.9 14.3 16.2 879.2 249.5 885.4 251.4 881.2 253.8 878.0 255.5 883.0 257.0 0.9989
315.2 101.2 9.8 12.2 318.1 106.2 322.7 105.7 320.9 108.2 319.2 110.6 323.0 110.2 0.9989
242.1 294.4 14.5 17.1 246.2 301.0 252.7 300.9 249.5 304.4 246.9 307.5 252.0 307.4 0.9989
585.9 102.6 10.6 14.2 588.1 108.8 593.1 108.8 590.4 111.4 588.6 113.7 592.7 113.7 0.9989
845.8 275.3 13.8 15.4 849.9 279.6 856.2 281.1 852.2 283.5 848.7 285.6 854.3 286.9 0.9989
632.8 102.9 10.5 13.2 635.5 108.2 640.3 108.4 637.8 111.0 635.8 112.9 639.8 113.1 0.9988
765.4 244.5 13.4 16.7 767.8 251.1 773.9 250.5 770.7 254.0 769.2 257.3 774.2 256.8 0.9988
308.6 276.3 13.0 15.5 312.4 282.8 318.1 281.9 315.8 285.4 313.8 288.3 318.4 287.7 0.9988
167.3 145.1 11.3 13.9 170.9 150.2 175.9 149.8 173.9 152.6 171.6 155.2 176.1 154.9 0.9988
446.7 106.2 9.2 10.9 449.3 110.2 453.6 110.0 451.6 112.1 449.9 114.4 453.3 114.2 0.9988
581.3 92.3 9.8 11.6 584.5 96.8 588.8 97.0 586.7 99.2 584.7 101.3 588.2 101.4 0.9988
558.3 340.4 17.5 22.5 563.1 350.5 571.4 350.5 567.3 354.7 563.7 357.7 570.9 357.7 0.9988
830.7 179.9 13.4 16.1 834.2 186.4 840.1 187.2 836.7 190.2 833.9 191.8 839.1 192.4 0.9988
661.5 38.4 9.0 11.6 664.1 42.9 667.9 43.7 665.6 45.5 663.7 47.1 666.8 47.6 0.9987
508.6 51.6 8.4 10.7 511.1 55.8 514.8 56.1 512.8 58.0 511.1 59.7 514.2 59.9 0.9987
670.1 221.7 12.4 15.5 673.0 227.8 678.8 228.8 675.1 231.3 672.7 233.3 677.4 234.0 0.9987
775.9 136.6 11.5 13.9 779.0 141.7 784.3 142.4 781.4 145.2 778.7 146.6 783.6 147.1 0.9987
183.6 329.2 13.6 18.0 187.8 336.3 194.0 336.5 190.9 339.7 187.9 342.7 193.2 342.9 0.9987
803.6 102.0 10.8 11.8 807.1 106.1 811.8 107.7 808.7 109.1 805.9 110.0 810.0 111.3 0.9987
621.5 181.5 11.3 14.5 623.6 187.2 629.1 187.5 625.9 190.6 623.7 192.3 628.8 192.5 0.9987
554.5 77.9 9.6 11.5 556.5 82.7 560.5 82.2 558.4 84.9 557.7 87.2 560.6 86.7 0.9987
233.1 265.0 15.1 17.4 236.8 271.6 243.4 270.3 240.6 275.0 238.6 278.4 244.1 277.4 0.9987
255.6 172.9 12.0 16.4 259.0 179.6 264.3 179.3 261.8 182.8 259.4 185.2 264.4 185.0 0.9986
394.4 129.1 9.4 12.3 396.9 133.6 401.3 133.7 399.0 136.1 397.1 138.3 400.8 138.4 0.9986
516.2 273.1 15.1 18.7 519.4 280.7 526.3 279.9 522.9 284.4 520.3 286.7 527.0 286.1 0.9986
446.7 142.2 10.0 12.7 449.4 146.7 454.3 146.8 451.8 149.3 449.6 151.8 453.7 151.9 0.9986
120.4 398.8 16.6 19.7 124.3 407.0 131.6 404.6 129.3 410.0 127.5 414.1 133.6 412.2 0.9986
529.2 42.5 8.5 10.4 531.3 46.5 535.0 46.3 533.2 48.2 531.9 50.2 535.1 50.0 0.9986
670.3 128.7 9.7 12.4 673.3 133.6 677.6 134.0 675.4 136.1 673.2 138.1 676.8 138.3 0.9986
510.3 166.6 10.8 13.9 513.0 171.9 518.1 171.7 515.6 174.3 513.5 176.8 517.9 176.8 0.9986
154.0 369.6 17.1 20.0 157.3 378.9 164.5 376.5 161.8 382.0 160.5 385.5 166.8 383.5 0.9985
94.2 240.3 12.4 14.0 99.8 246.6 104.5 245.0 104.1 248.7 101.9 251.8 105.1 250.7 0.9985
417.6 220.7 12.8 16.3 421.3 227.1 427.2 226.4 424.8 230.2 422.5 233.2 427.5 232.6 0.9985
642.9 43.1 8.6 11.0 645.3 47.0 649.2 47.3 647.0 49.2 645.2 51.1 648.5 51.3 0.9985
348.5 157.0 11.8 14.7 350.6 163.7 355.4 162.2 353.4 166.4 353.0 169.1 356.9 167.8 0.9985
229.5 58.6 9.6 11.3 231.6 63.5 236.1 62.8 234.1 65.5 233.1 67.8 236.6 67.3 0.9985
80.4 388.4 18.4 19.5 85.9 397.5 93.8 394.6 91.8 400.0 89.4 403.8 96.0 401.6 0.9985
824.8 122.1 9.6 12.3 827.3 126.8 832.0 127.1 829.3 129.4 827.2 131.5 831.1 131.8 0.9985
264.3 123.9 9.3 12.9 266.9 129.2 271.1 129.1 269.1 131.4 267.3 133.7 270.9 133.6 0.9985
694.6 137.4 12.5 15.5 698.0 143.6 703.7 144.1 700.6 147.1 698.2 149.4 702.6 149.7 0.9985
204.8 81.3 10.0 12.2 208.2 86.9 212.6 86.3 211.1 89.1 209.2 91.1 212.8 90.7 0.9984
897.8 174.4 13.4 16.2 901.9 180.6 907.6 181.9 904.0 184.6 901.2 186.5 905.7 187.5 0.9984
576.0 129.4 10.4 14.2 578.7 135.0 583.7 134.9 581.1 137.6 579.1 140.3 583.4 140.2 0.9984
825.1 94.6 8.5 10.4 827.6 98.4 831.4 98.8 829.2 100.6 827.4 102.3 830.6 102.6 0.9984
129.0 166.7 11.6 13.5 132.1 173.1 137.1 171.8 135.3 175.0 133.9 177.6 137.9 176.5 0.9984
587.0 149.7 9.3 13.0 589.2 155.1 593.4 155.2 591.1 157.5 589.5 159.7 593.0 159.7 0.9984
402.5 55.1 8.8 11.6 404.8 60.4 408.8 60.4 406.9 62.7 405.3 64.6 408.6 64.6 0.9983
449.2 170.8 12.9 15.8 452.5 176.8 458.2 176.3 455.7 179.4 453.6 182.6 458.5 182.2 0.9983
547.1 103.2 10.4 13.9 550.1 108.9 555.0 108.9 552.6 111.7 550.4 113.8 554.6 113.8 0.9983
102.1 214.8 13.3 17.4 106.5 222.6 112.3 221.8 110.4 225.4 108.0 228.6 112.8 228.1 0.9983
537.9 93.2 9.3 12.3 540.1 98.6 544.1 98.0 542.2 100.9 541.4 103.3 544.3 102.9 0.9983
620.5 220.8 11.6 14.1 623.4 225.8 628.9 226.0 626.0 228.9 623.6 231.3 628.3 231.4 0.9983
37.8 366.8 17.5 20.0 42.6 376.0 50.2 373.0 48.3 378.4 45.7 382.3 52.6 380.0 0.9982
483.3 124.9 11.0 13.7 486.6 129.9 491.5 130.0 489.1 132.8 486.6 134.7 491.4 134.8 0.9982
238.2 170.1 9.8 11.9 241.6 174.4 246.0 174.2 244.2 176.9 242.0 179.2 245.5 179.1 0.9982
614.6 128.8 10.5 13.8 616.7 134.1 621.3 134.6 618.4 137.3 616.9 139.3 620.6 139.6 0.9982
230.2 317.2 14.5 18.9 233.7 325.3 240.1 324.6 237.1 328.9 234.7 331.5 240.6 331.0 0.9981
766.1 57.3 9.2 11.1 768.5 61.6 772.7 62.1 770.3 64.0 768.5 65.6 771.8 66.0 0.9981
493.5 63.3 8.9 11.7 495.6 68.1 499.7 68.1 497.5 70.4 496.1 72.4 499.3 72.4 0.9981
627.2 42.9 7.5 9.5 629.3 47.0 632.7 47.1 631.0 48.8 629.4 50.4 632.2 50.5 0.9980
624.6 154.4 10.6 14.1 627.2 160.1 632.0 160.4 629.2 163.1 627.3 165.2 631.4 165.3 0.9980
224.3 168.1 11.1 14.4 227.4 174.4 232.4 174.0 230.3 177.1 228.4 179.7 232.4 179.4 0.9980
711.3 56.2 7.9 10.1 713.2 60.3 716.9 60.3 714.9 62.2 713.4 64.0 716.5 64.1 0.9980
355.7 68.6 9.8 11.8 358.6 74.1 363.1 73.4 361.3 75.9 359.3 77.9 363.2 77.4 0.9980
321.4 54.4 9.6 11.9 323.8 59.2 328.3 58.7 326.3 61.2 324.8 63.7 328.4 63.4 0.9980
667.4 181.8 11.5 13.7 670.5 186.5 676.1 187.1 673.0 190.1 670.5 192.2 674.8 192.7 0.9980
295.0 61.3 9.4 12.4 297.5 66.3 302.0 66.1 299.9 68.6 298.1 71.1 301.8 71.0 0.9980
600.1 346.3 15.4 19.4 604.2 353.5 611.3 354.4 607.2 357.6 603.8 360.1 610.1 360.8 0.9979
211.4 161.7 11.0 13.9 214.3 167.0 219.5 167.0 217.0 169.7 214.9 172.3 219.1 172.2 0.9979
695.7 174.8 11.3 14.4 698.6 180.0 703.8 180.3 700.9 182.7 698.6 185.3 703.0 185.5 0.9979
480.9 84.2 8.6 10.7 482.9 88.1 487.0 88.0 484.9 90.2 483.4 92.3 486.8 92.2 0.9979
218.1 76.0 8.4 10.5 220.6 80.4 224.3 80.0 222.9 82.2 221.6 84.3 224.6 83.9 0.9978
150.4 84.5 9.5 12.0 153.2 89.8 157.4 89.6 155.5 91.8 153.8 93.8 157.3 93.7 0.9978
625.5 94.5 9.7 11.3 628.0 98.8 632.4 98.5 630.2 100.7 628.6 103.0 632.1 102.8 0.9978
752.0 56.1 9.7 12.7 754.7 61.5 758.9 62.0 756.4 64.2 754.5 65.8 758.0 66.2 0.9978
897.1 110.2 11.0 12.6 900.5 114.0 905.5 115.9 902.0 117.7 899.0 118.9 903.1 120.4 0.9978
490.9 227.0 11.8 15.7 494.1 232.9 499.6 233.1 496.8 235.7 494.2 238.6 499.0 238.7 0.9977
89.6 107.8 10.8 12.8 94.0 112.7 98.8 112.2 97.5 114.7 94.8 117.2 99.2 116.9 0.9977
280.7 99.4 9.3 12.2 283.6 104.8 287.8 104.0 286.3 106.8 284.8 109.1 288.2 108.5 0.9977
865.2 92.9 9.9 11.9 867.7 97.0 872.1 97.4 869.5 99.3 867.6 101.4 871.2 101.7 0.9977
337.6 64.4 8.9 11.6 340.0 69.1 344.3 68.8 342.4 71.2 340.8 73.5 344.3 73.3 0.9977
455.0 77.1 8.6 11.5 457.7 81.5 461.6 81.5 459.9 83.7 458.2 85.8 461.4 85.8 0.9977
326.8 80.8 9.2 11.2 329.1 85.8 333.1 84.6 331.7 87.1 330.6 89.5 334.0 88.6 0.9976
472.4 164.0 10.3 12.7 475.3 168.1 480.0 167.9 477.9 170.7 476.1 173.5 479.7 173.3 0.9976
807.9 133.7 10.3 12.5 810.2 139.0 814.8 138.7 812.5 141.2 811.1 143.5 814.7 143.3 0.9975
117.9 186.4 14.3 15.6 121.1 193.2 127.1 190.4 125.5 195.2 124.7 199.2 129.2 197.0 0.9975
103.0 140.4 11.4 12.3 106.1 145.7 111.0 144.2 109.5 147.7 108.1 150.2 112.0 149.1 0.9975
141.7 90.7 9.3 11.6 144.9 95.6 149.1 95.1 147.6 97.5 145.7 99.8 149.0 99.4 0.9974
166.8 86.4 8.8 11.6 169.4 91.0 173.4 90.7 171.7 93.1 170.1 95.3 173.3 95.1 0.9974
274.1 60.6 8.8 10.2 276.8 64.5 280.7 64.3 279.0 66.4 277.4 68.4 280.6 68.3 0.9974
604.5 51.2 7.8 10.0 606.6 55.0 610.0 55.2 608.1 56.8 606.6 58.5 609.5 58.7 0.9974
284.9 130.7 10.7 12.6 287.9 135.2 293.1 134.9 290.8 137.9 288.8 140.4 292.9 140.2 0.9974
274.6 199.1 11.5 14.4 277.5 205.2 283.1 205.1 280.3 208.1 278.3 210.9 282.7 210.8 0.9974
663.7 81.7 10.2 13.5 666.5 87.3 671.4 87.4 668.9 89.9 666.7 92.3 670.8 92.3 0.9973
356.2 107.3 9.5 12.2 358.3 112.5 362.8 112.1 360.6 114.7 359.2 117.0 362.9 116.7 0.9973
99.4 347.7 15.5 16.6 102.9 354.3 110.0 352.5 107.2 356.4 105.3 360.3 111.4 358.9 0.9973
335.1 41.7 8.9 11.9 337.7 47.3 341.6 47.0 339.8 49.4 338.3 51.3 341.3 51.0 0.9973
531.4 57.2 8.8 11.3 533.3 61.7 537.3 61.8 535.1 64.0 533.7 66.1 536.9 66.1 0.9973
682.6 90.3 10.6 12.6 685.5 94.5 690.5 95.1 687.7 97.4 685.4 99.4 689.6 99.8 0.9972
393.2 57.5 7.9 9.8 395.7 61.5 399.4 61.5 397.7 63.5 396.0 65.2 398.9 65.3 0.9972
622.7 54.7 9.4 12.1 625.1 59.5 629.6 59.7 627.2 61.9 625.3 64.1 628.9 64.2 0.9971
421.7 125.2 9.0 11.5 424.2 129.9 428.4 129.7 426.4 132.2 424.9 134.4 428.1 134.2 0.9970
117.9 74.0 9.5 12.2 121.5 79.3 125.4 78.8 124.2 81.3 122.4 83.6 125.6 83.3 0.9970
330.1 124.1 9.3 12.1 333.3 129.2 337.5 129.1 335.8 131.4 333.8 133.6 337.2 133.5 0.9969
301.0 108.3 9.2 12.3 303.7 113.5 307.8 112.7 306.4 115.5 305.0 118.0 308.3 117.4 0.9969
411.8 116.5 9.2 12.1 414.3 121.4 418.7 121.5 416.4 123.8 414.6 126.0 418.3 126.1 0.9969
238.5 119.3 9.5 12.3 241.3 124.5 245.5 124.2 243.8 126.8 242.0 129.1 245.5 128.9 0.9967
688.7 48.2 9.5 12.3 691.5 53.0 695.8 53.4 693.5 55.6 691.5 57.5 694.9 57.9 0.9966
464.0 321.6 15.7 19.7 468.2 329.4 475.8 329.0 472.3 333.1 469.1 336.4 475.6 336.1 0.9966
351.9 141.1 10.3 11.9 356.0 145.8 360.4 145.8 358.6 148.6 356.4 150.6 359.4 150.7 0.9965
516.7 83.0 8.4 10.5 519.3 87.0 523.3 87.1 521.4 89.2 519.4 91.0 522.7 91.2 0.9965
309.7 153.0 9.8 12.0 312.2 157.8 316.4 157.3 314.5 160.0 313.3 162.3 316.5 161.9 0.9964
711.4 44.0 8.4 9.6 713.6 47.3 717.7 47.7 715.3 49.5 713.6 51.2 716.8 51.5 0.9964
198.1 176.8 11.1 12.9 200.6 183.5 204.9 181.1 203.9 184.7 203.7 187.7 206.9 185.8 0.9964
753.2 76.2 9.3 10.7 755.4 79.7 759.8 80.0 757.3 82.1 755.4 84.0 759.0 84.2 0.9964
423.1 73.7 8.9 10.5 425.2 77.4 429.3 77.3 427.1 79.5 425.7 81.7 428.9 81.6 0.9963
708.0 87.6 9.1 11.6 711.0 92.3 714.9 93.1 712.5 94.9 710.5 96.4 713.3 97.1 0.9960
639.5 203.7 10.6 13.7 642.0 209.0 646.7 209.3 644.0 211.6 642.0 213.9 646.0 214.1 0.9959
743.7 48.3 8.4 10.5 745.8 52.2 749.6 52.4 747.5 54.2 745.9 56.0 749.0 56.2 0.9959
305.2 83.5 9.2 11.9 308.1 88.8 312.5 88.7 310.6 91.2 308.7 93.2 312.2 93.2 0.9956
441.3 59.6 8.3 10.1 443.6 64.4 447.2 64.0 445.8 66.3 444.7 68.1 447.5 67.7 0.9955
406.5 81.8 9.4 11.1 409.0 85.8 413.4 85.4 411.5 87.9 409.9 90.3 413.5 90.0 0.9952
652.5 160.4 10.1 13.1 654.4 165.7 658.9 165.6 656.3 168.2 655.1 170.6 658.6 170.4 0.9948
224.0 91.9 8.6 11.6 226.4 96.8 230.5 96.7 228.7 98.9 226.9 101.0 230.3 100.9 0.9941
598.7 76.7 9.1 11.3 601.3 81.8 605.4 81.7 603.4 84.2 601.8 86.0 604.9 86.0 0.9936
152.2 111.2 9.4 10.8 155.4 115.9 159.4 115.0 158.2 117.6 156.7 119.8 159.7 119.1 0.9935
340.3 155.1 9.0 12.5 343.2 160.9 347.2 160.1 345.9 163.0 344.6 165.5 347.6 165.0 0.9934
588.2 36.1 8.7 10.8 590.5 40.0 595.0 40.2 592.7 42.3 590.6 44.5 594.3 44.6 0.9933
506.1 91.8 9.1 12.1 508.5 96.3 513.1 96.4 510.7 98.7 508.6 100.8 512.5 101.0 0.9929
635.7 81.9 9.3 11.5 640.1 86.8 643.5 87.4 642.0 89.6 639.6 91.1 641.9 91.6 0.9929
129.6 128.2 11.0 12.9 132.5 133.3 137.6 132.6 135.4 135.9 133.6 138.2 137.8 137.7 0.9928
683.0 43.9 7.8 10.1 685.0 47.4 688.3 47.6 686.3 49.5 685.1 51.3 687.8 51.5 0.9915
245.4 73.4 9.3 11.7 248.6 78.6 252.7 78.0 251.4 80.5 249.7 82.7 253.0 82.3 0.9913
689.7 76.2 9.1 10.8 692.4 80.1 696.9 80.1 694.9 82.5 692.9 84.9 696.4 84.9 0.9908
416.9 59.6 8.2 10.4 418.1 63.3 421.5 63.4 419.2 65.5 418.5 67.7 421.1 67.7 0.9886
31.9 299.7 16.3 17.0 36.5 308.4 43.0 304.5 42.1 309.9 41.3 313.9 46.3 310.9 0.9882
180.4 55.7 9.5 12.2 183.5 61.3 187.5 60.7 185.9 63.3 184.4 65.4 187.6 65.0 0.9876
159.0 224.3 11.5 13.4 162.3 231.2 167.0 229.9 165.3 233.6 164.5 235.8 168.1 234.8 0.9864
720.7 79.7 8.8 10.7 723.1 84.0 727.1 84.0 725.0 86.0 723.4 87.8 726.7 87.8 0.9862
438.9 89.3 9.2 11.2 441.1 93.1 445.5 93.2 443.1 95.6 441.4 97.6 445.0 97.6 0.9830
794.2 59.3 8.5 9.2 796.4 62.6 800.4 63.0 798.0 64.8 796.3 66.5 799.4 66.8 0.9815
268.0 89.5 9.2 10.7 271.1 93.8 275.1 93.1 273.8 95.6 272.2 97.8 275.4 97.3 0.9758
265.1 102.4 9.6 12.0 268.4 107.3 273.0 106.7 271.4 109.5 269.5 112.0 273.1 111.6 0.9755
734.0 108.8 9.0 10.3 736.2 112.9 740.3 112.8 738.3 115.1 736.9 117.2 740.1 117.1 0.9753
131.7 114.3 10.1 12.2 135.7 119.6 139.8 119.2 138.6 122.1 136.6 124.2 139.6 123.9 0.8745
798.2 71.2 8.6 10.7 800.3 75.5 804.4 76.0 802.0 77.6 800.3 79.4 803.5 79.8 0.8689
