12--Group/12_Group_Team_Organized_Group_12_Group_Team_Organized_Group_12_745.jpg
8
477.5 348.2 23.6 35.2 479.6 361.2 482.0 361.9 475.0 368.3 480.4 375.1 481.4 375.0 0.9999
41.7 342.3 32.6 41.1 60.2 360.1 69.0 356.5 72.6 364.9 65.9 374.1 72.2 371.8 0.9996
554.3 414.8 39.1 55.9 561.6 434.2 562.1 436.1 560.1 448.7 571.3 457.3 571.5 458.2 0.9987
733.1 341.7 18.5 26.5 737.2 351.1 740.8 352.6 734.8 356.4 735.7 361.5 738.1 362.4 0.9986
772.0 334.1 16.5 24.4 774.7 343.9 777.7 344.8 773.5 349.3 776.0 353.2 777.9 353.5 0.9979
383.4 347.0 21.5 34.3 389.0 360.7 391.1 361.9 384.9 366.9 387.5 373.2 389.0 373.6 0.9966
563.6 317.3 18.2 27.7 566.9 328.9 568.6 329.5 565.0 335.0 568.5 339.5 569.3 339.6 0.9949
600.8 334.5 17.7 20.2 603.1 341.3 609.1 341.8 604.1 345.4 603.6 349.4 608.2 349.6 0.9746
