12--Group/12_Group_Team_Organized_Group_12_Group_Team_Organized_Group_12_41.jpg
85
478.2 128.2 13.7 16.4 482.3 134.5 488.6 134.7 485.4 137.8 482.7 140.7 487.8 140.9 0.9999
458.7 113.5 13.0 16.5 462.8 119.9 469.0 119.4 466.5 122.9 463.9 126.2 469.0 125.9 0.9997
125.1 139.5 21.6 27.3 133.2 150.5 141.7 151.8 137.3 156.6 132.3 160.6 138.9 161.6 0.9996
29.2 120.3 20.5 26.2 37.5 130.6 46.6 130.5 43.6 135.3 38.2 139.7 45.9 139.7 0.9996
584.4 169.8 16.6 18.6 588.8 177.2 596.8 176.5 593.4 180.4 590.2 184.0 596.7 183.4 0.9995
695.2 128.6 13.3 16.4 698.6 134.5 705.1 134.3 702.1 137.6 699.5 141.0 704.9 140.8 0.9995
270.7 123.4 14.0 17.1 274.5 129.9 281.1 129.7 278.1 132.9 275.4 136.2 281.0 136.1 0.9994
863.2 203.5 18.4 20.1 867.3 211.3 876.0 211.2 871.3 215.7 868.2 218.9 875.3 218.7 0.9994
537.3 168.9 14.0 17.9 541.8 175.7 548.2 176.0 545.2 179.0 542.0 182.1 547.4 182.4 0.9994
504.9 110.8 13.2 17.5 508.2 117.6 514.9 117.2 511.8 120.8 509.2 124.3 514.6 124.0 0.9993
431.6 127.3 14.0 17.2 435.7 134.4 442.3 134.7 438.9 138.1 435.9 140.9 441.2 141.2 0.9993
642.0 193.6 17.5 22.6 647.0 202.8 655.7 203.1 651.5 207.6 647.3 211.6 654.4 211.9 0.9993
368.8 128.5 16.8 20.4 373.3 138.1 381.5 137.6 377.7 141.8 374.4 144.9 381.2 144.5 0.9992
154.5 139.5 18.2 23.7 163.0 149.1 170.0 149.1 168.0 153.9 163.6 158.4 169.0 158.5 0.9992
85.5 113.3 22.3 27.3 91.6 125.6 102.0 124.1 97.7 130.0 94.2 135.1 102.1 133.9 0.9992
548.5 108.0 13.7 16.5 552.6 115.1 559.2 114.3 556.7 117.7 554.2 121.1 559.3 120.5 0.9992
367.3 168.6 17.0 21.6 372.7 177.8 380.8 177.5 377.3 182.1 373.8 185.8 380.0 185.6 0.9991
295.0 193.0 19.5 24.4 301.2 203.5 310.2 203.1 306.4 208.2 302.4 212.5 309.7 212.2 0.9991
458.4 247.6 20.2 23.3 463.3 256.2 473.0 255.8 468.3 260.8 464.6 265.0 472.8 264.6 0.9991
782.2 141.6 15.0 18.4 785.1 148.4 792.2 148.6 787.9 152.3 785.7 156.0 791.1 156.0 0.9991
729.8 163.0 15.5 19.1 733.7 171.2 741.4 170.8 737.8 174.7 735.0 178.1 741.1 177.7 0.9991
523.3 123.1 14.2 17.1 527.8 130.3 533.9 130.5 531.0 133.5 528.1 136.3 533.1 136.5 0.9990
359.1 110.3 14.6 18.5 365.1 119.3 371.3 118.5 369.5 122.5 366.6 125.7 371.1 125.1 0.9990
289.0 110.1 14.0 18.0 293.7 117.6 299.9 118.0 297.1 121.0 294.0 124.0 298.9 124.3 0.9990
173.0 130.3 18.9 22.8 177.7 138.5 186.5 138.5 181.8 143.0 178.5 147.7 185.6 147.7 0.9989
320.9 125.4 14.3 17.9 325.5 132.1 332.5 132.1 329.4 136.0 326.1 139.4 331.6 139.6 0.9989
450.0 194.4 16.9 22.5 455.1 203.8 463.1 203.3 459.6 207.9 456.3 212.2 462.9 211.8 0.9989
388.8 255.2 19.3 24.3 394.6 264.7 403.1 263.2 400.1 268.3 396.7 273.2 404.1 272.0 0.9989
841.8 140.4 14.2 18.0 843.4 147.5 849.3 147.8 845.0 151.3 844.0 154.3 848.8 154.4 0.9988
263.7 174.4 17.5 22.0 269.1 182.2 277.7 182.6 273.5 186.6 269.4 190.9 276.5 191.2 0.9988
564.5 121.7 12.5 15.5 567.5 127.8 573.6 127.7 570.7 130.8 568.2 133.9 573.2 133.8 0.9988
812.9 144.6 13.8 18.1 816.6 151.8 822.9 151.7 819.8 155.3 817.3 158.6 822.5 158.5 0.9988
653.4 122.9 13.9 18.0 657.3 130.4 664.3 130.4 661.1 134.2 658.3 137.5 663.4 137.5 0.9987
893.0 146.7 17.2 19.0 896.1 153.6 903.7 152.8 899.5 157.2 898.0 161.3 903.7 160.6 0.9987
787.1 199.3 16.5 21.4 791.7 207.3 799.3 207.1 795.6 211.1 792.0 215.0 798.9 214.9 0.9987
687.1 197.4 15.8 19.1 691.8 203.9 699.4 204.0 695.9 207.8 692.5 211.5 698.8 211.6 0.9987
990.3 136.0 16.1 17.6 994.0 141.7 1001.2 141.7 997.2 145.8 994.6 148.8 1000.6 148.8 0.9987
227.0 137.5 15.9 19.7 232.0 144.9 239.4 144.6 236.2 148.3 233.0 152.1 239.1 151.9 0.9986
191.3 149.2 19.3 24.4 197.6 158.9 206.6 158.3 202.9 163.2 199.4 168.3 206.0 167.8 0.9986
667.4 109.0 14.8 18.9 672.2 117.6 679.1 117.3 676.1 121.1 673.1 124.3 678.3 124.1 0.9986
406.1 189.9 17.1 22.2 410.8 199.3 418.4 198.7 414.9 203.4 412.3 207.2 418.1 206.7 0.9986
481.0 164.9 17.2 22.3 486.3 175.1 494.4 174.4 491.2 179.4 488.0 183.1 494.4 182.6 0.9986
557.5 184.8 17.3 22.1 562.5 193.4 570.5 193.8 566.3 197.8 562.7 201.7 569.2 202.0 0.9986
242.4 132.0 14.6 19.7 247.9 139.6 254.8 140.3 251.7 144.0 247.9 147.2 253.3 147.8 0.9985
475.3 143.2 14.4 18.6 479.6 150.5 486.6 150.3 483.4 154.0 480.4 157.6 486.0 157.5 0.9985
291.6 137.0 17.5 20.7 297.0 144.6 304.6 145.4 300.5 148.8 296.7 152.0 303.2 152.6 0.9985
407.3 108.4 14.2 17.9 411.3 116.0 418.2 115.6 415.1 119.5 412.4 122.6 417.8 122.3 0.9984
502.6 195.4 16.1 21.4 507.4 204.2 514.8 204.0 511.5 208.3 508.4 211.9 514.5 211.8 0.9984
610.0 124.5 14.3 18.3 614.0 131.1 620.5 130.8 617.5 134.3 614.8 138.0 620.3 137.8 0.9983
601.3 191.5 16.3 20.4 605.2 200.0 612.8 199.8 609.0 204.1 606.2 207.5 612.4 207.2 0.9982
928.3 129.4 15.5 18.9 932.1 135.4 939.1 135.1 935.6 139.2 933.1 143.0 939.1 142.7 0.9982
594.9 254.5 20.6 24.2 599.5 265.4 608.2 263.2 604.5 269.1 602.8 274.0 609.5 272.3 0.9981
355.4 199.9 17.6 24.1 361.8 210.1 369.7 209.9 366.5 214.6 362.8 218.8 369.1 218.7 0.9981
683.1 145.4 14.5 18.1 687.6 153.9 694.4 153.4 691.5 157.2 689.0 160.4 693.9 160.1 0.9981
754.9 138.4 13.4 17.8 758.9 145.4 765.1 145.3 762.2 149.1 759.7 152.3 764.6 152.2 0.9981
344.4 139.0 16.8 21.5 349.9 148.1 357.5 148.4 353.9 153.0 350.3 156.1 356.2 156.4 0.9981
643.5 141.2 14.2 19.4 648.0 148.9 654.4 148.9 651.5 152.8 648.4 155.9 653.9 156.0 0.9981
264.6 264.9 18.4 22.2 269.8 272.9 278.0 273.0 273.8 277.2 270.1 280.6 277.6 280.6 0.9981
777.0 118.3 13.5 16.6 780.5 124.4 787.1 123.7 784.1 127.2 781.7 130.9 787.0 130.3 0.9981
317.2 165.6 16.8 21.6 322.4 174.4 329.9 174.0 326.7 178.5 323.6 182.3 329.7 182.0 0.9979
666.1 242.6 18.4 24.7 670.7 252.6 679.5 252.9 674.8 257.8 671.1 261.4 678.5 261.6 0.9978
529.2 258.5 16.9 21.3 533.1 266.5 541.0 266.3 536.8 270.9 534.3 274.7 540.7 274.5 0.9978
420.5 175.1 17.1 19.5 425.9 181.2 433.8 180.5 430.7 185.0 427.1 189.1 434.0 188.5 0.9977
431.0 148.2 12.9 16.4 435.8 154.4 441.7 154.3 439.4 158.1 436.4 161.1 440.8 161.1 0.9977
320.3 107.3 12.9 15.6 324.1 113.5 329.9 114.4 326.6 116.5 323.9 119.0 328.4 119.7 0.9976
721.7 246.2 18.4 23.7 725.9 255.4 734.2 255.1 730.0 259.3 727.1 263.7 733.9 263.5 0.9976
844.0 123.9 14.1 15.9 847.4 129.8 853.8 129.8 850.4 133.4 848.1 136.3 853.0 136.3 0.9975
724.3 138.9 16.1 20.7 729.0 148.4 736.3 148.1 733.0 152.2 730.1 155.5 735.8 155.3 0.9974
786.3 247.7 18.9 21.8 790.3 253.8 799.0 253.7 794.0 258.6 791.2 263.1 798.2 263.0 0.9973
729.2 194.9 16.6 19.6 733.6 202.0 741.4 202.1 737.3 206.0 733.9 209.4 740.5 209.5 0.9971
681.6 162.5 15.8 20.2 686.2 171.7 693.9 171.1 690.6 175.6 687.6 179.1 693.5 178.7 0.9968
870.5 240.2 19.9 22.9 875.0 247.9 884.4 247.7 879.5 252.6 876.2 257.5 883.3 257.4 0.9965
246.2 198.8 17.0 22.3 250.8 207.3 259.3 206.4 255.7 211.3 252.4 215.8 259.5 215.1 0.9963
603.7 154.7 13.7 17.2 607.3 161.4 614.0 161.6 610.5 165.2 607.7 168.0 612.9 168.2 0.9962
600.8 109.4 12.2 15.1 604.0 115.7 610.0 115.4 607.1 118.8 604.9 121.9 609.6 121.7 0.9951
521.6 143.8 14.3 16.3 526.3 149.0 533.1 148.7 530.4 152.3 527.4 155.7 532.9 155.4 0.9951
320.9 253.8 19.7 25.0 324.9 263.0 334.3 263.4 328.8 267.7 325.5 272.5 333.3 272.7 0.9948
882.3 127.8 15.7 20.6 885.7 136.5 893.2 136.4 889.1 140.6 886.8 144.4 892.3 144.4 0.9946
563.2 145.3 13.3 16.3 567.1 151.5 573.2 151.5 570.3 154.6 567.4 157.4 572.7 157.4 0.9938
632.0 171.0 14.5 18.3 635.5 178.5 642.2 177.7 639.1 181.8 637.0 185.4 642.2 184.7 0.9936
210.0 156.9 17.2 21.8 215.9 165.4 223.7 166.7 219.6 171.1 215.3 173.9 221.3 175.0 0.9935
389.6 149.7 14.3 18.2 394.6 156.8 401.0 156.3 398.7 160.2 395.9 163.9 401.0 163.6 0.9880
832.0 132.2 12.2 15.1 835.5 137.4 841.3 137.6 838.3 140.6 835.8 143.7 840.4 143.9 0.9730
406.4 328.5 21.7 23.9 413.5 339.1 421.1 334.5 421.0 340.7 420.3 347.6 425.3 344.1 0.9699
548.1 206.7 13.2 16.3 552.6 212.3 559.0 212.8 556.0 216.6 552.6 219.4 557.4 219.9 0.9598
