12--Group/12_Group_Team_Organized_Group_12_Group_Team_Organized_Group_12_584.jpg
13
616.6 109.4 51.4 65.3 641.0 130.2 661.2 137.9 653.3 145.0 636.4 153.3 653.4 159.7 0.9998
750.0 81.8 70.1 92.6 778.9 115.1 809.4 119.1 797.5 134.8 774.6 146.4 802.9 150.0 0.9997
30.8 165.9 50.4 54.8 47.7 182.9 70.8 185.2 59.8 195.4 47.2 204.5 66.7 206.6 0.9997
292.7 172.7 31.0 33.8 304.8 182.5 317.9 184.4 312.1 190.9 303.6 195.5 315.1 197.1 0.9996
182.3 177.1 38.6 42.2 198.0 196.3 213.3 198.8 205.6 207.3 195.7 210.2 206.7 212.4 0.9995
359.5 161.1 22.9 29.2 367.9 171.2 378.5 171.4 374.3 176.6 368.3 182.1 377.5 182.3 0.9995
135.1 175.0 24.8 29.0 139.6 182.9 150.8 183.9 143.0 188.8 139.1 195.1 148.5 195.8 0.9995
425.6 182.6 12.2 17.3 434.6 189.3 436.6 189.4 437.7 192.7 434.5 195.7 435.6 196.0 0.9990
692.3 117.3 35.1 46.8 709.6 135.8 720.6 137.7 716.3 145.7 707.3 152.1 715.1 154.0 0.9981
515.4 196.2 9.2 12.8 519.1 200.8 522.5 200.4 521.7 203.2 520.0 205.9 522.6 205.7 0.9899
862.0 136.1 36.1 60.5 872.6 155.5 884.9 155.5 877.8 165.4 873.4 179.4 882.8 179.4 0.9747
172.5 152.1 21.4 31.7 175.3 163.6 181.6 163.7 175.2 169.3 175.8 175.9 180.3 175.7 0.9077
249.1 205.1 7.5 11.4 253.9 209.4 255.4 209.4 255.8 211.6 253.9 213.7 254.8 213.8 0.8613
