12--Group/12_Group_Large_Group_12_Group_Large_Group_12_42.jpg
38
546.4 107.6 17.8 22.5 551.7 116.7 559.8 116.7 556.0 120.7 552.3 124.3 559.3 124.3 0.9997
613.0 75.8 18.3 23.9 618.3 84.4 627.0 85.1 622.5 89.2 618.3 93.0 625.9 93.6 0.9997
510.1 78.2 18.8 23.5 515.7 87.2 524.3 87.1 520.3 91.2 516.3 95.2 523.8 95.2 0.9997
746.8 183.3 20.0 23.2 750.5 191.3 760.0 191.0 754.5 196.1 751.9 201.0 759.6 200.7 0.9996
813.7 98.7 21.2 28.2 817.4 109.4 825.7 109.9 819.9 114.3 817.6 119.1 824.6 119.3 0.9996
330.7 219.7 23.1 27.4 336.8 228.2 347.5 228.0 342.2 234.5 337.6 239.0 347.1 238.9 0.9995
579.9 109.3 19.3 25.6 585.4 119.5 594.4 119.3 590.3 124.0 586.2 128.3 594.2 128.2 0.9995
684.3 75.2 18.2 22.7 688.3 83.8 696.6 83.2 692.2 87.6 689.3 91.9 696.5 91.4 0.9995
142.2 185.6 20.9 25.6 148.6 194.5 158.8 194.0 154.6 198.6 149.6 203.7 158.9 203.4 0.9995
274.4 77.7 20.2 24.7 280.7 86.6 289.8 86.0 285.9 90.8 281.7 95.2 289.7 94.7 0.9995
354.3 79.4 19.3 24.5 360.3 88.2 369.2 88.1 365.2 92.3 361.1 97.2 368.7 97.0 0.9995
244.0 110.8 20.5 24.9 249.7 120.7 258.9 120.7 254.3 125.2 250.2 128.9 258.5 128.9 0.9994
471.6 180.3 20.1 22.9 477.3 188.1 487.1 187.9 482.6 192.7 478.1 196.8 486.6 196.6 0.9994
88.4 100.5 25.4 28.8 98.3 110.4 109.3 110.8 105.3 115.7 99.2 121.1 108.2 121.5 0.9994
754.7 70.8 20.2 25.4 758.4 81.0 767.3 79.9 762.4 85.4 760.1 90.0 767.5 89.1 0.9994
325.3 106.7 20.9 28.8 332.6 117.9 342.0 117.7 338.3 122.6 333.1 127.4 341.8 127.2 0.9994
922.3 142.3 21.8 25.0 927.3 152.6 936.8 150.1 932.9 155.8 930.2 161.1 938.4 159.0 0.9993
437.0 134.1 17.8 22.6 442.1 143.2 450.6 142.6 446.9 147.0 443.1 150.9 450.6 150.4 0.9993
441.2 63.3 18.8 23.5 447.0 71.9 455.5 71.7 451.7 76.1 447.8 80.7 455.0 80.5 0.9993
180.3 107.2 21.1 27.7 185.8 117.7 196.5 117.8 191.3 122.9 186.0 127.0 196.2 127.1 0.9993
463.7 108.8 19.6 25.0 469.0 118.9 478.3 118.6 473.6 123.4 470.1 128.1 478.0 127.8 0.9993
880.7 127.2 20.6 26.1 885.7 137.8 894.9 137.0 890.3 142.2 886.8 146.4 895.1 145.7 0.9993
847.4 181.8 20.0 25.8 852.2 192.3 862.0 191.7 857.4 196.4 853.1 200.5 862.3 200.0 0.9992
82.2 160.5 22.1 27.3 88.8 171.2 99.6 170.5 95.2 176.1 89.6 180.1 99.9 179.7 0.9992
644.5 130.5 18.0 22.1 648.9 139.0 657.2 138.6 653.1 143.1 649.8 146.7 657.0 146.5 0.9991
382.5 182.7 19.8 24.6 389.5 191.1 398.7 191.2 395.2 195.4 389.9 200.0 398.3 200.2 0.9991
543.4 175.2 20.5 25.7 548.7 185.0 557.8 184.9 553.3 189.3 549.4 193.9 557.4 193.9 0.9990
904.6 259.6 19.3 22.4 908.6 268.0 917.1 268.5 911.8 272.8 909.0 276.4 915.6 276.8 0.9990
403.4 117.8 18.8 23.8 408.5 127.2 417.1 126.1 413.4 131.0 409.8 135.3 417.9 134.4 0.9989
179.2 63.2 21.3 23.9 186.5 71.2 195.9 71.8 191.7 75.6 186.7 79.6 195.0 80.1 0.9989
238.3 179.6 20.2 26.2 244.3 189.2 254.0 189.1 249.5 194.0 244.8 198.5 253.6 198.5 0.9988
645.3 175.2 20.5 25.7 651.4 184.6 660.7 184.2 656.5 188.9 652.4 194.0 660.4 193.7 0.9988
509.1 126.1 19.0 21.8 514.0 134.1 522.8 133.9 518.4 137.6 514.7 141.6 522.2 141.6 0.9987
702.9 179.7 17.3 21.0 708.6 187.5 716.1 187.6 712.7 191.8 709.1 195.3 715.4 195.4 0.9985
587.2 189.6 16.3 21.5 591.7 198.9 598.9 198.7 595.4 203.0 592.4 206.1 598.8 205.9 0.9983
696.1 123.9 19.0 22.5 700.9 132.2 709.5 131.5 705.3 136.1 701.9 140.1 709.4 139.6 0.9982
777.1 246.3 21.4 23.3 780.9 256.0 789.3 253.1 785.4 259.6 784.6 264.8 791.1 262.5 0.9977
845.4 225.2 17.4 21.9 850.0 234.3 857.6 235.3 853.1 239.4 849.8 242.1 855.9 242.9 0.9958
