12--Group/12_Group_Team_Organized_Group_12_Group_Team_Organized_Group_12_639.jpg
59
515.3 536.1 35.2 31.0 522.9 553.7 534.8 550.8 530.2 560.9 533.1 563.7 540.3 561.3 0.9999
690.8 461.8 32.3 30.3 704.7 476.3 716.2 478.5 710.2 486.4 701.7 487.2 708.9 489.2 0.9999
335.5 411.4 40.7 53.9 355.8 432.7 372.2 432.7 369.3 442.0 356.0 450.7 370.5 451.0 0.9997
212.9 419.4 43.7 53.2 233.9 439.7 251.8 438.1 248.2 450.6 233.5 458.1 249.6 457.1 0.9997
92.4 370.6 33.7 47.5 114.4 390.3 122.3 388.5 125.1 398.6 115.6 408.2 120.7 407.4 0.9996
208.7 287.8 35.8 55.0 235.5 311.3 239.1 310.2 246.6 320.1 236.4 330.3 238.2 330.4 0.9996
322.1 305.2 34.7 43.6 346.3 323.9 352.7 324.8 352.9 334.5 340.8 339.6 345.1 340.9 0.9993
626.0 480.4 34.2 37.9 642.1 493.4 654.5 490.0 655.5 498.7 648.3 509.0 657.3 506.5 0.9993
341.3 366.8 29.6 33.6 359.0 380.1 367.9 379.8 366.4 388.1 357.1 393.4 363.0 393.5 0.9993
681.9 292.2 28.7 25.4 698.4 304.6 704.0 305.7 700.4 312.4 691.8 313.4 694.5 314.4 0.9992
389.0 166.9 13.3 17.4 395.7 173.7 400.2 173.9 398.9 177.0 395.5 179.9 399.1 180.3 0.9991
570.1 325.0 14.8 22.1 581.3 334.1 582.8 334.1 583.9 339.3 579.0 342.6 580.1 342.9 0.9989
418.4 209.9 18.4 24.5 422.5 220.7 430.4 218.9 426.9 224.2 425.1 229.1 431.4 227.6 0.9989
429.0 362.9 25.6 31.7 445.1 372.5 452.0 372.9 452.3 379.7 444.6 385.6 449.9 386.2 0.9987
213.8 230.7 15.8 18.9 223.0 237.7 227.6 236.8 227.3 241.6 223.0 245.3 226.2 244.9 0.9986
42.9 117.5 14.3 16.5 47.7 122.5 54.2 122.7 51.7 124.5 48.6 128.8 54.0 128.9 0.9986
744.3 360.3 14.4 18.8 747.9 367.7 754.3 367.8 750.8 371.3 748.4 374.6 753.7 374.6 0.9984
332.4 205.8 9.1 12.2 337.3 210.6 340.2 210.2 340.1 212.9 338.0 215.4 340.1 215.2 0.9982
857.3 419.0 10.7 14.5 864.4 424.5 866.2 424.2 866.8 427.6 863.9 430.3 865.1 430.3 0.9979
279.9 289.8 22.1 32.4 291.7 301.8 298.6 301.0 300.1 305.6 294.8 313.5 299.9 313.2 0.9979
514.6 296.9 13.5 15.0 522.3 302.9 526.1 303.9 524.5 306.9 520.4 308.6 522.9 309.5 0.9978
609.8 321.4 13.9 22.3 620.0 330.1 620.9 330.0 623.4 334.3 620.1 338.5 620.7 338.7 0.9975
716.5 347.9 11.1 14.3 721.2 352.8 725.6 352.6 724.6 355.8 722.0 358.8 725.4 358.8 0.9970
546.4 280.4 9.6 12.8 548.7 285.2 552.7 285.3 550.4 287.8 549.0 290.3 552.3 290.4 0.9969
22.8 210.0 23.1 24.3 28.8 217.9 39.5 218.4 33.7 222.5 29.7 227.9 37.7 228.3 0.9966
357.9 203.4 9.8 12.8 361.7 208.6 365.8 208.8 364.1 211.2 361.7 213.4 364.9 213.7 0.9966
574.2 299.6 11.2 15.4 578.1 305.1 583.0 304.9 581.2 307.9 579.0 311.2 582.8 311.0 0.9963
557.9 305.7 11.6 16.2 563.2 312.6 567.5 312.0 566.9 315.4 564.6 318.8 567.6 318.4 0.9961
946.6 387.9 13.6 21.2 949.1 396.8 949.5 396.7 947.6 401.6 951.7 405.2 951.8 404.9 0.9956
917.9 458.3 12.0 15.9 926.2 465.1 928.4 464.6 929.5 468.0 926.6 471.1 927.9 471.0 0.9950
438.1 210.9 17.4 24.7 441.2 219.0 446.4 219.8 440.9 224.1 440.9 229.4 444.8 229.8 0.9949
831.1 383.7 11.5 15.1 837.6 389.6 840.4 389.2 841.2 392.1 839.0 395.3 841.0 395.2 0.9949
215.9 164.1 10.7 13.5 222.7 170.3 225.0 170.8 224.2 173.7 220.9 175.1 222.2 175.7 0.9937
290.5 197.1 11.6 15.0 296.5 203.6 300.4 203.8 299.3 207.0 296.3 209.4 298.9 209.6 0.9900
261.6 187.2 10.9 14.3 263.3 193.0 267.6 193.3 264.3 195.9 263.5 198.2 266.6 198.4 0.9899
749.7 335.2 8.6 11.2 753.2 339.9 756.9 339.7 755.6 342.1 753.6 344.0 756.4 343.9 0.9891
493.4 303.2 11.5 16.0 500.9 310.0 503.2 309.7 503.8 313.4 500.7 316.0 501.9 316.0 0.9876
235.7 179.2 12.1 13.4 240.6 183.6 245.9 185.6 242.7 187.2 239.3 188.7 243.2 190.3 0.9860
928.4 445.9 12.8 16.4 934.3 452.4 939.2 451.9 938.5 455.5 935.9 458.9 939.4 458.6 0.9669
389.0 237.7 13.8 19.1 397.9 245.2 401.6 245.3 400.8 249.2 396.9 252.5 399.9 252.7 0.9664
521.2 280.0 9.7 12.5 526.3 284.4 529.2 284.2 528.8 286.9 526.6 289.5 528.6 289.6 0.9643
474.4 255.7 10.2 15.6 480.0 261.5 482.8 261.6 482.5 264.6 479.9 267.6 482.1 267.8 0.9606
523.8 261.7 9.2 11.7 527.2 266.3 531.2 266.2 529.6 268.7 527.9 271.0 530.9 270.9 0.9567
320.4 197.2 8.1 10.0 324.5 200.9 327.3 200.7 326.8 202.9 324.9 204.9 326.9 204.9 0.9564
262.8 181.9 9.7 12.3 265.4 186.7 270.1 187.2 267.6 189.2 265.4 191.5 269.1 191.8 0.9431
153.1 159.5 10.5 12.2 157.0 164.2 161.2 163.7 159.9 166.5 158.1 169.2 161.3 168.8 0.9367
616.8 296.7 8.4 11.4 621.4 300.9 623.8 300.7 623.6 303.1 621.8 305.4 623.5 305.4 0.9340
563.6 278.8 8.7 12.4 568.9 283.7 570.7 283.2 571.2 285.9 569.6 288.5 570.9 288.2 0.9281
625.1 300.2 10.1 12.9 627.8 305.4 632.2 305.6 629.8 308.2 628.0 310.5 631.5 310.6 0.9153
0.0 107.7 8.3 17.0 -0.6 114.0 5.8 114.3 3.3 116.6 -0.1 120.0 5.3 120.3 0.8868
533.4 283.8 9.6 11.9 537.5 288.0 541.4 288.0 540.1 290.7 537.8 293.3 540.8 293.4 0.8377
712.3 326.1 6.9 9.0 716.1 329.4 718.3 329.2 718.1 331.2 716.5 333.0 718.1 333.0 0.8360
584.1 292.6 10.2 11.9 429.9 220.4 435.6 219.9 431.6 224.9 430.9 229.7 436.2 229.2 0.7929
727.3 368.7 9.8 12.7 588.0 296.3 592.2 296.3 590.7 298.9 588.8 301.3 591.9 301.4 0.7639
159.2 226.1 13.1 18.3 731.7 373.9 735.3 373.5 734.6 376.6 732.5 379.1 734.8 379.0 0.7481
881.6 393.0 9.0 11.9 164.2 232.7 169.2 232.9 167.1 236.3 164.5 240.0 168.4 240.1 0.5757
579.0 270.6 6.2 7.3 334.3 215.8 340.2 215.2 338.2 219.6 335.5 223.8 340.3 223.4 0.5719
697.7 342.5 11.2 14.8 883.7 397.8 887.8 397.5 885.8 400.2 884.5 402.6 887.7 402.3 0.5699
918.0 405.9 6.8 11.1 581.2 273.8 583.6 273.5 582.9 275.2 581.9 276.7 583.8 276.5 0.5670
