12--Group/12_Group_Team_Organized_Group_12_Group_Team_Organized_Group_12_649.jpg
177
476.1 415.6 14.2 20.8 485.3 424.3 488.5 423.3 490.0 427.7 486.6 432.1 488.8 431.6 0.9994
232.6 422.6 15.4 21.7 242.7 432.1 245.9 432.0 246.4 436.4 241.9 439.8 244.1 439.9 0.9991
436.4 156.8 11.8 16.3 443.3 163.3 446.8 163.0 446.9 166.4 443.8 169.6 446.4 169.6 0.9991
578.7 438.0 15.7 20.7 586.9 446.0 592.4 445.7 592.0 449.5 588.2 453.7 592.2 453.6 0.9990
326.7 347.0 14.9 18.3 335.6 353.5 339.7 353.6 339.8 357.6 335.9 361.0 338.6 361.3 0.9989
331.5 160.4 13.3 16.4 339.8 166.9 342.9 166.0 344.0 169.9 340.7 173.4 342.5 173.0 0.9989
515.8 381.2 15.0 19.6 522.5 388.1 528.5 388.0 527.2 391.2 524.0 395.7 528.4 395.7 0.9989
513.4 293.5 14.2 18.0 520.4 299.8 526.3 299.8 524.7 303.8 520.8 307.3 525.0 307.5 0.9989
112.3 416.6 15.9 22.7 121.7 425.9 124.4 424.5 127.0 428.7 124.1 434.0 125.9 433.2 0.9988
506.0 323.3 15.6 19.1 508.7 329.1 515.7 329.5 511.1 333.1 508.9 337.0 514.7 337.1 0.9988
192.8 370.5 17.3 21.5 198.5 378.0 206.3 378.2 203.1 381.9 199.7 386.4 205.6 386.6 0.9988
91.6 395.5 16.2 17.9 97.4 401.3 104.1 403.4 99.9 405.4 96.1 408.1 101.1 409.8 0.9986
8.9 303.3 15.9 18.4 15.6 309.7 22.2 309.6 20.0 313.5 16.4 317.4 21.2 317.4 0.9986
510.0 419.3 15.5 20.4 514.6 427.5 521.6 427.3 518.4 431.6 515.7 435.3 521.0 435.2 0.9986
535.7 134.3 12.6 16.4 541.3 140.4 546.3 140.4 545.1 143.6 542.2 146.8 546.0 146.9 0.9985
53.3 313.9 15.2 19.3 60.6 321.5 66.1 320.5 65.7 324.3 62.6 328.8 66.5 328.2 0.9985
454.4 306.8 15.0 18.3 463.3 314.1 467.7 314.7 466.8 318.6 462.4 321.2 465.2 321.9 0.9985
417.1 295.4 15.7 21.3 421.6 303.6 428.5 304.0 424.8 308.0 422.1 311.5 427.4 311.8 0.9985
27.7 202.8 14.0 20.1 35.5 210.6 40.2 210.3 40.4 214.3 36.6 218.3 40.0 218.3 0.9985
599.2 290.0 12.1 19.2 608.0 297.5 609.3 297.0 611.4 300.9 608.3 304.9 609.2 304.7 0.9984
367.7 81.1 12.4 16.2 373.3 87.4 377.7 87.0 376.7 90.2 374.2 93.3 377.6 93.1 0.9984
404.4 188.6 12.9 16.9 410.8 195.3 416.0 195.1 414.8 198.9 411.4 202.0 415.1 202.0 0.9984
895.5 273.1 14.0 16.7 901.9 279.0 907.3 279.6 905.4 282.4 902.0 285.4 906.2 285.9 0.9983
402.4 102.1 11.8 17.1 404.2 108.3 407.6 108.8 404.1 111.7 404.1 115.0 406.7 115.3 0.9983
857.6 245.9 13.4 18.5 862.8 252.6 868.8 252.8 866.5 256.4 863.4 260.0 867.9 260.2 0.9982
445.4 268.2 14.5 18.1 448.3 273.7 455.0 273.8 450.9 277.1 448.7 281.3 454.0 281.4 0.9982
386.4 373.2 16.0 22.5 394.3 382.0 400.4 381.4 399.2 386.0 395.3 390.4 400.0 390.2 0.9981
444.9 191.9 12.5 16.1 447.4 197.8 453.0 198.1 449.4 201.0 447.6 204.1 452.2 204.3 0.9981
893.9 249.0 12.6 16.7 900.2 255.0 904.9 255.0 904.1 258.4 900.9 261.8 904.3 261.9 0.9981
474.5 315.7 14.5 19.0 482.1 322.7 487.3 322.3 486.6 326.7 482.7 330.4 486.6 330.4 0.9980
38.2 401.1 13.4 17.8 45.6 408.4 49.8 407.4 50.4 411.3 47.4 415.2 50.1 414.6 0.9979
944.0 405.4 14.5 19.7 952.7 414.2 955.6 412.6 957.7 416.7 954.8 420.9 956.6 420.1 0.9979
303.9 147.6 13.5 17.4 311.8 154.3 315.0 153.2 316.2 157.1 313.4 161.1 315.5 160.5 0.9978
844.5 252.7 13.3 17.3 849.2 258.8 855.4 259.2 852.7 262.6 849.5 265.8 854.3 266.2 0.9978
509.1 164.9 12.3 16.5 515.5 171.4 519.8 171.5 519.1 174.5 516.1 177.5 519.2 177.7 0.9976
147.5 378.2 14.2 20.2 156.6 386.1 160.0 385.7 161.3 389.8 157.3 393.7 159.6 393.7 0.9975
906.7 132.4 12.9 15.6 909.8 138.3 915.6 138.2 912.3 141.5 910.5 144.6 914.7 144.5 0.9974
547.4 407.5 15.2 18.6 553.9 414.2 560.3 414.2 558.2 418.4 554.4 421.9 559.1 422.0 0.9973
343.2 393.3 13.9 17.0 348.7 399.5 354.9 399.0 352.9 403.2 350.1 406.7 354.4 406.4 0.9973
358.1 181.9 13.1 18.4 365.6 189.9 369.4 189.0 370.1 193.0 367.1 196.7 369.6 196.2 0.9973
433.4 414.2 14.3 20.3 442.0 421.5 445.6 421.6 445.8 425.6 442.1 429.6 444.8 429.8 0.9972
668.4 300.3 13.4 18.4 676.8 308.4 680.2 308.2 680.6 311.9 677.0 315.1 679.1 315.1 0.9970
178.2 101.6 13.2 17.2 183.9 108.4 189.6 108.4 187.5 112.3 183.9 115.0 188.4 115.2 0.9970
666.4 323.6 14.9 17.7 669.1 329.6 675.2 330.0 670.7 333.0 669.2 336.8 673.8 337.0 0.9969
290.3 444.7 15.4 18.3 295.1 452.8 302.1 452.4 299.2 456.6 296.5 459.8 301.5 459.5 0.9969
198.1 53.9 12.5 17.2 203.3 60.4 208.9 60.3 207.1 63.9 204.0 67.2 208.3 67.2 0.9967
428.8 136.9 12.9 17.8 435.9 144.7 439.9 144.1 440.0 147.8 437.1 151.2 439.7 150.9 0.9966
121.4 298.9 14.2 18.4 128.6 305.6 131.9 304.1 133.7 307.8 131.9 312.8 134.1 311.9 0.9965
984.0 39.9 10.6 14.2 985.6 45.8 989.7 45.1 987.3 48.4 987.0 51.2 990.1 50.7 0.9965
320.7 308.5 13.2 16.8 328.3 315.2 332.1 314.5 332.5 318.4 329.3 321.9 331.7 321.6 0.9964
149.1 50.2 13.5 17.1 155.1 55.9 160.5 56.1 158.7 59.6 155.5 62.9 159.6 63.1 0.9964
998.5 422.4 15.5 18.9 1003.8 429.9 1011.0 429.7 1008.2 433.7 1005.2 437.5 1010.2 437.3 0.9963
969.9 385.9 15.1 18.7 975.8 393.6 982.3 392.7 980.3 397.2 977.3 400.9 982.1 400.3 0.9962
0.7 258.5 14.2 18.5 8.3 265.4 13.1 264.7 13.3 268.4 9.8 272.5 13.5 272.1 0.9961
0.0 393.7 9.3 16.4 4.1 400.4 7.9 399.7 7.8 403.4 4.9 406.9 7.4 406.6 0.9959
904.1 174.9 14.4 18.0 908.9 181.3 915.5 181.9 912.2 185.1 908.7 188.2 914.0 188.7 0.9957
850.0 278.5 12.2 17.5 854.4 284.9 860.1 285.1 857.7 288.7 854.7 292.0 859.1 292.1 0.9957
579.3 408.6 15.5 21.4 588.0 417.6 591.0 415.7 593.3 420.0 590.9 425.0 592.9 423.9 0.9957
944.6 88.6 10.7 13.7 948.2 94.0 953.1 93.6 951.1 96.5 949.0 99.3 953.1 99.0 0.9957
690.2 192.6 13.8 18.3 697.3 200.1 701.8 200.1 700.9 203.8 697.6 206.9 700.9 207.0 0.9956
369.7 39.5 12.0 15.2 376.4 45.3 380.5 45.9 379.4 49.2 375.7 51.4 378.6 52.0 0.9955
397.0 155.2 13.5 17.9 404.2 161.2 408.8 161.9 407.7 165.3 404.0 168.5 407.3 169.1 0.9955
984.5 444.4 14.9 19.5 986.8 451.6 992.1 453.5 986.8 456.4 986.2 459.3 989.7 460.5 0.9955
329.7 296.7 13.8 19.5 335.6 304.8 341.4 304.3 340.0 308.2 336.8 312.0 341.3 311.7 0.9952
467.4 397.1 15.1 15.9 473.6 403.3 480.1 403.7 477.6 407.6 474.0 410.1 478.3 410.5 0.9952
589.2 383.3 12.7 19.0 598.1 390.3 599.9 390.0 601.2 394.2 597.6 397.8 598.7 397.8 0.9951
1000.0 383.8 15.1 20.0 1006.3 392.4 1012.8 391.8 1011.0 396.2 1007.6 399.9 1012.7 399.5 0.9942
1000.5 32.0 10.8 15.2 1003.0 38.1 1007.7 37.7 1005.4 41.2 1004.1 43.9 1007.7 43.6 0.9942
0.0 152.0 12.0 17.9 3.9 158.6 10.0 158.6 7.9 162.2 4.4 165.8 9.0 165.8 0.9942
566.9 250.3 11.7 16.8 568.2 255.4 570.6 256.2 566.7 259.0 567.8 262.6 569.4 263.0 0.9940
330.3 6.7 11.8 15.8 332.0 13.2 335.3 13.4 332.2 16.5 332.9 19.4 335.2 19.4 0.9940
976.6 317.3 15.1 17.2 983.7 322.9 989.0 322.5 988.2 325.9 984.7 329.8 988.8 329.7 0.9939
466.9 158.6 13.5 16.5 473.4 164.2 478.5 164.0 477.5 167.6 474.3 171.0 478.2 171.0 0.9934
107.3 50.5 12.4 14.7 111.7 55.1 117.3 55.3 115.0 58.7 112.2 61.7 116.5 61.8 0.9933
666.9 358.9 13.2 17.8 673.0 367.0 678.0 365.5 677.7 369.7 675.2 373.5 678.7 372.4 0.9933
548.3 157.3 12.1 15.6 554.7 162.6 558.9 162.8 557.8 165.8 554.6 168.8 557.9 169.2 0.9930
451.4 441.4 14.7 18.1 455.0 448.8 461.8 446.7 459.7 450.6 457.6 455.2 463.2 453.7 0.9930
489.8 304.9 13.6 18.2 494.1 311.1 500.5 311.1 497.6 315.2 494.7 318.9 499.6 319.0 0.9924
487.1 188.4 13.9 17.8 494.1 195.2 498.9 194.7 498.2 198.5 495.1 202.2 498.7 202.0 0.9923
378.4 244.9 13.6 17.4 385.5 251.2 390.3 250.5 389.9 254.5 386.6 258.3 389.9 258.0 0.9922
959.7 430.5 14.3 16.9 964.6 437.5 970.9 435.9 969.5 439.8 967.6 444.2 972.0 443.0 0.9917
351.5 102.0 14.2 15.1 356.6 107.9 362.3 106.5 361.4 109.1 359.4 113.5 363.4 112.5 0.9917
973.9 44.4 10.6 14.0 977.9 49.8 982.8 50.1 980.6 53.1 978.1 55.4 981.6 55.7 0.9915
619.2 389.2 14.9 16.4 625.5 395.7 631.3 396.5 628.6 400.2 625.1 402.4 628.8 403.0 0.9913
320.3 88.4 12.1 15.7 325.3 94.2 330.4 94.4 328.5 97.6 325.6 100.3 329.5 100.6 0.9912
531.1 388.2 15.7 18.5 535.5 394.9 542.8 394.6 539.2 398.9 536.4 402.4 542.3 402.2 0.9910
722.8 407.2 14.1 20.3 729.9 414.5 734.5 414.0 734.2 418.4 731.0 422.6 734.6 422.4 0.9909
533.4 444.8 15.3 19.4 541.9 452.7 546.5 452.0 546.8 456.0 543.5 460.0 546.7 459.7 0.9902
238.4 186.3 14.0 16.5 244.2 192.3 250.2 192.6 247.9 196.1 244.5 199.1 248.8 199.4 0.9883
638.4 374.1 13.7 18.9 646.3 381.3 650.4 381.4 650.1 385.4 646.3 388.8 649.0 389.1 0.9880
91.4 268.8 14.9 18.8 95.6 275.4 102.3 275.8 98.6 279.4 95.9 283.0 101.0 283.3 0.9877
748.4 152.0 13.4 17.3 753.9 158.8 759.1 159.2 757.0 162.5 754.1 165.4 757.8 165.7 0.9876
294.6 14.6 13.3 14.2 299.2 21.3 305.1 21.4 302.4 24.8 299.8 26.9 303.8 27.0 0.9871
839.0 279.1 12.0 16.9 844.5 285.3 849.3 285.0 848.3 288.4 845.7 292.0 849.3 291.9 0.9868
687.9 28.0 10.7 13.7 694.0 32.4 697.3 32.3 697.1 35.4 694.3 38.3 696.7 38.4 0.9858
725.3 36.1 9.8 15.2 732.1 42.3 733.5 42.0 734.2 45.3 731.8 48.1 732.7 48.1 0.9858
735.3 11.9 10.6 14.5 740.5 18.2 744.8 18.1 743.6 21.3 740.8 23.9 743.8 23.9 0.9850
178.0 76.8 14.4 16.6 180.8 82.3 186.3 83.3 181.9 86.1 180.4 89.1 184.4 89.8 0.9832
912.9 414.7 13.6 20.1 921.3 422.7 924.1 421.4 925.5 425.9 922.7 430.5 924.4 429.8 0.9825
317.3 108.4 10.0 15.7 324.5 114.2 325.0 114.0 326.6 117.2 324.8 120.5 325.0 120.4 0.9815
995.4 328.3 14.9 16.9 1001.2 335.4 1007.6 335.1 1005.5 338.7 1002.5 341.9 1006.9 341.8 0.9812
492.0 447.0 15.1 20.2 500.2 453.6 504.5 453.2 504.8 457.3 501.1 461.7 504.4 461.6 0.9812
164.2 57.7 12.1 14.2 169.3 62.3 173.9 61.7 173.3 64.4 170.9 68.2 174.3 67.8 0.9806
953.8 396.5 12.4 14.9 960.1 401.8 964.8 401.3 964.3 405.0 961.3 408.5 964.6 408.3 0.9784
1010.5 0.0 10.9 12.1 1015.3 3.0 1019.7 2.7 1018.7 6.1 1016.2 9.0 1019.4 8.9 0.9780
227.9 477.9 13.2 17.0 230.5 484.5 236.8 483.8 233.7 487.4 231.8 491.0 237.0 490.4 0.9772
665.4 245.8 13.5 16.5 670.6 252.4 676.5 252.2 674.3 256.2 671.5 259.2 675.6 259.1 0.9762
660.7 275.1 10.3 15.3 666.8 280.5 669.2 280.1 669.8 283.4 667.6 286.8 669.4 286.6 0.9744
672.2 272.8 11.5 14.3 678.0 277.2 682.1 277.0 681.7 280.3 678.9 283.6 681.8 283.6 0.9732
889.9 109.6 11.1 13.7 894.2 114.9 898.9 114.9 897.1 117.8 894.6 120.4 898.2 120.5 0.9727
435.7 340.0 16.0 19.7 444.9 347.0 448.5 345.8 450.4 350.0 447.6 355.1 449.9 354.3 0.9713
575.6 283.4 15.9 16.7 582.8 289.6 589.0 289.7 587.1 293.8 583.5 296.6 587.7 296.7 0.9704
732.5 164.6 12.2 14.2 737.8 170.2 742.5 169.9 741.2 173.3 738.7 176.3 742.0 176.2 0.9701
545.4 347.3 14.8 16.4 551.7 352.9 557.5 352.9 555.5 356.3 552.2 359.7 556.7 359.8 0.9691
694.8 53.2 11.7 15.1 699.7 59.3 704.2 61.1 701.4 63.5 698.1 65.0 701.3 66.5 0.9680
918.0 89.9 11.9 13.0 920.5 93.4 924.6 95.1 920.3 96.9 919.3 99.3 921.8 100.5 0.9662
321.7 481.0 13.7 18.0 328.5 489.8 332.9 488.3 333.2 492.5 331.1 496.3 334.0 495.2 0.9641
267.7 428.1 15.0 17.6 270.7 433.0 276.1 435.0 270.8 437.7 269.3 440.7 273.1 442.1 0.9618
702.5 174.7 12.0 14.5 705.7 179.3 711.5 179.6 708.5 182.5 705.9 185.3 710.6 185.5 0.9616
229.0 126.0 13.2 19.1 230.3 133.0 235.7 133.1 231.9 137.3 231.3 140.8 235.7 140.8 0.9609
680.9 250.1 11.3 16.1 686.6 256.9 690.4 256.3 689.8 260.1 687.3 263.2 689.9 262.9 0.9597
959.6 24.4 10.6 14.1 962.8 30.2 967.7 29.0 966.2 32.9 964.7 36.1 968.2 35.2 0.9595
385.1 452.0 15.7 17.8 387.8 461.1 393.3 458.5 391.2 463.1 391.8 467.1 395.5 465.0 0.9580
283.3 300.9 13.6 17.6 287.3 306.6 292.9 307.3 289.4 310.9 286.9 313.8 291.3 314.4 0.9531
719.3 188.3 12.6 17.2 723.2 194.4 728.8 194.9 725.8 198.2 723.4 201.3 727.6 201.6 0.9453
39.4 224.5 16.3 20.3 43.8 231.3 51.0 232.1 46.6 235.9 43.7 239.6 49.3 240.2 0.9449
687.3 221.4 11.9 14.5 691.7 227.4 696.8 226.6 695.3 230.1 693.2 233.2 696.9 232.6 0.9442
616.6 294.4 11.6 14.7 621.6 299.9 625.6 298.7 625.5 302.3 623.8 306.0 626.6 305.2 0.9411
931.9 122.3 10.4 13.4 935.1 127.5 939.7 127.6 937.5 130.7 935.5 133.1 938.9 133.2 0.9404
977.3 132.9 12.3 15.9 981.8 140.6 986.7 139.9 984.9 143.2 982.8 145.9 986.3 145.4 0.9403
938.4 0.0 11.5 12.6 941.0 5.0 945.9 4.1 943.8 8.0 942.8 10.7 946.4 10.0 0.9347
75.1 429.5 12.4 18.3 80.1 436.5 84.9 436.6 83.1 439.9 80.3 443.3 84.2 443.4 0.9336
5.0 290.3 14.5 16.4 8.5 295.5 15.5 295.3 12.0 298.9 9.3 302.4 15.0 302.3 0.9305
331.9 43.9 8.8 12.0 337.1 47.9 339.1 47.6 339.2 50.4 337.3 52.9 338.7 52.8 0.9274
1013.1 68.2 10.4 14.6 1017.8 74.1 1022.4 74.1 1020.7 77.0 1018.4 79.8 1021.8 79.8 0.9249
262.5 87.9 12.8 16.2 265.2 94.6 270.1 95.3 266.5 98.5 265.4 101.0 268.8 101.4 0.9034
896.4 68.9 9.6 12.0 898.1 73.1 901.3 73.4 898.7 75.6 898.3 77.9 900.8 78.0 0.9031
0.0 214.2 9.3 17.3 1.2 221.7 6.9 221.6 4.9 225.2 1.9 228.2 6.1 228.2 0.9021
746.5 16.4 8.6 12.2 749.2 21.6 753.3 21.8 751.3 24.3 749.4 26.3 752.4 26.5 0.8982
490.6 352.0 13.2 17.7 497.2 357.9 501.1 357.3 500.8 361.0 498.1 365.0 501.1 364.7 0.8953
572.1 365.4 15.3 16.6 576.9 370.7 583.4 370.8 580.1 374.5 577.4 377.9 582.4 378.1 0.8888
596.1 481.3 14.9 18.3 601.7 487.9 607.6 487.9 605.0 491.4 602.1 494.9 606.7 495.0 0.8840
863.3 181.7 10.8 15.6 866.7 187.5 871.6 187.3 869.6 190.5 867.4 193.5 871.5 193.3 0.8736
399.5 237.5 13.1 16.3 403.7 243.4 409.4 243.2 407.0 246.6 404.6 250.0 408.8 249.9 0.8707
676.1 146.8 11.7 13.3 679.1 152.6 684.4 151.6 682.3 155.3 681.0 157.8 684.7 157.1 0.8578
975.8 0.0 11.9 11.2 979.4 1.7 985.3 1.8 982.5 5.4 979.9 8.2 984.1 8.3 0.8539
781.8 4.6 11.1 14.0 785.5 9.7 790.3 9.9 788.1 12.5 785.9 15.3 789.5 15.5 0.8521
374.1 206.3 11.1 15.1 379.5 212.2 383.6 211.6 383.1 215.2 380.6 218.2 383.6 217.9 0.8463
642.0 358.8 13.4 17.4 649.6 365.8 652.5 364.5 654.1 368.2 652.2 372.3 654.1 371.5 0.8055
0.0 366.6 4.8 18.0 -2.7 373.4 2.2 373.3 1.0 377.1 -2.2 380.3 1.6 380.4 0.7993
574.4 236.0 12.9 15.7 581.5 241.2 585.3 240.8 585.3 244.1 582.6 247.5 585.4 247.4 0.7950
915.9 153.9 12.5 15.6 920.3 160.2 925.8 159.7 923.8 163.3 921.5 166.6 925.7 166.3 0.7851
502.2 208.5 14.0 17.9 507.9 214.9 512.3 213.2 513.0 216.6 511.4 221.8 514.6 220.6 0.7811
882.5 304.9 11.9 15.1 887.4 310.2 892.3 310.5 890.5 313.7 887.6 316.5 891.2 316.8 0.7765
814.3 227.5 10.7 13.5 817.7 233.5 822.3 233.1 820.6 236.2 818.8 238.9 822.4 238.7 0.7752
318.6 186.1 11.9 17.2 324.1 192.8 328.4 192.3 327.5 196.3 325.1 199.6 328.4 199.4 0.7704
313.1 334.8 13.7 18.6 320.5 341.0 324.6 340.3 324.6 343.9 321.7 348.3 325.0 347.8 0.7691
560.5 490.2 14.0 16.5 567.6 495.8 572.7 495.7 571.7 499.3 568.2 503.0 572.0 503.1 0.7681
252.5 0.0 12.8 15.9 258.0 5.8 263.3 4.6 262.5 9.0 260.0 12.9 263.7 12.1 0.7569
863.1 278.8 12.6 16.4 866.3 285.5 871.6 286.2 868.3 289.4 866.3 291.7 870.1 292.3 0.7457
951.8 23.2 9.0 12.6 957.7 28.2 959.5 28.3 959.8 31.0 957.4 33.3 958.6 33.5 0.7374
662.8 324.0 11.3 15.4 669.1 329.0 672.9 329.0 672.0 332.2 669.5 335.9 672.5 336.0 0.7254
952.8 115.0 12.3 14.5 957.4 120.3 962.7 120.8 960.1 123.9 957.2 126.2 961.3 126.7 0.7200
553.4 290.7 9.8 14.5 558.2 295.6 561.0 295.6 560.4 298.5 558.3 301.6 560.4 301.7 0.7089
181.0 34.4 10.2 13.0 183.4 39.0 187.7 39.0 185.2 41.7 183.8 44.4 187.3 44.4 0.7062
853.0 203.9 10.6 13.2 856.6 209.0 861.8 208.6 859.9 211.7 857.5 214.8 861.6 214.6 0.6407
922.1 131.8 10.0 15.1 927.9 137.1 930.3 137.0 930.4 140.1 928.0 143.1 929.9 143.2 0.6386
345.3 337.8 12.6 16.6 352.1 345.0 356.1 345.0 355.3 348.6 352.1 351.3 354.9 351.5 0.6310
597.6 371.6 15.9 19.0 602.0 377.8 609.2 378.7 605.1 382.4 601.7 385.9 607.6 386.5 0.6144
395.9 140.0 11.4 14.2 397.8 144.9 402.0 145.4 398.4 147.9 397.7 150.6 400.8 150.9 0.6089
440.1 371.4 15.7 18.0 449.4 377.3 453.8 377.6 452.8 381.2 448.7 384.3 452.0 384.7 0.5996
392.6 73.2 9.8 13.9 398.8 78.9 400.9 78.6 401.3 81.7 398.9 84.2 400.3 84.2 0.5872
907.1 118.0 10.8 13.4 910.5 123.2 915.3 123.7 912.6 126.4 910.5 128.5 914.0 128.9 0.5677
34.0 318.6 13.5 17.4 38.9 325.9 44.5 325.4 42.4 329.3 40.0 332.8 44.4 332.4 0.5603
585.0 141.5 12.9 15.4 589.4 146.4 595.6 146.5 593.1 150.0 589.9 153.4 594.8 153.5 0.5603
352.6 500.2 16.0 11.3 354.7 507.1 360.7 507.5 356.0 511.0 354.9 514.4 359.8 514.7 0.5275
381.0 9.5 9.2 10.7 383.8 13.3 387.8 13.2 386.1 15.5 384.4 17.6 387.5 17.5 0.5199
