12--Group/12_Group_Group_12_Group_Group_12_184.jpg
82
547.3 524.5 64.2 64.0 559.5 555.6 581.3 554.0 568.9 573.3 575.8 578.4 589.3 576.1 0.9998
555.2 177.4 26.1 31.4 558.9 189.5 568.2 189.0 561.6 195.4 561.2 201.6 568.5 200.8 0.9998
368.6 198.8 21.1 28.1 370.4 209.6 375.5 209.6 369.4 215.2 371.8 221.1 375.4 220.7 0.9998
364.0 476.2 48.5 62.3 368.6 499.9 385.7 501.3 368.7 513.0 370.7 524.4 382.4 525.1 0.9997
238.8 453.2 47.8 59.3 244.3 477.0 263.9 477.2 249.1 489.9 248.5 498.6 264.1 498.3 0.9997
4.2 490.0 48.0 60.3 11.0 515.4 15.8 515.1 9.7 529.6 23.5 538.1 26.2 537.2 0.9997
491.3 301.6 37.5 43.6 495.5 317.6 510.2 317.6 498.2 326.2 497.0 335.1 507.7 335.0 0.9996
76.0 320.1 30.7 38.1 79.0 332.4 85.9 332.5 77.0 340.6 81.5 348.4 86.3 348.1 0.9996
960.2 329.8 37.4 48.9 963.3 350.1 973.3 347.6 963.0 357.6 968.0 368.0 975.2 365.6 0.9995
47.4 278.5 23.3 27.7 51.2 287.4 57.9 288.2 50.2 292.7 50.4 298.6 55.1 299.0 0.9995
413.4 226.0 26.2 31.8 416.6 235.8 427.4 236.4 418.1 241.8 416.2 249.1 424.7 249.4 0.9995
337.0 302.9 35.5 46.2 341.5 321.0 356.6 320.4 345.1 328.4 343.0 338.5 354.2 337.9 0.9995
196.2 298.7 32.8 40.9 199.7 314.5 214.2 314.6 203.5 322.5 202.0 330.4 212.9 330.3 0.9994
107.6 272.0 26.0 30.6 111.3 282.5 121.0 283.0 112.0 286.9 110.9 294.3 117.8 294.5 0.9994
504.5 199.8 29.6 39.3 508.4 216.0 520.6 215.0 511.4 221.7 510.2 230.2 519.3 229.3 0.9994
822.4 166.5 29.1 39.5 827.1 182.9 840.5 182.8 831.9 190.3 828.6 197.0 839.3 196.9 0.9993
348.7 179.6 21.8 29.1 351.7 190.8 360.7 190.6 354.6 195.6 352.7 201.5 360.2 201.2 0.9993
766.4 359.2 45.8 58.1 774.1 382.9 794.9 383.5 780.4 392.8 775.5 404.5 790.6 404.9 0.9993
958.3 88.7 31.7 25.7 967.6 106.0 973.3 102.6 973.1 111.3 979.6 113.4 981.1 110.5 0.9993
908.6 98.1 20.9 25.9 911.4 108.3 919.0 107.6 913.7 113.2 913.5 118.1 919.4 117.3 0.9992
904.0 308.6 37.5 45.0 912.7 327.2 930.1 325.3 921.7 335.9 916.9 344.8 929.3 343.3 0.9992
451.5 174.0 24.1 32.7 454.0 186.5 463.9 186.2 456.6 192.3 455.5 199.0 463.2 198.5 0.9991
326.6 240.6 25.9 34.2 329.5 252.9 338.9 252.1 331.5 259.3 331.4 266.3 339.0 265.4 0.9991
771.2 94.7 16.5 18.5 774.7 101.0 782.0 100.5 778.1 104.5 775.8 108.2 781.8 107.8 0.9991
602.1 126.3 22.9 28.8 605.0 137.0 614.4 136.6 607.1 140.5 605.6 147.3 612.8 146.9 0.9991
258.2 213.4 19.9 28.1 260.4 225.4 266.7 225.6 260.8 231.0 262.5 235.7 266.8 235.6 0.9991
194.3 251.6 26.1 34.4 197.1 265.2 205.5 266.8 196.6 271.7 196.6 277.1 203.1 278.0 0.9991
983.1 224.3 40.6 55.7 992.2 247.8 1011.3 247.8 1000.2 258.3 994.5 268.2 1008.6 268.1 0.9990
688.3 134.8 25.9 32.1 691.1 147.0 701.7 146.8 693.2 152.6 692.0 159.6 699.8 159.4 0.9990
195.4 91.5 11.3 14.2 196.5 96.9 200.3 96.6 197.2 99.7 197.7 102.7 200.5 102.3 0.9988
834.9 107.3 28.1 36.8 850.2 121.6 859.8 121.1 859.1 128.3 851.8 135.2 859.0 135.1 0.9987
727.7 146.0 18.3 27.4 729.6 158.2 732.8 158.3 728.4 163.5 731.9 168.0 734.0 167.8 0.9986
255.2 171.0 20.1 24.6 257.6 179.4 265.8 179.4 259.1 183.8 257.9 188.9 264.4 188.9 0.9984
675.7 139.4 16.4 23.8 679.7 148.8 687.5 148.2 683.7 153.2 681.4 158.3 687.5 157.8 0.9982
152.1 227.4 19.2 27.4 154.3 237.2 159.7 237.4 153.8 242.6 154.9 248.3 158.6 248.3 0.9982
175.0 126.3 16.0 19.7 180.0 134.3 187.2 134.2 184.0 138.0 181.1 141.8 186.5 141.7 0.9977
686.8 186.8 26.6 35.9 690.4 200.2 701.4 200.3 692.2 205.2 690.2 213.6 698.7 213.5 0.9977
186.4 190.7 17.1 21.1 188.8 197.3 194.7 197.6 189.2 201.3 188.7 206.1 193.0 206.1 0.9972
0.0 237.5 14.0 27.3 -1.2 247.9 2.4 249.2 -3.3 253.7 -1.5 258.5 0.9 259.1 0.9971
549.4 138.7 16.4 20.1 554.0 147.5 561.0 146.5 558.0 150.9 555.6 154.5 561.1 153.8 0.9970
867.9 109.2 18.4 22.4 872.7 119.2 880.7 117.2 877.8 122.8 875.7 127.4 881.8 125.8 0.9965
74.2 239.5 19.2 27.7 76.6 250.6 81.2 251.2 75.9 256.5 78.3 261.2 81.4 261.4 0.9961
510.6 97.4 12.5 15.7 515.2 104.3 520.4 103.3 519.0 107.1 517.0 110.1 520.7 109.4 0.9943
901.8 80.3 17.8 19.8 907.6 87.1 915.5 86.5 912.2 90.5 908.8 94.9 915.0 94.5 0.9925
414.0 172.9 16.1 20.9 418.0 179.7 425.2 179.7 421.5 184.0 418.8 188.4 424.6 188.4 0.9912
169.1 113.5 8.4 10.4 170.9 117.3 174.6 117.3 172.5 119.3 171.3 121.4 174.3 121.3 0.9907
209.8 91.6 10.2 12.6 211.3 96.8 214.1 96.2 212.0 99.2 212.8 101.6 214.8 101.0 0.9905
429.7 46.0 7.9 9.1 431.1 49.5 434.5 49.2 432.7 51.3 432.0 53.2 434.6 52.9 0.9903
981.4 39.2 11.8 14.8 986.6 44.9 991.2 45.3 989.4 48.2 986.5 50.6 989.9 51.0 0.9898
893.1 31.5 8.6 11.7 894.4 35.7 897.0 35.8 894.6 38.0 894.7 40.2 896.7 40.2 0.9881
453.1 138.1 16.1 19.9 455.0 146.6 461.3 146.8 456.9 151.0 456.3 154.1 460.9 154.1 0.9796
540.4 96.6 12.9 13.2 543.0 103.5 546.1 102.6 544.7 106.3 546.7 108.3 548.3 107.5 0.9783
454.7 106.5 7.8 9.5 456.5 110.3 459.9 110.1 458.2 112.0 457.1 113.8 459.8 113.7 0.9768
451.8 117.9 9.6 11.8 453.6 123.0 457.5 122.6 455.4 125.3 454.8 127.5 457.6 127.1 0.9735
595.7 60.5 8.9 11.2 598.4 64.8 602.4 64.6 600.7 66.8 599.0 69.0 602.3 68.9 0.9712
404.2 54.6 7.6 10.4 406.0 58.8 409.7 58.6 408.0 60.8 406.7 62.8 409.7 62.6 0.9682
122.1 180.1 16.5 24.4 125.3 188.7 130.4 189.4 125.6 193.9 124.8 198.1 129.0 198.5 0.9611
528.3 106.8 8.7 11.4 529.6 110.9 532.6 111.3 529.9 113.5 529.6 115.7 531.9 115.9 0.9610
497.1 96.4 7.8 10.3 498.8 100.6 502.2 100.4 500.4 102.7 499.5 104.8 502.2 104.6 0.9607
859.3 71.7 11.7 14.3 864.0 76.9 868.7 76.5 867.4 79.6 865.0 82.7 868.6 82.5 0.9585
599.2 88.7 10.6 12.5 601.5 93.7 606.4 93.3 603.9 96.2 602.7 98.9 606.5 98.6 0.9519
481.7 102.4 10.3 12.2 485.4 107.3 489.6 107.2 488.0 109.8 485.9 112.1 489.1 112.2 0.9511
149.9 150.7 12.1 15.3 154.0 155.6 159.3 155.4 157.3 158.9 154.7 162.2 158.9 162.1 0.9468
646.9 64.7 8.1 10.9 647.9 68.8 650.3 68.7 648.2 71.0 648.6 73.3 650.3 73.1 0.9433
71.2 154.5 12.3 16.1 76.9 160.8 81.8 161.5 80.0 164.8 76.5 167.2 79.9 167.9 0.9361
933.7 43.2 10.7 13.5 938.1 48.8 942.7 48.7 941.0 52.0 938.6 54.3 941.8 54.3 0.9295
878.0 81.0 11.8 15.0 881.4 87.2 886.1 86.8 884.0 90.0 882.6 93.0 886.1 92.7 0.9260
84.1 141.8 11.0 12.4 85.3 146.7 88.6 146.4 86.3 149.6 87.0 152.0 89.1 151.6 0.9214
785.9 71.0 7.8 8.1 787.8 73.9 791.2 73.5 789.7 75.4 788.7 77.2 791.4 77.0 0.9205
538.8 64.7 6.4 7.6 540.2 67.4 543.3 67.2 541.9 69.0 541.0 70.7 543.4 70.5 0.9137
503.0 131.9 12.6 16.0 504.9 138.1 508.8 137.8 505.7 141.3 506.0 144.4 508.9 144.1 0.8693
426.2 98.2 9.6 13.0 427.8 103.5 431.3 103.0 429.1 106.2 429.1 108.8 431.6 108.3 0.8518
808.2 64.9 8.6 10.1 810.6 68.8 814.4 68.7 812.4 70.9 811.1 72.8 814.1 72.8 0.8460
727.8 79.2 12.3 16.5 729.9 86.6 732.0 86.9 729.3 90.2 731.0 92.9 732.0 92.8 0.8203
426.1 124.1 10.0 12.5 428.7 128.7 432.6 128.9 430.2 131.2 429.0 133.6 432.1 133.6 0.8059
162.2 129.4 10.1 13.8 168.6 134.0 170.6 133.8 170.9 137.0 168.3 139.8 169.7 139.8 0.7845
1010.1 52.9 8.4 10.0 1012.7 56.6 1016.8 56.6 1015.0 58.7 1013.1 60.8 1016.4 60.7 0.7111
398.0 43.9 5.9 7.3 399.9 46.7 402.7 46.7 401.5 48.2 400.2 49.7 402.4 49.8 0.6844
104.0 146.1 12.7 16.8 108.3 152.5 113.6 152.3 111.3 155.9 109.0 159.5 113.2 159.4 0.6644
832.5 6.7 9.0 12.1 834.2 11.8 836.4 11.9 834.2 14.3 834.7 16.7 836.1 16.6 0.6035
818.2 76.3 11.1 13.7 823.0 81.5 827.5 80.6 826.6 84.2 824.5 87.3 827.7 86.7 0.5945
582.4 61.6 6.6 9.4 587.1 65.6 588.0 65.4 588.7 67.5 587.3 69.3 587.7 69.3 0.5494
