12--Group/12_Group_Group_12_Group_Group_12_60.jpg
43
345.5 206.5 17.8 23.8 351.4 215.9 359.5 215.9 356.0 220.2 351.7 223.8 359.2 223.7 0.9998
267.5 198.1 18.4 21.4 273.5 205.1 282.1 205.4 278.0 209.6 273.6 213.2 281.1 213.5 0.9996
519.6 227.8 16.9 23.2 525.0 237.1 533.1 237.7 529.2 242.3 524.9 245.1 532.0 245.6 0.9996
200.3 215.1 20.7 24.7 206.9 224.1 216.4 224.1 212.0 228.9 207.7 233.8 215.6 233.8 0.9995
169.4 197.1 18.1 22.3 175.2 206.2 183.1 205.9 179.8 210.1 176.1 213.7 182.6 213.5 0.9995
493.3 208.3 16.3 21.5 498.5 216.6 506.2 216.7 502.8 220.8 498.5 223.8 505.8 224.0 0.9995
100.3 205.1 20.3 24.7 107.1 215.9 116.2 215.1 112.7 219.5 108.4 223.8 116.2 223.2 0.9995
477.9 200.5 13.7 17.5 481.9 207.8 488.0 207.2 485.5 210.8 483.2 214.1 488.2 213.7 0.9995
134.6 227.4 20.2 22.0 143.0 235.0 151.5 235.8 148.0 240.1 142.3 243.2 149.6 244.1 0.9995
362.8 197.6 16.2 21.1 368.6 206.6 376.1 206.6 372.9 211.0 369.2 214.4 375.0 214.5 0.9994
692.9 187.3 14.9 19.9 697.1 195.2 704.1 195.4 700.6 199.5 697.0 201.7 703.8 201.8 0.9994
39.2 206.5 20.4 26.2 47.9 216.1 56.7 216.4 53.6 220.6 48.6 225.7 55.9 226.0 0.9994
606.4 206.8 16.7 23.3 611.0 216.4 618.9 216.2 615.1 220.8 611.1 223.8 618.6 223.7 0.9994
940.9 194.6 17.0 22.2 944.6 203.3 952.3 203.6 947.9 207.5 944.9 210.9 951.6 211.2 0.9994
405.1 213.5 17.2 21.7 411.7 221.8 419.4 222.5 416.2 226.4 411.3 229.0 418.3 229.6 0.9994
578.0 189.7 16.1 19.1 582.3 197.5 589.6 196.5 586.4 200.1 583.5 203.7 590.1 203.0 0.9993
453.1 196.2 13.1 15.6 457.5 202.1 463.5 202.0 460.9 205.0 458.2 208.0 463.1 207.9 0.9993
435.4 199.1 15.5 18.0 441.7 205.3 448.2 205.9 445.6 209.7 441.9 212.9 446.7 213.4 0.9993
883.0 194.0 15.1 18.7 885.8 201.3 892.2 201.3 888.2 205.3 886.5 208.1 891.9 208.0 0.9993
734.9 202.7 16.0 23.0 738.5 213.0 745.7 212.4 741.9 216.8 739.4 220.2 745.6 219.7 0.9993
531.5 202.1 14.9 18.2 535.5 209.4 542.4 208.9 539.3 212.8 536.8 216.3 542.4 215.9 0.9993
385.0 193.6 15.4 20.4 390.3 201.7 397.4 201.2 394.6 205.8 391.4 209.4 397.1 209.0 0.9993
663.8 204.3 15.3 21.0 668.9 211.4 676.1 211.4 673.1 216.1 669.5 220.2 675.4 220.2 0.9992
291.0 198.6 17.2 22.7 296.2 207.3 304.0 207.6 300.1 211.1 296.2 215.0 303.2 215.2 0.9992
695.5 231.0 13.2 18.6 699.1 238.5 705.2 238.3 702.4 241.6 699.7 244.8 705.0 244.7 0.9992
891.8 222.9 15.3 18.1 894.8 229.7 901.6 228.7 898.2 233.6 896.6 236.7 902.3 235.8 0.9992
508.9 186.4 15.2 19.7 512.4 196.0 518.7 193.6 516.4 199.1 515.0 202.3 520.6 200.4 0.9992
432.1 215.1 15.8 20.7 438.0 223.5 445.3 222.4 443.6 226.0 440.1 230.8 446.2 229.9 0.9992
464.5 220.5 17.8 25.5 470.0 231.3 478.1 231.7 474.2 236.4 470.0 239.4 477.2 239.8 0.9991
783.7 214.6 15.9 21.2 787.8 222.6 795.1 223.0 791.2 227.0 788.3 230.6 794.1 230.9 0.9991
819.4 193.4 16.3 20.1 824.0 200.6 831.7 201.3 827.6 204.6 823.4 207.0 830.9 207.6 0.9991
253.2 182.3 15.3 20.5 258.2 190.5 265.1 190.0 262.4 194.1 259.1 197.7 265.0 197.3 0.9991
548.7 211.2 17.2 24.1 553.2 221.4 561.1 221.6 557.0 225.8 553.8 229.4 560.4 229.6 0.9990
646.6 209.6 16.1 22.7 651.4 219.3 658.9 219.1 655.5 223.8 652.1 227.2 658.3 227.1 0.9990
349.2 179.1 16.7 21.0 355.5 188.6 362.7 189.0 359.5 193.1 355.9 196.1 361.1 196.4 0.9989
755.2 202.5 15.5 19.7 759.4 209.6 766.3 209.4 762.9 213.5 760.1 217.1 765.9 217.0 0.9989
564.0 237.6 15.6 21.0 568.2 246.2 575.1 245.9 571.7 250.1 568.9 253.3 575.1 253.1 0.9988
819.9 220.0 15.0 19.8 823.2 227.3 830.5 227.4 826.5 231.1 823.8 234.7 830.1 234.7 0.9985
975.2 221.9 17.5 20.3 977.8 229.4 985.5 229.0 980.5 232.6 978.6 236.7 985.0 236.4 0.9985
627.3 193.2 15.0 20.4 630.8 201.6 637.8 201.2 634.3 205.6 631.6 208.8 637.8 208.4 0.9985
745.3 180.6 16.1 19.8 748.7 190.0 756.3 189.9 752.0 193.8 749.5 196.7 755.5 196.6 0.9984
302.6 185.2 15.1 19.7 308.5 192.7 315.1 192.5 312.9 196.9 309.4 200.4 314.5 200.3 0.9983
54.6 206.8 16.1 23.7 58.5 216.2 65.6 216.7 61.8 221.0 58.5 224.9 64.4 225.3 0.9970
