12--Group/12_Group_Team_Organized_Group_12_Group_Team_Organized_Group_12_329.jpg
8
605.1 137.9 23.8 28.0 614.9 148.1 624.3 148.2 620.9 153.4 615.5 158.4 623.1 158.6 0.9998
663.7 144.4 23.8 30.1 670.4 156.6 681.3 156.0 676.4 161.1 672.0 166.8 681.1 166.4 0.9996
824.7 141.0 22.5 28.3 830.7 151.2 840.6 151.7 835.1 156.4 830.9 161.5 839.2 161.8 0.9995
875.9 140.5 22.8 28.9 879.6 153.6 889.6 153.1 883.6 158.1 881.1 163.1 889.3 162.6 0.9993
766.2 144.5 22.1 25.3 772.5 153.5 783.1 152.5 778.6 158.2 774.0 162.9 783.3 162.1 0.9992
705.3 145.0 26.4 31.7 712.9 157.3 725.6 156.9 719.7 162.8 714.1 168.6 724.8 168.3 0.9992
791.7 127.0 22.4 27.6 797.1 137.4 807.9 137.3 802.3 142.3 797.9 147.5 807.1 147.5 0.9991
921.8 134.2 22.6 27.9 927.0 144.4 938.0 144.6 932.2 150.3 928.3 155.5 936.8 155.6 0.9988
