12--Group/12_Group_Group_12_Group_Group_12_1019.jpg
91
581.5 67.9 39.4 47.7 591.1 86.4 608.0 92.7 594.9 98.8 586.9 101.7 601.2 106.5 0.9997
738.8 187.2 44.2 57.2 746.6 210.2 766.5 209.2 754.5 222.3 750.5 231.5 766.4 230.5 0.9997
662.3 319.4 149.2 187.2 698.6 390.8 770.9 391.9 733.2 431.6 709.0 464.9 762.9 465.1 0.9996
215.3 537.1 93.2 102.9 238.2 582.5 278.5 573.2 262.7 596.6 252.9 617.2 285.9 608.9 0.9996
228.1 32.5 74.8 94.8 257.1 69.0 289.7 72.1 275.9 91.7 257.4 105.0 281.0 107.7 0.9995
25.7 515.0 137.1 165.6 71.9 575.0 135.3 574.0 114.0 605.7 86.3 644.5 131.1 643.1 0.9995
94.3 24.1 65.8 88.6 105.8 54.1 137.3 53.9 116.4 66.3 106.9 86.3 133.5 86.0 0.9995
769.9 537.5 40.3 52.6 781.7 560.5 801.0 561.3 791.3 571.3 782.0 577.1 798.8 577.7 0.9993
413.4 534.0 93.6 113.7 429.4 578.4 472.1 572.2 448.7 603.8 438.7 615.9 480.2 610.1 0.9993
337.6 386.1 73.4 99.2 347.2 430.3 381.9 430.5 359.2 452.3 352.3 464.8 379.9 464.8 0.9992
401.8 199.5 21.0 25.3 406.0 208.5 415.5 207.6 410.5 212.6 407.9 218.5 415.2 217.8 0.9992
728.0 557.9 40.3 47.6 741.4 578.1 759.1 574.0 754.1 585.7 745.6 593.2 761.8 590.1 0.9991
233.6 793.9 20.1 23.7 241.3 800.5 250.4 801.9 246.1 807.0 240.5 810.5 247.9 811.7 0.9991
385.8 898.8 66.4 81.6 402.3 927.3 433.5 929.5 415.5 942.9 404.4 959.6 426.2 961.2 0.9990
436.3 207.7 15.3 19.6 440.8 214.6 447.7 215.0 444.0 218.3 440.9 222.0 446.7 222.2 0.9990
52.9 722.5 13.1 15.4 56.5 728.0 62.4 728.0 59.4 731.1 57.1 734.1 61.9 734.0 0.9989
47.1 88.6 61.9 69.9 55.7 112.9 83.3 110.1 64.3 124.6 59.4 141.6 79.8 139.3 0.9989
422.3 353.1 100.3 142.2 460.6 401.7 506.9 411.2 486.2 432.5 449.8 446.9 497.6 455.5 0.9989
63.7 708.6 11.3 13.8 67.0 714.3 72.1 714.4 69.6 716.9 67.4 719.3 71.5 719.4 0.9988
984.5 743.0 26.6 25.0 992.0 752.3 1003.2 750.3 999.7 751.9 996.3 760.1 1004.8 758.4 0.9988
493.6 203.4 17.8 24.9 498.5 213.1 506.7 212.6 502.8 217.8 499.8 222.6 506.5 222.2 0.9982
128.2 707.2 13.9 15.9 131.7 712.8 138.5 712.8 135.2 716.2 132.4 719.7 137.8 719.7 0.9976
123.9 725.9 15.5 19.4 125.5 732.3 131.0 732.2 126.3 736.5 126.2 740.6 130.6 740.4 0.9971
262.6 794.7 17.3 21.2 267.5 802.1 275.3 802.3 271.5 806.1 268.3 810.4 274.4 810.5 0.9969
344.9 221.9 15.6 19.0 351.6 229.2 357.8 228.8 355.9 233.4 352.5 237.0 356.9 236.8 0.9968
173.3 764.3 21.4 26.5 184.2 772.0 192.4 773.3 189.8 779.0 183.0 783.5 189.2 784.8 0.9966
206.7 715.7 18.7 22.0 212.7 722.7 220.4 726.7 214.2 728.1 209.7 730.6 215.4 733.7 0.9964
205.4 771.6 16.7 21.9 209.1 780.8 217.0 780.5 212.8 785.3 210.5 789.2 216.5 788.9 0.9963
91.6 698.7 10.0 12.9 94.2 704.1 98.7 704.1 96.4 706.4 94.5 708.6 98.2 708.7 0.9961
117.2 414.6 36.0 46.1 126.9 435.6 143.5 435.1 135.2 444.6 129.0 451.0 141.9 450.6 0.9959
259.5 173.9 11.6 13.7 263.2 178.9 268.5 178.9 266.0 181.6 263.6 184.1 268.0 184.2 0.9957
200.2 234.0 17.6 21.1 205.2 241.7 214.2 241.7 210.2 246.0 206.4 250.3 213.1 250.3 0.9957
263.3 225.8 15.4 20.4 266.4 231.5 273.5 231.7 269.3 236.1 266.8 240.2 273.2 240.2 0.9953
291.7 767.7 14.8 17.6 294.6 773.7 301.2 773.4 297.3 776.7 295.6 780.8 300.6 780.6 0.9951
235.5 742.9 16.3 17.9 238.5 752.5 243.5 750.3 241.4 755.5 243.0 758.6 246.0 756.8 0.9950
208.1 820.4 16.9 21.0 210.1 827.0 217.3 826.7 212.6 831.6 211.7 836.3 217.1 835.9 0.9950
31.9 719.0 12.4 15.4 34.8 725.1 40.4 725.6 37.0 728.0 35.0 730.5 39.5 730.8 0.9946
175.4 819.0 23.2 28.6 185.0 829.4 195.1 827.8 193.0 835.3 188.0 841.4 195.1 840.5 0.9942
97.9 713.6 12.3 15.4 100.6 720.4 106.0 720.3 103.1 723.4 101.4 726.2 105.6 726.1 0.9941
298.9 180.1 12.2 15.4 302.7 185.6 308.3 185.6 305.7 188.4 303.2 191.4 307.8 191.4 0.9939
656.1 574.9 8.5 11.8 657.3 580.1 659.3 580.0 657.3 582.5 658.2 584.6 659.4 584.3 0.9939
288.4 229.1 15.9 18.3 292.8 235.8 300.7 235.7 297.0 240.4 293.9 243.6 299.9 243.5 0.9939
259.3 823.1 17.7 23.2 263.4 829.9 271.6 831.0 266.4 834.9 262.8 838.9 270.3 839.7 0.9916
202.6 288.0 23.9 25.5 209.8 297.8 221.2 298.4 215.7 304.4 210.6 307.9 219.1 308.4 0.9914
323.7 178.0 9.7 12.1 327.2 182.8 331.3 183.0 329.2 185.2 327.2 187.3 330.5 187.5 0.9913
200.4 207.1 16.3 20.5 203.2 214.1 210.3 213.2 206.5 217.6 204.6 221.9 211.2 221.1 0.9912
262.1 709.5 15.6 17.5 266.4 715.5 273.6 715.5 270.0 719.5 267.3 722.8 272.7 722.8 0.9911
577.6 364.6 13.7 18.4 582.4 372.3 588.7 372.1 586.1 375.8 583.3 379.1 588.1 379.0 0.9893
68.4 720.7 11.2 13.4 70.5 725.1 75.9 725.2 72.9 728.2 71.0 731.1 75.3 731.1 0.9889
234.6 259.7 13.9 16.8 238.3 265.8 244.4 266.0 241.2 269.3 238.8 272.5 243.5 272.6 0.9883
312.7 233.2 16.9 20.6 316.4 241.0 324.8 240.9 320.4 245.3 317.4 249.2 323.9 249.1 0.9875
291.9 744.1 14.6 17.3 295.0 749.5 301.9 750.1 297.6 753.3 295.1 756.8 300.4 757.3 0.9869
321.3 207.9 9.8 12.0 324.3 212.1 328.8 212.3 326.6 214.6 324.4 216.8 328.1 217.0 0.9869
147.4 707.2 13.6 15.6 149.3 712.3 155.2 712.6 151.1 715.8 149.7 719.2 154.3 719.2 0.9866
648.2 58.7 15.4 22.8 656.4 68.6 661.5 68.2 660.6 72.4 657.3 76.9 661.3 76.7 0.9862
179.8 261.8 14.3 17.2 182.7 268.7 188.7 267.9 185.6 272.1 184.6 275.7 188.7 275.1 0.9760
236.6 231.2 15.3 18.0 240.9 237.6 249.0 238.0 244.9 241.9 241.4 245.3 247.5 245.6 0.9753
797.8 508.2 27.8 28.6 804.8 517.6 817.2 517.4 810.7 522.4 806.5 529.1 815.9 528.9 0.9712
321.9 772.0 11.8 14.3 324.4 776.7 329.4 777.0 326.3 779.5 324.5 782.3 328.6 782.5 0.9709
521.9 56.2 28.2 25.8 540.6 69.9 542.9 70.1 543.3 76.7 534.7 77.3 535.5 78.0 0.9693
667.4 243.3 9.5 11.3 670.6 247.4 674.8 247.0 673.3 249.6 671.6 252.0 674.9 251.7 0.9682
290.3 314.8 14.9 20.3 295.2 323.2 301.6 323.0 299.0 327.1 296.1 330.8 301.2 330.8 0.9669
319.6 795.4 13.7 17.7 325.2 802.9 330.9 802.6 328.9 806.3 325.7 809.1 330.2 808.9 0.9654
537.9 598.9 7.7 9.2 540.0 602.5 543.3 602.9 541.3 604.5 539.8 606.0 542.5 606.3 0.9641
316.1 714.4 13.8 19.1 317.9 721.6 323.6 721.2 319.7 725.6 319.1 729.6 323.4 729.2 0.9490
261.7 768.1 16.1 22.7 268.7 776.7 274.8 776.1 273.3 781.3 270.0 786.0 274.6 785.7 0.9352
181.1 799.4 16.4 19.8 186.4 806.6 193.9 806.2 190.8 810.2 187.5 814.3 193.8 814.1 0.9342
203.1 314.0 17.9 23.1 211.3 322.0 218.3 321.2 217.2 325.4 213.0 330.6 218.5 330.2 0.9187
639.8 593.0 7.5 9.0 641.9 596.3 645.0 596.7 643.1 598.4 641.7 599.9 644.2 600.2 0.9179
172.9 707.8 26.4 31.5 178.2 719.5 191.0 719.8 183.8 727.7 179.9 733.3 188.9 733.5 0.9027
211.9 746.9 9.5 12.6 216.9 751.8 220.2 751.7 219.7 754.3 217.3 756.8 219.7 756.8 0.8971
556.8 601.4 7.5 8.6 558.3 604.3 561.5 604.2 559.7 606.2 558.9 608.0 561.3 607.9 0.8793
605.1 41.8 22.2 28.1 618.1 54.8 624.4 53.5 625.3 59.4 621.3 64.8 625.4 64.1 0.8754
392.0 209.5 14.8 20.6 397.3 216.5 404.2 216.1 402.0 220.1 398.9 225.0 404.3 224.8 0.8704
227.1 279.9 21.7 28.4 230.5 288.5 239.4 287.8 233.5 294.6 232.0 301.0 238.9 300.3 0.8669
637.1 232.8 10.3 12.3 641.2 237.8 645.5 237.6 644.3 240.4 641.9 242.8 645.1 242.8 0.8618
523.4 583.5 7.2 10.4 528.4 587.7 529.4 587.3 530.4 589.5 528.9 591.7 529.5 591.6 0.8505
700.2 888.7 30.1 35.3 705.8 898.6 718.3 899.9 708.8 905.2 704.8 913.1 714.5 914.0 0.8486
292.7 692.2 13.0 16.0 295.6 698.0 301.3 698.1 298.0 700.2 295.8 703.6 300.5 703.7 0.8343
36.0 451.8 43.0 32.6 58.1 472.5 50.0 470.6 52.6 464.9 58.4 456.3 52.7 454.6 0.8289
759.0 872.1 29.2 37.1 761.8 883.2 773.3 884.1 762.3 890.6 761.5 898.9 769.8 899.4 0.8272
227.6 310.3 16.0 21.3 231.4 317.2 239.4 317.8 234.9 322.2 231.6 326.3 237.9 326.8 0.8161
450.0 212.3 11.7 17.1 452.2 218.3 456.8 218.8 453.8 221.2 452.1 224.8 455.7 225.1 0.7674
317.7 744.4 17.0 17.4 322.4 750.6 330.1 750.7 326.3 754.4 323.1 758.1 329.1 758.1 0.7488
577.9 606.8 7.0 8.6 580.6 610.1 583.4 610.0 582.4 611.8 581.0 613.5 583.1 613.5 0.7288
315.1 255.7 12.7 16.1 319.0 261.0 324.9 260.9 322.4 264.1 319.7 267.6 324.6 267.5 0.7087
266.8 290.2 15.3 19.7 274.0 297.6 279.5 296.9 278.8 301.1 275.4 305.6 279.5 305.2 0.6627
601.1 605.9 7.9 9.3 603.3 609.5 606.8 609.7 604.8 611.5 603.3 613.1 606.0 613.3 0.6193
314.8 828.2 19.5 24.5 319.8 837.1 328.4 837.4 323.9 842.4 320.5 847.0 327.2 847.2 0.6163
311.3 309.9 21.2 27.8 317.3 317.8 326.5 318.9 320.9 325.1 316.7 330.5 323.8 331.3 0.5308
620.4 222.9 10.4 13.0 623.9 228.5 628.7 228.8 626.5 231.6 624.1 234.0 627.8 234.2 0.5079
