12--Group/12_Group_Group_12_Group_Group_12_876.jpg
11
819.8 272.8 23.8 29.6 826.9 284.0 838.3 285.1 832.5 289.9 826.6 294.2 836.7 295.1 0.9997
698.2 264.2 21.8 28.9 704.5 275.8 714.8 275.3 710.2 281.0 705.8 286.2 714.2 285.8 0.9997
109.4 326.5 38.4 64.9 137.7 352.2 140.7 351.5 148.2 362.9 136.4 374.9 138.9 375.1 0.9995
575.3 261.6 21.3 26.5 583.3 272.8 592.3 270.2 590.4 276.6 586.3 282.4 593.2 280.4 0.9994
462.4 270.4 23.2 33.9 478.1 283.7 482.9 282.0 485.7 289.2 480.5 296.5 483.7 295.7 0.9994
420.9 284.7 22.6 36.2 436.1 298.6 439.6 297.4 443.4 305.0 437.1 312.3 439.5 312.0 0.9993
368.5 277.7 25.8 42.5 387.8 293.0 389.4 292.5 395.2 300.7 387.7 309.2 388.8 309.2 0.9992
0.0 360.5 31.5 72.4 20.9 385.8 22.8 383.3 32.4 397.9 20.7 414.1 22.1 413.1 0.9991
259.3 279.6 32.2 48.0 281.5 297.1 284.5 295.5 291.6 304.7 283.5 314.9 285.7 314.6 0.9990
920.4 261.5 33.8 52.2 927.6 279.7 930.5 279.9 920.9 288.5 927.7 299.3 930.5 298.9 0.9988
214.6 467.2 57.3 104.4 261.9 505.7 261.5 501.7 268.7 523.5 258.2 546.1 258.3 543.2 0.9915
