12--Group/12_Group_Large_Group_12_Group_Large_Group_12_32.jpg
9
725.3 153.3 32.7 29.2 732.2 168.1 742.0 165.3 737.9 174.9 741.5 178.4 747.4 175.9 0.9999
852.4 210.8 40.2 67.5 861.8 234.7 862.8 236.3 852.1 246.1 860.3 260.4 861.4 260.8 0.9997
561.5 155.8 27.8 34.4 571.4 172.5 582.8 168.3 580.7 177.1 576.6 183.7 585.6 180.6 0.9997
91.1 175.8 40.5 54.6 117.7 199.0 127.7 197.5 129.8 208.6 118.0 218.6 124.7 218.2 0.9995
413.3 171.2 29.5 34.6 432.2 184.8 439.2 183.4 440.4 191.6 431.8 198.2 436.4 197.5 0.9994
41.0 242.3 49.7 72.6 74.3 265.0 75.7 263.0 90.1 273.2 84.1 293.1 85.5 291.9 0.9992
943.7 152.0 35.0 49.0 948.2 171.8 961.5 172.0 950.1 180.2 949.2 189.2 958.9 189.4 0.9991
273.0 186.1 34.8 48.4 289.4 208.7 303.6 207.5 299.8 218.4 289.1 225.0 300.2 224.4 0.9989
360.4 285.0 39.5 67.8 397.5 307.0 395.9 304.9 401.2 318.9 393.9 334.2 392.9 332.5 0.8473
