12--Group/12_Group_Large_Group_12_Group_Large_Group_12_352.jpg
10
458.0 286.0 53.6 56.5 490.6 314.0 500.6 316.0 496.7 329.4 476.4 330.3 482.2 333.1 0.9999
276.4 278.4 75.4 82.1 317.1 321.1 337.4 321.7 330.0 342.1 304.3 346.4 317.0 348.3 0.9999
583.8 241.8 43.5 51.4 600.4 259.9 616.5 270.2 604.3 275.5 591.7 277.2 603.9 285.8 0.9997
520.0 272.2 43.3 45.8 543.5 291.8 555.1 294.9 550.2 304.9 534.5 307.7 542.0 310.8 0.9989
0.0 345.1 82.0 124.1 56.9 396.1 66.7 386.9 82.3 413.0 59.1 440.7 65.7 435.1 0.9987
468.1 213.6 25.7 34.2 485.7 229.0 490.8 229.4 490.0 236.4 482.8 241.2 486.0 241.7 0.9979
543.6 215.3 19.5 25.6 547.1 226.6 555.2 227.5 549.8 232.5 547.8 236.1 553.5 236.7 0.9623
804.9 301.9 25.6 43.2 810.1 319.2 812.9 320.3 807.2 328.8 812.4 336.5 814.0 336.8 0.9395
419.6 190.7 25.3 31.4 430.8 201.5 441.3 201.5 437.8 208.8 431.5 214.5 439.1 214.6 0.7828
392.6 177.6 18.9 27.9 405.6 187.2 409.1 187.7 409.5 193.4 404.4 198.5 406.9 199.2 0.7312
