12--Group/12_Group_Large_Group_12_Group_Large_Group_12_14.jpg
351
191.3 356.0 10.8 13.6 195.1 361.9 200.0 361.3 198.3 364.2 196.2 366.8 200.1 366.5 0.9997
846.4 367.9 11.2 13.4 849.8 372.4 854.8 372.9 852.0 375.2 849.5 377.5 853.7 378.0 0.9997
890.7 390.7 13.9 16.6 893.4 397.2 899.9 396.8 896.3 400.6 894.1 402.8 900.2 402.4 0.9997
919.1 293.8 8.6 11.2 921.3 298.2 925.2 298.0 923.3 300.1 921.8 302.1 925.2 302.0 0.9996
121.5 380.3 14.3 17.7 127.0 387.7 133.1 388.5 130.3 391.7 126.5 393.7 131.6 394.4 0.9996
684.4 337.2 9.0 11.6 686.4 342.0 690.4 342.1 688.1 344.2 686.6 346.1 690.0 346.1 0.9996
752.0 338.1 10.3 13.1 754.7 343.1 759.4 343.2 756.9 345.6 755.0 348.1 758.8 348.2 0.9996
772.2 300.1 8.6 11.0 774.3 304.5 778.3 304.5 776.2 306.5 774.6 308.4 778.0 308.4 0.9996
213.5 345.8 10.7 13.6 215.9 351.2 220.4 351.1 217.9 353.6 216.5 356.1 220.1 355.9 0.9996
866.0 362.2 11.4 13.4 868.2 367.3 873.6 367.3 870.4 369.6 868.5 372.1 873.1 372.1 0.9996
872.0 349.8 10.3 12.3 874.4 354.6 879.2 354.8 876.5 357.1 874.8 359.2 878.6 359.3 0.9996
160.3 346.7 10.9 12.9 163.7 352.0 168.7 351.7 166.6 354.5 164.4 356.7 168.5 356.5 0.9995
795.9 340.0 10.7 13.4 798.8 344.9 803.5 345.2 800.8 347.5 798.7 349.7 802.7 350.0 0.9995
130.3 353.5 11.6 13.2 133.1 359.2 138.6 358.6 136.1 360.9 134.4 363.8 138.5 363.4 0.9995
248.2 374.9 10.8 13.5 251.2 380.1 256.5 379.9 254.3 382.6 252.0 385.4 256.2 385.3 0.9995
52.1 419.5 13.8 16.9 58.7 426.6 64.2 425.9 63.4 429.3 60.3 432.7 64.4 432.3 0.9994
856.1 392.3 13.1 17.3 859.3 399.0 865.6 399.0 862.3 402.1 859.7 405.2 865.1 405.2 0.9994
812.9 375.4 12.0 14.8 816.8 380.9 822.5 381.1 819.7 383.7 816.9 386.4 821.6 386.6 0.9994
93.6 506.0 15.2 16.7 96.4 513.3 102.7 511.3 100.1 516.4 99.2 519.4 104.6 517.7 0.9994
172.6 346.2 9.2 12.0 175.1 350.9 179.3 350.7 177.5 353.0 175.7 355.4 179.3 355.2 0.9994
113.3 346.0 11.7 14.6 117.7 352.3 123.1 352.3 121.0 355.0 118.3 357.5 122.4 357.6 0.9994
150.0 334.4 8.8 10.8 152.4 338.8 156.5 338.4 154.8 340.7 153.2 342.9 156.6 342.6 0.9994
932.1 347.7 11.0 14.5 935.1 353.4 940.1 353.5 937.5 356.0 935.3 358.4 939.5 358.6 0.9993
320.7 383.7 12.4 15.4 324.8 391.0 330.1 389.5 328.7 393.2 326.8 396.0 331.0 394.9 0.9993
900.0 374.3 12.3 13.9 903.1 379.4 908.9 379.7 905.8 382.7 903.5 385.1 908.0 385.2 0.9993
328.9 339.0 10.0 13.0 332.0 343.9 336.7 343.7 334.7 346.4 332.7 348.8 336.5 348.7 0.9993
780.2 332.8 9.9 12.1 783.3 337.1 787.9 337.2 785.6 339.3 783.5 341.5 787.4 341.6 0.9993
154.7 485.2 13.8 16.7 159.6 491.1 165.5 491.2 162.9 494.6 159.8 497.4 164.8 497.6 0.9992
773.5 359.2 10.8 13.1 776.4 364.3 781.3 364.6 778.8 366.9 776.7 369.0 780.7 369.2 0.9992
825.4 339.7 10.6 12.5 828.9 344.6 833.8 345.2 831.3 347.4 828.6 348.9 832.7 349.4 0.9992
837.7 355.5 10.7 13.3 841.1 360.9 846.0 360.8 843.8 363.5 841.6 365.9 845.6 365.9 0.9992
177.3 364.7 11.4 13.5 180.6 369.8 186.0 369.4 183.8 371.9 181.7 374.8 186.0 374.5 0.9992
140.1 342.5 9.4 11.8 142.8 347.5 147.0 347.5 144.9 349.7 143.2 351.8 146.7 351.8 0.9992
873.1 378.6 11.9 14.3 876.3 383.5 881.8 384.1 878.5 386.5 876.0 389.0 880.6 389.4 0.9992
949.7 361.7 13.1 14.4 953.5 366.5 959.6 366.9 956.4 369.2 953.9 372.4 958.4 372.7 0.9992
810.0 313.9 8.5 11.1 812.6 318.0 816.7 318.1 814.6 320.1 812.6 322.1 816.1 322.2 0.9991
663.4 348.6 9.6 12.4 665.8 353.5 670.2 353.5 667.9 355.8 666.2 358.0 669.8 358.0 0.9991
405.7 420.4 12.4 16.1 410.9 426.4 416.0 426.9 413.8 430.0 410.7 432.6 414.5 433.1 0.9991
706.4 366.8 10.7 13.0 709.9 371.9 714.8 372.7 712.1 374.7 709.4 376.2 713.6 376.9 0.9991
312.4 363.4 10.4 12.6 315.8 368.0 320.7 367.9 318.6 370.4 316.3 372.9 320.3 372.9 0.9991
718.9 353.0 9.5 11.9 720.1 357.4 723.9 357.1 721.4 359.6 721.0 362.1 724.1 361.8 0.9991
144.3 365.6 12.0 14.4 148.1 371.5 153.7 371.1 151.5 374.5 149.0 376.8 153.7 376.5 0.9991
795.1 440.5 13.9 16.0 799.0 446.2 805.4 446.9 801.9 449.3 798.6 451.6 804.4 452.1 0.9991
271.9 360.5 12.3 13.8 275.0 365.0 281.2 364.9 278.2 367.9 275.7 370.9 280.7 370.9 0.9991
837.0 340.4 8.5 10.6 839.6 344.2 843.6 344.4 841.5 346.3 839.6 348.3 842.9 348.5 0.9990
158.8 382.8 12.1 13.9 162.0 388.4 167.9 387.7 165.6 390.2 163.1 393.1 168.2 392.6 0.9990
726.4 337.1 10.1 12.1 729.8 341.7 734.3 342.3 732.1 343.9 729.8 346.0 733.5 346.4 0.9990
227.1 365.8 11.0 13.3 231.0 371.5 236.0 371.0 234.2 373.7 232.1 376.2 235.9 375.9 0.9990
825.6 290.4 7.7 9.7 828.1 294.1 831.7 294.4 829.9 296.1 828.0 297.6 831.0 297.9 0.9990
253.4 332.5 9.3 11.2 256.7 336.8 260.7 336.6 259.2 338.8 257.3 340.9 260.7 340.8 0.9990
724.2 424.2 11.5 13.7 727.5 429.0 733.1 429.1 730.5 431.7 727.9 434.4 732.4 434.5 0.9990
182.8 332.6 9.9 12.7 185.6 337.4 190.2 337.3 188.1 339.7 186.2 342.1 190.1 341.9 0.9990
69.4 406.1 13.5 15.0 72.1 413.7 77.3 411.8 75.3 415.9 74.9 418.7 78.8 417.2 0.9990
396.8 362.8 9.4 11.7 400.5 367.4 404.6 366.8 403.6 369.3 401.6 371.8 404.9 371.5 0.9989
276.2 401.3 12.1 14.7 279.3 407.0 284.6 406.8 281.9 409.5 280.0 412.2 284.5 412.0 0.9989
134.2 403.9 13.2 16.0 137.9 410.9 144.0 409.6 141.8 413.5 139.4 416.1 145.0 415.1 0.9989
246.1 349.9 10.9 13.0 249.1 354.6 254.2 354.6 251.8 357.3 249.6 359.7 253.8 359.7 0.9988
222.0 383.2 11.8 12.7 225.6 387.4 230.8 387.3 228.4 390.0 226.1 392.6 230.3 392.6 0.9988
693.8 471.6 9.9 12.4 696.4 476.2 701.0 476.3 698.8 478.6 696.7 480.9 700.6 480.9 0.9988
945.3 349.9 12.1 13.4 947.9 355.3 953.1 355.3 950.0 358.1 948.5 360.5 952.2 360.5 0.9988
219.3 407.2 12.0 13.4 222.5 411.8 228.0 411.5 225.4 414.3 223.3 417.2 227.8 417.0 0.9988
106.9 365.3 12.8 14.0 110.6 370.1 116.5 369.7 114.0 372.7 111.6 375.6 116.6 375.3 0.9987
442.8 419.8 12.3 13.8 447.5 423.9 452.9 423.9 450.8 427.1 448.1 429.9 452.3 430.0 0.9987
97.5 481.7 13.4 15.9 102.9 487.0 108.8 487.1 106.6 490.3 103.2 493.5 108.0 493.7 0.9987
226.6 345.1 9.7 11.3 229.2 349.3 233.8 349.3 231.5 351.3 229.6 353.4 233.5 353.4 0.9987
60.3 374.6 13.5 15.5 64.2 380.9 70.3 380.7 67.4 383.5 64.8 386.2 70.0 386.0 0.9987
433.5 334.9 8.7 10.8 435.4 339.0 439.4 338.9 437.3 340.9 435.9 343.0 439.3 342.9 0.9987
202.7 486.3 13.9 15.8 206.7 492.5 212.6 491.1 210.6 495.4 208.9 498.9 213.4 497.7 0.9987
757.9 417.2 11.7 15.2 760.5 422.9 765.7 423.1 762.6 426.1 760.7 428.4 765.2 428.6 0.9987
448.3 313.4 8.5 10.0 450.7 316.9 454.7 316.7 452.9 318.8 451.2 320.8 454.6 320.7 0.9987
348.2 368.6 10.7 14.5 351.0 374.3 356.0 374.0 353.5 377.1 351.5 379.6 355.8 379.4 0.9987
309.6 287.9 7.4 9.4 311.4 291.8 314.8 291.6 313.2 293.4 311.9 295.1 314.8 295.0 0.9987
914.8 349.1 10.7 12.4 917.4 352.7 922.7 352.8 919.9 355.3 917.7 358.0 922.0 358.1 0.9986
564.0 330.3 9.3 11.6 567.6 334.9 571.4 334.9 569.9 337.3 567.7 339.4 570.8 339.5 0.9986
979.2 322.2 9.8 11.6 981.8 326.4 986.2 327.3 983.4 329.0 981.3 330.7 984.8 331.4 0.9985
576.8 326.4 8.7 11.2 579.2 330.8 583.2 331.1 581.0 333.0 579.1 334.8 582.5 335.0 0.9985
619.3 368.8 9.2 10.5 621.1 372.3 624.9 372.5 622.5 374.5 621.4 376.6 624.4 376.7 0.9985
358.8 342.1 9.4 10.6 363.0 345.8 366.7 345.7 365.6 347.9 363.3 350.0 366.3 350.1 0.9985
414.8 368.6 9.6 11.8 417.3 372.8 422.3 372.8 419.7 375.2 417.7 377.6 421.8 377.6 0.9984
799.8 360.7 10.2 12.6 801.1 365.8 804.5 365.5 801.9 368.1 802.1 370.5 804.6 370.2 0.9983
453.3 297.7 7.8 9.6 455.1 301.0 458.8 301.0 456.8 302.8 455.4 304.7 458.6 304.6 0.9983
300.1 443.8 15.4 18.4 304.7 452.9 311.5 452.8 308.2 456.5 305.4 458.8 310.7 458.7 0.9983
290.1 360.5 10.3 12.9 293.0 365.6 297.9 365.5 295.6 368.0 293.5 370.2 297.6 370.2 0.9983
934.3 318.9 9.6 11.3 936.6 323.1 941.3 322.9 938.9 325.3 937.2 327.7 941.1 327.6 0.9983
827.3 369.3 11.2 14.0 830.7 374.5 835.8 374.8 833.1 377.1 830.8 379.7 834.9 379.9 0.9983
478.5 303.1 8.2 10.4 480.9 307.0 484.7 307.2 482.8 309.0 481.0 310.9 484.2 311.0 0.9983
699.6 342.6 10.2 12.5 702.6 347.1 707.2 347.9 704.5 349.7 702.2 351.5 706.1 352.1 0.9982
620.9 300.0 7.2 9.6 623.3 303.8 626.5 304.0 625.0 305.6 623.3 307.2 626.0 307.4 0.9982
910.0 309.2 8.8 11.1 912.7 313.5 916.9 313.5 914.9 315.6 913.0 317.6 916.5 317.7 0.9982
571.8 346.4 10.3 13.0 574.5 351.7 579.1 351.8 576.5 354.1 574.7 356.3 578.6 356.4 0.9981
651.9 360.2 10.1 12.5 655.0 364.8 659.6 364.7 657.5 367.0 655.5 369.4 659.4 369.3 0.9981
282.9 326.2 9.2 11.6 285.5 330.6 289.8 330.6 287.7 332.8 285.8 334.8 289.5 334.8 0.9981
684.6 307.2 8.7 10.6 687.4 311.1 691.4 311.3 689.3 313.3 687.3 315.2 690.6 315.4 0.9981
958.6 295.5 10.3 12.2 960.8 300.0 965.6 299.9 963.1 302.4 961.4 304.8 965.3 304.7 0.9981
589.4 453.3 12.1 13.6 592.5 457.5 598.1 457.9 595.0 460.9 592.6 463.1 597.3 463.4 0.9981
290.0 293.6 7.9 10.2 292.2 297.8 295.9 297.7 294.2 299.7 292.5 301.5 295.6 301.5 0.9981
564.9 307.6 7.5 9.9 566.7 311.1 570.1 311.2 568.2 313.0 566.9 314.8 569.9 314.8 0.9980
637.1 363.6 8.7 10.9 640.8 368.2 644.3 367.7 643.5 370.1 641.8 372.3 644.4 372.0 0.9980
165.9 332.3 8.5 10.1 168.3 336.3 172.2 336.2 170.3 338.3 168.8 340.2 171.9 340.1 0.9980
386.4 300.4 7.4 9.1 388.3 303.7 391.7 303.5 390.1 305.3 388.7 307.1 391.7 307.0 0.9980
894.1 338.9 11.0 13.0 896.5 342.9 901.9 343.2 898.8 345.8 896.6 348.6 901.0 348.8 0.9980
808.3 481.7 12.5 15.3 810.9 487.7 816.5 487.8 813.3 490.9 811.3 493.0 816.2 493.1 0.9979
669.6 339.7 8.6 10.5 671.8 343.8 675.8 343.5 674.1 345.7 672.6 347.8 675.9 347.6 0.9979
79.1 360.4 10.4 12.6 81.5 365.4 86.2 365.1 83.8 367.6 82.3 369.9 86.2 369.7 0.9979
760.6 461.7 12.6 16.0 765.7 467.7 770.7 468.2 768.5 471.0 765.4 473.7 769.4 474.2 0.9978
796.0 309.4 8.1 9.4 798.0 312.5 801.9 312.9 799.6 314.7 797.9 316.5 801.0 316.7 0.9978
696.6 322.7 9.2 11.6 699.2 326.9 703.5 327.1 701.2 329.1 699.3 331.3 702.9 331.5 0.9978
205.3 320.7 8.5 9.7 207.8 323.8 211.8 323.8 209.9 325.9 208.1 327.9 211.4 327.9 0.9977
236.1 310.2 7.8 9.4 238.4 313.6 241.9 313.6 240.2 315.3 238.7 317.1 241.6 317.1 0.9977
475.3 344.3 9.7 12.0 478.2 349.3 482.5 349.5 480.3 351.7 478.5 353.6 482.0 353.8 0.9976
368.6 359.1 9.4 12.3 371.3 364.3 375.5 364.3 373.5 366.8 371.9 368.7 375.2 368.7 0.9976
740.9 359.7 10.6 14.4 743.6 364.9 748.5 365.0 745.9 367.7 743.7 370.2 748.3 370.2 0.9976
652.9 339.1 8.8 11.0 655.0 343.2 659.0 343.1 656.9 345.1 655.4 347.1 658.7 347.1 0.9976
550.3 317.3 8.7 10.2 552.8 320.8 556.8 321.1 554.6 322.9 552.7 324.7 555.9 325.0 0.9975
678.6 434.8 11.7 14.3 682.1 439.1 687.6 439.0 685.0 442.3 682.5 445.1 687.2 445.0 0.9974
752.4 359.3 10.0 12.8 756.6 364.7 760.8 364.9 759.1 367.1 756.6 369.2 759.9 369.5 0.9974
884.4 334.4 8.4 10.3 886.4 338.2 890.5 338.2 888.4 340.2 886.9 342.3 890.2 342.3 0.9974
393.8 320.4 7.8 9.6 395.9 324.2 399.4 324.2 397.5 326.0 396.2 327.8 399.1 327.8 0.9973
418.7 332.3 7.8 10.5 420.7 336.5 424.6 336.6 422.6 338.5 420.8 340.4 424.0 340.5 0.9972
810.1 340.8 8.3 9.6 812.0 344.4 816.0 344.3 813.9 346.2 812.5 348.2 815.7 348.1 0.9972
944.8 293.9 7.5 9.1 947.1 297.5 950.3 297.7 948.6 299.4 947.1 300.9 949.7 301.0 0.9972
155.7 365.1 9.6 13.3 159.2 370.7 163.2 371.1 161.2 373.5 159.0 375.4 162.1 375.8 0.9971
408.4 299.9 7.7 9.5 410.7 303.6 414.1 303.5 412.5 305.3 411.1 307.1 413.9 307.0 0.9971
848.5 280.5 7.1 8.1 850.3 282.9 853.8 283.1 851.8 284.7 850.3 286.4 853.1 286.5 0.9971
454.5 330.0 9.0 11.6 457.0 334.6 461.1 334.7 459.1 336.8 457.2 338.8 460.6 338.9 0.9971
261.2 320.1 9.3 11.1 263.6 324.7 267.6 324.3 265.7 326.6 264.4 328.7 267.7 328.4 0.9970
944.8 316.2 10.2 12.1 948.4 320.4 952.8 320.8 950.6 323.0 948.3 325.2 951.8 325.5 0.9970
602.9 347.9 9.0 11.6 605.7 352.7 609.9 352.7 607.9 355.0 606.0 356.9 609.4 357.0 0.9970
490.1 301.9 7.6 9.0 492.1 304.9 495.6 304.9 493.7 306.7 492.4 308.5 495.3 308.5 0.9970
949.0 377.7 11.8 13.8 952.2 382.4 957.2 384.1 953.5 385.8 951.1 387.7 954.9 388.9 0.9970
338.3 310.7 9.4 12.2 340.9 315.5 345.2 315.6 343.0 317.7 341.1 319.8 344.7 319.9 0.9969
436.1 359.4 10.0 11.9 439.1 363.2 443.8 363.3 441.6 365.6 439.4 368.1 443.3 368.2 0.9969
678.1 291.0 6.9 8.5 679.9 293.9 683.2 294.1 681.4 295.7 680.0 297.3 682.7 297.4 0.9968
633.1 423.6 9.2 11.3 635.0 427.8 639.0 427.7 636.7 430.1 635.6 432.3 638.8 432.2 0.9968
189.8 320.2 8.7 10.0 192.2 323.8 196.0 323.9 194.0 325.7 192.4 327.5 195.6 327.6 0.9968
718.1 306.9 7.8 9.7 720.3 310.7 723.8 310.6 722.1 312.6 720.8 314.5 723.5 314.4 0.9967
673.5 473.1 10.4 13.4 677.0 478.4 681.7 478.5 679.5 481.1 677.3 483.5 680.9 483.6 0.9967
858.1 330.4 9.8 11.6 860.3 334.4 864.9 334.5 862.3 336.8 860.6 339.1 864.3 339.2 0.9966
817.6 401.2 10.8 13.7 821.3 406.3 826.0 406.3 824.0 408.9 821.7 411.6 825.5 411.6 0.9965
367.3 303.4 7.8 10.0 369.1 307.6 372.6 307.6 370.8 309.4 369.5 311.1 372.4 311.0 0.9965
468.2 355.8 10.1 12.3 472.3 360.5 476.6 361.3 474.6 363.3 472.1 365.1 475.3 365.7 0.9965
290.4 372.9 11.1 11.8 293.2 376.8 298.5 376.5 295.8 378.9 293.9 381.5 298.2 381.3 0.9964
366.9 318.5 8.5 9.9 369.2 322.1 373.0 322.0 371.1 323.8 369.7 325.7 372.8 325.6 0.9963
357.9 430.1 10.6 13.4 360.9 435.8 366.0 435.6 363.8 438.4 361.8 440.7 365.6 440.6 0.9963
657.5 315.0 9.8 11.2 660.1 318.4 664.6 318.4 662.3 320.8 660.4 323.2 664.2 323.2 0.9962
776.2 346.2 9.4 11.1 779.0 350.3 783.5 350.5 781.2 352.7 779.1 354.8 782.8 354.9 0.9960
985.5 311.8 10.2 11.9 988.3 316.2 993.2 316.2 990.5 318.1 988.6 320.6 992.5 320.6 0.9960
260.0 345.7 9.8 12.5 263.7 350.7 268.1 350.8 266.2 353.2 263.8 355.4 267.3 355.6 0.9960
333.7 299.1 6.7 8.5 335.4 302.6 338.6 302.5 337.2 304.1 335.8 305.7 338.5 305.6 0.9959
719.4 472.2 10.2 12.7 721.3 477.6 725.8 477.3 723.3 480.1 722.3 482.5 725.8 482.2 0.9959
598.3 312.1 8.1 10.8 600.4 316.4 604.1 316.6 602.1 318.4 600.5 320.3 603.6 320.4 0.9959
966.0 329.0 9.5 10.6 968.6 332.4 972.7 332.7 970.4 334.6 968.6 336.6 972.0 336.8 0.9959
540.7 328.4 9.3 11.9 543.3 332.9 547.5 332.9 545.5 335.1 543.7 337.4 547.3 337.4 0.9958
798.2 322.3 8.3 9.8 800.7 325.3 804.7 325.2 803.0 327.3 801.2 329.4 804.5 329.4 0.9958
512.1 333.3 9.3 11.5 514.6 337.8 519.3 337.7 517.0 339.8 515.2 342.0 519.0 341.9 0.9956
275.3 469.2 11.3 12.2 278.3 473.4 283.7 472.6 281.6 476.0 279.7 478.8 283.9 478.2 0.9956
301.2 319.6 8.8 10.9 303.8 323.7 307.6 323.8 305.7 325.7 304.0 327.6 307.2 327.6 0.9956
863.6 283.7 6.8 8.4 865.2 286.9 868.5 286.9 866.8 288.5 865.5 290.0 868.2 290.0 0.9954
643.3 467.3 12.2 13.8 647.8 471.9 652.9 473.2 650.0 475.4 647.1 477.4 650.9 478.4 0.9952
752.8 300.9 7.1 8.8 754.5 304.0 757.8 304.1 756.0 305.7 754.6 307.4 757.4 307.5 0.9952
533.7 317.1 8.8 10.7 536.1 321.3 540.1 321.4 538.0 323.5 536.4 325.4 539.6 325.4 0.9951
847.9 346.2 9.8 11.2 849.9 350.4 854.6 350.1 852.3 352.5 850.7 354.9 854.5 354.7 0.9951
804.3 273.4 7.0 8.9 806.3 277.2 809.6 277.0 808.1 278.8 806.8 280.4 809.5 280.3 0.9951
791.8 294.6 6.8 8.4 793.6 297.7 796.6 297.9 794.9 299.4 793.6 300.9 796.0 301.0 0.9951
225.1 328.1 9.2 10.5 227.8 331.4 232.1 331.3 230.1 333.5 228.4 335.9 231.9 335.7 0.9950
318.6 332.7 9.3 11.7 321.2 336.8 325.5 336.9 323.4 339.0 321.4 341.2 325.0 341.2 0.9949
375.2 339.5 8.1 10.0 377.5 343.0 381.3 343.1 379.4 345.0 377.7 346.9 380.9 347.0 0.9948
639.3 311.4 8.0 9.9 641.7 314.7 645.4 314.6 643.8 316.6 642.2 318.7 645.2 318.7 0.9947
630.4 341.0 9.5 11.2 632.5 344.8 637.2 344.8 634.8 347.1 632.9 349.5 636.8 349.5 0.9947
754.6 328.0 8.9 10.3 757.3 332.2 761.3 331.9 759.6 334.1 758.1 336.2 761.3 336.0 0.9946
408.9 340.7 8.9 11.3 411.3 344.7 415.4 344.9 413.3 346.9 411.5 349.0 415.0 349.1 0.9944
648.7 409.4 10.4 13.0 651.3 414.6 656.2 414.6 653.6 417.0 651.6 419.1 655.8 419.1 0.9944
328.0 287.6 7.5 8.3 330.1 290.5 333.5 290.6 331.8 292.4 330.3 294.0 333.1 294.0 0.9943
257.7 309.0 8.1 9.5 259.4 312.4 262.6 312.7 260.4 314.5 259.6 316.4 262.0 316.5 0.9943
370.0 271.7 6.8 8.3 371.8 274.9 375.1 274.9 373.6 276.5 372.1 278.0 374.8 278.1 0.9942
595.2 356.2 11.1 12.1 598.8 359.6 604.0 360.2 601.3 362.5 598.8 364.8 602.9 365.3 0.9941
47.3 392.7 12.2 13.8 52.0 397.8 57.3 397.4 55.7 400.0 53.2 402.9 57.4 402.6 0.9941
452.7 348.4 9.6 11.6 455.7 352.2 460.4 352.5 458.0 354.9 455.7 357.2 459.5 357.4 0.9941
552.2 284.7 6.1 7.7 553.8 287.8 556.5 287.7 555.2 289.2 554.2 290.6 556.4 290.5 0.9941
706.0 319.2 7.6 9.7 708.2 323.0 711.7 323.1 710.0 325.0 708.4 326.8 711.2 326.9 0.9941
291.3 281.6 6.7 8.5 293.1 285.3 296.2 285.1 294.7 286.8 293.6 288.4 296.1 288.3 0.9940
674.6 360.9 9.9 11.9 676.6 365.8 681.0 365.5 678.7 367.9 677.5 370.1 681.0 369.8 0.9940
311.5 314.6 7.4 9.6 313.5 318.5 316.9 318.4 315.2 320.2 313.8 321.9 316.6 321.8 0.9939
911.9 327.6 10.9 12.3 914.8 331.2 919.9 331.5 917.1 333.8 914.9 336.4 918.9 336.7 0.9938
854.1 320.4 8.6 9.8 856.3 324.2 859.7 324.3 857.8 326.1 856.5 327.9 859.3 327.9 0.9936
386.6 345.4 8.8 9.6 389.6 349.2 393.4 348.7 392.1 350.9 390.7 353.0 393.6 352.7 0.9935
836.1 314.7 7.7 9.5 838.0 318.2 841.7 318.2 839.8 320.1 838.3 321.9 841.3 321.9 0.9934
340.9 339.0 8.7 10.5 343.0 342.9 347.0 342.7 344.9 344.9 343.5 346.9 346.8 346.8 0.9934
420.3 312.7 7.9 10.3 422.3 316.6 426.0 316.5 424.2 318.5 422.8 320.5 425.9 320.4 0.9932
876.2 322.7 8.1 10.1 878.1 326.4 881.6 326.4 879.5 328.3 878.4 330.2 881.3 330.2 0.9928
737.7 279.6 6.6 8.3 739.2 282.8 742.3 282.9 740.6 284.4 739.5 285.9 742.0 286.0 0.9927
842.4 301.7 7.8 9.3 844.3 304.9 848.0 305.0 846.0 306.9 844.5 308.7 847.5 308.8 0.9925
824.7 304.1 7.7 9.6 826.6 307.7 830.2 307.4 828.6 309.4 827.3 311.4 830.2 311.2 0.9918
907.7 340.6 9.9 12.2 909.9 344.5 914.6 345.1 911.7 347.4 909.9 349.7 913.5 350.1 0.9915
862.0 311.6 9.2 10.9 864.7 315.7 868.8 315.5 866.8 317.6 865.3 319.7 868.6 319.6 0.9914
324.0 295.6 7.0 7.9 325.9 298.1 329.2 298.0 327.7 299.7 326.3 301.5 329.0 301.4 0.9913
413.2 323.5 8.1 9.1 415.2 326.6 419.1 326.6 417.1 328.7 415.6 330.6 418.6 330.6 0.9913
854.2 301.9 8.0 8.8 856.5 304.8 860.3 304.6 858.7 306.6 857.2 308.6 860.1 308.5 0.9912
182.3 416.2 11.6 12.5 185.7 420.4 191.0 419.5 189.1 422.2 187.2 425.2 191.5 424.5 0.9908
609.3 311.1 8.2 10.1 611.3 314.8 615.2 314.7 613.3 316.7 611.8 318.8 615.0 318.6 0.9907
585.7 333.2 8.5 10.7 587.5 337.7 591.2 337.9 589.0 339.9 587.7 341.7 590.7 341.8 0.9905
710.0 269.6 6.1 7.5 711.7 272.3 714.7 272.4 713.2 273.9 711.8 275.3 714.2 275.4 0.9902
817.1 286.3 6.3 8.3 818.5 289.4 821.1 289.6 819.4 291.0 818.5 292.4 820.7 292.6 0.9900
594.9 409.3 11.3 13.7 597.6 413.7 602.7 413.6 600.1 416.6 598.1 419.2 602.6 419.1 0.9900
506.9 322.8 7.8 8.9 509.4 325.6 513.1 325.4 511.7 327.4 510.2 329.4 513.1 329.2 0.9897
723.6 327.2 8.4 10.0 725.5 331.5 729.4 331.5 727.3 333.6 726.0 335.4 729.0 335.4 0.9896
755.6 285.7 7.8 9.2 757.6 288.8 761.4 288.8 759.4 290.8 757.9 292.7 761.0 292.7 0.9891
749.1 318.7 8.3 10.2 751.5 322.8 755.3 322.9 753.3 324.8 751.7 326.6 754.8 326.6 0.9890
511.1 288.1 7.2 9.5 513.1 291.7 516.6 291.6 515.0 293.5 513.6 295.4 516.4 295.3 0.9889
660.9 304.0 7.6 9.6 663.1 307.6 666.5 307.5 665.0 309.4 663.6 311.2 666.4 311.1 0.9889
615.5 274.2 6.9 8.4 617.7 277.4 620.8 277.6 619.2 279.1 617.7 280.6 620.2 280.8 0.9888
572.8 313.7 8.1 9.7 575.1 317.3 578.9 317.2 577.1 319.2 575.6 321.0 578.7 320.9 0.9887
354.5 296.4 6.7 8.8 356.3 300.0 359.4 300.0 357.8 301.7 356.5 303.3 359.0 303.3 0.9887
744.7 296.2 6.9 8.5 746.2 299.9 749.3 299.8 747.7 301.6 746.7 303.2 749.1 303.1 0.9882
551.5 345.1 8.6 9.8 554.4 348.6 558.5 348.7 556.7 350.9 554.6 352.7 557.8 352.8 0.9881
555.8 299.3 7.1 8.0 557.5 302.0 560.9 301.8 559.3 303.6 558.0 305.4 560.7 305.3 0.9881
529.6 351.7 8.2 9.9 532.4 355.3 536.4 355.2 534.8 357.4 532.9 359.5 536.1 359.4 0.9876
526.3 280.5 7.6 9.1 528.4 283.8 531.9 283.8 530.2 285.6 528.8 287.3 531.6 287.3 0.9873
894.4 315.8 8.3 9.2 896.3 319.4 900.4 319.3 898.4 321.3 896.9 323.2 900.1 323.2 0.9868
463.5 340.3 7.7 9.6 465.6 343.6 469.3 343.8 467.4 345.5 465.7 347.3 468.8 347.4 0.9866
591.1 305.4 7.1 8.4 592.8 309.0 596.1 308.9 594.4 310.7 593.3 312.3 595.9 312.2 0.9860
835.0 272.3 6.7 8.9 836.3 275.6 839.4 275.7 837.5 277.4 836.6 279.1 839.1 279.1 0.9857
968.2 349.8 9.9 11.7 970.9 353.8 975.6 354.4 972.9 356.7 970.7 358.7 974.3 359.1 0.9848
821.3 318.1 8.0 9.9 822.9 322.1 826.4 321.8 824.5 323.9 823.7 325.9 826.4 325.6 0.9847
466.4 303.3 7.3 8.6 468.7 306.3 472.0 306.3 470.4 308.0 469.0 309.7 471.6 309.8 0.9842
709.2 338.1 7.9 9.9 711.8 341.8 715.4 341.8 713.8 343.7 712.2 345.7 715.1 345.7 0.9840
443.0 279.0 6.5 8.7 445.3 282.7 448.0 282.5 446.9 284.3 445.7 285.9 447.9 285.8 0.9837
600.6 333.5 8.3 9.8 602.6 336.9 606.5 337.0 604.5 339.0 603.0 340.9 606.1 340.9 0.9836
382.5 289.6 6.6 8.5 384.6 293.2 387.6 293.4 386.1 295.0 384.6 296.5 387.0 296.7 0.9830
397.8 337.4 8.3 9.9 399.6 341.7 403.4 341.5 401.4 343.6 400.4 345.5 403.4 345.3 0.9825
691.2 264.0 6.2 7.2 692.8 266.4 695.9 266.4 694.3 268.0 693.1 269.5 695.6 269.5 0.9824
770.3 286.2 6.8 8.0 771.9 289.2 775.3 289.2 773.6 290.9 772.3 292.6 775.0 292.6 0.9822
606.9 280.2 7.0 8.6 608.7 283.6 612.1 283.4 610.5 285.3 609.3 287.0 612.0 286.9 0.9811
205.0 338.3 8.6 11.3 207.3 342.4 211.1 342.5 209.0 344.7 207.5 346.8 210.6 346.9 0.9799
539.2 292.7 7.6 9.5 541.6 296.1 545.0 296.1 543.4 297.8 541.8 299.6 544.7 299.7 0.9793
583.8 272.9 6.1 7.8 585.4 275.7 588.2 275.9 586.7 277.3 585.5 278.8 587.8 278.9 0.9787
778.0 292.6 8.1 9.4 780.2 295.8 783.8 295.7 781.9 297.7 780.6 299.6 783.5 299.5 0.9779
822.6 280.0 7.2 8.5 824.5 283.2 827.7 283.5 826.0 285.0 824.6 286.4 827.1 286.5 0.9771
764.7 274.0 7.0 8.5 766.6 276.9 769.8 276.9 768.2 278.6 766.9 280.3 769.6 280.3 0.9764
619.7 341.5 8.3 10.0 622.0 345.0 625.9 345.1 623.9 347.1 622.1 349.1 625.3 349.2 0.9761
508.6 312.2 8.2 9.3 510.8 315.5 514.6 315.4 512.7 317.5 511.3 319.4 514.3 319.3 0.9759
504.3 289.0 5.7 7.4 505.9 292.2 508.6 292.0 507.4 293.6 506.4 295.1 508.5 295.0 0.9754
356.2 279.0 7.7 9.0 358.4 282.3 362.1 282.4 360.2 284.2 358.5 285.8 361.4 286.0 0.9747
407.0 285.1 7.4 9.2 409.5 288.9 412.8 288.9 411.4 290.7 409.8 292.4 412.4 292.4 0.9737
343.7 326.8 9.9 12.3 345.5 332.3 350.2 332.3 347.5 334.5 346.0 336.6 349.6 336.6 0.9694
439.1 301.3 7.8 9.0 441.0 304.4 444.6 304.4 442.8 306.2 441.5 308.1 444.5 308.0 0.9692
711.9 291.7 7.4 8.9 713.8 295.1 717.0 295.1 715.3 296.9 714.0 298.5 716.6 298.6 0.9680
513.5 277.1 7.2 8.1 514.7 279.7 517.8 279.7 515.9 281.6 515.1 283.3 517.4 283.4 0.9678
533.7 379.7 8.2 10.0 535.9 383.4 540.0 383.6 537.8 385.7 535.9 387.5 539.2 387.7 0.9676
381.3 330.7 7.6 8.7 383.4 333.8 386.9 333.7 385.2 335.5 383.9 337.3 386.7 337.3 0.9668
720.1 263.7 6.2 7.6 721.8 266.4 724.7 266.6 723.1 268.1 721.9 269.6 724.2 269.7 0.9648
740.9 308.7 7.9 9.5 742.5 311.7 746.2 311.7 744.2 313.7 742.9 315.7 745.9 315.7 0.9643
558.9 289.0 6.3 7.9 560.6 292.4 563.4 292.5 561.9 294.0 560.9 295.4 563.1 295.4 0.9639
286.9 313.9 8.4 10.0 289.0 317.5 293.2 317.4 291.2 319.5 289.6 321.6 293.1 321.4 0.9638
382.2 273.9 7.0 8.5 384.3 277.3 387.5 277.3 385.9 279.0 384.6 280.6 387.3 280.5 0.9626
478.4 336.5 8.4 10.2 480.5 340.4 484.4 340.5 482.2 342.4 480.7 344.2 483.8 344.3 0.9620
289.4 341.1 9.0 11.0 291.6 345.0 296.2 344.8 294.0 347.3 292.2 349.7 295.9 349.7 0.9587
502.0 338.0 9.8 11.9 505.0 342.2 509.8 342.2 507.6 344.5 505.4 346.8 509.4 346.8 0.9569
191.9 401.4 13.1 13.1 196.8 405.9 202.0 406.0 199.8 408.6 197.3 411.3 201.3 411.3 0.9561
648.8 262.8 6.1 7.8 650.4 265.9 653.3 265.9 651.8 267.5 650.6 268.9 652.9 269.0 0.9555
686.1 289.5 6.0 7.4 687.5 292.4 690.2 292.4 688.7 293.9 687.7 295.4 689.9 295.4 0.9548
217.4 311.1 7.8 9.6 219.8 314.3 223.4 314.3 221.7 316.2 220.1 318.1 223.1 318.1 0.9534
661.8 255.8 5.9 7.3 663.4 258.5 666.2 258.5 664.9 259.9 663.7 261.4 666.0 261.4 0.9530
606.0 297.9 7.2 8.1 607.8 300.4 611.2 300.6 609.4 302.3 608.0 304.0 610.6 304.1 0.9504
682.4 270.7 6.2 7.6 684.3 273.5 687.4 273.5 686.0 275.1 684.6 276.6 687.1 276.7 0.9503
631.1 301.0 8.2 9.6 633.0 304.3 636.8 304.1 635.0 306.2 633.6 308.2 636.7 308.1 0.9502
376.7 299.8 7.6 9.7 378.8 303.5 382.4 303.6 380.6 305.5 378.9 307.3 381.9 307.4 0.9491
525.2 318.3 7.4 9.5 527.5 321.9 530.6 321.7 529.2 323.9 528.1 325.9 530.5 325.8 0.9473
679.5 261.6 5.8 6.6 681.0 264.2 683.7 264.2 682.4 265.6 681.3 266.9 683.5 266.9 0.9466
833.0 327.1 8.9 9.8 835.5 330.1 839.9 330.3 837.7 332.4 835.7 334.5 839.2 334.7 0.9461
784.7 283.2 6.6 8.3 786.4 286.4 789.6 286.4 788.0 288.2 786.8 289.8 789.3 289.8 0.9436
396.5 312.0 7.7 9.4 398.9 315.4 402.4 315.5 400.8 317.3 399.1 319.0 401.9 319.1 0.9416
929.0 335.9 9.6 10.2 931.3 339.4 935.6 339.3 933.4 341.6 932.0 343.7 935.3 343.6 0.9394
897.9 273.7 7.4 9.0 900.1 277.3 903.4 277.5 901.6 279.3 900.2 280.8 902.8 281.0 0.9378
480.7 276.2 6.4 7.7 482.2 278.9 485.2 278.8 483.7 280.5 482.7 282.1 485.1 282.0 0.9352
307.5 305.5 6.8 8.4 308.7 308.6 311.4 308.6 309.5 310.3 309.0 311.9 311.1 311.9 0.9352
888.0 303.6 7.6 8.8 889.8 306.9 893.5 306.9 891.6 308.8 890.2 310.6 893.1 310.6 0.9348
725.2 273.4 6.5 7.5 727.1 276.1 729.9 276.3 728.3 277.7 727.1 278.9 729.3 279.1 0.9340
544.7 270.6 6.2 7.1 546.2 273.3 549.2 273.2 547.7 274.8 546.6 276.2 549.0 276.2 0.9289
734.9 303.2 7.3 9.1 737.1 307.0 740.4 306.7 739.1 308.7 737.8 310.6 740.4 310.4 0.9255
803.3 305.4 7.2 8.8 805.0 308.6 808.3 308.5 806.7 310.4 805.6 312.2 808.3 312.0 0.9239
653.1 293.6 7.3 8.7 654.7 296.9 658.0 296.8 656.2 298.6 655.2 300.4 657.7 300.3 0.9229
570.3 283.6 7.2 8.5 572.2 286.4 575.7 286.2 574.2 288.1 572.8 290.0 575.6 289.9 0.9222
426.4 270.3 6.4 7.7 427.8 273.4 430.7 273.3 429.2 275.1 428.3 276.6 430.5 276.5 0.9212
428.0 280.2 6.4 7.8 429.6 282.9 432.6 283.0 431.1 284.5 429.9 286.0 432.3 286.0 0.9207
484.0 253.6 6.4 8.2 485.6 257.5 488.4 257.5 486.9 259.2 485.9 260.6 488.1 260.6 0.9196
795.0 268.8 7.2 9.3 796.9 272.6 800.2 272.7 798.5 274.6 797.2 276.3 799.8 276.3 0.9103
898.0 303.6 7.8 8.6 900.0 306.8 903.4 306.8 901.5 308.5 900.4 310.2 903.1 310.2 0.9089
787.5 270.9 7.0 8.2 789.7 273.5 793.1 273.6 791.5 275.3 789.9 277.1 792.6 277.2 0.9038
309.3 348.5 8.8 9.8 311.7 351.5 315.9 351.6 313.8 353.7 312.1 355.8 315.4 355.8 0.9025
362.8 289.3 7.6 8.6 365.1 292.1 368.5 292.1 366.9 293.8 365.4 295.6 368.3 295.6 0.9025
721.1 289.6 6.7 8.2 722.8 292.9 725.8 293.1 724.0 294.6 722.9 296.1 725.2 296.2 0.9011
771.6 323.2 7.5 9.0 773.9 326.3 777.3 326.2 775.7 328.0 774.3 329.9 777.0 329.8 0.8979
633.7 252.5 5.3 6.4 635.4 255.0 637.7 255.0 636.7 256.2 635.6 257.4 637.4 257.4 0.8958
428.7 308.9 8.0 9.4 430.6 312.6 434.2 312.8 432.1 314.6 430.8 316.4 433.6 316.5 0.8956
596.5 276.4 6.2 7.7 598.0 279.2 600.9 279.3 599.3 280.8 598.1 282.2 600.5 282.2 0.8951
882.8 289.4 7.9 9.4 884.9 293.0 888.5 293.2 886.6 295.0 885.0 296.7 887.9 296.9 0.8932
461.7 256.3 5.7 7.0 463.3 258.9 465.9 259.1 464.4 260.4 463.4 261.7 465.4 261.8 0.8925
432.8 270.6 6.4 7.7 434.9 273.3 437.6 273.3 436.5 275.0 435.2 276.6 437.3 276.6 0.8917
701.1 274.9 6.1 7.3 702.4 277.7 705.5 277.9 703.8 279.4 702.5 280.8 705.0 281.0 0.8902
739.3 332.9 10.0 12.2 742.5 336.5 747.0 336.3 745.1 339.0 743.2 341.7 746.8 341.6 0.8863
659.8 287.0 7.4 9.1 662.1 290.4 665.5 290.3 664.0 292.3 662.5 294.1 665.2 294.0 0.8861
347.3 312.1 7.3 9.8 349.5 316.2 352.8 316.3 351.1 318.2 349.6 320.0 352.2 320.1 0.8821
594.0 285.5 7.0 8.4 595.9 288.4 599.2 288.4 597.5 290.2 596.2 292.0 598.9 292.0 0.8789
713.6 278.7 6.4 7.8 715.4 281.7 718.4 281.7 716.9 283.3 715.6 284.9 718.0 284.9 0.8582
574.7 265.4 6.4 7.9 576.7 268.4 579.6 268.4 578.2 270.1 577.0 271.6 579.3 271.6 0.8540
627.7 281.4 6.8 8.5 629.3 284.4 632.8 284.5 631.0 286.3 629.5 288.1 632.4 288.1 0.8275
454.1 278.6 6.5 7.8 456.1 281.3 459.2 281.5 457.6 283.0 456.1 284.6 458.6 284.8 0.8259
300.1 293.4 6.3 7.3 301.8 296.1 304.9 296.2 303.4 297.8 302.1 299.3 304.5 299.3 0.8226
392.9 271.1 6.8 7.6 394.9 273.7 398.2 273.6 396.7 275.3 395.3 277.0 398.0 276.9 0.8207
456.0 268.9 5.7 6.7 457.9 271.6 460.4 271.6 459.3 272.9 458.2 274.2 460.1 274.2 0.8207
543.9 287.2 6.5 8.5 545.9 290.7 548.7 290.8 547.3 292.5 546.1 293.9 548.2 293.9 0.8198
442.7 256.6 5.5 6.6 444.3 259.2 446.8 259.3 445.6 260.6 444.4 261.9 446.4 261.9 0.8067
643.9 289.0 8.3 10.5 645.6 292.5 648.9 292.7 646.6 294.7 645.8 296.9 648.3 296.9 0.8018
885.0 319.9 7.4 9.1 886.9 323.6 890.2 323.6 888.5 325.5 887.3 327.3 889.9 327.3 0.7998
468.9 260.8 6.2 7.7 470.4 264.1 473.2 264.2 471.6 265.7 470.6 267.1 472.8 267.1 0.7998
521.4 270.1 5.9 7.4 522.7 273.0 525.6 272.8 524.1 274.4 523.1 276.0 525.5 275.9 0.7972
636.9 268.2 6.6 7.8 638.6 271.0 642.1 271.0 640.4 272.7 639.0 274.4 641.8 274.4 0.7952
861.9 346.7 8.1 9.9 864.5 349.9 868.3 349.9 866.6 352.1 864.9 354.3 867.9 354.3 0.7927
504.6 267.3 6.7 7.6 506.2 269.9 509.4 270.0 507.6 271.5 506.4 273.1 508.9 273.2 0.7888
495.0 291.8 7.8 8.5 497.1 294.9 500.8 294.9 499.0 296.8 497.5 298.6 500.4 298.5 0.7796
724.7 282.1 6.2 6.8 726.5 284.4 729.5 284.5 728.0 285.9 726.7 287.4 729.1 287.5 0.7776
467.2 290.0 8.1 9.8 468.9 293.6 472.5 293.5 470.4 295.6 469.3 297.5 472.2 297.5 0.7708
234.0 250.6 7.9 9.9 236.5 254.4 240.3 254.2 238.8 256.3 237.1 258.4 240.2 258.3 0.7603
544.3 280.6 6.3 7.7 545.9 283.4 548.6 283.5 547.2 285.0 546.2 286.4 548.4 286.4 0.7569
621.8 288.9 6.7 7.5 623.5 291.2 626.5 291.3 624.9 292.9 623.7 294.6 626.0 294.6 0.7412
623.1 324.6 8.3 9.2 625.3 327.6 629.1 327.7 627.1 329.6 625.6 331.5 628.7 331.5 0.7382
560.3 255.1 5.8 7.0 561.9 257.4 564.6 257.4 563.2 258.8 562.1 260.2 564.4 260.2 0.7231
698.0 281.9 6.9 8.4 699.4 285.3 702.3 285.1 700.7 286.9 700.0 288.7 702.2 288.5 0.7203
465.0 271.6 6.3 7.5 466.4 274.1 469.5 274.2 467.8 275.8 466.7 277.4 469.1 277.5 0.7157
197.0 346.9 8.9 9.9 199.2 351.4 203.4 351.3 201.3 353.6 199.9 355.5 203.0 355.4 0.7008
488.2 274.7 6.1 7.8 489.8 277.6 492.8 277.7 491.2 279.3 490.0 280.9 492.3 281.0 0.6990
845.6 292.2 7.3 8.6 847.6 295.6 851.0 295.5 849.4 297.4 848.1 299.2 850.8 299.1 0.6976
646.1 285.2 7.1 7.8 647.8 288.1 651.2 288.4 649.3 290.0 647.9 291.5 650.5 291.7 0.6931
876.4 303.5 8.0 8.2 878.4 306.2 882.0 306.4 880.0 308.1 878.6 309.8 881.4 309.9 0.6884
446.2 298.2 6.2 8.0 447.8 301.0 450.7 301.1 449.2 302.8 448.1 304.4 450.4 304.4 0.6688
538.1 258.4 6.4 8.2 539.7 261.8 542.8 261.7 541.4 263.5 540.3 265.0 542.7 264.9 0.6679
689.0 280.6 6.3 7.3 690.6 283.0 693.5 283.1 691.9 284.6 690.8 286.1 693.0 286.1 0.6632
732.6 289.6 8.0 9.7 879.5 322.2 884.3 322.1 882.1 324.7 880.1 327.2 884.1 327.1 0.6504
668.4 266.2 6.4 7.3 734.2 293.0 738.5 293.0 736.2 295.1 734.6 297.3 738.0 297.3 0.6444
747.8 273.5 7.2 7.9 670.1 268.6 673.2 268.6 671.6 270.2 670.4 271.8 672.9 271.8 0.6438
778.6 324.4 7.5 8.4 749.6 275.7 753.0 275.9 751.1 277.6 749.7 279.2 752.4 279.3 0.6274
548.0 256.4 6.2 7.3 780.8 327.5 784.1 327.5 782.5 329.4 781.1 331.1 783.6 331.1 0.5784
610.0 270.1 5.6 7.0 549.7 259.0 552.8 259.0 551.3 260.7 550.0 262.2 552.4 262.2 0.5711
877.5 312.3 8.2 9.0 611.7 272.8 614.0 272.7 612.9 274.1 611.9 275.4 613.8 275.4 0.5448
394.8 259.6 5.5 6.5 893.5 306.7 899.1 306.6 896.2 309.3 894.1 311.9 898.6 311.8 0.5390
576.4 285.8 5.9 7.5 879.6 315.7 883.7 315.5 881.7 317.6 880.1 319.6 883.4 319.5 0.5348
394.2 286.2 7.5 8.8 396.2 262.1 398.7 262.1 397.4 263.4 396.5 264.7 398.4 264.7 0.5169
482.5 264.2 5.8 7.0 577.7 288.5 580.3 288.7 578.8 290.1 577.8 291.6 579.9 291.7 0.5152
496.3 271.3 6.3 7.8 866.0 291.1 869.8 291.0 867.9 293.4 866.4 295.7 869.5 295.6 0.5116
425.8 290.9 7.1 8.4 395.8 289.8 399.0 289.8 397.1 291.6 396.1 293.2 398.6 293.2 0.5095
