12--Group/12_Group_Large_Group_12_Group_Large_Group_12_27.jpg
33
831.7 284.4 95.6 128.5 856.1 332.7 899.7 334.3 875.9 353.9 856.0 374.8 896.7 376.5 0.9998
929.2 208.2 80.1 98.7 953.1 239.4 990.9 242.1 972.2 258.6 950.8 274.9 987.2 277.4 0.9998
467.1 219.2 79.9 106.3 487.9 256.7 525.2 256.5 506.0 278.0 490.9 296.2 523.0 295.8 0.9998
338.3 0.0 68.6 64.2 356.0 11.2 387.9 10.5 372.2 27.0 358.9 41.2 386.8 40.5 0.9998
318.3 194.7 85.0 111.0 347.5 235.5 385.2 239.1 367.0 263.6 343.5 273.2 377.9 276.6 0.9998
612.7 202.5 75.6 93.9 630.3 237.1 664.9 232.1 648.9 252.3 636.5 269.4 669.8 264.7 0.9997
556.6 12.1 68.4 88.8 567.6 44.9 598.7 42.9 578.2 59.4 569.6 75.1 599.9 73.3 0.9997
527.5 136.3 82.3 101.9 550.8 175.5 589.7 177.2 570.2 197.8 549.5 208.4 586.9 210.0 0.9997
405.3 32.7 69.3 91.1 430.2 61.0 458.1 77.5 437.7 84.9 418.0 88.5 445.0 102.5 0.9997
384.2 314.8 91.4 119.6 403.3 355.8 444.4 349.0 424.8 377.5 413.6 399.9 451.9 393.4 0.9997
713.6 0.0 77.0 85.7 737.9 21.5 773.2 27.6 753.5 45.9 731.8 54.3 766.0 59.7 0.9997
166.1 214.1 85.9 107.7 188.2 257.5 228.3 256.3 208.6 279.9 191.6 294.7 226.6 294.0 0.9997
408.4 158.9 79.0 101.6 438.9 191.0 472.3 198.0 455.1 217.2 429.2 226.4 460.7 233.1 0.9997
795.9 53.0 80.2 102.9 820.2 90.7 854.9 98.5 832.9 116.6 813.8 124.2 845.2 130.7 0.9997
47.9 149.9 94.8 128.0 74.7 196.6 120.6 201.1 96.3 220.8 71.0 238.9 115.3 243.0 0.9997
233.8 145.3 71.9 96.6 257.6 181.8 291.1 183.9 275.6 202.1 257.9 216.7 286.1 218.3 0.9997
131.3 88.0 85.0 104.1 156.5 120.2 196.2 126.1 173.9 146.0 152.5 160.1 187.4 165.0 0.9996
534.6 330.4 84.9 113.1 564.2 371.8 603.0 377.7 584.2 400.1 555.9 407.5 595.3 412.9 0.9996
473.1 44.3 73.8 96.5 489.6 81.9 525.2 85.6 504.1 106.1 490.7 118.0 518.0 121.1 0.9996
35.0 282.2 80.1 111.5 59.7 325.7 97.8 327.6 80.9 346.0 60.6 364.1 94.0 365.5 0.9996
849.0 132.1 85.7 108.6 868.8 176.5 910.0 177.9 887.4 202.2 870.0 212.0 908.6 213.0 0.9996
766.4 213.4 77.4 96.2 788.6 242.8 824.9 249.2 803.1 267.1 784.8 279.2 816.0 284.9 0.9996
300.4 66.8 77.0 104.3 317.3 106.4 354.2 106.5 333.7 131.9 320.1 143.7 353.1 143.6 0.9996
27.9 44.1 74.0 97.5 46.7 80.5 82.4 82.0 63.4 103.8 46.5 114.6 78.4 116.1 0.9996
99.6 0.0 82.8 96.4 112.1 31.6 147.2 31.4 122.9 54.6 117.6 72.7 143.4 72.5 0.9996
904.7 17.0 78.8 109.9 928.7 58.5 965.1 58.4 948.8 79.1 932.9 99.1 961.5 98.8 0.9996
178.1 325.3 95.1 127.3 12.0 -3.0 54.1 8.8 29.5 25.3 4.3 43.5 39.4 52.9 0.9996
811.6 0.0 79.4 69.4 209.5 376.6 252.2 374.9 235.6 403.0 211.0 417.8 251.2 416.4 0.9995
674.0 293.3 97.9 136.7 840.2 9.7 875.1 13.5 859.3 29.7 841.5 46.0 865.7 49.5 0.9995
708.1 105.0 73.8 105.3 697.4 349.8 742.4 346.2 721.3 375.4 704.8 396.7 742.6 394.0 0.9995
609.5 62.9 75.1 111.3 728.7 147.5 763.6 145.2 748.7 166.6 733.2 183.5 764.2 181.7 0.9995
214.9 21.9 82.6 106.5 629.2 108.1 665.1 108.8 646.8 134.3 630.0 144.1 663.1 144.6 0.9995
962.7 0.0 60.8 89.5 233.2 66.6 272.1 63.7 252.2 86.5 241.6 107.0 269.7 104.4 0.9990
