12--Group/12_Group_Team_Organized_Group_12_Group_Team_Organized_Group_12_508.jpg
132
569.9 326.6 16.1 21.4 573.0 335.1 580.1 334.6 576.3 338.9 574.4 343.2 580.4 342.7 0.9991
477.5 388.5 22.2 25.4 482.5 399.3 491.1 398.1 486.9 403.7 485.3 408.6 491.9 407.7 0.9990
351.8 362.2 17.9 23.1 357.0 372.0 365.2 372.0 361.1 376.5 357.7 380.4 364.5 380.4 0.9990
880.0 407.7 21.7 25.2 884.9 418.8 894.8 419.0 889.5 424.7 886.7 428.1 893.6 428.2 0.9990
630.6 402.8 19.2 24.7 634.9 412.6 643.8 413.1 638.8 417.5 635.1 421.8 642.5 422.1 0.9989
839.3 369.7 18.1 21.4 843.2 378.4 852.0 377.7 847.8 382.6 845.1 386.9 852.1 386.4 0.9989
655.1 388.1 19.4 26.2 660.0 399.6 669.1 400.0 664.1 405.3 660.5 409.1 667.5 409.4 0.9988
1009.2 319.3 13.9 17.8 1013.4 325.8 1020.1 325.8 1016.9 329.2 1013.9 332.5 1019.4 332.6 0.9987
172.4 372.8 17.9 22.1 176.8 381.5 184.7 381.7 180.4 386.9 177.8 390.4 183.5 390.6 0.9986
692.9 325.4 17.4 20.8 697.7 333.6 705.9 333.6 701.6 337.7 698.5 341.5 705.1 341.5 0.9985
456.6 416.4 19.5 24.7 461.7 426.3 470.6 426.1 466.3 431.6 463.0 435.3 470.2 435.1 0.9985
190.2 327.1 15.6 20.3 194.1 334.5 201.5 334.7 197.6 338.6 194.8 342.6 200.6 342.7 0.9984
977.3 408.5 20.1 25.9 982.9 420.7 992.4 420.1 988.0 425.7 984.7 430.0 991.3 429.5 0.9984
415.4 414.0 19.4 22.7 420.7 422.2 429.6 421.9 425.2 427.5 422.0 431.5 428.6 431.3 0.9984
289.8 320.7 15.7 21.8 294.4 329.5 301.6 329.2 298.3 333.4 295.6 337.8 301.2 337.6 0.9983
777.1 400.4 19.4 24.8 782.3 410.0 790.6 410.4 786.0 414.9 782.8 419.2 789.5 419.4 0.9983
250.1 329.1 17.6 20.8 255.4 337.4 263.8 337.4 260.1 341.6 256.6 345.5 262.9 345.4 0.9983
764.6 423.0 19.1 24.2 769.7 433.6 778.5 433.8 774.1 438.8 771.0 442.7 777.2 442.8 0.9982
82.8 371.4 18.9 24.9 89.2 382.0 97.9 381.8 94.1 387.3 90.0 391.3 96.6 391.2 0.9982
207.6 386.4 19.5 25.0 213.6 396.8 222.7 396.2 218.8 402.3 215.1 406.3 222.0 405.9 0.9982
718.1 407.7 20.8 25.4 724.2 419.0 733.7 419.2 729.0 424.8 725.1 428.3 732.2 428.6 0.9981
437.3 381.1 20.4 27.8 442.2 393.2 451.9 393.1 447.1 399.0 443.9 403.7 451.0 403.6 0.9981
543.7 408.0 20.1 23.5 549.5 419.4 558.4 419.5 554.0 425.1 550.5 427.3 557.1 427.4 0.9981
890.4 362.0 18.1 21.4 895.4 371.2 903.3 371.1 899.3 375.8 896.7 379.3 902.4 379.2 0.9981
816.6 366.4 18.4 23.1 822.1 375.2 830.3 375.8 825.9 380.7 822.1 384.0 828.6 384.5 0.9980
22.3 372.6 17.4 22.9 25.9 381.8 33.7 382.1 29.2 387.0 26.8 390.8 32.5 391.0 0.9980
612.0 393.9 18.6 24.4 617.3 404.2 625.4 403.9 621.7 408.9 618.5 413.5 625.0 413.3 0.9980
290.5 406.6 21.6 28.4 296.0 419.3 305.1 419.1 300.2 425.2 297.1 429.1 304.4 429.0 0.9980
851.5 338.4 14.5 18.3 855.5 345.8 862.2 345.6 859.0 349.4 856.4 353.0 861.7 352.9 0.9979
152.9 392.7 19.8 25.8 158.9 404.0 167.7 403.6 163.8 409.2 160.2 413.0 167.0 412.7 0.9979
343.3 317.9 15.8 21.7 347.0 326.8 353.6 326.7 349.7 330.7 347.7 334.6 353.3 334.4 0.9979
77.7 405.6 18.7 25.0 81.7 416.2 89.1 416.3 84.1 421.1 82.3 425.6 88.3 425.6 0.9978
579.6 400.5 22.1 25.5 585.2 411.9 595.1 411.7 590.0 417.5 586.7 421.1 593.9 421.0 0.9978
270.0 388.7 20.2 26.2 274.7 400.6 284.0 400.5 279.2 406.5 276.3 410.5 283.0 410.3 0.9977
492.6 334.0 14.2 20.5 496.1 342.7 502.8 342.8 499.4 346.8 497.0 350.5 502.0 350.5 0.9977
912.6 384.0 19.2 23.6 918.5 392.8 927.4 393.3 923.4 398.1 919.4 402.2 925.9 402.6 0.9977
795.3 308.4 13.6 18.0 797.9 314.6 804.1 314.3 800.6 318.2 799.0 322.0 803.8 321.7 0.9975
703.1 353.6 18.7 22.0 705.9 364.0 713.1 362.8 709.1 368.4 708.8 371.8 714.2 370.7 0.9973
383.9 360.5 18.1 21.6 387.7 367.8 396.7 367.8 391.7 372.5 388.6 377.0 395.9 377.0 0.9973
345.6 414.8 21.6 22.8 350.2 425.7 360.1 425.6 354.7 431.3 351.9 433.8 359.2 433.7 0.9972
766.4 316.2 15.3 19.4 770.6 323.7 777.7 324.2 773.7 327.7 770.7 331.1 776.3 331.5 0.9971
112.4 436.2 19.2 22.9 118.3 447.1 126.9 447.1 122.9 452.0 119.6 455.1 125.5 455.0 0.9970
627.1 356.0 16.6 21.8 634.1 365.1 641.0 365.2 638.5 370.4 634.4 373.7 639.4 373.9 0.9969
728.0 351.1 14.8 21.1 733.9 359.7 740.3 360.1 737.8 364.1 734.1 367.8 739.0 368.2 0.9968
365.6 333.6 15.2 20.1 371.1 342.9 377.8 342.6 375.2 346.9 371.9 349.8 377.1 349.7 0.9968
688.7 423.3 22.5 20.8 695.8 432.5 705.7 433.1 700.9 438.6 696.3 439.9 703.6 440.5 0.9963
537.7 324.7 12.6 15.5 540.0 331.0 545.3 330.4 542.5 333.8 541.4 336.9 545.6 336.5 0.9956
809.7 319.8 15.2 18.9 813.1 327.6 820.3 328.2 816.0 331.4 813.4 334.9 818.6 335.3 0.9953
1007.8 401.9 15.6 20.1 1012.0 408.0 1020.1 407.9 1015.6 412.4 1013.0 416.7 1019.1 416.6 0.9950
214.1 321.5 14.7 18.5 218.3 329.4 225.1 329.4 221.9 333.1 219.4 336.6 224.2 336.6 0.9944
834.2 424.0 17.9 19.6 840.0 430.4 848.1 430.7 844.4 435.6 840.6 439.0 846.5 439.3 0.9938
427.0 323.5 13.1 16.6 430.0 330.9 436.3 330.0 433.4 333.8 431.7 337.2 436.2 336.5 0.9937
248.5 300.3 14.3 17.8 252.8 307.3 259.5 307.1 256.6 310.4 253.9 314.1 258.9 314.0 0.9936
919.8 309.5 15.0 18.8 924.0 317.3 931.2 317.0 928.0 320.9 925.3 324.6 930.6 324.4 0.9931
459.0 354.3 15.8 18.7 463.4 360.0 470.5 359.8 467.2 364.1 464.5 368.1 470.1 367.9 0.9925
762.1 340.5 15.6 20.0 766.9 349.2 774.3 349.4 770.8 353.5 767.5 356.6 773.1 356.8 0.9920
839.3 396.7 20.5 25.6 847.6 407.7 855.8 408.2 852.6 413.3 848.5 416.9 854.4 417.4 0.9915
422.1 386.3 17.6 23.0 426.0 396.0 433.6 396.9 428.7 400.9 426.3 404.5 431.8 405.1 0.9912
47.6 429.6 18.7 22.6 51.6 437.9 60.0 438.8 55.0 443.6 52.2 447.1 58.0 447.8 0.9911
309.1 328.9 14.9 19.3 312.5 336.8 319.3 336.7 315.7 340.8 313.7 344.5 318.5 344.4 0.9911
553.9 309.4 13.3 17.7 557.4 316.3 563.5 316.5 560.1 319.8 557.6 322.9 562.5 323.1 0.9909
258.9 362.0 17.8 22.0 264.0 372.8 271.7 372.7 268.0 377.7 265.4 380.7 270.6 380.6 0.9904
517.7 312.2 12.2 15.1 520.1 318.5 525.5 318.7 522.3 321.9 520.6 324.7 524.6 324.8 0.9899
497.2 300.9 12.1 16.5 500.1 307.8 505.9 307.7 502.8 311.2 500.9 314.4 504.9 314.3 0.9893
476.2 330.3 14.1 18.5 482.2 337.7 487.9 338.5 485.3 341.9 482.1 344.8 486.2 345.5 0.9886
270.4 339.7 13.9 16.1 273.1 344.9 279.6 344.7 276.0 348.5 274.2 352.1 279.0 351.9 0.9863
314.3 341.8 14.2 18.7 317.5 350.5 324.0 350.6 320.3 354.6 318.4 357.5 322.9 357.6 0.9860
513.1 364.1 15.1 18.0 515.5 371.8 520.5 372.3 516.5 376.4 516.8 379.1 519.8 379.3 0.9859
595.6 314.6 13.8 17.0 597.9 322.3 604.0 322.0 600.4 326.1 599.3 329.1 603.5 328.8 0.9857
521.6 407.5 18.2 22.3 527.6 417.9 534.5 417.3 531.8 422.6 529.5 425.8 534.3 425.4 0.9846
228.4 323.1 13.5 17.4 230.6 331.1 236.6 331.0 233.0 335.2 231.9 337.9 235.9 337.7 0.9841
433.6 343.8 15.1 18.3 437.4 353.0 444.0 351.6 441.4 356.1 439.8 359.6 444.5 358.5 0.9821
85.5 333.0 16.2 20.0 89.9 340.3 97.8 340.3 93.9 343.5 90.6 348.1 96.6 348.1 0.9818
953.9 353.5 15.8 21.2 958.4 362.7 965.7 362.5 962.3 366.5 959.4 370.3 965.1 370.2 0.9805
139.4 311.4 15.0 19.4 143.7 318.3 150.5 318.5 147.2 321.9 144.2 325.9 149.5 326.0 0.9793
654.2 349.4 16.4 20.5 657.8 358.3 665.2 357.1 662.0 362.2 660.3 366.1 666.0 365.0 0.9776
386.2 292.9 13.9 18.0 388.9 299.2 395.4 299.4 391.4 302.9 389.4 306.6 394.2 306.8 0.9774
422.1 311.4 13.1 15.8 426.1 318.0 432.0 317.9 429.3 321.3 426.7 324.0 431.4 323.9 0.9772
997.5 372.8 17.5 19.1 1002.0 379.2 1010.0 378.9 1006.2 383.6 1003.5 387.5 1009.3 387.2 0.9765
790.3 387.7 18.4 23.5 796.0 396.4 803.4 397.4 799.4 401.6 796.0 405.4 801.2 406.2 0.9763
321.0 291.9 12.5 16.1 324.3 297.8 330.4 297.9 327.3 301.2 324.9 304.4 329.8 304.4 0.9751
104.2 351.1 15.8 18.4 108.5 357.9 115.4 358.1 111.7 361.6 108.9 365.2 114.4 365.3 0.9726
226.0 373.1 19.7 26.2 233.2 383.5 240.7 383.0 238.1 388.8 234.5 393.7 240.0 393.4 0.9706
305.5 310.0 13.2 17.6 309.4 317.8 315.5 317.5 312.6 321.1 310.2 324.2 314.8 324.1 0.9690
477.5 308.9 12.0 15.2 480.5 315.7 486.3 315.6 483.5 318.8 481.2 321.7 485.8 321.6 0.9688
458.3 300.9 11.1 13.2 461.0 306.0 466.5 305.9 463.8 308.8 461.7 311.5 466.1 311.5 0.9670
53.7 338.7 16.3 19.8 56.5 346.6 62.4 347.3 57.4 350.4 56.3 353.9 60.5 354.4 0.9594
183.1 311.7 12.4 15.2 186.4 317.6 191.9 317.5 189.2 320.8 187.1 323.8 191.3 323.7 0.9582
188.3 363.6 17.9 22.4 193.0 374.5 201.2 374.7 197.0 380.1 193.9 382.8 199.9 383.0 0.9569
587.1 378.2 17.1 19.4 591.4 384.5 599.2 385.0 594.8 388.3 591.8 392.3 597.7 392.6 0.9554
315.4 391.6 18.3 21.5 320.2 399.8 328.5 400.1 324.1 404.8 321.2 408.8 327.2 409.0 0.9423
267.5 310.2 14.0 15.6 270.0 314.7 276.1 315.0 271.9 318.1 270.2 321.7 274.7 321.9 0.9410
863.3 320.4 14.2 17.8 866.6 327.4 872.1 327.7 868.5 331.2 867.1 334.6 871.3 334.7 0.9378
536.5 286.2 11.8 16.6 539.9 292.8 545.5 292.4 543.2 296.0 541.2 299.4 545.3 299.1 0.9374
954.0 372.0 13.7 16.7 957.4 378.6 962.9 378.5 960.0 382.3 958.4 385.5 962.5 385.4 0.9355
664.2 316.3 13.0 16.4 665.7 322.6 670.3 322.6 666.3 326.0 666.4 329.3 669.4 329.2 0.9299
656.9 305.1 16.0 20.0 661.5 313.1 669.0 312.8 665.6 316.8 662.6 320.7 668.7 320.5 0.9269
94.5 299.5 12.8 17.1 98.4 305.9 104.4 305.9 101.7 309.6 99.1 313.0 103.7 313.0 0.9253
846.1 306.3 12.7 16.0 849.3 312.6 855.3 312.9 852.1 315.9 849.5 318.9 854.3 319.1 0.9249
761.0 369.7 17.2 20.3 767.2 375.8 774.8 376.2 771.6 380.9 767.5 385.2 773.1 385.5 0.9144
444.8 321.4 13.5 14.2 448.6 326.7 454.7 326.8 451.4 329.9 449.0 332.8 453.7 332.9 0.8939
61.4 358.7 16.7 21.2 65.6 368.4 73.6 368.2 69.8 373.0 67.1 376.5 72.6 376.3 0.8717
322.7 355.2 15.8 18.8 326.0 363.2 333.2 363.4 329.1 367.5 326.8 370.6 331.9 370.7 0.8712
22.1 346.3 16.3 19.4 23.9 351.6 30.2 351.6 25.3 355.8 24.3 360.1 29.2 359.9 0.8590
123.7 344.2 13.0 16.8 128.0 351.4 133.7 350.8 131.6 355.0 129.7 358.3 133.8 357.9 0.8555
0.0 321.8 12.8 20.3 0.6 329.6 8.6 329.6 5.1 333.1 2.1 337.4 8.1 337.3 0.8549
506.3 335.6 13.6 17.9 509.1 343.2 515.6 343.6 511.8 347.5 509.6 350.5 514.3 350.8 0.8366
548.6 351.9 17.1 20.5 551.5 358.8 559.1 358.8 554.3 363.2 552.5 367.8 558.6 367.6 0.8176
406.9 311.6 11.4 12.4 410.9 315.9 415.9 315.8 413.8 318.7 411.6 321.4 415.4 321.4 0.8156
734.7 310.7 14.9 19.9 737.3 318.2 745.2 318.5 740.8 322.8 738.1 326.7 743.8 326.9 0.8126
122.7 293.4 11.6 16.4 126.1 300.2 131.5 300.3 129.0 303.7 126.7 306.7 130.7 306.8 0.8110
177.2 296.7 12.2 16.8 180.2 304.3 185.9 303.8 183.3 307.9 181.6 311.1 185.5 310.7 0.7742
48.9 388.6 23.6 26.4 55.3 398.1 65.8 399.4 59.8 403.6 55.4 408.0 63.1 409.0 0.7686
1009.4 184.9 8.6 10.4 1011.6 189.3 1015.8 189.6 1013.5 191.7 1011.7 193.6 1015.0 193.8 0.7657
412.2 288.7 13.1 17.4 415.1 296.2 421.9 296.2 418.5 300.2 416.2 303.4 420.9 303.3 0.7460
285.2 293.7 12.8 15.6 288.8 299.9 295.1 299.9 292.2 303.3 289.4 306.4 294.4 306.4 0.7458
204.9 344.8 17.6 22.0 209.3 354.3 217.1 353.9 213.5 358.7 210.9 362.6 216.6 362.3 0.7447
131.6 404.6 18.9 22.4 135.8 412.4 145.5 412.9 139.8 417.8 136.1 422.7 143.9 423.1 0.7153
287.7 305.2 9.7 11.2 289.6 309.2 294.2 308.9 291.7 311.3 290.4 313.9 293.9 313.6 0.7133
212.8 298.0 13.7 17.3 216.7 304.5 223.3 304.3 220.3 308.3 217.9 311.6 223.0 311.5 0.7009
142.8 378.8 14.0 17.1 148.7 384.9 154.3 384.4 152.9 388.5 149.9 392.2 154.2 392.0 0.6964
121.0 390.3 16.2 20.6 125.5 398.4 130.6 397.7 128.1 401.9 127.2 405.9 131.0 405.3 0.6871
917.9 342.6 14.6 17.9 920.7 350.2 927.0 349.9 923.4 354.1 921.9 357.2 926.3 357.0 0.6797
880.3 336.2 11.5 13.7 883.8 341.9 889.0 341.5 886.9 344.6 885.0 347.6 889.0 347.3 0.6783
970.4 354.8 14.0 16.8 972.6 361.4 978.9 361.5 974.9 365.3 973.3 368.8 978.1 368.8 0.6758
741.8 342.9 14.6 18.1 746.6 350.0 753.4 350.1 750.3 353.8 747.5 357.1 752.5 357.1 0.6558
556.0 390.0 18.1 26.9 566.9 401.4 571.8 400.4 572.7 406.3 568.7 411.8 572.0 411.3 0.6234
521.8 335.6 14.3 16.6 525.1 340.9 531.4 340.6 528.3 344.1 526.5 347.9 531.2 347.5 0.6100
152.6 323.8 13.5 17.6 155.5 331.1 161.2 330.0 158.2 334.2 157.3 338.0 161.4 337.1 0.5699
204.1 283.2 12.6 16.7 207.8 289.2 213.3 289.5 210.4 293.0 208.0 296.0 212.1 296.3 0.5689
233.3 284.6 10.4 13.2 236.4 289.9 241.2 289.9 238.9 292.7 237.0 295.2 240.7 295.2 0.5500
412.2 369.2 15.5 16.7 416.4 374.9 422.9 375.4 419.2 379.3 417.0 382.2 421.7 382.6 0.5218
