12--Group/12_Group_Large_Group_12_Group_Large_Group_12_216.jpg
10
886.0 370.6 137.6 212.8 945.5 438.4 1016.2 487.7 948.9 499.6 909.3 510.7 967.2 553.1 0.9998
570.8 292.0 152.4 189.8 614.8 364.0 684.3 370.6 648.1 401.4 615.5 431.0 673.9 436.2 0.9996
642.0 113.4 83.8 107.4 676.4 158.3 713.4 156.9 703.2 180.6 679.4 195.6 711.5 194.1 0.9996
787.3 125.5 84.0 109.8 818.6 172.6 857.5 175.2 841.5 201.3 819.1 214.6 845.1 217.1 0.9995
371.9 29.2 72.4 91.8 400.0 60.4 431.2 62.5 419.4 75.8 400.7 93.2 427.7 94.8 0.9995
227.3 205.4 238.1 326.9 290.0 327.2 405.7 319.4 353.4 381.7 295.6 434.7 410.0 427.5 0.9995
469.2 44.6 85.0 121.7 495.9 90.9 535.5 93.7 516.3 115.1 496.1 134.4 527.8 136.9 0.9992
183.6 0.0 84.4 91.1 208.1 23.6 244.9 30.4 223.2 46.3 206.9 62.9 234.3 67.9 0.9985
905.5 147.3 72.0 97.8 912.8 184.1 941.7 189.0 915.9 209.5 915.4 224.5 934.8 228.3 0.9971
304.5 29.9 41.1 52.1 314.4 45.5 333.2 45.9 322.7 56.2 316.2 67.2 330.2 67.6 0.9963
