12--Group/12_Group_Group_12_Group_Group_12_350.jpg
45
726.0 333.8 25.6 32.6 731.3 346.8 743.3 346.5 736.9 352.8 733.0 358.7 743.0 358.4 0.9996
326.2 480.3 25.6 31.9 330.9 493.1 342.6 490.3 337.3 499.1 333.9 504.0 345.5 501.6 0.9996
594.1 280.8 26.3 35.8 602.5 294.2 614.1 295.1 608.5 301.1 602.4 306.2 612.8 306.9 0.9996
292.0 323.0 23.2 32.1 297.3 336.8 308.8 336.9 302.9 343.0 297.6 347.3 308.2 347.3 0.9995
655.1 329.0 23.9 30.8 661.4 341.6 672.3 342.2 666.4 347.8 661.9 352.0 670.8 352.5 0.9995
518.5 401.2 26.0 34.5 525.1 415.6 537.4 416.7 530.3 422.5 524.7 427.9 535.0 428.7 0.9995
454.3 316.3 26.0 34.6 461.0 331.5 473.0 332.2 466.3 338.7 461.3 344.0 471.0 344.4 0.9995
597.7 351.0 25.2 33.1 604.0 364.8 615.2 366.8 607.9 372.5 602.4 375.1 612.5 376.6 0.9995
840.2 269.1 18.9 26.7 844.5 280.3 852.7 280.4 847.9 285.9 845.1 289.9 852.0 289.9 0.9994
729.2 388.7 25.7 34.8 735.3 404.0 746.8 404.7 740.3 411.5 735.6 415.6 745.3 416.1 0.9994
785.3 325.7 25.1 33.5 788.6 342.8 797.6 340.0 792.8 348.1 793.3 353.4 800.6 351.0 0.9994
359.9 324.8 22.6 30.2 365.4 337.3 375.6 337.1 370.3 343.1 366.6 347.8 374.9 347.5 0.9993
236.6 358.8 23.3 31.8 241.0 371.0 251.1 370.1 245.3 376.9 242.4 382.2 251.3 381.5 0.9993
796.6 459.0 25.6 32.2 804.1 471.3 815.8 472.2 809.6 477.7 803.7 483.1 813.6 483.8 0.9993
186.4 295.0 24.5 32.4 192.9 309.6 203.9 307.5 199.6 314.7 195.7 320.2 205.2 318.6 0.9993
427.0 396.7 26.6 33.4 434.3 410.2 446.7 410.2 440.6 416.7 435.3 422.5 445.5 422.5 0.9993
179.9 367.3 22.6 29.9 187.1 379.9 197.0 379.7 192.6 386.0 188.2 390.3 196.1 390.2 0.9993
875.9 394.9 28.1 35.1 883.3 410.0 895.9 412.6 887.9 418.1 881.8 421.1 892.1 423.1 0.9992
421.0 300.9 23.0 30.4 426.3 313.8 436.8 313.4 431.3 319.3 427.7 324.3 436.0 323.9 0.9992
815.2 390.8 24.0 31.6 821.5 403.4 832.3 404.8 826.0 410.5 820.9 414.0 830.5 415.1 0.9992
750.9 453.2 26.7 34.1 757.3 466.7 769.5 468.8 761.9 475.0 757.1 478.8 766.7 480.4 0.9991
232.6 298.7 21.9 31.0 238.2 312.3 248.4 312.7 242.9 318.0 238.8 322.4 247.1 322.7 0.9991
113.7 449.0 22.0 30.4 120.8 460.9 130.7 459.5 127.6 466.0 122.9 471.4 131.7 470.3 0.9991
512.2 469.9 28.2 38.3 520.2 486.7 533.3 485.9 527.4 494.4 521.5 499.4 533.3 498.8 0.9991
672.7 470.9 29.2 35.1 679.7 485.4 692.6 484.8 685.8 491.0 680.6 496.1 692.7 495.6 0.9991
423.3 471.1 28.9 37.4 431.7 486.9 445.1 486.9 438.8 493.8 432.6 499.5 443.8 499.5 0.9991
212.5 467.9 25.5 28.8 218.5 480.3 229.9 481.4 223.1 486.3 218.8 489.8 227.7 490.7 0.9990
527.7 344.8 23.5 24.7 534.5 352.2 545.1 353.1 539.6 357.3 534.9 362.4 542.9 363.1 0.9990
614.7 414.0 26.3 33.0 621.6 427.8 633.5 428.5 627.0 434.1 621.8 438.6 631.9 439.1 0.9990
293.3 388.9 23.2 32.6 301.3 402.6 311.7 402.2 307.5 408.5 302.1 413.2 311.2 413.0 0.9990
786.0 269.2 22.6 27.8 789.5 280.3 798.9 279.9 792.8 285.4 790.9 290.1 799.0 289.7 0.9989
672.4 388.8 26.5 37.6 678.4 405.8 690.9 406.6 683.9 413.5 678.9 418.5 689.0 419.0 0.9988
266.3 470.7 24.6 31.4 272.1 483.9 283.8 483.7 277.7 490.0 273.3 494.9 283.0 494.7 0.9987
350.0 396.2 24.8 33.4 355.6 409.7 367.2 410.1 360.5 415.8 355.9 421.3 365.8 421.6 0.9987
125.7 340.5 21.3 27.2 132.0 351.7 141.8 351.8 137.1 356.9 132.8 361.1 140.8 361.2 0.9986
752.6 291.1 23.8 31.7 758.5 304.2 769.0 305.5 762.3 311.1 757.8 315.9 766.2 316.8 0.9986
391.0 285.2 24.7 27.7 400.7 294.1 409.6 300.4 401.9 302.3 394.8 303.2 402.3 308.2 0.9985
852.4 469.5 28.5 39.7 858.5 485.3 871.6 486.0 863.8 493.9 858.4 499.2 870.2 499.7 0.9985
850.8 317.8 24.6 31.4 856.1 328.6 867.4 330.6 859.5 334.4 854.6 340.0 864.2 341.5 0.9983
109.8 390.3 23.7 31.7 116.9 402.6 128.2 402.4 123.2 408.1 117.4 413.1 127.9 413.0 0.9981
165.6 452.8 21.3 26.9 170.5 463.5 180.0 463.9 174.4 469.2 170.6 472.8 179.0 473.2 0.9981
590.4 482.0 27.4 32.4 599.3 493.7 610.9 497.0 603.9 500.5 597.6 504.6 606.8 507.3 0.9974
674.6 299.8 22.6 24.8 680.7 308.9 689.8 309.1 685.0 314.5 681.8 318.6 688.7 318.7 0.9973
116.8 144.0 9.9 13.1 122.3 149.0 125.4 148.9 125.1 151.6 122.7 154.1 124.9 154.1 0.9740
74.0 154.9 8.5 9.7 77.4 158.6 80.7 158.9 79.2 161.1 77.3 162.7 79.7 163.0 0.7013
