12--Group/12_Group_Team_Organized_Group_12_Group_Team_Organized_Group_12_787.jpg
25
551.7 256.3 76.6 107.0 597.0 303.2 617.9 298.3 624.7 320.8 604.7 342.8 619.1 339.2 0.9999
863.9 142.9 76.5 107.2 911.8 189.4 932.7 187.5 937.9 209.5 915.2 228.7 930.5 227.5 0.9999
38.0 135.4 79.8 102.8 78.6 176.1 108.8 177.3 103.8 198.3 81.1 216.4 102.8 217.2 0.9998
460.2 152.6 64.8 84.0 485.9 189.2 512.6 180.7 508.6 201.5 495.9 219.3 517.3 212.5 0.9997
465.6 73.0 28.9 35.6 476.9 87.7 489.8 85.9 486.6 93.3 480.2 100.6 490.2 99.2 0.9997
676.1 120.7 59.5 73.0 702.9 151.6 726.4 147.9 722.1 164.6 710.4 179.4 727.2 176.2 0.9996
571.5 104.0 46.6 58.7 590.8 132.6 609.1 127.5 606.4 141.1 598.7 152.8 611.5 148.8 0.9995
502.9 88.5 34.6 48.6 514.3 110.2 531.0 108.9 524.9 119.1 517.4 127.4 529.7 126.5 0.9995
114.4 133.2 50.7 64.2 132.5 160.2 155.0 157.1 148.6 170.3 140.0 184.5 155.7 181.9 0.9995
291.3 151.9 58.4 78.5 308.9 185.8 336.1 179.8 328.7 197.0 319.3 214.9 338.9 210.2 0.9995
815.2 56.9 28.6 32.4 828.0 66.9 839.4 68.9 835.1 73.9 827.6 79.6 836.7 81.3 0.9995
196.9 115.5 41.4 56.9 201.6 137.2 213.7 137.5 202.5 148.3 204.7 159.3 213.0 159.5 0.9994
540.3 50.2 20.1 24.0 549.5 59.0 557.4 60.6 554.1 64.6 548.7 68.3 554.2 69.6 0.9994
782.1 52.5 22.5 26.3 788.6 62.4 798.5 60.8 794.7 67.5 791.4 73.2 798.9 71.9 0.9991
174.6 83.8 29.8 40.1 184.4 98.1 197.9 97.6 192.8 105.0 187.0 113.6 197.1 113.3 0.9987
380.1 90.6 38.1 51.5 397.5 110.4 413.0 109.2 408.8 118.2 401.1 130.1 412.1 129.1 0.9985
611.2 52.1 17.5 21.7 615.3 60.9 622.9 59.1 620.0 64.0 618.2 69.1 624.4 67.5 0.9982
726.0 49.2 22.0 25.4 732.2 62.6 740.5 59.2 738.5 65.3 737.7 70.4 743.4 67.7 0.9976
666.5 53.0 17.6 23.8 672.7 62.2 680.3 62.2 677.2 66.9 673.7 71.2 679.3 71.3 0.9974
936.9 62.3 27.0 34.0 950.8 75.0 960.1 76.0 957.8 82.5 951.1 88.5 957.4 89.5 0.9972
842.8 56.0 20.5 29.6 851.0 68.2 860.5 68.1 856.9 73.7 852.1 79.4 859.4 79.4 0.9969
418.3 118.7 48.0 65.6 438.5 146.9 457.9 144.9 452.5 156.5 443.3 169.1 457.8 167.5 0.9966
0.0 225.9 54.8 156.0 0.4 296.1 32.0 283.2 41.2 319.1 19.6 351.3 43.5 341.8 0.9832
1010.0 92.3 13.3 38.0 1024.0 105.4 1037.8 105.0 1033.3 113.0 1025.6 120.4 1036.1 120.2 0.9727
351.0 98.4 27.2 37.2 364.8 115.8 373.7 114.6 372.0 122.8 366.4 128.3 372.6 127.7 0.9453
