12--Group/12_Group_Group_12_Group_Group_12_215.jpg
9
490.9 204.4 39.0 49.4 501.1 222.9 519.7 222.4 510.7 231.9 503.1 240.9 518.6 240.5 0.9996
601.5 212.6 38.8 45.7 611.1 230.3 628.7 229.5 619.9 239.5 613.7 247.2 627.8 246.5 0.9996
376.7 199.3 36.3 50.2 386.6 218.7 403.9 218.9 395.3 228.1 387.5 236.1 402.2 236.2 0.9996
633.9 250.4 42.0 50.5 643.4 271.0 662.7 269.5 652.7 280.0 646.5 288.7 662.3 287.5 0.9995
742.2 209.9 41.4 55.7 751.2 230.3 770.9 230.5 760.1 240.8 752.4 249.3 770.1 249.5 0.9995
337.7 255.6 41.7 51.2 349.2 275.6 368.8 275.6 359.3 285.5 350.7 293.2 367.8 293.2 0.9994
448.2 237.9 41.7 50.4 461.9 255.7 481.6 257.5 472.0 267.0 461.8 275.0 477.8 276.5 0.9992
548.9 284.6 38.9 43.6 559.5 298.3 577.5 298.4 568.7 308.5 561.1 316.0 576.1 316.2 0.9991
176.3 149.8 35.1 44.5 186.4 166.9 200.6 175.0 187.6 179.5 180.2 180.6 191.3 186.9 0.9991
