12--Group/12_Group_Group_12_Group_Group_12_140.jpg
13
319.9 331.1 42.2 52.8 328.4 353.5 346.8 349.7 338.1 363.6 334.0 370.7 351.0 367.2 0.9998
125.9 205.7 37.0 48.7 137.1 224.0 155.0 224.4 146.7 233.2 137.7 240.6 153.8 240.9 0.9997
855.7 161.6 45.7 60.9 863.6 185.0 883.8 182.9 872.3 196.8 867.3 206.2 885.8 204.3 0.9997
185.8 186.9 36.0 45.9 195.6 205.6 212.9 204.8 205.0 214.9 197.9 221.8 212.6 221.2 0.9997
457.2 322.8 45.0 55.4 467.2 346.3 487.1 342.4 478.2 355.4 473.9 366.4 489.4 363.0 0.9996
376.7 217.0 38.4 48.1 388.6 235.3 406.9 236.4 398.0 244.6 388.1 251.1 404.7 252.0 0.9996
616.9 306.8 44.6 56.5 627.3 329.1 648.5 330.4 636.1 342.5 626.8 346.6 647.3 347.8 0.9996
192.6 310.2 44.7 57.2 205.2 332.9 225.6 332.6 215.9 342.0 206.5 351.3 225.1 351.0 0.9996
733.9 183.0 45.8 57.1 743.0 205.5 763.9 205.3 751.6 216.2 745.0 225.1 763.2 224.8 0.9996
296.2 180.3 37.1 44.7 305.4 195.5 323.1 195.8 313.9 204.5 305.9 211.3 322.3 211.5 0.9995
579.1 206.3 37.7 46.1 587.5 225.2 604.6 223.1 596.2 232.4 591.0 242.1 604.1 240.5 0.9995
672.4 163.4 40.3 52.9 680.9 183.7 699.6 181.2 690.5 193.2 685.4 203.6 700.4 201.6 0.9993
485.7 190.4 36.0 48.4 494.0 210.1 510.4 208.2 502.4 218.6 496.5 225.5 511.6 223.9 0.9993
