12--Group/12_Group_Large_Group_12_Group_Large_Group_12_1006.jpg
10
126.2 342.4 18.7 21.1 133.4 348.2 141.7 349.2 138.0 352.4 133.3 356.8 140.1 357.7 0.9992
36.5 325.9 20.2 24.2 44.1 334.1 52.7 333.9 50.4 337.7 45.9 343.0 53.3 342.9 0.9992
431.8 397.9 14.0 16.8 436.4 403.1 442.5 403.6 439.5 406.5 436.3 409.5 441.7 409.9 0.9960
622.2 411.0 11.6 14.7 624.9 416.4 630.1 416.2 627.4 419.4 625.5 422.0 630.0 421.9 0.9939
250.2 343.2 18.1 20.0 257.5 350.9 265.0 350.9 262.3 355.3 258.5 358.9 263.7 359.0 0.9918
729.3 416.0 9.6 10.7 731.2 419.6 735.3 419.5 733.0 421.9 732.0 424.2 735.2 424.1 0.9850
590.3 413.2 10.2 13.1 593.3 417.7 598.3 417.7 595.9 420.3 593.7 423.1 597.7 423.1 0.9809
419.7 170.5 28.7 35.1 434.0 184.2 444.1 184.4 441.3 191.6 433.9 197.7 441.5 198.1 0.9667
302.2 379.0 11.6 12.9 305.5 383.4 310.7 383.3 308.3 386.2 306.2 388.9 310.3 388.8 0.8985
691.5 416.4 9.5 12.5 693.2 420.9 697.1 421.0 694.6 423.7 693.8 426.1 696.7 426.1 0.8097
