12--Group/12_Group_Team_Organized_Group_12_Group_Team_Organized_Group_12_91.jpg
21
355.4 210.1 28.1 36.8 364.4 225.2 377.4 224.1 372.5 231.4 366.6 238.0 377.5 237.2 0.9997
392.6 276.8 36.5 41.1 402.2 291.1 420.7 290.4 412.1 300.3 402.9 305.1 420.9 304.6 0.9997
439.0 170.6 27.4 31.3 446.4 181.7 459.8 180.9 453.9 187.3 447.8 192.9 459.8 192.4 0.9997
304.7 193.2 24.1 29.8 312.2 203.9 324.0 204.0 318.9 209.9 312.7 214.8 323.3 215.0 0.9997
503.1 183.5 24.3 29.9 508.3 194.5 519.7 194.3 513.5 199.9 509.4 205.5 519.2 205.3 0.9996
219.8 200.9 29.9 38.4 230.7 215.4 244.9 214.7 240.3 222.8 231.7 229.0 244.3 228.5 0.9996
171.2 184.3 29.8 33.1 181.6 194.9 196.0 195.6 189.9 201.7 182.3 207.7 194.3 208.3 0.9996
627.6 288.1 38.1 42.9 637.1 302.6 655.7 303.2 645.9 310.8 637.3 317.1 654.7 317.6 0.9996
487.4 281.8 36.3 41.3 496.5 297.1 514.1 295.5 506.1 305.1 498.4 310.7 515.3 309.4 0.9995
645.4 163.0 32.8 42.7 653.9 180.4 669.7 179.9 661.9 189.0 655.9 195.9 668.4 195.5 0.9995
257.5 182.8 25.9 28.9 265.2 192.3 277.7 193.6 271.4 198.5 265.6 203.9 275.3 204.9 0.9995
236.4 306.7 34.5 40.2 248.0 322.1 264.1 321.2 257.7 330.5 248.2 335.2 263.2 334.6 0.9994
552.6 159.4 30.9 38.4 559.8 174.7 574.3 173.1 567.3 182.4 562.9 189.0 574.5 187.7 0.9994
614.0 155.1 26.9 33.9 620.5 167.7 633.0 168.0 626.2 174.7 621.5 180.6 631.6 180.8 0.9994
148.4 201.2 26.3 35.6 156.9 216.9 169.8 215.0 165.4 223.3 159.3 229.0 169.9 227.4 0.9994
390.4 164.6 25.2 31.8 397.2 176.4 409.4 177.1 403.2 183.0 397.1 187.2 408.3 187.8 0.9992
346.5 173.4 23.0 29.6 350.0 183.6 359.0 184.9 350.6 188.6 348.8 194.7 355.5 195.6 0.9991
306.1 326.9 31.9 38.6 313.7 343.1 328.9 342.2 321.3 350.5 315.6 356.4 328.6 355.7 0.9988
892.9 178.9 12.4 15.7 901.2 186.7 902.6 186.6 902.5 190.4 898.8 192.0 899.1 192.1 0.9912
922.1 190.4 13.0 14.9 926.6 194.2 932.3 194.5 929.7 197.7 927.1 200.9 931.5 201.2 0.9888
954.5 178.2 9.0 12.2 959.4 183.0 961.2 182.6 962.0 184.9 960.4 187.5 961.7 187.4 0.8810
