12--Group/12_Group_Large_Group_12_Group_Large_Group_12_424.jpg
97
768.8 531.5 12.6 17.0 774.5 538.4 779.4 538.4 777.9 541.8 774.7 544.6 778.8 544.7 0.9991
131.4 558.1 15.5 16.8 135.8 564.1 142.9 563.5 139.7 567.3 137.0 570.7 142.7 570.3 0.9983
131.7 580.5 14.2 17.9 136.5 587.3 142.9 587.3 140.1 591.0 136.6 593.6 142.4 593.7 0.9982
363.4 598.5 14.9 18.7 369.0 606.5 375.3 606.6 372.8 610.4 369.6 613.2 374.3 613.4 0.9979
576.0 517.2 12.4 15.7 580.0 525.1 585.4 523.8 583.6 527.9 581.9 530.6 585.7 529.7 0.9978
506.4 557.6 14.1 18.0 511.2 564.4 517.6 563.9 515.3 568.0 512.2 571.1 517.8 570.7 0.9970
376.7 545.0 12.9 15.9 381.1 552.6 386.9 551.3 385.1 555.3 383.2 558.4 387.3 557.5 0.9960
215.5 595.0 14.8 17.9 221.8 602.0 228.1 602.1 225.8 605.7 222.2 608.9 227.0 609.1 0.9960
284.9 608.1 14.5 17.4 289.7 614.8 296.6 614.2 293.9 618.4 291.0 621.7 296.3 621.2 0.9959
346.6 565.0 13.0 17.8 350.9 571.6 356.4 571.1 354.2 574.9 351.9 578.4 356.4 578.1 0.9958
597.9 501.5 10.4 14.1 600.4 507.3 605.5 507.0 603.1 509.9 601.2 512.6 605.5 512.4 0.9956
417.5 551.9 13.4 16.2 423.2 558.1 428.8 559.0 426.3 562.2 423.0 564.7 426.8 565.5 0.9956
296.0 655.3 17.3 19.9 301.7 661.1 309.4 662.1 305.2 665.7 301.0 669.4 307.3 670.2 0.9949
776.3 560.3 10.2 12.2 778.5 564.5 783.3 564.8 780.5 567.3 778.6 569.6 782.2 569.9 0.9946
784.8 586.7 14.1 16.2 789.2 592.7 795.5 592.5 792.7 596.5 790.2 599.5 794.8 599.4 0.9937
840.4 587.1 14.2 17.1 844.1 593.1 850.7 593.2 847.4 596.9 844.7 600.1 850.0 600.1 0.9932
719.1 515.4 11.9 16.3 722.2 523.1 727.4 523.2 724.6 526.5 722.8 528.9 726.7 529.0 0.9926
906.7 570.2 11.5 14.7 913.3 576.5 917.1 576.4 916.7 579.5 913.6 582.1 916.2 582.2 0.9914
889.6 509.1 10.7 13.2 893.7 513.7 898.3 514.5 896.1 516.6 893.4 518.8 897.0 519.4 0.9912
203.8 653.6 17.5 22.0 209.1 661.2 217.1 662.4 212.7 667.1 208.8 670.4 214.9 671.3 0.9903
809.6 516.2 12.9 15.1 813.9 521.3 819.7 521.6 817.1 524.8 814.4 527.6 818.6 527.8 0.9903
190.0 572.3 14.5 18.6 195.8 579.5 201.8 579.1 199.7 583.1 196.1 586.0 201.5 585.8 0.9893
886.7 584.7 13.6 17.7 891.0 592.2 897.3 592.1 894.4 595.8 892.0 598.9 896.6 598.8 0.9873
303.2 557.9 11.3 13.7 306.4 562.9 311.6 562.1 309.7 565.7 307.8 568.4 312.0 567.8 0.9854
822.1 547.3 11.6 15.9 827.7 553.4 831.8 553.3 830.8 556.4 828.1 559.5 831.5 559.4 0.9835
541.7 651.3 18.2 22.4 548.8 661.2 556.8 658.8 555.0 664.8 551.5 669.5 557.5 667.8 0.9815
380.0 561.9 13.0 15.5 384.1 567.2 390.2 566.9 387.8 570.2 385.3 573.6 390.0 573.4 0.9810
212.6 521.2 13.1 15.6 217.1 526.1 223.0 525.4 220.8 528.9 218.1 532.4 223.3 531.9 0.9792
433.0 501.2 11.1 15.3 437.3 507.2 441.8 506.7 440.4 509.8 438.2 512.8 441.8 512.5 0.9791
578.4 492.9 10.2 13.0 581.3 498.9 585.8 499.1 583.5 501.6 581.5 503.7 585.1 503.8 0.9773
469.2 656.5 18.5 20.8 476.5 662.8 484.6 664.6 480.3 668.9 475.0 671.5 481.6 673.1 0.9742
647.1 590.9 16.7 22.8 648.8 600.0 653.2 600.2 649.0 604.7 650.1 608.9 653.3 608.8 0.9674
850.3 566.8 13.7 15.1 856.3 572.1 862.4 572.1 860.4 575.7 857.0 578.4 861.6 578.6 0.9632
387.0 484.2 11.1 14.6 390.0 490.5 395.0 490.4 392.4 493.4 390.6 495.8 394.5 495.8 0.9631
739.3 492.1 8.0 9.7 742.7 495.5 745.7 495.3 744.8 497.3 743.2 499.3 745.6 499.2 0.9595
830.4 503.1 11.1 13.0 833.8 507.1 839.2 507.5 836.4 510.2 833.9 512.6 838.3 512.9 0.9589
249.3 535.9 12.2 14.6 252.3 541.9 258.2 541.1 255.7 544.6 253.7 547.4 258.6 546.8 0.9513
598.9 531.2 11.6 14.6 602.2 537.1 607.7 537.2 605.0 540.4 602.8 543.0 607.0 543.0 0.9466
912.1 496.5 10.5 12.6 915.0 501.5 919.9 501.2 917.6 503.9 915.5 506.0 919.8 505.8 0.9461
805.9 568.4 12.3 14.7 809.8 573.4 815.6 573.4 813.1 576.6 810.5 579.5 815.0 579.5 0.9449
593.9 546.5 12.8 15.5 599.4 552.5 604.6 552.7 602.8 556.2 600.0 559.0 603.5 559.2 0.9449
788.4 495.2 9.6 13.5 791.0 500.4 795.3 500.4 793.1 503.1 791.5 505.6 794.8 505.6 0.9414
757.9 560.7 9.5 12.5 761.6 565.3 765.4 565.2 763.9 567.7 762.0 570.3 765.0 570.3 0.9377
315.7 494.8 10.5 12.8 318.4 500.0 323.3 499.8 320.9 502.4 319.2 505.0 322.8 504.9 0.9363
198.3 542.0 14.6 17.2 201.2 547.7 207.6 548.1 203.7 551.9 201.8 555.3 206.6 555.5 0.9290
543.4 467.2 10.1 13.7 547.5 473.1 551.8 473.1 550.3 476.0 547.9 478.3 551.1 478.4 0.9269
891.7 480.5 8.2 10.5 894.5 484.7 898.0 484.4 896.7 486.6 895.2 488.7 898.0 488.5 0.9227
780.6 530.8 10.5 13.2 804.0 501.8 808.2 501.8 806.1 504.0 804.5 506.0 807.7 506.0 0.9074
409.1 475.9 12.2 15.1 782.9 536.1 787.7 535.6 785.5 539.0 784.4 541.7 787.9 541.2 0.9032
870.2 604.5 13.3 17.5 413.3 480.8 419.0 480.9 416.6 483.8 413.7 486.9 418.5 487.1 0.9028
607.0 486.1 10.0 12.8 872.4 612.9 876.4 613.4 873.4 617.2 874.2 619.5 876.8 619.8 0.8989
135.5 620.0 15.9 17.5 610.0 491.4 614.1 490.8 612.6 493.5 611.2 496.1 614.3 495.6 0.8978
178.0 418.9 6.5 9.0 138.3 626.8 146.0 626.9 141.4 631.2 139.3 634.2 144.9 634.2 0.8968
881.7 486.9 9.6 12.9 180.8 422.6 183.4 422.6 182.5 424.4 180.9 426.0 182.9 426.1 0.8961
296.2 522.8 11.6 14.3 885.5 492.1 889.3 491.7 888.2 494.5 886.3 497.1 889.1 496.9 0.8629
628.2 545.3 15.0 18.8 299.3 528.5 304.8 527.7 302.6 530.9 300.7 534.1 305.1 533.5 0.8562
500.0 493.1 10.4 13.1 631.5 552.9 639.2 552.1 635.6 556.7 633.1 560.6 638.8 560.0 0.8470
829.9 471.7 8.3 10.5 503.2 498.3 508.1 498.2 506.0 501.2 503.9 503.6 507.6 503.5 0.8459
508.3 467.1 8.7 11.5 833.1 475.8 836.4 475.9 835.2 478.0 833.3 479.9 835.9 480.0 0.8393
282.6 517.8 10.4 13.5 510.4 471.8 514.3 472.1 511.9 474.4 510.4 476.4 513.4 476.6 0.8210
758.8 478.8 9.0 11.8 287.5 522.5 291.5 522.2 290.5 525.2 288.2 528.1 291.2 528.0 0.8178
702.7 467.4 8.1 10.8 762.0 483.6 766.0 483.8 764.2 486.0 762.1 488.1 765.2 488.3 0.8177
239.3 508.4 11.9 13.1 704.9 472.3 708.5 472.2 706.8 474.5 705.4 476.4 708.3 476.3 0.8120
745.8 426.1 8.5 9.7 242.0 513.0 246.9 512.6 244.4 515.6 243.2 518.6 246.9 518.3 0.8097
907.8 528.9 11.7 13.3 749.3 429.4 752.8 429.5 751.4 431.5 749.4 433.4 752.1 433.5 0.8071
857.9 631.5 12.9 15.2 911.8 534.6 917.1 535.8 914.0 538.4 911.4 539.9 914.8 540.9 0.7948
642.9 572.2 13.5 15.1 863.0 637.0 868.1 637.3 865.9 640.2 863.0 643.0 867.0 643.3 0.7815
932.4 499.1 8.2 11.5 447.4 466.2 450.8 466.4 448.9 468.3 447.6 470.1 450.3 470.2 0.7755
873.2 440.4 8.9 12.8 646.6 577.4 653.3 577.2 650.2 580.9 647.6 584.3 652.8 584.2 0.7750
356.9 667.8 18.2 23.2 935.1 503.6 938.2 503.6 936.8 506.0 935.6 508.5 938.1 508.4 0.7737
485.0 466.1 9.3 13.3 876.8 446.1 880.2 446.0 878.9 448.5 877.2 450.6 879.6 450.6 0.7700
738.3 477.9 9.4 12.1 360.9 676.3 369.3 676.2 364.7 681.6 362.2 686.2 368.6 686.1 0.7601
397.0 438.6 7.9 10.3 487.9 471.2 492.1 471.2 490.3 474.2 488.4 476.7 491.5 476.7 0.7511
336.9 542.8 12.6 15.4 740.8 483.1 745.0 483.1 742.9 485.4 741.2 487.6 744.6 487.6 0.7259
780.2 475.9 8.9 11.2 399.6 443.0 403.1 443.1 401.5 445.0 399.8 446.7 402.6 446.8 0.7078
861.6 544.7 10.1 13.0 120.3 687.1 127.9 685.9 126.3 692.5 122.1 697.2 127.5 696.5 0.7078
914.2 458.0 7.5 9.2 322.9 600.5 327.9 600.3 325.3 603.0 323.7 605.8 327.7 605.6 0.6847
235.5 552.0 11.7 14.4 341.2 549.2 346.9 548.7 344.6 552.3 342.2 555.3 346.4 555.0 0.6761
748.6 519.4 11.5 12.9 782.2 480.1 786.2 480.2 783.8 482.5 782.5 484.8 785.8 484.8 0.6647
351.0 501.5 10.9 13.2 864.6 548.9 869.5 548.8 867.2 551.6 865.1 554.5 869.1 554.5 0.6387
692.9 454.6 7.9 10.1 916.7 461.6 920.1 461.6 918.6 463.4 916.9 465.2 919.7 465.3 0.6189
148.3 479.9 9.8 11.0 239.2 556.6 244.7 556.6 242.1 559.5 239.5 562.3 244.1 562.3 0.6187
285.2 582.4 10.4 11.4 752.6 524.4 757.5 524.8 754.9 527.7 752.4 529.4 756.0 529.8 0.6141
212.3 428.5 8.1 10.6 354.9 506.5 359.5 506.0 358.0 509.2 356.1 512.1 359.6 511.7 0.6107
799.9 484.2 9.3 11.9 695.9 458.2 699.3 458.1 698.0 460.1 696.2 462.3 698.9 462.3 0.6075
528.6 452.8 8.7 10.5 151.1 483.8 155.8 483.5 153.7 486.2 151.9 488.6 155.5 488.4 0.6027
653.9 476.4 8.2 9.5 288.9 585.8 293.4 585.8 291.6 588.3 289.3 590.8 292.8 590.9 0.5924
353.2 453.4 9.5 11.2 601.3 622.7 609.1 622.4 606.6 628.0 602.1 632.6 608.0 632.6 0.5900
532.9 429.4 7.7 9.5 214.1 432.1 217.8 432.3 215.6 434.2 214.2 436.3 217.2 436.4 0.5729
389.0 505.9 11.4 13.7 803.3 488.4 807.3 488.6 805.5 490.9 803.4 493.1 806.6 493.3 0.5645
622.2 430.9 7.8 9.3 531.4 456.4 535.7 456.3 533.8 458.7 531.9 460.9 535.2 460.9 0.5567
887.0 460.2 8.7 10.2 864.5 522.0 870.8 522.3 867.7 525.8 864.8 528.9 869.7 529.1 0.5540
497.2 440.0 7.0 9.0 657.4 479.6 660.6 479.6 659.5 481.6 657.7 483.5 660.1 483.5 0.5393
197.1 493.0 14.7 18.4 355.8 457.0 360.6 457.0 358.3 459.5 356.3 461.9 360.2 461.9 0.5339
289.6 537.4 12.0 15.1 534.7 433.2 538.3 433.1 536.5 435.1 535.2 436.9 538.1 436.9 0.5332
145.3 509.9 9.9 13.3 392.5 511.0 397.8 511.6 395.0 514.3 392.5 516.8 396.5 517.3 0.5103
409.0 463.2 7.3 9.9 625.4 434.7 628.4 434.8 627.1 436.7 625.5 438.3 627.8 438.5 0.5005
