5--Car_Accident/5_Car_Accident_Accident_5_458.jpg
10
804.6 279.7 12.7 14.9 807.2 285.7 812.9 285.7 809.7 289.4 808.3 291.9 812.4 291.8 0.9989
125.5 356.0 21.8 22.2 135.2 366.0 141.6 368.0 137.3 372.7 131.6 374.1 135.4 375.7 0.9986
616.7 260.4 10.3 12.2 620.5 265.0 624.9 265.1 623.0 267.6 620.6 269.8 624.2 269.9 0.9967
687.2 260.1 9.5 11.7 692.2 265.2 695.1 265.5 694.0 268.0 691.3 269.6 693.2 269.9 0.9946
756.7 271.1 8.2 9.5 758.0 275.0 760.4 274.8 758.6 277.1 759.0 278.9 760.6 278.6 0.9928
602.5 220.3 6.4 7.9 604.5 223.8 607.3 223.6 606.1 225.2 605.0 226.7 607.2 226.6 0.9897
633.4 228.6 7.6 8.9 634.6 232.2 636.7 232.1 635.0 234.1 635.4 235.8 636.8 235.6 0.9708
608.0 229.6 8.0 7.9 609.5 232.8 612.3 232.6 610.6 234.7 610.5 236.3 612.4 236.1 0.9543
122.4 344.3 12.9 16.9 130.3 350.4 133.3 350.8 133.1 354.3 130.0 357.3 131.8 357.7 0.8838
536.9 270.7 9.5 11.4 541.6 274.7 545.1 274.5 544.4 277.1 542.1 279.6 544.7 279.6 0.6465
