5--Car_Accident/5_Car_Accident_Accident_5_907.jpg
41
726.9 142.8 17.1 21.3 730.6 150.4 738.2 150.0 734.2 154.4 731.9 158.7 738.2 158.4 0.9983
869.5 138.4 21.1 28.3 874.2 149.9 883.7 149.4 878.6 155.1 875.8 160.4 883.5 160.1 0.9981
854.1 88.9 19.4 24.5 858.2 98.4 867.2 98.1 862.5 103.1 859.5 107.9 866.8 107.7 0.9965
336.2 132.1 15.5 20.9 339.1 141.7 345.6 140.8 342.2 145.6 341.1 149.3 345.9 148.6 0.9964
824.4 133.5 19.2 27.3 830.1 143.8 839.1 143.9 834.9 149.4 831.1 154.6 838.1 154.7 0.9963
772.5 84.6 18.0 24.7 777.4 94.5 785.8 93.3 782.5 98.5 779.7 104.0 786.1 103.1 0.9957
693.7 149.3 16.1 22.0 699.0 157.9 706.0 158.6 702.4 162.4 698.6 165.9 704.3 166.5 0.9956
607.7 137.2 14.7 21.1 611.5 145.9 618.4 145.9 614.8 150.1 612.2 153.9 617.8 153.9 0.9940
720.4 79.9 17.3 22.9 724.8 88.9 733.1 89.0 728.9 93.9 725.9 98.2 731.9 98.2 0.9939
649.2 135.3 17.1 23.0 653.6 144.5 660.9 144.7 656.7 149.0 653.9 153.2 660.0 153.4 0.9933
682.1 111.7 13.7 20.7 684.1 119.4 690.0 119.6 685.9 123.9 684.9 127.9 689.3 127.9 0.9921
680.7 86.2 14.6 19.6 685.0 94.2 691.7 94.0 688.7 98.0 685.7 101.6 691.2 101.6 0.9917
561.2 133.4 15.1 20.9 565.7 141.4 572.7 139.9 570.6 144.8 568.4 149.8 573.7 148.6 0.9916
607.7 105.8 12.0 16.3 611.9 112.3 617.4 112.2 615.2 115.8 612.5 119.0 616.8 119.0 0.9916
434.2 137.4 16.9 21.7 440.5 146.3 448.1 147.1 444.6 151.3 440.6 154.7 445.8 155.4 0.9910
342.0 102.5 14.0 19.0 346.0 109.0 352.5 109.0 349.5 112.9 346.7 116.8 351.9 116.9 0.9903
446.4 114.9 12.9 16.4 452.0 120.2 456.9 119.8 455.7 123.3 452.8 127.0 456.8 126.8 0.9897
640.1 98.2 13.2 18.7 642.1 105.3 646.4 105.6 642.7 109.2 642.6 113.0 645.9 113.1 0.9874
529.7 103.8 14.6 22.5 535.8 112.3 541.8 111.7 540.6 116.2 537.6 121.1 541.9 120.8 0.9873
724.6 114.3 17.0 21.4 728.2 125.1 735.5 123.7 731.9 129.4 731.1 132.9 736.0 131.8 0.9839
923.9 147.5 20.4 29.7 928.0 159.6 937.9 159.5 932.4 166.1 929.7 171.5 936.8 171.3 0.9804
394.7 124.5 13.6 18.0 398.1 132.5 404.4 131.8 401.5 136.0 399.8 139.3 404.3 138.7 0.9803
707.9 57.0 10.7 14.9 709.6 62.8 713.2 62.6 710.5 65.8 710.6 68.9 713.3 68.6 0.9787
978.1 148.1 21.7 33.9 987.0 160.1 996.8 159.6 993.8 167.1 988.2 173.8 996.0 173.5 0.9760
959.6 96.2 18.8 25.4 965.6 106.4 974.2 105.8 970.7 111.4 967.5 116.4 974.0 116.0 0.9737
829.5 0.0 16.3 20.6 833.4 8.6 840.4 6.9 837.6 12.3 836.3 16.8 841.4 15.5 0.9674
258.4 129.1 16.9 21.4 262.2 137.8 270.5 137.5 266.3 142.7 263.8 146.7 269.8 146.4 0.9222
812.5 98.6 16.3 20.7 815.6 106.7 822.5 106.8 818.1 111.0 816.4 115.0 821.9 114.9 0.9138
744.3 49.3 14.3 18.6 746.7 56.7 753.0 57.2 748.8 60.9 747.0 64.5 751.8 64.7 0.8944
666.7 62.4 13.4 18.3 670.7 69.9 676.8 69.7 674.0 73.8 671.8 77.4 676.4 77.2 0.8922
220.2 129.7 14.0 18.7 223.7 136.9 230.5 137.2 226.9 141.3 224.2 144.5 229.2 144.7 0.8856
487.7 101.9 14.0 17.9 491.7 108.2 498.1 106.9 495.8 111.4 493.8 115.7 498.7 114.8 0.8735
473.1 145.3 13.1 16.9 476.3 150.0 483.1 150.2 479.7 154.4 477.0 158.2 482.0 158.3 0.8684
370.7 100.9 13.9 19.1 373.1 109.4 378.0 109.3 374.7 113.5 374.8 116.8 378.2 116.6 0.8614
400.2 19.8 13.3 17.9 403.2 27.2 409.2 26.0 406.8 30.0 405.2 34.2 409.8 33.2 0.8438
66.7 138.6 10.9 14.1 70.0 144.0 75.2 143.8 73.0 146.8 70.8 149.7 75.0 149.6 0.8037
313.0 75.5 9.8 13.3 315.3 80.3 319.7 80.3 317.2 83.1 315.9 85.9 319.4 85.8 0.7437
934.2 32.3 18.9 25.8 939.4 40.5 948.0 40.5 943.8 45.9 940.4 51.2 947.4 51.1 0.7193
380.8 138.9 14.6 17.6 385.2 145.4 391.9 144.9 389.1 149.2 386.6 152.6 391.7 152.2 0.6653
122.4 110.5 12.8 15.0 125.8 116.8 131.5 116.7 128.7 119.9 126.7 122.8 130.9 122.7 0.6414
353.5 22.5 14.1 19.3 357.0 28.7 362.8 28.5 359.7 32.1 357.6 36.3 362.5 36.1 0.6096
