5--Car_Accident/5_Car_Accident_Accident_5_827.jpg
10
559.2 167.2 365.6 297.0 682.5 342.0 751.1 236.4 784.2 281.5 810.0 388.3 872.9 304.1 0.9999
93.8 242.1 213.1 315.9 162.7 322.7 263.3 337.8 215.1 370.8 161.9 446.9 244.5 459.1 0.9998
532.4 954.3 211.2 225.9 577.4 1054.8 653.0 1008.9 628.9 1036.3 625.3 1121.3 692.3 1084.6 0.9997
334.6 1053.0 180.1 123.4 447.5 1100.8 440.2 1150.1 416.8 1139.2 380.1 1105.5 377.8 1142.7 0.9995
853.0 1622.0 26.3 33.9 869.2 1635.0 876.0 1637.2 873.7 1643.8 864.9 1647.8 869.7 1649.8 0.9993
0.0 1034.4 127.8 276.5 3.5 1118.8 87.2 1131.0 46.8 1159.8 -0.3 1217.7 71.1 1227.8 0.9992
928.5 1615.7 23.7 31.8 938.3 1628.9 948.5 1629.2 944.8 1635.3 939.1 1640.6 946.9 1640.9 0.9985
286.2 329.5 130.8 203.9 330.9 400.3 392.7 403.9 367.7 445.1 330.7 478.2 381.0 481.8 0.9984
1001.4 1637.3 21.5 28.5 1010.4 1647.5 1020.9 1651.5 1013.8 1654.5 1007.3 1657.9 1015.1 1661.1 0.9979
446.6 1180.8 97.1 129.5 463.7 1227.4 505.4 1218.6 485.6 1252.6 480.6 1278.7 512.8 1270.8 0.9817
