5--Car_Accident/5_Car_Accident_Accident_5_326.jpg
32
618.8 189.3 18.7 27.8 633.9 199.9 636.0 199.6 639.4 205.2 634.1 210.6 634.9 210.9 0.9999
636.0 177.6 13.9 16.7 638.8 183.1 644.1 183.3 640.4 186.4 639.1 189.8 643.4 189.8 0.9997
67.9 168.8 23.4 28.3 73.8 180.2 84.0 178.4 79.6 185.5 77.1 191.4 84.4 189.8 0.9993
713.8 202.6 22.2 25.4 716.5 210.1 722.1 210.8 715.2 215.9 717.2 221.1 721.0 221.4 0.9991
671.3 184.8 19.5 25.0 673.6 196.1 679.2 196.0 674.7 201.7 676.9 205.4 680.7 205.0 0.9991
931.3 196.0 25.2 29.7 947.7 206.5 953.6 206.0 954.3 212.9 946.8 218.3 951.1 218.3 0.9990
657.2 176.7 12.8 15.4 659.5 182.5 665.3 182.4 662.0 186.4 660.7 189.1 664.9 189.0 0.9990
977.7 196.1 26.3 30.4 983.8 206.9 995.7 207.0 989.2 212.7 984.9 218.6 994.1 218.7 0.9990
611.4 163.3 12.7 15.5 614.8 169.8 620.6 170.0 617.5 172.9 615.4 175.6 619.7 175.8 0.9989
575.7 184.8 13.9 17.9 579.4 192.5 585.7 191.2 583.3 195.5 581.4 199.1 586.4 198.1 0.9988
526.3 167.5 15.2 20.4 530.1 176.0 536.6 175.5 533.4 180.1 531.5 183.8 536.4 183.4 0.9987
559.9 178.4 12.6 15.4 563.9 184.5 569.4 184.2 567.0 187.6 564.7 190.4 569.1 190.2 0.9986
646.5 158.8 9.8 13.8 652.5 164.0 654.6 163.4 655.7 166.3 653.6 169.3 654.9 169.1 0.9947
703.0 168.3 12.1 14.9 706.6 174.3 711.8 174.5 709.2 177.6 707.1 180.1 710.8 180.3 0.9943
797.3 194.9 17.9 25.0 800.1 202.2 801.0 202.8 797.3 207.6 801.3 213.1 801.9 213.4 0.9942
359.8 171.7 9.7 12.3 362.3 176.4 366.6 176.5 364.2 179.0 362.8 181.3 366.1 181.3 0.9934
878.0 187.6 15.7 19.6 880.7 193.8 885.4 194.6 880.4 198.1 880.3 202.1 883.7 202.6 0.9933
848.4 173.5 9.4 12.6 850.2 178.6 854.3 178.9 851.7 181.4 850.4 183.6 853.5 183.8 0.9921
630.0 161.6 9.3 11.9 634.5 166.0 637.7 165.7 637.1 168.3 635.0 170.7 637.5 170.6 0.9887
330.9 177.7 10.9 12.6 334.3 182.4 339.1 182.2 337.2 184.7 335.3 187.4 338.9 187.2 0.9878
779.1 174.7 14.1 20.2 781.1 181.8 783.8 182.4 779.9 186.0 781.4 189.9 783.3 190.1 0.9759
279.5 179.0 12.9 14.3 282.2 184.2 288.0 184.1 284.6 187.5 283.1 190.3 287.1 190.2 0.9752
164.4 154.3 13.7 20.5 171.8 161.5 174.6 160.6 175.9 165.0 173.5 169.7 175.6 169.2 0.9740
1014.3 154.4 8.8 11.0 1016.3 158.2 1020.4 158.2 1018.1 160.6 1016.7 162.7 1019.9 162.7 0.9704
480.7 185.7 10.4 14.7 482.7 190.5 484.7 191.4 481.8 194.1 481.8 196.7 483.2 197.3 0.9531
587.0 173.5 9.7 12.9 590.8 178.9 595.1 178.4 593.8 181.4 591.9 184.0 595.0 183.8 0.9495
299.9 161.6 8.3 10.3 303.1 165.5 306.4 165.4 305.1 167.5 303.4 169.4 306.0 169.4 0.9401
572.5 172.3 10.8 13.6 577.5 177.4 581.7 177.1 580.6 180.3 578.1 182.8 581.3 182.7 0.9378
389.7 170.5 11.9 12.6 825.6 209.9 832.7 210.5 830.6 216.2 825.2 220.9 830.3 221.6 0.7528
698.3 168.4 11.1 14.0 393.9 175.7 399.2 175.7 396.8 178.7 394.3 180.7 398.1 180.8 0.7225
176.3 141.8 15.1 18.5 834.7 175.9 840.7 176.0 837.3 179.2 835.2 182.6 840.1 182.6 0.6976
559.8 155.1 8.9 10.6 705.0 173.7 708.7 173.7 707.9 176.8 705.1 179.3 707.8 179.4 0.6752
