5--Car_Accident/5_Car_Accident_Car_Crash_5_697.jpg
9
183.9 111.5 49.5 60.9 208.9 130.3 228.4 132.2 224.9 142.9 211.1 156.2 225.1 157.9 0.9997
766.5 164.6 19.6 25.9 774.5 174.9 782.8 174.8 780.0 179.5 775.4 184.3 781.7 184.3 0.9993
843.4 174.0 26.2 30.0 847.3 187.3 852.4 186.4 847.7 194.2 853.1 198.8 855.8 197.7 0.9993
715.4 161.3 22.9 24.2 727.2 171.0 733.7 174.0 729.8 178.5 722.9 179.5 727.4 182.0 0.9991
882.9 166.5 26.2 29.9 894.1 178.1 904.3 179.6 900.1 185.6 894.2 189.9 901.1 191.1 0.9986
117.4 133.8 34.3 43.4 121.3 151.8 133.3 150.6 125.2 161.3 126.9 168.9 136.0 167.7 0.9976
867.1 210.1 23.2 32.1 870.9 219.4 874.2 220.8 868.9 227.6 873.2 233.7 875.4 234.4 0.9767
324.2 142.3 16.2 14.4 329.1 151.5 332.6 148.8 332.5 153.5 335.5 155.6 337.3 153.5 0.9647
303.0 159.6 9.3 12.3 437.8 179.2 442.4 180.0 437.4 184.0 437.4 188.3 441.0 188.7 0.6619
