5--Car_Accident/5_Car_Accident_Accident_5_43.jpg
8
76.9 75.6 30.6 42.0 81.9 91.9 95.5 91.9 86.2 99.6 83.2 107.8 93.6 107.7 0.9992
135.9 110.6 27.1 35.5 144.5 127.6 156.1 123.5 153.4 131.9 149.4 139.1 158.5 135.9 0.9991
366.1 106.9 21.2 29.8 368.7 116.6 373.3 116.4 367.6 122.5 370.8 128.4 374.9 127.8 0.9989
786.5 43.5 47.1 86.4 795.3 75.1 796.6 75.0 788.2 91.2 799.1 108.5 800.5 107.8 0.9983
989.5 72.2 27.1 50.1 995.5 88.6 995.5 88.7 988.8 97.9 995.2 109.2 995.4 108.9 0.9949
343.4 108.3 13.9 21.1 352.6 115.6 355.3 114.9 356.7 119.3 353.5 123.7 355.3 123.5 0.9510
722.8 90.0 19.7 30.7 725.5 99.5 727.1 99.9 723.7 107.0 729.1 112.8 730.1 112.7 0.8759
780.5 80.8 18.4 29.0 784.0 92.2 790.3 92.1 785.6 97.9 785.1 103.4 790.2 103.1 0.8693
