5--Car_Accident/5_Car_Accident_Accident_5_929.jpg
11
408.7 56.7 18.2 23.6 414.2 65.4 422.5 65.5 418.5 70.3 415.1 74.7 421.3 74.8 0.9960
21.2 76.7 17.7 22.5 25.9 85.6 33.9 85.4 30.0 90.0 27.1 94.2 33.3 94.0 0.9706
675.0 36.9 20.9 26.6 677.9 47.4 687.9 47.0 682.0 53.0 680.0 58.5 687.2 58.0 0.9663
245.7 35.8 18.3 23.0 249.5 44.5 258.2 44.5 253.3 48.4 250.4 53.1 257.2 53.1 0.9650
122.2 55.8 20.1 25.1 126.1 64.2 135.4 64.7 129.7 69.4 126.7 74.7 133.6 75.0 0.9548
344.2 78.7 16.5 21.1 347.6 85.2 355.2 85.3 350.8 90.2 348.2 94.5 354.2 94.6 0.9414
126.7 90.5 28.0 32.5 135.6 102.7 148.6 102.9 142.8 109.4 137.6 116.2 146.9 116.3 0.9131
481.6 55.9 16.1 23.5 483.8 64.2 486.8 64.9 483.0 69.5 485.1 73.8 487.4 74.0 0.8747
390.0 107.4 25.8 29.5 399.2 120.0 409.8 120.9 404.3 127.6 399.0 131.7 405.8 132.5 0.7892
639.4 59.1 20.9 24.8 648.3 68.4 655.3 68.6 652.8 74.0 648.6 78.3 653.6 78.6 0.6340
201.6 69.3 21.8 26.8 206.0 77.6 215.9 77.8 210.4 83.9 206.8 89.7 214.8 89.8 0.5922
