5--Car_Accident/5_Car_Accident_Accident_5_303.jpg
31
40.2 313.8 13.4 19.3 50.8 321.4 52.2 321.3 54.4 324.9 50.9 328.4 51.5 328.6 0.9996
832.0 311.5 10.5 14.5 833.1 317.3 835.7 317.4 832.8 320.2 833.8 323.0 835.5 322.9 0.9988
493.2 299.7 10.2 12.7 496.2 304.2 500.9 304.5 498.4 306.8 496.3 309.2 500.2 309.4 0.9985
480.2 307.3 10.7 12.9 485.3 312.0 489.4 312.3 488.1 315.3 485.5 317.5 488.2 317.7 0.9985
380.8 307.4 10.4 12.7 384.7 311.3 389.2 311.4 387.4 314.1 385.1 316.8 388.7 316.8 0.9984
321.9 303.0 9.1 11.5 326.9 307.4 329.9 307.4 329.4 309.7 327.1 311.8 329.2 312.0 0.9982
578.1 311.6 11.1 13.3 579.7 316.4 583.9 316.7 580.5 319.5 580.1 322.0 582.9 322.1 0.9981
542.4 300.8 10.6 14.5 543.8 306.3 547.1 306.5 544.2 309.5 544.4 312.2 546.7 312.2 0.9970
635.3 294.6 9.8 12.6 636.4 299.1 639.9 299.2 637.0 301.8 637.0 304.4 639.6 304.3 0.9952
409.8 301.7 10.1 12.0 415.5 305.9 418.6 305.8 418.4 308.5 415.8 310.9 418.0 311.0 0.9951
90.0 303.1 9.3 15.0 96.5 308.6 97.2 308.3 99.0 311.5 96.7 314.4 97.3 314.4 0.9888
471.6 299.1 9.0 12.4 475.3 304.1 478.6 303.8 477.7 306.3 475.9 308.7 478.5 308.6 0.9885
765.8 301.5 10.6 12.5 767.9 305.8 771.9 306.0 769.0 308.5 768.3 311.1 771.3 311.2 0.9867
600.1 298.6 8.8 11.0 604.2 303.0 607.6 303.1 606.5 305.4 604.2 307.3 606.8 307.5 0.9850
231.4 275.6 7.0 9.2 232.5 279.1 235.5 279.1 233.6 281.0 233.0 282.8 235.3 282.7 0.9838
579.7 284.9 7.4 8.8 581.0 288.2 583.8 288.3 581.8 290.1 581.4 291.8 583.5 291.8 0.9785
859.0 308.3 9.0 11.5 860.5 312.4 863.3 312.6 860.8 314.9 860.9 317.0 862.9 317.1 0.9773
738.3 299.1 12.1 12.9 740.4 303.6 744.4 304.1 741.0 306.7 740.6 309.2 743.4 309.4 0.9766
868.8 293.7 7.1 9.6 869.7 297.1 871.6 297.2 869.6 299.1 870.1 301.1 871.4 301.0 0.9764
170.6 272.3 6.8 9.0 173.9 275.8 176.3 275.8 175.7 277.6 174.0 279.1 175.8 279.2 0.9700
189.7 276.1 6.9 9.2 192.7 280.0 195.4 279.8 194.7 281.7 193.1 283.5 195.2 283.4 0.9679
920.6 280.9 7.9 9.2 922.8 284.2 926.4 284.3 924.5 286.1 922.9 287.9 925.9 288.0 0.9591
425.4 316.0 9.8 11.9 428.0 319.6 431.9 319.9 429.5 322.3 428.3 324.8 431.1 325.0 0.9589
789.5 302.0 10.6 12.2 793.4 306.4 798.0 306.7 795.8 309.2 793.6 311.4 796.9 311.6 0.9430
897.0 307.7 8.0 10.6 898.5 311.5 901.4 312.0 898.9 313.8 898.3 315.8 900.5 316.1 0.9426
275.5 314.6 9.5 10.3 280.0 318.3 283.2 318.8 281.9 320.9 279.5 322.6 281.9 323.0 0.9417
61.7 305.5 11.1 16.7 69.1 311.5 70.3 311.2 71.7 314.7 69.3 318.2 70.0 318.2 0.9005
451.8 305.9 9.8 11.2 455.0 310.5 458.9 310.4 457.2 312.7 455.6 314.8 458.6 314.7 0.8789
212.3 290.9 8.4 11.3 216.3 294.9 218.9 294.6 218.5 297.0 217.0 299.3 218.9 299.2 0.8234
149.5 274.8 7.6 9.3 153.2 278.4 155.9 278.3 155.3 280.4 153.6 282.2 155.5 282.2 0.8221
784.4 320.3 10.0 12.7 791.0 324.9 793.3 324.8 793.5 327.7 790.8 330.2 792.2 330.3 0.7513
