5--Car_Accident/5_Car_Accident_Accident_5_135.jpg
13
343.2 172.4 27.8 33.2 346.2 185.4 354.6 185.1 347.7 193.2 350.6 198.8 355.9 198.3 0.9994
530.0 179.0 20.8 23.9 535.3 187.9 544.4 185.6 541.0 191.3 538.6 197.4 545.5 195.6 0.9994
494.6 209.7 22.4 23.5 505.0 220.6 512.9 221.7 509.1 227.5 502.9 229.7 507.5 230.8 0.9993
318.7 180.6 21.9 24.9 328.9 188.0 336.9 189.3 334.3 194.4 329.2 198.8 334.8 199.9 0.9992
423.0 191.3 26.1 33.6 435.7 207.3 445.2 208.1 441.2 214.7 433.7 219.0 439.8 219.9 0.9990
298.2 189.6 15.4 18.8 301.0 196.8 307.9 196.1 304.2 201.0 303.0 204.9 307.9 204.3 0.9978
401.7 178.3 23.3 25.7 415.7 188.4 422.0 188.8 420.5 194.7 413.3 198.3 417.5 198.8 0.9975
274.4 195.3 16.7 20.6 279.8 203.8 287.3 203.8 283.8 208.2 280.6 211.8 286.3 211.9 0.9973
474.9 190.5 13.2 16.6 478.5 197.7 484.7 197.7 481.7 201.9 479.6 204.5 483.9 204.5 0.9937
674.2 189.9 17.6 23.8 676.7 199.6 681.7 200.2 677.3 205.4 678.8 209.3 681.8 209.5 0.9772
488.5 186.2 18.7 20.5 493.8 195.4 502.3 195.6 497.8 200.8 494.8 203.5 500.4 203.6 0.9698
636.1 176.9 19.6 25.8 642.1 185.9 650.1 186.1 646.0 190.5 642.7 195.5 649.3 195.6 0.9675
372.2 180.9 19.1 26.9 382.2 191.2 387.3 191.6 386.4 197.1 381.9 202.0 385.7 202.6 0.6924
