5--Car_Accident/5_Car_Accident_Accident_5_426.jpg
12
409.4 309.8 20.8 30.2 424.1 322.8 427.1 322.4 428.7 328.4 422.3 333.5 424.3 333.5 0.9994
356.0 256.7 21.8 27.4 361.6 266.6 371.6 267.7 366.0 273.3 361.6 277.0 369.8 277.8 0.9992
223.4 290.4 32.4 41.9 226.4 307.1 236.7 308.2 227.0 317.0 230.7 324.0 237.3 324.3 0.9988
297.2 222.8 15.1 20.2 302.7 231.3 309.4 231.1 306.8 235.2 303.5 238.4 308.8 238.4 0.9983
136.2 239.7 25.1 35.9 157.7 253.4 156.5 252.8 157.8 262.3 150.4 267.8 149.2 267.4 0.9980
346.3 223.2 11.7 15.7 349.1 229.9 354.2 230.6 351.0 233.6 349.1 235.8 352.9 236.3 0.9976
473.7 210.4 13.1 15.0 475.7 217.7 478.1 217.0 476.4 221.1 479.4 223.3 480.6 222.5 0.9960
222.9 230.8 13.4 15.8 224.7 236.3 228.5 236.3 225.1 239.9 226.1 243.0 228.6 242.8 0.9946
194.5 241.9 13.0 15.4 203.1 248.0 205.4 248.3 204.9 252.0 200.9 254.0 202.2 254.4 0.9804
85.5 222.0 6.7 8.2 87.3 225.0 90.2 225.1 88.7 226.8 87.5 228.4 89.8 228.5 0.7274
391.2 237.0 11.1 13.2 394.7 242.2 399.1 242.3 397.0 245.1 395.2 247.9 398.4 247.9 0.7245
174.8 228.6 10.4 13.1 176.1 232.7 179.7 233.2 176.6 236.0 176.4 238.8 179.0 239.0 0.6277
