5--Car_Accident/5_Car_Accident_Accident_5_255.jpg
57
7.2 217.3 19.5 27.0 10.0 227.2 16.0 228.1 10.2 232.4 9.9 237.3 14.7 237.7 0.9995
62.5 215.7 17.9 21.3 65.2 223.2 71.6 223.6 66.6 227.3 65.7 231.6 70.8 231.6 0.9995
170.0 215.5 12.9 19.5 171.2 222.3 173.5 222.5 169.8 226.2 171.8 230.3 173.3 230.2 0.9993
245.7 258.1 15.4 19.9 247.9 265.4 254.4 265.3 250.0 269.1 248.8 273.3 253.7 273.1 0.9993
444.4 257.7 13.7 17.0 447.0 262.8 451.0 264.0 446.0 266.2 445.8 269.9 448.5 270.6 0.9992
111.7 215.6 16.1 19.9 121.8 222.7 126.8 223.5 125.9 227.5 120.8 231.1 124.3 232.0 0.9991
232.4 197.6 14.4 18.0 234.7 203.6 240.0 204.6 235.3 207.4 234.2 210.7 238.3 211.2 0.9990
535.3 242.9 11.6 15.5 536.9 248.5 541.3 248.6 537.7 251.5 537.1 254.7 540.4 254.7 0.9988
209.4 208.9 15.8 21.4 213.3 217.1 219.7 217.8 215.5 221.5 213.2 225.3 218.3 225.8 0.9988
148.4 245.7 18.1 21.1 153.0 253.3 161.1 254.6 156.1 258.0 152.9 261.5 158.9 262.5 0.9987
328.8 227.8 14.2 18.0 332.4 233.7 338.6 235.6 334.0 237.7 331.1 240.7 335.9 242.1 0.9986
379.3 254.4 12.9 16.5 381.3 260.4 386.6 261.0 382.7 263.9 381.4 267.0 385.5 267.3 0.9985
290.1 230.0 13.7 17.8 293.3 236.7 300.2 237.1 296.2 240.6 293.4 244.1 299.0 244.4 0.9982
613.0 335.8 13.7 18.8 618.1 343.0 624.1 344.1 621.0 347.2 617.4 349.8 622.2 350.7 0.9982
503.9 258.1 12.6 15.1 506.4 262.9 511.9 263.4 508.3 266.3 506.4 269.5 510.7 269.8 0.9976
215.8 281.2 16.7 20.1 219.8 287.7 225.4 290.3 219.6 292.1 217.7 295.2 221.7 297.0 0.9976
650.4 342.6 11.6 14.9 652.8 348.3 657.4 348.5 654.2 351.2 653.0 354.0 656.8 354.0 0.9975
203.7 265.9 15.8 19.2 205.9 271.1 212.4 272.2 206.8 275.7 205.4 279.7 210.2 280.5 0.9974
300.3 250.7 15.0 17.9 304.4 256.5 311.5 256.9 307.7 260.4 304.6 264.1 310.4 264.3 0.9973
415.7 295.6 12.7 17.1 417.4 301.5 422.0 301.9 418.0 305.1 417.5 308.5 421.0 308.7 0.9972
42.3 267.8 18.7 21.9 45.9 274.2 53.1 275.1 47.4 279.0 45.4 283.9 50.6 284.5 0.9964
508.8 311.1 13.9 17.2 512.1 316.5 518.4 317.7 514.3 321.0 511.7 324.0 516.3 324.9 0.9962
529.2 269.7 11.9 15.5 531.7 275.5 537.3 276.2 533.7 279.3 531.7 281.8 535.9 282.3 0.9939
621.2 279.6 12.1 15.5 624.5 285.5 630.3 286.0 627.2 288.8 624.4 291.6 629.1 292.0 0.9938
722.0 283.0 11.4 14.9 724.3 288.5 729.6 288.9 726.4 292.0 724.7 294.6 728.6 294.9 0.9938
356.1 253.3 16.2 20.0 359.3 259.1 366.4 260.1 361.6 263.5 358.9 267.5 364.6 268.2 0.9937
368.7 234.3 13.2 16.0 371.5 239.0 375.8 241.0 370.8 242.8 369.6 245.6 372.4 247.1 0.9933
560.8 254.5 11.1 13.1 563.5 258.6 568.0 259.4 564.6 261.8 563.2 264.3 566.4 264.9 0.9924
827.9 264.7 9.6 12.3 830.4 269.2 834.6 269.6 832.1 271.7 830.3 273.9 833.8 274.1 0.9923
623.0 326.2 11.5 13.8 625.1 331.1 630.0 331.5 626.7 334.3 625.5 336.9 629.1 337.1 0.9923
567.6 315.6 13.1 17.2 570.1 320.6 574.5 322.0 569.8 324.5 568.7 328.0 572.0 328.9 0.9921
419.2 254.2 11.2 15.5 425.7 259.7 428.6 260.0 428.3 263.3 425.4 266.1 427.3 266.5 0.9918
478.6 287.6 12.7 14.8 481.2 292.8 486.2 292.9 482.9 295.8 481.7 298.9 485.6 298.9 0.9915
586.3 283.5 11.0 14.2 588.9 288.1 592.2 288.9 588.6 291.0 587.9 293.9 590.1 294.5 0.9912
238.4 232.5 14.3 17.7 243.0 241.3 249.3 242.2 245.8 245.6 242.8 247.5 247.3 248.3 0.9911
633.4 249.3 11.2 15.5 639.3 256.4 643.3 256.3 642.4 259.5 639.7 262.1 642.4 262.2 0.9898
559.5 334.9 14.1 15.5 565.3 340.6 570.5 342.5 567.2 345.5 563.5 347.0 567.0 348.5 0.9892
745.3 277.0 11.0 13.0 748.5 281.1 753.8 281.4 751.1 284.3 748.8 286.9 752.9 287.1 0.9878
963.7 335.5 9.1 10.8 965.4 339.4 969.0 340.2 966.0 341.8 965.1 343.6 967.5 344.1 0.9869
314.0 230.9 12.3 16.1 315.4 237.6 319.5 237.0 316.3 240.7 316.9 243.9 319.6 243.3 0.9854
35.0 268.3 17.2 21.1 43.1 274.6 49.1 274.8 46.9 279.4 42.9 283.9 47.5 284.2 0.9815
481.1 92.0 12.7 15.0 485.5 98.4 490.8 99.6 487.7 102.5 484.5 104.2 488.2 105.2 0.9804
930.6 331.7 9.1 11.5 932.7 336.6 937.0 337.2 934.4 339.1 932.6 340.8 936.0 341.2 0.9800
0.0 200.7 9.2 22.4 4.6 209.3 6.6 208.8 8.2 213.8 5.0 218.3 6.1 218.2 0.9783
624.1 309.0 11.3 14.9 626.3 315.2 630.4 316.0 626.8 318.4 626.0 320.8 628.7 321.3 0.9640
498.1 247.8 10.3 12.8 500.8 252.8 505.2 253.6 502.2 255.8 500.4 257.9 503.7 258.4 0.9536
609.1 260.7 10.7 15.2 611.1 267.0 614.8 267.4 611.6 270.2 611.1 273.1 613.7 273.2 0.9261
894.1 275.6 9.5 11.6 895.7 280.0 900.1 279.7 897.7 282.4 896.7 284.8 900.0 284.5 0.9170
728.3 273.7 9.6 12.0 730.5 277.6 734.5 278.5 731.6 280.4 730.1 282.4 733.1 283.0 0.9130
471.6 268.2 10.8 15.0 475.3 273.5 480.5 273.2 478.6 276.5 476.2 279.8 480.3 279.6 0.8891
225.1 242.0 12.0 16.3 232.1 248.1 235.5 248.2 235.1 251.6 232.1 254.6 234.4 254.9 0.8486
481.3 262.4 11.5 12.2 484.5 267.0 489.7 267.2 487.0 269.9 484.8 272.3 488.8 272.4 0.8429
654.5 257.9 9.8 11.5 656.2 261.9 660.5 261.7 657.9 264.6 657.2 267.1 660.3 266.9 0.7471
858.0 274.9 7.6 9.8 859.9 278.9 863.2 279.0 861.3 280.9 860.2 282.7 862.7 282.7 0.7408
928.3 287.1 8.4 10.9 930.5 291.5 934.4 291.6 932.5 293.8 930.8 295.8 933.8 295.9 0.7175
208.4 340.7 13.0 18.5 726.7 282.9 732.3 283.2 729.3 286.3 727.0 289.3 731.4 289.5 0.6846
156.9 223.4 13.8 17.1 213.7 345.3 214.4 346.9 210.1 348.4 209.3 352.4 209.9 353.5 0.5404
