52--Photographers/52_Photographers_photographertakingphoto_52_634.jpg
9
143.9 348.0 32.9 40.9 153.8 364.6 169.3 363.4 162.8 372.5 155.1 378.2 169.5 377.3 0.9997
572.4 315.5 97.5 114.4 598.2 357.9 643.3 360.7 618.8 389.2 601.2 403.8 634.9 405.9 0.9997
312.9 349.1 28.2 33.9 318.6 362.2 332.1 360.9 325.3 367.1 320.3 373.2 332.8 372.2 0.9996
28.0 351.8 38.9 49.4 49.1 372.2 62.9 372.9 60.4 381.8 49.0 389.4 60.0 390.3 0.9996
360.3 352.5 30.3 39.6 368.2 368.4 382.2 368.9 375.1 377.0 369.3 382.6 380.9 382.9 0.9995
74.3 348.2 32.6 37.4 82.4 364.5 97.6 361.6 91.6 369.5 86.7 377.4 98.6 375.2 0.9994
195.2 364.2 26.0 28.7 202.5 374.8 214.4 374.6 208.8 378.8 203.8 384.9 213.7 384.7 0.9991
850.9 398.7 26.6 32.8 858.6 412.8 870.4 413.8 864.2 419.6 858.7 424.1 867.7 424.8 0.9990
261.4 382.1 25.9 32.3 267.9 395.3 279.8 394.7 274.1 400.8 268.8 405.2 280.3 404.7 0.9990
