52--Photographers/52_Photographers_taketouristphotos_52_93.jpg
21
713.6 35.3 30.5 33.0 725.2 48.5 738.2 48.9 732.7 57.2 725.8 61.3 735.2 61.7 0.9997
465.6 24.9 34.5 40.1 475.5 38.4 491.4 39.0 483.2 47.8 476.0 53.5 489.4 54.0 0.9975
934.4 10.7 33.9 39.1 943.5 24.0 959.8 23.9 951.8 33.6 945.0 39.3 958.5 39.2 0.9969
892.4 456.1 21.1 34.4 908.4 470.1 909.6 469.5 913.3 476.5 907.2 482.5 908.0 482.5 0.9964
483.5 197.1 42.7 55.0 497.3 218.9 516.9 216.2 510.0 226.7 503.2 239.0 518.1 236.7 0.9961
474.4 414.5 34.0 42.4 484.3 429.0 500.8 429.2 492.9 439.3 485.2 445.0 499.4 445.1 0.9953
616.0 69.3 20.6 30.6 629.7 80.3 632.8 79.1 635.5 86.0 630.4 92.8 632.5 92.4 0.9849
89.4 470.1 18.5 29.1 102.3 480.4 103.8 479.5 107.2 485.6 103.7 492.3 104.5 492.0 0.9792
106.8 2.6 28.9 30.2 113.0 14.8 125.2 11.1 120.4 17.4 118.1 25.2 128.0 22.2 0.9741
570.9 170.5 16.9 21.0 579.3 178.1 585.4 177.4 585.1 181.0 581.7 186.2 586.1 185.9 0.9681
585.7 0.0 27.9 24.6 591.7 4.8 604.2 1.7 599.2 7.7 595.8 15.6 606.4 13.0 0.9659
368.0 21.9 14.8 18.1 372.2 28.8 379.2 28.3 376.1 32.0 373.3 35.8 378.9 35.4 0.9624
494.6 591.0 36.9 47.3 505.6 612.3 520.1 608.6 516.5 617.7 512.9 628.2 523.7 625.5 0.9547
628.3 438.6 17.0 28.6 843.9 16.3 849.9 15.7 847.5 19.4 845.2 22.5 850.0 22.1 0.9338
111.5 401.6 28.5 30.2 631.0 448.4 631.7 448.2 629.1 454.0 632.7 460.3 633.3 459.9 0.9291
375.5 413.6 14.1 17.0 117.0 412.6 129.6 408.2 125.0 414.9 122.8 423.5 133.3 419.9 0.9213
85.3 183.3 18.2 21.9 379.7 420.6 386.2 419.8 383.6 423.7 381.2 427.2 386.2 426.6 0.9199
486.0 507.2 17.5 20.3 93.3 191.3 100.5 190.7 99.2 194.5 95.4 199.5 100.7 199.1 0.9107
477.1 115.9 17.6 20.8 493.8 514.7 500.8 515.1 498.6 519.2 494.6 523.0 499.5 523.4 0.7801
149.0 480.1 16.5 29.2 252.3 465.6 261.5 467.2 257.3 472.7 250.9 476.9 257.3 478.4 0.7424
941.9 108.0 17.2 26.2 141.1 78.6 143.4 78.2 146.0 84.4 142.3 92.1 144.2 92.1 0.6681
