52--Photographers/52_Photographers_photographertakingphoto_52_467.jpg
9
366.5 319.4 17.0 20.2 371.1 327.7 378.6 325.7 376.0 330.1 373.2 334.2 380.1 332.6 0.9996
308.7 327.8 18.5 20.3 313.3 337.3 320.6 334.0 318.7 339.3 317.6 344.2 323.0 341.5 0.9995
547.9 234.0 22.2 23.6 551.9 247.0 558.7 242.1 556.8 249.3 559.1 254.1 564.2 250.2 0.9995
718.1 353.6 24.2 27.8 722.8 367.4 732.8 362.5 729.9 370.5 728.9 376.2 737.2 372.2 0.9994
745.4 236.0 23.7 26.7 751.5 251.6 760.0 245.8 758.2 253.3 757.8 258.5 764.8 253.9 0.9993
780.8 260.5 23.9 26.4 786.3 273.3 795.8 270.0 792.4 276.7 790.3 281.4 798.4 278.7 0.9992
528.7 250.9 18.4 22.6 532.7 260.1 541.2 259.2 537.0 264.1 534.8 268.8 541.7 268.0 0.9989
409.4 289.4 21.4 21.6 413.6 299.8 421.9 295.2 419.5 300.6 418.9 306.4 425.5 302.7 0.9987
691.4 328.1 16.3 19.4 695.3 337.5 702.3 335.7 699.3 339.9 697.9 344.1 702.7 342.8 0.9984
