52--Photographers/52_Photographers_taketouristphotos_52_524.jpg
21
909.0 275.9 16.6 23.3 911.1 284.9 914.8 285.3 909.7 289.4 912.0 293.9 914.4 293.8 0.9997
948.9 259.3 17.2 22.2 950.4 267.4 954.7 268.1 949.4 272.0 950.7 276.3 953.8 276.5 0.9997
159.3 285.5 23.0 27.4 169.5 294.7 179.4 294.3 176.6 300.4 170.3 305.6 178.4 305.5 0.9994
993.9 273.0 16.3 17.7 996.3 281.1 1001.1 280.2 998.2 285.1 1000.2 287.8 1003.1 286.9 0.9987
708.2 214.2 39.6 44.9 716.4 230.1 734.2 230.0 724.2 240.4 718.4 246.6 733.5 246.5 0.9986
212.6 297.1 21.6 23.0 221.6 305.5 231.0 304.5 228.1 310.2 222.9 314.5 230.3 313.9 0.9985
297.8 274.9 22.3 24.9 306.2 283.7 316.2 283.1 312.4 289.4 307.5 294.2 315.0 294.0 0.9985
47.7 299.6 19.1 22.0 55.0 306.8 63.2 306.8 60.0 311.8 55.9 315.8 62.1 315.9 0.9984
844.3 279.8 14.7 18.3 846.3 286.1 850.7 286.0 846.4 289.5 847.0 293.6 850.1 293.4 0.9980
636.0 285.1 14.7 19.1 638.2 292.5 642.5 292.9 637.9 296.3 638.0 299.8 641.3 300.0 0.9980
593.1 279.5 23.0 24.5 603.9 288.1 612.8 287.3 610.7 292.9 605.5 298.0 611.8 297.5 0.9979
102.1 266.0 20.3 23.1 111.6 274.6 119.9 274.1 117.6 279.4 112.8 283.9 118.5 283.6 0.9972
377.1 292.5 21.4 23.8 385.5 300.4 395.1 300.5 391.5 306.3 385.8 310.0 393.8 310.3 0.9890
845.0 302.8 14.9 18.2 848.0 309.2 851.6 311.0 847.4 314.0 847.4 316.5 849.7 317.7 0.9884
234.7 271.9 23.1 28.1 248.0 282.2 254.0 282.9 251.9 289.7 244.5 292.9 248.9 293.8 0.9768
673.8 260.0 24.8 25.1 680.4 268.4 691.8 268.9 685.9 273.5 681.4 278.7 689.6 279.1 0.9669
522.8 272.9 15.8 23.5 527.6 283.0 533.7 282.7 530.8 287.7 528.6 292.4 533.4 292.2 0.9658
614.0 295.2 13.5 17.2 615.9 301.6 620.4 301.7 616.7 305.2 616.5 308.4 619.9 308.4 0.9643
806.9 278.1 22.3 23.7 817.3 285.9 824.1 287.9 819.9 292.2 813.6 294.9 818.7 296.7 0.8862
469.9 267.2 31.7 33.1 485.0 278.7 496.6 278.1 493.2 285.7 486.5 291.7 494.8 291.4 0.8261
407.3 265.7 16.6 24.9 415.6 274.8 421.4 274.8 420.1 280.1 415.2 284.7 419.8 284.9 0.7789
