52--Photographers/52_Photographers_photographertakingphoto_52_620.jpg
8
717.5 215.0 35.5 37.9 732.6 226.7 745.4 234.6 735.3 235.8 725.4 239.6 735.2 245.8 0.9999
881.0 248.3 16.9 21.9 883.7 256.7 890.0 256.9 885.4 261.1 884.5 265.1 889.3 265.0 0.9980
960.7 244.3 11.7 14.9 962.7 250.0 967.3 249.7 964.2 253.0 963.6 256.0 966.9 255.7 0.9954
306.9 22.7 41.5 57.2 317.0 48.0 334.1 49.2 323.1 59.0 317.6 68.0 329.2 68.7 0.9824
948.9 245.0 9.9 14.0 950.5 250.0 953.0 250.2 950.4 253.0 951.0 255.7 952.6 255.7 0.8680
671.8 24.0 28.3 42.6 679.9 43.6 691.3 41.0 686.9 51.5 684.7 59.2 693.0 57.0 0.8253
833.4 34.1 10.4 13.9 835.8 39.3 841.1 39.7 838.1 42.3 835.9 45.0 840.1 45.3 0.7164
883.3 236.2 10.4 12.2 886.4 241.4 890.5 241.0 888.9 243.8 887.4 246.2 890.5 246.0 0.7146
