52--Photographers/52_Photographers_taketouristphotos_52_138.jpg
9
994.5 502.2 21.2 27.1 999.3 511.0 1005.4 513.9 997.7 515.8 995.8 520.9 1000.5 523.0 0.9993
959.7 489.5 15.7 19.2 962.5 496.6 969.1 498.2 964.0 501.2 962.2 503.9 967.1 505.0 0.9987
586.9 277.9 14.0 21.2 590.8 284.7 592.7 285.6 587.6 288.0 588.4 293.0 589.8 293.4 0.9986
608.1 309.3 19.0 26.5 612.2 317.9 618.6 320.2 611.7 323.5 610.5 328.3 614.9 330.0 0.9977
747.4 24.5 12.5 17.0 749.2 31.3 753.1 31.5 749.5 34.7 749.7 38.0 752.6 37.9 0.9973
542.2 247.8 12.7 15.1 547.1 253.6 552.4 252.8 550.8 256.6 548.2 259.6 552.2 259.2 0.9968
313.2 329.2 16.6 23.3 326.2 339.3 327.9 338.5 329.2 344.3 323.9 347.9 324.6 347.6 0.9931
931.4 323.8 13.3 17.5 940.2 331.4 942.7 331.3 942.2 335.6 937.9 338.0 939.4 338.2 0.9927
618.9 340.8 12.2 18.7 621.8 346.3 623.1 347.4 619.5 350.1 620.1 354.1 621.0 354.7 0.5675
