52--Photographers/52_Photographers_photographertakingphoto_52_320.jpg
12
394.2 171.6 67.1 79.6 402.7 198.3 431.6 199.0 406.9 208.3 400.2 227.9 424.2 228.7 0.9997
204.3 171.3 56.3 64.7 214.4 194.0 237.3 195.4 219.3 202.4 212.9 217.1 231.4 218.1 0.9997
34.8 228.6 55.3 63.4 43.8 247.5 66.4 245.7 50.7 257.9 45.7 271.9 64.6 270.3 0.9997
948.7 404.9 22.7 29.5 956.4 417.6 966.0 415.1 963.4 421.6 959.5 427.4 967.7 425.4 0.9995
867.6 335.9 31.0 37.7 872.1 349.7 883.2 352.0 871.3 356.0 870.1 363.9 878.1 365.4 0.9992
554.4 203.5 113.2 173.7 566.4 268.7 590.9 270.5 554.2 301.5 574.1 334.1 590.6 334.1 0.9976
977.9 377.6 16.5 18.7 987.6 384.7 992.3 384.7 991.5 389.1 986.8 392.2 989.6 392.5 0.9941
858.5 245.2 11.1 13.6 861.2 250.5 866.3 250.7 863.5 252.9 861.7 255.6 865.5 255.8 0.9894
0.0 269.6 24.1 46.2 0.2 287.0 2.5 288.7 -4.5 296.0 1.5 304.6 3.1 305.5 0.9763
724.1 249.7 51.0 62.2 736.8 272.5 756.9 273.6 744.5 286.2 738.1 296.9 752.2 297.6 0.9558
186.5 242.9 10.8 12.8 188.2 247.2 192.2 247.6 189.0 250.1 188.4 252.8 191.3 253.0 0.9136
149.8 254.8 10.3 15.3 156.3 260.5 158.3 260.3 158.7 263.6 156.2 266.4 157.5 266.5 0.7013
