52--Photographers/52_Photographers_taketouristphotos_52_177.jpg
43
233.6 236.0 17.9 24.4 235.6 246.2 241.0 246.2 236.0 251.0 237.3 255.2 241.1 254.9 0.9997
718.0 231.5 19.1 24.7 721.5 241.0 730.4 240.5 725.5 246.0 722.9 250.3 730.2 249.8 0.9997
770.3 217.0 19.8 22.4 776.4 223.7 785.4 224.5 780.8 229.6 776.5 233.3 783.6 234.0 0.9996
318.0 250.3 20.0 26.0 321.3 261.7 329.9 260.5 325.6 265.9 323.9 270.9 330.9 269.9 0.9996
593.0 250.6 18.6 23.2 597.9 259.4 606.5 259.3 602.3 264.3 598.8 268.1 605.9 268.0 0.9996
684.2 243.9 18.2 23.6 688.5 252.8 697.1 252.4 692.9 257.2 689.8 261.8 696.8 261.5 0.9995
76.9 286.4 17.2 18.9 83.2 293.6 90.7 292.5 88.7 295.2 85.4 300.1 91.1 299.3 0.9995
461.6 220.4 22.3 28.6 465.1 232.3 474.5 231.7 468.5 237.4 466.4 242.5 474.0 241.9 0.9995
528.8 249.7 19.1 23.0 534.1 257.6 543.0 257.2 538.9 262.4 535.4 266.8 542.7 266.5 0.9994
297.7 230.8 17.9 22.6 300.8 238.7 309.0 238.5 303.5 242.4 301.0 247.5 307.8 247.3 0.9994
639.1 248.5 17.2 22.3 642.5 257.5 650.4 257.0 646.0 261.7 643.8 265.4 650.5 264.9 0.9994
372.7 242.5 19.3 24.8 377.2 252.5 385.7 252.5 381.1 257.7 378.5 262.1 384.8 262.0 0.9994
829.7 224.5 19.4 24.9 834.1 235.1 843.2 234.6 838.6 240.0 835.5 244.0 842.9 243.6 0.9993
816.9 220.0 15.7 19.5 821.4 228.4 828.3 228.4 825.0 232.6 822.3 235.6 827.6 235.6 0.9993
402.1 244.8 20.0 23.1 407.3 253.1 416.5 253.1 411.7 258.1 408.1 262.0 415.5 262.0 0.9993
198.0 247.9 20.2 23.7 202.5 257.6 211.4 257.1 206.6 261.4 204.1 266.4 210.6 266.1 0.9993
281.1 266.1 19.8 25.2 286.7 275.0 295.8 274.6 291.6 279.8 288.2 285.1 295.1 284.9 0.9990
745.2 221.7 15.0 17.9 754.1 227.7 758.5 227.1 758.9 231.6 755.0 235.4 757.8 235.3 0.9989
557.3 226.5 14.1 17.9 562.9 234.5 568.7 233.9 566.9 237.9 564.1 240.9 568.6 240.5 0.9988
434.7 230.3 16.2 21.6 442.3 240.2 448.6 239.3 447.1 244.6 443.2 248.1 447.8 247.7 0.9988
525.2 210.2 14.3 17.2 530.1 217.1 536.6 217.2 533.9 220.5 531.0 223.7 535.9 223.7 0.9984
339.5 226.4 16.4 19.4 344.9 235.3 351.9 235.0 348.9 239.7 346.2 242.7 351.0 242.5 0.9981
264.2 227.8 16.1 18.5 269.8 235.3 277.1 235.1 274.0 240.0 270.8 242.8 275.9 242.8 0.9979
671.6 203.9 12.6 15.0 673.4 211.3 676.9 210.3 674.7 213.9 676.0 216.5 678.3 215.6 0.9979
395.2 219.7 15.2 18.3 399.1 227.2 405.9 226.9 402.5 230.4 400.1 234.1 405.4 233.9 0.9979
316.1 213.1 13.1 14.4 318.8 218.0 325.1 217.8 321.7 221.1 319.7 224.3 324.5 224.1 0.9979
87.1 197.2 13.3 15.3 89.0 201.9 94.8 201.9 90.8 204.7 89.7 208.5 94.0 208.4 0.9979
67.4 213.7 12.7 14.9 70.9 219.1 76.7 218.9 74.0 222.1 71.7 225.2 76.4 225.1 0.9959
367.6 208.8 13.0 15.8 371.2 215.8 377.3 215.8 374.2 219.4 372.0 222.0 376.4 222.0 0.9959
284.7 215.6 12.4 14.4 288.7 219.8 294.6 219.6 292.1 222.7 289.6 226.1 294.3 226.0 0.9956
327.5 236.4 16.6 20.5 333.5 245.3 340.1 244.9 337.4 248.9 334.3 252.5 339.2 252.4 0.9956
453.7 230.8 16.4 22.5 461.8 239.4 468.7 240.0 466.1 244.4 461.5 248.2 467.1 248.8 0.9929
574.8 243.0 18.2 22.0 577.9 252.6 585.5 253.1 580.5 258.5 579.4 261.4 584.6 261.6 0.9926
279.1 200.6 12.9 16.2 283.5 206.9 289.2 206.7 286.7 209.7 284.1 213.0 288.5 212.8 0.9925
98.2 222.2 14.3 16.7 101.9 227.5 108.5 227.7 104.9 231.3 102.5 234.6 107.4 234.8 0.9920
490.8 223.7 14.7 19.6 495.9 232.9 501.7 231.9 500.1 236.3 498.2 239.8 502.2 239.1 0.9830
164.4 230.8 22.2 19.2 171.4 237.9 178.8 235.2 176.8 236.7 175.2 243.2 180.8 241.2 0.9803
570.7 217.3 10.8 16.4 577.2 223.5 579.8 223.4 580.0 226.4 577.4 229.5 579.4 229.6 0.9755
691.1 206.7 10.0 12.2 -7.4 268.5 1.2 268.3 -3.5 272.4 -6.1 277.5 0.3 277.2 0.9713
590.0 211.9 10.9 13.8 693.6 211.1 697.9 210.8 695.7 213.7 694.5 216.4 697.8 216.2 0.9610
148.6 399.6 25.7 46.8 595.6 217.6 599.1 217.3 598.8 219.8 596.6 222.7 599.1 222.6 0.9044
623.4 222.7 12.3 14.6 62.8 201.3 68.3 201.2 65.0 204.2 63.5 206.8 67.4 206.7 0.8433
429.0 207.8 12.3 16.7 178.5 254.1 184.5 252.6 183.2 257.1 180.6 260.4 184.8 259.4 0.6800
