56--Voter/56_Voter_peoplevoting_56_1.jpg
8
441.7 98.8 27.9 26.7 458.6 112.7 462.1 113.5 459.4 120.4 451.6 121.5 452.7 122.2 0.9999
763.8 363.6 38.0 47.4 774.7 384.0 791.3 385.2 782.4 393.2 775.0 399.8 788.0 401.0 0.9993
179.4 110.8 13.9 16.8 187.5 117.7 190.9 118.7 189.4 122.5 185.3 124.4 187.4 125.3 0.9934
491.3 127.9 19.0 28.9 504.8 139.3 507.7 139.6 509.2 145.4 503.9 150.4 505.5 151.1 0.9871
251.6 109.1 14.6 18.8 261.5 117.1 263.8 116.9 263.9 121.5 259.9 124.2 260.9 124.3 0.9753
686.0 84.9 28.8 46.3 708.1 105.0 709.4 104.7 708.9 115.4 702.0 122.2 702.3 121.8 0.9528
200.8 140.3 14.5 18.5 205.7 147.7 212.3 146.7 210.0 150.8 207.5 154.9 212.3 154.2 0.9391
203.0 128.5 13.5 15.1 208.0 134.4 213.1 134.4 211.0 137.6 208.4 140.3 212.3 140.4 0.9382
