56--Voter/56_Voter_peoplevoting_56_321.jpg
22
556.7 382.8 26.3 23.1 563.5 396.6 572.5 396.4 568.2 402.3 567.5 402.7 573.2 402.4 0.9998
419.9 382.7 25.1 26.4 424.3 396.7 433.3 396.2 428.2 403.1 428.7 405.5 434.8 404.9 0.9997
800.8 251.2 16.6 20.9 803.8 258.0 807.7 259.7 801.8 262.5 802.8 266.2 805.2 267.3 0.9990
299.3 363.3 24.7 25.7 303.5 375.1 312.2 375.7 306.6 382.1 307.3 384.7 313.2 385.0 0.9988
275.9 126.6 8.9 12.6 277.2 131.4 279.1 131.4 276.7 133.8 277.6 136.3 279.0 136.2 0.9984
175.1 322.3 28.4 24.9 181.4 336.5 189.0 334.6 185.5 341.8 189.1 344.0 193.5 342.4 0.9978
701.9 398.0 27.5 23.9 711.5 408.2 721.6 410.8 715.5 416.5 709.9 417.1 715.9 419.2 0.9965
965.3 146.4 10.6 14.4 967.6 151.0 970.1 151.3 966.8 153.9 967.0 156.9 968.8 157.0 0.9959
148.3 176.3 11.9 15.5 152.6 183.0 157.7 181.8 156.4 185.1 154.5 188.6 158.3 187.7 0.9958
360.7 104.5 9.4 11.8 362.5 109.2 365.9 109.2 363.4 111.6 363.1 113.8 365.6 113.7 0.9952
201.2 129.9 9.8 11.5 202.8 133.8 206.9 133.6 204.3 136.3 203.7 138.8 206.8 138.5 0.9950
893.2 413.1 32.7 28.8 901.4 424.7 915.5 428.7 905.3 434.2 899.1 434.2 910.1 437.3 0.9943
639.7 192.2 14.1 16.3 643.1 200.4 649.6 200.3 646.2 204.2 644.0 206.1 649.0 206.0 0.9919
303.7 106.1 8.8 12.1 308.5 111.1 311.0 110.7 311.1 113.2 309.3 115.6 310.9 115.4 0.9888
722.9 153.4 11.4 14.8 725.6 159.2 730.3 159.4 727.6 162.3 725.9 164.9 729.6 165.0 0.9678
336.8 537.5 23.3 41.5 352.2 549.6 352.3 548.9 358.8 555.7 356.5 565.9 357.1 565.7 0.9472
190.8 107.8 7.4 10.7 195.4 112.2 197.0 111.9 197.5 114.0 195.8 116.0 196.9 115.9 0.9359
418.8 140.5 9.5 12.1 420.7 146.1 423.5 145.9 421.3 148.6 421.7 150.7 423.4 150.5 0.9356
365.9 188.4 12.4 13.3 368.9 195.8 373.8 195.8 371.3 199.2 370.6 200.4 373.6 200.4 0.8337
59.5 352.2 25.1 29.1 63.2 362.8 71.9 363.0 65.7 369.0 65.8 373.7 72.1 373.7 0.7575
132.2 244.5 14.9 21.8 141.1 252.3 144.6 251.9 145.1 256.6 141.8 261.4 144.2 261.4 0.7486
424.9 191.6 12.8 15.0 427.6 200.0 433.1 199.9 430.1 203.5 429.0 205.4 432.5 205.3 0.6954
