56--Voter/56_Voter_peoplevoting_56_106.jpg
14
450.8 153.5 83.9 110.3 470.2 208.2 505.9 200.9 489.5 230.1 483.6 244.4 510.3 238.1 0.9998
726.5 159.7 132.9 170.1 752.1 226.0 817.2 219.3 781.6 258.4 766.5 294.6 814.5 289.2 0.9997
359.2 88.9 55.3 77.5 375.7 117.4 402.6 118.8 389.7 134.7 376.3 145.6 398.7 146.9 0.9996
648.5 104.0 86.6 113.9 679.5 150.4 720.6 152.3 703.7 178.6 679.9 193.3 712.2 194.8 0.9996
623.9 218.2 110.3 143.6 656.5 287.3 706.2 276.2 690.0 309.8 669.1 332.0 712.5 322.4 0.9996
411.7 137.3 73.5 103.4 431.3 180.5 464.3 180.5 446.9 198.4 432.6 213.2 462.0 213.7 0.9996
24.9 92.7 39.6 51.5 33.7 113.6 52.6 112.5 42.9 122.9 36.8 132.7 51.7 131.7 0.9995
68.5 110.2 42.0 50.8 80.1 131.5 99.8 131.4 90.0 142.1 81.5 149.2 98.2 149.2 0.9993
817.4 280.1 117.3 165.5 851.8 345.9 908.1 340.8 885.4 377.5 863.1 408.2 906.2 404.5 0.9993
177.7 106.7 46.2 55.8 192.2 127.0 212.5 125.2 204.7 135.3 196.5 147.8 213.0 146.4 0.9992
125.1 91.7 43.4 58.2 137.6 117.0 158.0 114.1 149.8 126.6 141.7 135.9 159.0 133.7 0.9991
236.5 118.7 43.5 61.2 249.1 142.7 268.7 139.9 261.1 153.1 255.2 166.0 269.1 163.6 0.9991
277.0 128.1 53.3 68.2 293.8 153.3 318.2 152.5 307.8 166.4 298.4 180.7 315.8 180.0 0.9988
561.3 177.3 91.6 133.0 584.1 237.8 626.1 231.3 607.7 260.2 596.8 284.3 628.0 279.1 0.9981
