56--Voter/56_Voter_peoplevoting_56_130.jpg
37
109.7 269.3 20.3 34.3 112.2 280.7 113.7 281.9 107.5 287.5 111.8 294.4 112.4 294.8 0.9996
778.2 161.7 13.1 16.9 787.7 167.3 790.1 167.2 791.4 170.7 787.7 174.1 789.2 174.3 0.9993
269.3 190.9 14.5 21.8 278.7 200.1 282.1 199.2 283.4 204.1 279.3 208.4 281.6 208.0 0.9992
860.0 204.8 17.0 21.9 868.9 213.4 874.0 212.2 875.1 216.3 871.5 221.3 875.4 220.6 0.9992
171.4 179.2 15.7 18.9 177.8 186.8 184.5 185.9 182.9 189.1 179.7 193.5 184.6 193.0 0.9991
333.3 190.9 18.7 23.8 335.3 199.4 340.1 199.2 335.4 204.8 337.7 209.2 341.2 208.8 0.9990
86.3 167.5 14.0 17.3 91.8 174.8 97.7 174.2 95.9 177.9 93.2 181.3 97.4 180.9 0.9990
744.7 167.0 17.9 23.2 748.4 176.7 755.9 176.5 751.5 181.1 749.6 185.1 755.2 184.9 0.9988
156.8 168.4 12.0 15.5 163.1 174.2 166.9 174.4 166.0 177.2 163.0 179.9 165.8 180.3 0.9987
433.1 154.5 14.4 18.9 436.7 162.0 443.1 161.4 440.0 164.7 437.9 168.9 442.8 168.4 0.9986
554.1 154.0 13.7 18.3 557.4 161.6 563.1 161.2 560.2 164.9 558.7 168.3 563.2 167.9 0.9986
110.9 167.9 12.9 15.6 115.3 173.2 121.2 174.1 118.3 176.3 115.3 179.4 119.8 180.1 0.9985
1001.2 184.5 22.2 25.3 1010.7 193.6 1020.2 195.5 1015.6 199.9 1009.8 203.6 1016.9 205.1 0.9983
881.4 189.6 15.4 19.3 889.0 197.9 894.9 197.4 893.5 201.8 889.6 205.2 893.7 205.1 0.9983
934.4 170.4 17.8 24.3 947.5 179.0 948.5 178.9 950.7 184.6 945.0 188.8 945.6 189.2 0.9983
519.4 192.0 20.8 24.6 525.4 201.2 534.9 199.8 531.1 206.2 528.1 211.4 534.8 210.3 0.9981
293.1 189.2 14.8 22.0 302.4 198.9 306.0 198.5 306.4 203.1 301.9 206.6 304.4 206.5 0.9978
593.7 174.7 24.2 26.5 604.5 183.5 613.9 183.4 611.0 190.0 604.9 195.0 611.5 194.9 0.9977
609.4 190.5 20.2 31.4 614.5 200.8 616.3 201.6 609.9 206.0 611.7 213.5 612.7 213.8 0.9969
695.0 167.9 13.8 17.7 704.6 174.8 706.7 174.8 707.1 179.3 703.1 182.1 704.2 182.3 0.9969
364.1 155.5 23.0 39.0 367.9 169.4 367.6 170.1 365.2 178.4 372.0 185.3 371.4 185.8 0.9964
65.3 166.7 10.8 15.1 70.9 172.4 74.5 171.9 74.3 175.0 71.8 178.2 74.6 177.9 0.9962
227.7 183.5 12.1 19.2 236.0 191.3 237.4 190.9 239.3 194.6 236.6 198.6 237.6 198.5 0.9958
190.0 162.3 8.6 11.0 191.5 166.5 194.5 166.6 192.2 168.8 192.0 171.0 194.3 170.9 0.9913
51.5 173.5 10.3 12.4 53.1 178.1 57.9 178.4 54.9 181.2 53.6 183.5 57.0 183.7 0.9892
605.6 149.4 6.8 8.1 607.0 152.6 610.0 152.6 608.3 154.2 607.4 155.7 609.6 155.7 0.9827
895.3 148.9 6.7 8.6 897.5 152.5 900.2 152.4 899.1 154.2 897.9 155.8 900.0 155.8 0.9506
620.7 148.6 12.0 14.5 623.9 154.1 629.5 154.1 626.7 157.0 624.4 159.8 628.9 159.8 0.9333
530.2 145.8 7.0 10.0 533.7 149.9 535.8 149.7 535.5 151.7 534.1 153.6 535.7 153.5 0.8834
879.8 153.0 7.3 9.3 881.0 156.7 883.9 156.8 881.9 158.7 881.4 160.5 883.6 160.5 0.8563
760.5 153.7 7.5 9.2 762.7 156.9 766.1 157.0 764.4 158.8 762.9 160.6 765.6 160.7 0.8515
449.0 158.7 8.9 12.3 450.5 163.2 453.1 163.5 450.6 165.8 450.7 168.2 452.6 168.3 0.7866
734.8 157.4 9.0 11.5 738.8 162.5 742.0 162.3 741.2 164.9 739.4 167.1 741.7 167.0 0.7782
702.4 144.5 9.4 12.8 706.4 150.0 709.9 149.8 709.0 152.6 707.0 155.1 709.7 155.0 0.6813
861.3 144.8 7.6 8.8 864.5 148.1 867.5 147.9 866.6 149.9 865.0 151.8 867.3 151.8 0.6804
644.3 143.7 8.3 10.6 648.2 147.9 650.9 147.6 650.5 150.0 648.9 152.3 650.9 152.1 0.6007
579.8 143.7 7.0 8.6 581.2 146.7 583.5 146.8 581.8 148.5 581.5 150.2 583.2 150.3 0.5668
