56--Voter/56_Voter_peoplevoting_56_440.jpg
14
627.5 502.2 21.9 27.9 632.4 509.9 634.5 510.6 627.5 515.5 631.3 522.2 632.7 522.3 0.9994
565.4 501.0 21.5 23.8 573.9 508.8 582.6 510.2 578.4 514.6 572.5 517.6 580.3 518.9 0.9991
45.3 531.5 20.5 21.2 49.4 541.7 55.2 541.2 51.8 546.7 53.9 549.7 57.4 548.9 0.9978
965.1 551.4 23.5 26.0 968.6 559.1 975.7 560.3 968.1 565.1 968.5 570.3 973.4 571.0 0.9972
818.1 535.6 21.1 26.7 827.4 546.5 835.7 548.2 831.9 552.6 826.3 555.7 832.9 557.2 0.9964
388.4 424.8 20.5 23.5 393.9 431.0 401.6 433.4 394.1 434.7 391.0 440.1 397.0 441.9 0.9958
533.1 501.9 19.2 29.6 546.0 513.3 549.4 513.2 550.9 518.7 546.1 524.4 548.4 524.7 0.9918
425.1 500.0 15.5 20.5 427.6 506.8 430.2 506.2 426.6 510.7 428.9 515.4 430.9 514.6 0.9906
12.8 468.2 19.1 20.8 19.0 476.8 26.9 474.2 24.9 479.2 22.6 484.5 28.4 482.6 0.9864
223.9 106.6 18.5 18.0 234.9 114.2 238.7 116.3 236.2 119.6 230.6 120.5 232.5 122.3 0.9854
289.2 446.1 19.1 22.1 291.7 455.5 298.9 456.9 292.4 460.5 291.1 464.0 296.1 464.9 0.9734
247.8 453.0 17.8 22.5 254.2 462.0 262.4 460.6 260.2 465.3 257.0 470.8 262.9 469.7 0.9725
176.4 101.8 14.6 18.8 186.7 109.2 189.4 108.6 190.1 113.2 186.2 116.9 187.7 116.6 0.9260
556.1 269.0 9.4 11.2 369.0 511.1 374.9 510.8 372.8 514.2 369.9 517.7 374.8 517.6 0.6812
