56--Voter/56_Voter_peoplevoting_56_98.jpg
20
236.9 110.4 50.2 59.6 243.7 129.3 265.3 128.5 249.6 137.4 244.3 151.9 263.0 151.4 0.9995
454.6 127.5 34.2 46.0 465.1 143.2 480.6 143.7 473.5 149.8 467.0 160.8 478.7 161.2 0.9992
666.4 248.1 16.0 21.8 671.1 257.3 678.0 257.0 674.9 261.4 672.1 265.1 677.6 264.8 0.9989
594.7 210.1 27.0 34.7 603.0 222.9 614.9 223.3 609.2 229.4 604.1 235.9 613.0 236.2 0.9984
694.4 262.7 14.2 16.7 697.8 269.2 703.6 268.7 700.8 272.1 699.2 275.3 703.8 274.9 0.9977
533.3 180.7 28.9 37.9 543.7 192.0 556.8 194.2 550.2 199.6 542.6 206.7 553.8 208.4 0.9974
880.2 271.5 12.6 16.8 882.8 277.7 889.0 278.1 885.4 281.6 882.9 284.7 887.9 285.0 0.9919
852.0 269.9 12.5 16.5 859.4 276.6 863.0 277.0 862.4 280.1 859.0 282.7 861.5 283.2 0.9831
554.7 205.4 20.6 27.2 559.5 216.8 569.8 217.7 564.2 222.7 559.8 227.1 567.7 227.8 0.9829
937.6 278.4 12.5 15.6 943.2 284.3 948.1 284.2 946.5 287.5 943.7 290.6 947.4 290.7 0.9806
649.9 248.9 14.9 21.0 659.3 257.5 662.6 257.0 663.3 260.7 660.7 265.1 663.0 264.9 0.9804
801.0 259.7 12.5 16.9 803.0 265.8 805.5 266.1 802.7 269.8 804.2 273.1 805.8 273.1 0.9755
709.0 256.1 12.4 18.4 713.4 262.9 718.9 263.9 716.0 267.3 712.9 270.3 717.2 271.1 0.9749
76.8 41.2 54.3 64.6 107.6 64.5 123.7 63.1 121.3 77.7 108.6 90.3 119.8 89.5 0.9669
897.0 276.1 11.3 15.0 902.7 282.4 906.7 282.1 906.0 285.6 903.3 288.4 906.1 288.2 0.9578
749.1 267.5 14.6 18.2 752.8 273.8 758.9 273.8 755.5 277.8 753.7 281.4 758.4 281.4 0.9459
965.7 284.9 10.1 14.2 970.3 290.9 974.5 290.9 973.0 294.1 970.6 296.7 973.6 296.8 0.8690
750.2 245.7 13.2 15.0 722.1 263.2 727.6 264.3 723.4 267.5 721.3 271.4 725.9 272.2 0.7385
981.7 282.5 9.6 12.7 754.7 250.9 760.8 250.5 758.7 254.1 755.9 257.7 760.6 257.4 0.6690
584.0 206.4 18.5 26.8 773.2 269.4 775.5 269.5 773.2 272.8 774.1 275.9 775.9 275.8 0.5729
