56--Voter/56_Voter_peoplevoting_56_548.jpg
17
456.8 280.8 30.8 42.1 473.1 296.2 484.1 293.9 484.4 304.2 476.9 313.9 484.6 312.5 0.9990
897.7 322.2 29.2 41.7 917.3 338.7 922.9 337.5 926.7 345.6 918.6 354.2 922.6 353.7 0.9990
695.2 295.1 33.3 40.9 710.2 309.7 724.1 308.5 722.4 316.7 714.5 326.4 724.4 325.6 0.9986
37.3 304.5 35.1 43.1 45.6 315.7 62.1 315.2 53.1 321.9 46.9 333.8 60.7 333.3 0.9985
324.4 309.4 34.0 43.6 343.1 324.6 354.9 324.9 354.5 332.9 343.5 340.9 353.2 341.5 0.9983
426.9 301.5 36.0 49.6 444.9 321.9 456.7 318.2 459.0 327.1 452.3 340.4 460.5 337.9 0.9980
956.3 334.0 27.1 39.6 968.5 347.2 978.4 345.7 978.4 352.8 972.6 363.2 980.0 362.1 0.9972
392.4 288.4 36.2 43.6 407.1 304.3 421.5 303.8 417.1 310.8 409.9 320.6 420.5 320.2 0.9957
998.9 337.9 23.6 31.8 1008.6 347.2 1019.5 347.6 1016.1 352.5 1009.4 360.0 1018.5 360.3 0.9952
557.2 308.5 28.8 47.0 578.6 323.9 581.6 323.1 585.8 333.5 577.5 343.5 579.8 343.4 0.9889
289.0 301.4 30.5 42.4 298.1 313.7 312.3 313.2 306.3 322.3 300.5 332.2 311.2 331.8 0.9833
798.6 325.9 28.0 40.8 816.9 338.3 821.0 337.5 826.5 344.1 821.2 354.6 824.2 354.4 0.9707
623.0 328.9 24.3 34.4 635.6 339.2 643.0 338.1 644.1 344.9 638.2 353.3 644.4 352.7 0.9328
152.5 218.2 10.2 12.5 156.4 222.8 160.6 222.3 159.4 225.0 157.6 227.9 160.6 227.5 0.7154
156.2 246.3 11.2 13.5 159.9 252.0 164.9 251.5 163.1 254.8 161.1 257.6 165.0 257.3 0.5830
665.9 242.8 10.0 13.7 670.0 247.5 673.9 247.8 672.5 250.6 670.1 253.3 673.0 253.6 0.5666
796.4 294.4 11.2 12.4 801.5 299.0 805.9 299.1 804.3 302.0 801.8 304.2 804.9 304.4 0.5307
