56--Voter/56_Voter_peoplevoting_56_293.jpg
12
544.5 62.5 63.0 78.3 564.0 94.3 593.7 93.1 581.2 110.9 569.1 124.8 590.4 124.0 0.9996
375.1 72.5 58.5 75.3 395.3 106.6 422.2 100.7 415.0 118.8 403.8 133.1 424.2 128.6 0.9996
734.9 39.0 86.5 116.7 755.7 86.4 796.5 91.5 771.1 115.6 755.2 129.5 785.5 133.7 0.9996
282.3 96.0 41.4 46.4 292.0 114.9 309.5 110.8 302.1 122.6 298.8 132.2 312.5 128.7 0.9993
935.7 57.9 87.5 104.7 954.3 97.2 993.6 109.7 961.3 128.8 948.9 137.0 976.9 146.7 0.9993
474.2 53.0 35.7 54.7 497.7 72.3 502.7 71.5 508.5 80.9 502.3 93.5 505.8 93.2 0.9988
155.5 26.7 39.8 53.0 169.0 54.2 186.2 48.1 182.2 61.5 176.9 71.6 189.1 67.0 0.9986
0.0 0.0 82.2 61.2 15.8 -1.8 58.0 -7.7 40.8 11.5 29.1 38.4 60.5 33.0 0.9973
305.7 66.4 33.9 45.9 318.5 85.9 334.2 85.1 329.0 95.0 320.9 103.3 333.3 103.0 0.9972
874.9 101.9 22.6 30.7 889.9 114.2 894.2 114.6 894.8 120.4 888.1 125.3 891.1 126.0 0.9964
534.3 37.0 27.3 34.0 541.6 51.5 553.5 50.3 548.1 56.4 544.3 63.5 553.2 62.5 0.9885
660.4 51.9 16.1 24.0 665.2 57.9 666.1 58.5 661.4 62.3 662.5 68.2 663.2 68.5 0.9782
