56--Voter/56_Voter_peoplevoting_56_923.jpg
18
99.3 218.2 36.4 42.5 118.9 234.6 132.2 234.2 130.2 243.9 118.9 250.9 128.9 250.9 0.9997
285.9 188.9 44.3 71.3 318.9 210.8 320.8 210.4 330.9 225.6 314.7 239.3 317.1 240.0 0.9996
650.8 228.8 21.4 27.6 654.2 242.7 662.9 240.6 658.8 247.6 657.9 251.6 665.1 249.7 0.9996
146.1 206.2 21.2 25.1 152.7 215.8 162.7 215.7 158.1 220.9 153.7 225.7 161.5 225.7 0.9996
381.7 248.4 35.0 42.1 390.3 263.5 406.9 263.5 398.2 272.4 392.0 280.0 405.1 280.0 0.9996
33.2 199.5 47.2 58.0 59.1 222.9 75.4 223.6 73.6 232.0 60.9 242.9 73.4 243.5 0.9995
735.9 235.8 34.3 42.5 739.5 250.2 750.5 251.8 739.0 258.7 739.8 267.1 747.5 267.8 0.9995
187.5 219.5 30.7 38.4 203.4 235.3 215.3 235.4 212.7 242.2 203.3 248.3 213.2 248.5 0.9994
831.9 238.8 23.0 26.5 837.6 248.5 848.2 248.2 842.8 253.7 839.0 259.1 847.6 258.8 0.9993
532.6 251.2 35.5 40.2 538.5 263.4 554.0 264.0 543.3 273.0 540.4 280.9 551.9 281.3 0.9993
954.1 236.7 23.5 30.8 956.7 247.9 963.9 248.3 956.7 254.5 958.0 260.4 962.9 260.4 0.9992
801.6 248.8 11.2 16.1 804.3 255.5 809.5 255.6 806.7 258.4 804.6 261.3 808.9 261.4 0.9988
504.0 259.7 13.4 17.0 507.7 266.4 513.7 266.3 510.9 269.4 508.3 272.5 513.4 272.4 0.9985
449.8 253.5 13.3 18.7 454.2 261.5 460.3 260.6 458.2 264.8 455.8 268.4 460.4 267.7 0.9980
153.4 232.6 27.4 34.5 157.0 247.2 168.5 248.2 160.0 255.3 158.9 260.5 166.7 261.1 0.9969
348.9 233.4 13.8 17.7 351.5 240.3 357.4 239.7 354.2 243.9 352.9 247.3 357.6 246.7 0.9958
535.8 193.0 13.6 16.1 538.8 201.6 545.0 200.5 542.2 204.9 541.1 207.6 545.3 206.7 0.9878
464.4 193.3 13.3 15.6 729.8 242.9 736.1 242.9 732.1 247.7 731.7 251.3 736.0 251.2 0.9046
