56--Voter/56_Voter_peoplevoting_56_255.jpg
16
539.9 65.1 27.3 32.9 547.8 78.5 560.3 79.3 553.8 86.7 548.8 91.5 557.4 92.1 0.9998
59.5 177.2 64.3 82.6 93.0 211.4 117.5 207.7 115.6 227.2 91.5 237.9 114.4 235.6 0.9997
757.0 313.3 76.6 87.3 773.9 339.0 804.4 347.4 779.7 364.8 769.0 375.9 790.2 383.0 0.9997
306.5 304.4 45.1 53.6 314.8 326.5 334.6 325.3 323.0 338.4 319.0 346.6 333.8 345.6 0.9997
167.1 1.1 21.7 25.8 181.6 12.5 184.9 12.5 184.2 19.1 176.7 21.9 178.6 22.3 0.9996
462.2 265.9 107.2 131.8 484.7 316.8 531.5 322.1 499.1 344.7 482.9 361.6 522.9 365.8 0.9996
161.3 233.1 88.2 124.5 180.5 278.2 221.4 277.5 199.0 303.6 183.9 319.2 224.2 318.4 0.9995
547.3 144.7 39.4 51.9 553.4 165.6 570.0 164.8 558.9 175.6 556.9 183.8 570.8 182.9 0.9995
393.6 38.5 23.1 30.2 398.7 49.0 409.3 49.9 402.7 55.5 398.8 60.6 407.2 61.4 0.9992
217.7 37.2 28.1 35.1 220.9 49.9 229.8 50.1 222.1 57.7 224.1 63.7 230.5 63.6 0.9991
470.2 0.0 23.0 23.0 475.3 4.5 485.1 4.5 479.3 9.5 475.9 15.3 483.8 15.2 0.9989
231.3 171.4 27.3 34.6 237.6 188.9 250.0 189.6 242.8 196.9 239.4 200.4 248.2 200.8 0.9962
12.7 23.0 20.1 25.8 23.0 31.8 30.5 30.4 30.1 36.3 25.1 42.4 30.5 41.5 0.9951
688.7 20.9 23.0 27.4 692.0 31.3 700.5 32.2 693.8 37.2 692.7 41.8 699.1 42.2 0.9637
442.6 64.4 17.7 32.5 446.4 75.1 446.1 74.7 442.6 81.1 445.9 88.3 446.1 87.5 0.9061
377.9 0.0 19.6 13.1 381.2 -3.0 390.4 -3.3 385.1 2.2 382.6 7.2 389.6 6.9 0.6274
