56--Voter/56_Voter_peoplevoting_56_790.jpg
15
584.7 97.8 49.0 50.1 599.3 125.1 621.3 124.8 611.0 138.5 603.3 142.0 617.6 141.8 0.9999
916.6 61.1 68.8 92.3 924.9 100.5 953.3 96.9 933.1 117.5 932.1 134.5 954.0 131.7 0.9998
736.7 43.7 69.6 89.4 744.4 79.9 770.9 79.0 747.8 96.7 747.9 113.8 767.4 113.4 0.9997
828.9 142.8 66.5 74.5 853.3 177.0 883.0 176.7 871.3 193.1 853.7 198.2 879.6 198.3 0.9996
424.9 78.1 33.1 44.8 436.2 95.9 451.5 95.1 445.8 103.4 439.0 113.0 450.2 112.4 0.9994
334.2 134.6 23.7 29.8 347.6 145.5 354.9 145.6 354.1 151.6 347.9 157.4 353.3 157.7 0.9993
494.0 107.1 28.0 33.5 499.6 120.2 512.1 120.1 504.3 125.6 500.8 132.9 509.9 132.8 0.9992
667.5 71.6 50.7 62.3 672.6 96.7 688.9 99.5 674.0 111.8 679.6 119.9 691.4 121.2 0.9988
348.0 95.6 23.2 28.0 353.0 104.6 363.0 105.7 356.5 110.9 353.0 116.0 360.3 116.9 0.9988
541.3 83.1 40.0 58.0 546.9 108.4 566.2 108.4 553.6 119.3 549.3 129.3 563.4 129.3 0.9985
196.6 112.7 16.5 21.2 199.9 121.0 207.0 120.8 202.8 125.4 201.1 129.4 206.2 129.2 0.9971
334.6 103.3 19.6 25.8 339.8 116.0 347.7 113.7 344.9 119.9 343.4 124.5 349.4 122.7 0.9938
623.1 79.7 31.9 47.7 631.5 96.9 639.0 99.0 631.5 106.7 630.5 115.2 635.8 116.5 0.9834
449.9 79.9 22.0 32.1 456.4 91.5 465.7 91.7 461.2 98.1 457.2 104.1 464.1 104.2 0.9763
490.0 150.3 31.7 39.1 498.0 168.0 511.2 165.9 505.7 174.5 502.4 181.6 511.9 180.0 0.9699
