56--Voter/56_Voter_peoplevoting_56_253.jpg
9
941.1 226.3 56.5 69.1 949.5 253.8 973.3 256.1 955.7 268.4 950.4 279.4 968.4 281.1 0.9996
802.2 229.4 40.4 48.1 810.5 247.2 829.8 246.5 819.3 258.9 813.1 266.0 829.2 265.3 0.9995
681.9 217.6 30.8 39.9 689.8 232.5 704.0 236.1 694.1 241.2 687.3 246.4 698.8 249.2 0.9995
149.7 201.7 24.8 29.8 158.6 211.9 169.8 212.4 165.0 219.2 159.5 224.4 167.7 224.9 0.9994
433.2 189.9 21.6 26.0 435.6 199.7 442.9 200.2 436.6 205.3 437.4 209.9 442.4 210.0 0.9994
240.8 189.6 23.4 25.7 247.4 198.4 257.5 197.8 252.7 203.8 248.8 208.7 256.8 208.3 0.9993
347.8 189.2 19.8 25.0 352.6 199.4 361.5 198.8 357.1 204.0 353.9 208.2 361.1 207.8 0.9993
595.0 216.8 27.5 37.4 598.7 232.7 608.7 231.7 602.2 240.4 603.0 246.5 610.8 245.5 0.9986
476.3 186.5 23.0 29.0 480.7 199.9 490.6 198.9 485.2 205.4 483.2 210.4 489.9 209.5 0.9966
