56--Voter/56_Voter_peoplevoting_56_532.jpg
8
499.2 292.9 16.6 21.0 503.3 301.2 511.3 301.6 507.0 306.4 504.1 309.6 509.7 309.9 0.9977
561.4 227.2 9.7 11.7 564.3 231.3 568.9 231.7 566.5 234.1 564.2 236.2 567.8 236.5 0.9682
509.2 391.9 9.2 11.4 511.9 395.7 516.4 395.9 514.0 398.3 512.1 400.7 515.7 400.8 0.9673
653.9 341.1 10.3 12.6 656.9 345.1 661.9 345.0 659.6 347.6 657.5 350.5 661.5 350.5 0.9541
648.4 227.0 9.2 11.2 651.2 230.7 655.5 230.9 653.4 233.2 651.5 235.4 654.9 235.5 0.9482
481.7 227.1 8.8 10.8 484.5 231.2 488.5 231.4 486.5 233.5 484.5 235.5 487.7 235.7 0.9414
592.2 394.7 9.0 11.0 594.7 398.5 598.9 398.6 596.7 400.7 594.9 402.9 598.3 403.0 0.9372
428.5 388.8 8.9 11.4 431.5 392.6 435.4 393.0 433.3 395.2 431.3 397.2 434.3 397.6 0.8261
