16--Award_Ceremony/16_Award_Ceremony_Awards_Ceremony_16_188.jpg
9
550.2 270.7 92.9 125.8 563.3 319.7 600.0 316.2 571.6 339.3 568.8 364.2 600.4 361.5 0.9998
936.2 324.1 18.0 25.2 938.5 333.5 945.8 334.0 939.7 337.7 938.4 342.4 944.6 342.7 0.9997
288.0 167.9 106.4 134.7 326.4 215.6 368.9 230.4 340.3 248.3 313.0 262.0 348.4 274.1 0.9996
435.1 300.8 97.4 134.8 463.5 357.4 509.8 357.1 488.2 383.5 464.5 400.1 505.8 400.0 0.9995
919.6 629.0 8.5 11.1 921.8 633.2 925.7 633.5 923.4 635.3 921.8 637.3 925.1 637.4 0.9957
893.5 612.5 8.3 11.2 895.4 616.9 899.1 616.8 897.1 618.9 895.8 620.9 898.9 620.8 0.9951
869.2 620.6 8.3 10.5 873.3 624.7 876.3 624.9 875.4 626.9 873.2 628.6 875.4 628.8 0.9914
869.8 653.5 9.5 12.6 872.5 658.0 876.9 658.3 874.7 660.6 872.7 662.8 876.2 663.1 0.9860
899.5 660.6 9.5 11.1 902.0 664.5 906.5 664.5 904.3 666.8 902.4 669.1 906.1 669.1 0.9788
