16--Award_Ceremony/16_Award_Ceremony_Awards_Ceremony_16_93.jpg
13
185.4 205.3 62.1 93.4 224.5 243.0 239.7 241.2 246.8 257.9 225.3 275.3 238.3 274.5 0.9997
426.0 124.7 67.1 90.0 443.7 165.0 473.6 159.4 462.0 181.7 448.4 190.7 478.6 186.2 0.9997
554.6 204.9 73.4 100.5 567.4 249.2 601.1 246.7 580.5 266.7 573.4 284.2 600.1 282.4 0.9996
432.4 35.1 38.3 49.3 441.6 51.3 458.4 51.6 449.2 61.3 443.8 71.3 456.2 71.6 0.9992
195.6 84.5 40.1 49.9 203.5 104.2 221.4 102.7 212.0 115.3 208.0 124.2 220.7 123.0 0.9991
961.3 44.0 36.5 45.4 966.2 60.1 980.9 59.8 970.8 70.6 970.0 78.8 980.9 78.4 0.9990
288.7 64.4 33.7 41.8 300.2 80.9 315.1 78.5 310.5 87.7 305.1 97.1 315.9 95.3 0.9982
726.3 96.8 36.6 44.2 733.9 112.4 751.0 110.0 742.7 121.4 738.6 131.3 751.0 129.4 0.9981
305.5 16.2 30.8 42.8 314.7 35.5 328.9 35.5 322.2 44.1 316.9 50.7 326.9 50.8 0.9979
507.9 59.3 34.8 41.9 518.7 76.4 534.6 75.7 528.1 84.9 521.9 92.6 533.3 92.1 0.9968
749.3 44.8 33.2 41.2 755.5 59.8 769.6 58.5 761.4 66.8 758.1 76.2 769.0 75.0 0.9967
823.0 11.3 28.9 31.4 829.0 23.1 843.3 21.4 836.6 29.0 832.7 36.7 842.7 35.4 0.9623
327.0 1.2 26.5 32.3 335.8 15.2 346.7 15.0 342.4 22.3 337.9 28.2 345.6 28.1 0.9039
