16--Award_Ceremony/16_Award_Ceremony_Awards_Ceremony_16_364.jpg
12
861.8 35.8 86.0 112.6 880.3 83.4 920.1 80.7 900.1 108.8 888.9 122.0 922.1 119.6 0.9998
406.3 337.1 100.5 135.2 447.9 388.0 490.8 382.6 482.8 411.1 455.1 436.4 492.8 432.2 0.9998
743.6 114.9 95.5 109.4 763.1 160.9 804.4 155.2 783.6 183.3 774.0 200.6 806.1 195.8 0.9997
339.5 958.9 83.6 110.9 396.2 1004.4 413.1 997.9 423.0 1023.8 393.0 1043.2 405.7 1039.5 0.9997
497.7 118.4 87.3 117.3 524.5 163.1 565.1 167.7 543.9 190.1 521.0 203.7 556.3 207.9 0.9996
69.3 97.4 85.5 136.1 133.5 155.8 140.2 154.5 148.0 185.0 122.9 205.3 126.6 205.1 0.9996
764.6 885.9 87.2 117.8 795.5 933.5 833.8 927.0 823.5 955.8 801.0 972.1 837.0 966.6 0.9996
430.6 923.7 83.5 114.6 466.0 975.7 503.3 974.6 492.0 999.8 467.0 1014.1 496.0 1013.7 0.9995
946.8 973.0 76.6 104.2 977.6 1015.3 1012.7 1016.0 1002.2 1033.9 981.8 1052.5 1010.0 1052.8 0.9994
233.6 844.6 108.1 162.2 297.2 912.4 331.6 916.2 330.0 945.5 289.8 966.8 318.6 970.3 0.9993
217.7 84.1 94.7 142.8 282.2 143.5 300.2 143.0 309.3 172.1 273.9 194.3 286.0 195.6 0.9993
79.5 1.4 85.5 123.7 119.0 57.2 154.8 58.4 141.0 80.8 119.2 98.7 145.6 99.7 0.9923
