16--Award_Ceremony/16_Award_Ceremony_Awards_Ceremony_16_115.jpg
34
432.8 162.7 89.0 137.2 441.0 220.0 461.0 213.4 438.9 244.1 457.3 264.8 477.3 258.2 0.9998
363.7 102.0 106.4 123.1 417.1 150.9 452.8 157.0 439.3 185.0 395.5 186.5 428.9 194.0 0.9998
237.9 162.9 103.8 124.5 291.6 206.4 321.3 222.6 305.1 242.6 268.7 248.1 293.1 262.2 0.9997
908.5 406.2 91.1 130.1 921.8 456.6 961.5 454.2 933.8 478.9 926.1 498.0 965.6 495.4 0.9997
733.9 310.5 37.2 50.1 744.5 328.9 760.6 327.5 753.9 337.1 748.2 347.7 760.6 346.6 0.9987
676.6 284.3 32.1 42.2 685.1 300.1 700.3 300.3 692.8 308.4 686.8 316.6 698.9 316.7 0.9978
964.2 299.9 36.4 45.6 974.3 318.1 989.6 318.0 981.6 326.0 976.5 333.9 988.3 333.7 0.9970
46.0 245.1 37.7 43.2 53.3 263.3 68.7 258.4 62.2 269.6 60.3 279.5 71.8 275.6 0.9967
873.7 362.9 41.0 50.8 881.4 382.7 899.6 381.4 889.3 392.1 885.2 401.7 899.1 400.6 0.9967
0.0 332.9 38.0 50.7 5.5 351.0 23.9 347.7 14.8 356.1 9.4 369.7 24.7 367.1 0.9958
826.3 275.3 38.6 46.9 835.8 295.1 852.5 294.5 843.6 302.9 837.7 310.6 851.1 310.2 0.9920
779.7 269.1 30.6 33.8 787.1 280.1 800.5 282.2 791.5 286.5 786.1 293.4 796.1 295.0 0.9918
873.3 316.1 37.0 44.9 882.4 332.6 899.9 330.9 891.8 339.5 886.1 350.3 899.6 348.9 0.9899
619.6 273.5 31.5 39.0 629.4 287.6 642.5 288.3 635.5 293.7 630.1 301.8 640.0 302.4 0.9891
279.6 59.8 30.6 35.5 288.5 74.6 302.5 74.7 295.7 82.5 290.3 88.3 300.2 88.4 0.9883
946.5 262.2 24.1 31.0 954.0 273.1 965.2 273.6 959.6 279.5 954.3 285.3 963.5 285.7 0.9852
918.9 286.5 27.7 36.1 936.2 299.9 942.8 298.5 945.0 306.3 937.9 314.1 942.5 313.6 0.9816
13.9 298.6 38.5 51.4 25.4 317.7 42.2 318.5 33.6 326.6 26.8 336.3 39.6 336.7 0.9784
829.7 192.8 21.8 27.1 834.4 203.4 844.4 202.9 839.2 208.9 836.3 214.5 844.1 214.0 0.9608
757.1 246.4 27.5 36.7 764.6 262.3 776.1 263.1 768.8 269.4 765.1 275.6 773.7 276.1 0.9457
720.6 195.2 22.7 30.0 727.2 207.3 737.1 206.6 732.8 212.4 729.0 218.1 737.0 217.7 0.9405
931.7 205.9 19.5 23.7 938.1 214.9 946.7 215.0 942.6 220.0 938.9 224.6 945.6 224.7 0.9335
867.3 212.4 23.0 29.3 873.2 224.0 883.7 224.2 878.3 230.1 874.1 235.5 882.4 235.6 0.9260
857.6 257.5 28.6 39.9 865.9 273.5 876.9 272.5 872.4 280.8 869.1 288.9 877.9 288.1 0.9200
907.5 238.9 28.8 35.8 915.1 251.7 928.4 251.3 921.8 258.7 916.7 265.9 927.2 265.6 0.9042
969.5 233.0 20.9 29.1 977.0 244.5 986.1 244.5 982.4 250.7 977.9 256.3 984.8 256.4 0.9007
196.3 51.1 25.0 31.7 202.1 62.3 214.3 62.1 208.1 68.4 204.2 75.7 213.1 75.5 0.8649
614.4 211.2 29.1 36.9 623.8 222.1 635.8 223.5 629.6 230.8 623.8 238.3 632.6 239.4 0.8590
664.3 212.9 23.5 29.0 672.3 224.5 682.4 224.6 677.8 230.7 673.2 236.0 681.0 236.1 0.8449
688.2 236.7 22.2 28.4 692.5 247.4 701.7 246.6 695.9 252.8 694.0 258.7 701.0 258.0 0.8257
794.2 215.0 22.2 26.5 799.7 228.1 809.9 225.8 805.9 233.1 803.7 238.2 810.8 236.4 0.8062
810.7 351.2 32.4 44.0 819.1 365.5 833.8 368.9 824.5 375.9 817.0 383.4 828.6 386.1 0.7890
793.1 231.9 27.0 32.4 798.1 241.8 809.9 242.1 801.8 248.0 798.6 255.7 807.5 255.9 0.7656
993.6 196.9 18.8 25.6 998.4 207.9 1006.9 207.6 1002.8 213.2 999.9 218.3 1006.5 218.0 0.7352
