16--Award_Ceremony/16_Award_Ceremony_Awards_Ceremony_16_180.jpg
8
375.0 184.2 31.6 42.2 386.5 203.0 400.4 201.1 396.3 209.2 390.3 217.7 400.8 216.3 0.9995
920.3 406.4 27.9 35.4 925.0 422.3 937.3 420.9 930.5 428.2 927.7 434.3 937.7 433.1 0.9994
342.6 604.4 49.0 78.1 352.4 631.1 352.9 633.0 343.4 647.2 353.9 665.2 354.8 666.6 0.9993
999.1 413.6 23.3 35.2 1003.1 426.6 1006.5 427.7 999.3 432.9 1002.2 440.1 1004.2 440.6 0.9983
848.0 508.5 35.5 59.8 853.6 527.3 856.8 528.1 848.6 539.5 855.2 552.1 857.3 552.4 0.9965
793.8 633.5 68.7 48.1 805.6 665.2 835.8 670.7 812.6 681.8 803.3 695.9 825.1 699.9 0.9950
910.9 411.7 22.8 29.1 919.1 421.8 930.4 421.1 926.0 427.4 920.7 433.1 930.1 432.6 0.9902
944.5 398.5 18.8 28.7 955.8 408.1 958.6 407.1 961.6 412.2 957.4 419.0 960.2 418.5 0.9472
