16--Award_Ceremony/16_Award_Ceremony_Awards_Ceremony_16_456.jpg
10
513.8 320.6 50.6 70.5 527.0 343.1 534.2 349.4 515.0 354.3 521.4 368.2 528.0 371.9 0.9998
37.2 326.2 48.7 69.2 42.1 350.5 56.5 352.6 40.3 365.6 48.3 375.2 62.1 375.7 0.9997
663.4 207.9 49.6 61.8 670.0 233.5 686.0 229.2 675.3 246.7 681.9 256.9 694.0 252.6 0.9997
130.8 197.6 46.9 69.3 135.9 223.6 151.5 224.1 136.3 235.9 138.7 246.7 153.2 246.6 0.9996
925.5 147.5 50.5 67.3 931.8 174.8 950.0 172.9 936.1 187.7 937.7 199.0 952.4 197.0 0.9995
196.5 230.6 44.0 58.6 202.5 252.9 217.6 255.9 204.3 267.1 205.0 274.3 216.7 276.3 0.9994
962.4 198.1 48.2 73.8 968.1 226.8 979.2 228.4 964.2 241.7 972.7 254.2 981.2 254.8 0.9992
588.0 168.6 39.8 60.3 592.9 189.9 606.2 188.8 591.7 198.3 593.0 212.0 604.8 210.8 0.9989
436.9 194.4 44.2 63.6 444.4 220.0 465.2 221.3 452.1 233.9 446.7 243.8 462.6 244.4 0.9989
543.1 265.1 34.6 45.9 547.8 285.7 559.4 285.3 551.0 296.3 552.8 303.4 560.3 302.7 0.9899
