48--Parachutist_Paratrooper/48_Parachutist_Paratrooper_Parachutist_Paratrooper_48_111.jpg
21
761.8 319.8 16.5 19.6 764.3 329.5 770.7 330.4 765.9 334.1 765.5 336.3 769.6 336.8 0.9989
96.4 424.9 22.6 22.9 102.2 436.3 110.6 431.2 109.4 438.0 108.8 443.8 115.0 439.8 0.9986
66.8 482.5 24.3 28.2 75.1 495.5 85.2 491.1 83.6 499.0 80.2 505.1 88.1 501.6 0.9982
723.2 245.7 14.3 18.0 725.0 252.7 730.8 253.5 726.3 257.1 725.4 259.9 729.4 260.4 0.9979
861.2 464.7 20.3 22.2 865.0 472.7 869.8 475.9 863.3 478.4 863.2 480.9 866.3 483.2 0.9975
818.5 407.3 15.8 19.5 823.4 412.3 825.7 413.7 820.6 416.3 821.2 420.7 822.7 421.4 0.9868
154.0 377.6 15.4 17.8 162.0 384.1 165.9 382.5 166.8 386.9 163.9 391.3 166.6 390.2 0.9860
537.9 339.2 13.3 21.2 547.6 347.1 548.5 346.6 551.0 350.9 547.9 355.4 548.6 355.3 0.9839
434.2 118.7 9.1 11.7 435.6 122.9 439.3 123.1 436.7 125.7 436.3 128.0 438.8 128.1 0.9757
414.9 306.9 11.4 16.5 417.1 311.7 418.4 312.3 415.2 315.3 417.1 318.9 417.9 319.2 0.9663
517.3 147.6 9.5 13.3 523.1 152.2 524.2 151.7 526.0 154.1 524.7 157.3 525.4 157.1 0.9463
701.4 211.1 9.6 14.7 704.0 215.5 704.6 216.0 701.9 218.1 702.9 221.4 703.5 221.6 0.9261
418.9 276.1 10.9 15.8 421.5 281.0 422.9 281.8 419.6 284.5 420.7 287.8 421.6 288.2 0.8727
34.4 571.6 22.8 28.9 48.6 581.9 51.2 578.8 55.3 585.2 53.7 592.8 55.1 590.7 0.8486
415.9 30.3 9.0 11.0 417.9 34.7 422.3 34.5 420.1 37.2 418.8 39.2 422.2 39.0 0.8126
746.8 279.8 10.9 14.6 748.8 284.9 750.9 285.7 748.2 288.6 749.3 291.2 750.6 291.6 0.7486
950.8 649.7 26.7 23.7 961.1 658.0 965.3 661.7 959.8 664.4 956.5 665.4 958.7 668.2 0.7414
524.0 237.8 11.8 16.8 532.0 243.9 533.2 243.4 534.6 246.7 532.7 250.4 533.5 250.2 0.6748
779.9 361.6 17.7 15.5 787.4 369.1 790.0 370.2 788.2 373.7 787.1 374.7 788.2 375.4 0.6665
519.1 217.4 12.9 16.9 525.7 224.0 529.5 223.5 529.3 227.2 526.7 230.8 529.4 230.5 0.6473
515.4 189.1 9.8 15.2 522.4 195.0 523.9 194.4 525.1 197.8 522.5 200.9 523.5 200.6 0.5315
