45--Balloonist/45_Balloonist_Balloonist_45_311.jpg
11
521.0 1203.8 21.8 25.6 526.4 1212.7 536.5 1211.2 532.2 1216.0 528.9 1222.9 536.6 1221.8 0.9951
724.1 1139.6 17.4 20.6 726.4 1145.6 733.5 1145.4 728.6 1149.9 727.5 1154.7 733.0 1154.4 0.9948
975.3 1176.5 12.9 16.6 977.2 1182.7 982.8 1182.3 979.4 1185.6 978.1 1189.2 982.6 1188.8 0.9924
879.4 1188.3 12.2 16.0 881.5 1194.1 887.5 1193.7 884.4 1197.2 882.8 1200.6 887.6 1200.2 0.9834
624.4 1133.6 16.2 22.8 627.1 1142.4 629.2 1142.6 626.8 1148.0 630.8 1151.7 632.0 1151.6 0.9804
820.8 1207.7 15.2 18.0 824.0 1214.7 830.5 1214.1 827.1 1217.7 825.4 1221.3 830.6 1220.9 0.9587
393.6 1251.7 10.2 11.9 396.8 1256.4 401.4 1256.7 399.0 1258.9 396.9 1261.0 400.6 1261.2 0.9249
796.4 1214.6 10.6 12.5 799.3 1219.3 804.1 1219.3 801.6 1221.8 799.8 1224.4 803.6 1224.3 0.8879
906.1 1202.2 9.6 12.3 428.0 1251.0 432.0 1250.7 430.4 1253.2 428.8 1255.4 431.8 1255.2 0.7001
1015.5 1181.4 7.9 16.8 353.4 1253.2 359.3 1253.4 356.1 1256.4 353.9 1259.1 358.5 1259.2 0.5651
966.7 1186.5 10.3 13.4 908.0 1207.2 911.4 1207.2 909.0 1209.8 908.7 1212.2 911.1 1212.0 0.5499
