45--Balloonist/45_Balloonist_Balloonist_45_318.jpg
9
525.5 35.1 112.5 151.1 550.8 90.8 602.7 96.7 568.6 120.1 546.2 140.2 595.2 145.4 0.9997
284.0 63.3 23.4 20.4 299.8 73.5 301.8 75.4 299.8 80.4 292.0 80.1 292.2 81.7 0.9995
331.6 90.3 39.7 51.1 342.3 109.5 361.1 112.1 349.9 120.8 341.9 129.4 355.3 131.4 0.9989
940.1 119.0 14.5 19.9 943.4 124.7 945.2 125.0 940.7 128.6 941.9 133.2 943.0 133.2 0.9989
42.1 83.4 10.3 12.9 48.8 89.0 50.5 89.1 50.4 92.1 47.4 93.8 48.2 94.0 0.9981
696.8 95.3 26.1 47.5 702.2 111.8 702.3 112.4 697.2 122.2 704.6 130.9 705.1 131.0 0.9977
210.6 66.3 35.3 54.8 237.7 86.8 240.8 85.4 243.3 97.0 236.1 108.4 238.0 107.2 0.9974
483.7 100.5 20.7 26.4 496.5 109.8 500.8 108.5 502.9 113.8 498.8 120.3 501.6 119.5 0.9972
974.1 113.4 20.8 29.4 977.4 127.6 984.5 127.8 979.0 133.3 978.7 137.6 983.8 137.5 0.8184
