45--Balloonist/45_Balloonist_Balloonist_45_121.jpg
9
645.1 151.1 49.0 50.2 654.2 176.5 667.0 172.5 660.3 188.1 668.0 194.1 676.0 190.5 0.9997
466.4 278.9 30.5 38.9 481.8 298.2 491.8 293.5 493.2 303.3 487.0 311.2 493.9 307.8 0.9994
354.2 193.0 28.2 36.8 368.1 208.0 378.6 208.4 376.7 214.9 369.3 221.2 376.8 221.7 0.9979
857.5 188.3 40.4 66.6 863.1 214.7 864.4 215.7 863.3 230.9 871.0 241.8 871.0 243.0 0.9967
248.4 148.9 12.6 17.1 250.2 156.0 254.4 157.1 250.4 159.8 250.1 162.4 252.9 163.2 0.9884
336.0 206.4 31.5 39.0 355.9 221.4 363.6 220.9 364.8 226.9 358.3 233.9 364.5 233.8 0.9303
388.3 252.5 30.7 55.8 410.7 267.7 412.7 267.5 416.7 276.8 412.5 291.5 414.4 291.3 0.9013
511.8 156.3 13.6 17.7 515.8 163.6 521.9 163.5 518.9 167.0 516.5 170.4 521.3 170.4 0.8058
417.6 273.1 24.4 43.9 437.6 287.8 438.4 287.4 442.0 296.5 435.6 305.2 436.2 305.3 0.6180
