45--Balloonist/45_Balloonist_Balloonist_45_270.jpg
10
578.8 80.0 121.7 161.6 599.9 146.2 653.6 151.8 615.5 181.7 600.8 199.2 648.9 203.7 0.9996
343.6 130.5 99.9 165.4 419.4 193.7 423.8 191.4 447.4 222.2 421.3 254.1 423.0 254.4 0.9996
63.8 271.1 29.2 33.9 78.3 284.2 89.5 284.2 87.2 290.7 80.3 297.4 88.3 297.5 0.9995
73.9 117.1 34.0 40.5 87.5 131.9 102.5 130.9 97.9 140.0 89.3 147.1 101.5 146.4 0.9994
516.0 144.2 22.5 31.9 530.2 156.3 533.5 154.3 538.0 160.6 533.4 168.5 535.6 167.3 0.9994
209.7 129.3 23.4 34.5 227.1 143.6 228.4 143.7 229.1 151.6 222.2 156.6 222.4 157.0 0.9992
854.8 236.9 27.9 37.0 864.7 250.5 877.6 249.8 873.4 256.2 867.0 264.1 877.5 263.6 0.9992
0.0 137.8 31.6 44.5 12.3 155.9 26.8 154.4 24.2 162.7 16.1 171.9 27.2 170.9 0.9991
958.4 143.3 10.2 12.5 961.4 148.2 965.9 148.2 963.7 150.6 961.9 153.0 965.4 153.0 0.9780
760.2 140.8 17.5 22.2 762.8 149.2 767.7 150.2 762.4 154.0 762.9 158.0 766.3 158.6 0.9698
