45--Balloonist/45_Balloonist_Balloonist_45_619.jpg
9
83.6 498.3 88.9 124.8 103.9 539.6 113.4 547.7 80.5 560.8 88.8 588.2 95.4 594.3 1.0000
911.5 474.6 90.0 138.2 926.8 525.8 945.6 529.1 911.6 549.3 919.7 578.8 932.3 581.2 0.9999
135.6 356.4 85.8 115.5 148.5 393.9 156.7 396.9 128.7 415.6 148.8 441.6 152.4 443.1 0.9999
494.4 309.5 97.5 124.8 510.1 358.5 553.0 357.0 523.7 382.3 514.7 402.8 551.6 401.9 0.9998
369.7 269.7 113.1 147.3 398.6 330.5 452.2 328.5 426.1 361.4 403.4 378.5 453.2 376.6 0.9997
888.4 414.6 81.3 116.1 902.4 448.5 918.6 454.3 888.8 474.0 899.2 498.5 909.9 502.3 0.9995
884.8 329.2 78.9 89.9 896.1 362.8 926.3 362.9 905.0 381.4 900.7 397.6 922.3 397.5 0.9905
659.8 683.6 177.1 83.5 741.3 736.8 739.2 710.5 781.7 713.0 805.4 751.9 803.5 734.4 0.9891
202.1 602.5 95.5 155.4 222.9 650.0 230.1 653.7 205.5 677.5 216.4 713.2 222.7 714.7 0.9285
