45--Balloonist/45_Balloonist_Balloonist_45_176.jpg
12
419.8 196.9 8.9 11.8 424.3 201.8 427.3 201.7 426.7 204.0 424.5 206.1 426.9 206.1 0.9981
379.9 204.1 9.4 12.7 385.2 209.2 388.1 208.8 388.2 211.6 385.9 214.1 388.0 214.0 0.9981
574.5 222.8 10.9 15.4 576.0 228.5 580.6 228.4 577.4 231.7 576.9 234.8 580.3 234.6 0.9979
481.3 255.2 12.9 19.2 488.7 264.1 491.6 262.7 493.3 266.7 490.9 270.7 492.4 269.9 0.9974
385.4 224.8 10.9 17.2 391.2 231.5 392.7 230.3 394.7 233.5 393.9 237.7 395.1 236.9 0.9948
478.9 208.1 8.0 9.6 452.1 211.1 457.1 211.3 454.4 213.6 452.3 216.0 456.3 216.2 0.9931
601.9 224.6 8.3 12.1 481.3 211.8 485.1 211.8 483.4 213.9 481.8 215.9 484.8 215.8 0.9859
521.4 197.1 10.5 12.3 603.9 228.8 606.2 229.4 603.8 231.3 603.4 233.6 605.3 234.0 0.9279
452.1 254.9 13.5 19.9 524.2 201.6 528.8 201.2 526.7 204.2 525.2 206.6 528.7 206.3 0.8528
615.7 212.9 11.4 18.2 461.1 261.7 463.3 261.0 464.9 265.6 462.1 270.1 463.6 269.8 0.7004
446.8 224.1 10.6 12.9 617.5 219.9 619.0 220.2 616.7 224.1 618.7 227.5 619.6 227.6 0.5341
578.1 211.7 8.4 9.5 449.9 228.9 454.5 229.0 452.2 231.5 450.3 234.1 454.0 234.2 0.5274
