45--Balloonist/45_Balloonist_Balloonist_45_826.jpg
19
648.0 229.2 52.6 71.7 652.0 258.0 668.5 257.5 651.4 271.8 655.8 284.9 667.9 284.5 0.9997
815.5 268.9 23.4 27.4 820.2 278.9 830.3 278.7 824.1 282.6 821.2 289.1 829.0 288.9 0.9994
465.3 171.5 50.5 70.6 470.1 200.6 484.1 201.7 467.9 213.3 473.7 225.9 483.7 226.5 0.9994
109.7 240.9 18.4 25.4 112.8 251.8 120.8 251.6 115.8 255.9 113.8 260.2 120.3 260.0 0.9993
974.5 265.3 20.6 22.4 978.6 275.6 985.5 276.0 981.2 281.3 981.7 284.1 986.2 284.2 0.9993
272.1 238.3 18.7 25.1 277.6 248.1 285.9 248.1 282.1 252.6 278.4 257.2 285.2 257.2 0.9992
936.7 246.3 25.5 30.3 941.3 257.6 952.4 256.8 945.6 262.6 942.8 269.1 951.6 268.4 0.9992
224.4 250.9 17.1 19.5 229.3 257.3 236.7 257.2 233.0 261.4 230.2 265.5 235.8 265.4 0.9989
872.9 276.3 15.5 19.3 875.4 283.2 881.7 283.7 877.0 286.9 875.6 290.6 880.3 290.9 0.9986
43.7 256.9 17.7 21.7 50.7 265.4 58.4 265.8 55.6 269.2 51.4 273.3 57.5 273.6 0.9986
70.9 259.3 16.3 19.4 73.7 267.1 80.5 267.5 76.0 271.8 74.9 274.9 79.5 275.1 0.9982
148.2 249.5 16.0 23.7 150.3 258.2 153.3 258.4 148.9 263.0 151.1 267.9 153.0 267.8 0.9974
764.7 288.2 18.2 22.4 771.9 298.7 779.4 299.0 776.4 303.4 772.8 306.9 777.7 307.2 0.9966
11.4 265.3 15.9 20.7 21.2 273.4 24.2 272.6 26.0 277.0 22.7 281.6 24.5 281.3 0.9936
219.5 274.2 17.6 19.3 224.2 280.1 231.9 279.6 228.2 284.0 225.4 288.3 231.4 287.9 0.9932
634.5 259.6 15.1 17.5 637.0 265.6 643.1 265.1 639.2 269.2 638.1 272.8 643.0 272.3 0.9925
1008.4 271.5 14.9 23.2 1011.2 282.3 1016.1 282.6 1012.2 288.5 1015.4 291.7 1018.0 291.6 0.9884
342.5 251.7 13.3 15.4 345.9 256.9 351.6 256.8 348.5 260.4 346.7 263.7 351.1 263.6 0.9868
574.7 248.6 17.5 22.4 584.2 257.8 589.3 258.2 588.1 262.9 584.1 266.4 587.8 266.9 0.5471
