45--Balloonist/45_Balloonist_Balloonist_45_70.jpg
8
394.8 129.5 91.3 97.4 433.5 161.9 469.5 172.0 450.7 189.0 425.3 198.5 453.5 206.8 0.9997
537.0 445.4 73.3 88.5 560.7 482.2 594.4 476.9 584.3 497.1 571.1 516.2 596.0 511.5 0.9996
206.6 454.8 92.4 120.7 261.4 506.6 282.3 500.1 295.8 524.1 275.2 555.0 290.3 550.4 0.9994
517.2 183.9 59.8 81.6 533.1 211.2 562.2 208.2 550.1 225.3 536.0 241.2 563.5 238.5 0.9992
621.7 302.5 56.6 85.7 658.4 333.1 666.6 331.0 676.1 345.1 665.0 365.7 671.5 364.5 0.9991
717.6 387.9 52.7 81.5 755.5 417.8 760.9 417.2 767.2 435.2 754.3 451.4 756.6 451.7 0.9971
381.6 525.2 75.4 49.6 410.6 557.2 443.2 557.5 431.3 575.2 415.6 594.1 439.8 594.4 0.9925
923.1 395.5 75.5 95.2 964.7 432.7 991.2 434.1 990.4 447.4 968.6 465.2 990.1 466.4 0.9844
