42--Car_Racing/42_Car_Racing_Nascar_42_778.jpg
17
964.1 560.8 53.1 62.4 973.3 576.9 985.2 579.4 966.9 589.5 970.3 604.3 978.6 605.8 0.9997
763.4 486.9 39.7 49.8 772.3 498.9 779.7 500.4 765.6 507.8 768.4 520.3 773.9 520.9 0.9995
506.1 582.5 40.2 45.8 514.4 595.4 533.5 598.7 519.9 604.2 512.1 613.3 528.7 615.9 0.9995
617.8 372.1 41.1 51.2 638.5 387.9 649.7 384.1 655.3 393.6 645.6 408.7 654.4 406.2 0.9994
338.0 622.0 34.9 41.8 343.5 631.5 351.0 632.6 339.1 640.0 343.0 649.9 349.6 650.3 0.9993
815.8 319.6 35.6 55.9 822.1 339.3 823.2 339.9 819.8 352.9 831.9 361.2 833.7 360.9 0.9988
688.3 605.8 40.1 49.3 694.0 622.1 702.9 624.8 689.7 633.0 694.9 642.0 700.6 643.3 0.9986
417.6 585.4 32.3 45.8 423.7 605.0 438.7 604.1 430.1 612.7 426.3 621.4 437.4 620.7 0.9984
554.5 575.6 28.4 35.1 559.5 585.9 570.6 586.6 562.4 593.8 560.8 601.3 568.6 601.7 0.9937
714.8 634.9 41.6 42.5 718.9 659.8 725.0 661.6 716.6 672.7 724.4 683.4 728.6 684.2 0.9914
260.1 589.0 19.2 28.7 262.6 600.1 266.4 601.1 260.5 606.2 262.7 611.7 265.0 612.0 0.9818
444.8 606.3 40.0 48.7 453.4 623.8 469.3 625.4 457.7 632.2 452.0 640.7 464.7 642.1 0.9780
802.0 406.1 23.8 31.1 804.4 414.9 810.4 415.1 803.5 422.0 806.5 428.9 810.6 428.8 0.9737
183.8 635.4 30.0 41.6 187.6 651.8 195.9 652.4 188.3 659.5 188.7 667.3 194.9 667.4 0.8442
748.8 462.9 29.8 37.8 756.6 476.7 768.9 478.2 761.5 484.1 756.2 490.5 766.0 491.7 0.6860
422.9 499.7 17.9 24.8 425.7 508.3 429.5 509.0 424.9 513.4 425.7 518.3 428.3 518.7 0.6220
1008.3 427.1 15.0 45.9 1016.5 441.2 1029.7 442.6 1022.1 450.6 1016.7 459.8 1027.8 460.9 0.5775
