42--Car_Racing/42_Car_Racing_Car_Racing_42_562.jpg
15
206.2 45.1 11.1 15.3 207.3 51.5 208.9 51.2 206.4 54.5 208.7 57.4 209.5 56.9 0.9994
647.5 43.1 18.5 22.4 651.8 51.8 660.0 52.0 655.3 56.9 652.8 60.6 658.8 60.7 0.9991
84.4 59.5 19.2 23.2 90.3 70.2 98.2 67.8 96.0 73.1 93.8 78.0 99.6 76.2 0.9988
269.8 44.7 13.4 19.9 278.9 53.1 281.9 52.7 282.5 56.6 279.2 60.4 281.2 60.4 0.9988
436.1 40.7 15.8 23.7 438.5 50.2 441.4 51.1 436.7 55.3 439.0 59.4 440.8 59.8 0.9987
972.4 21.2 29.7 41.6 995.8 39.2 997.8 39.9 1000.0 48.5 990.5 53.6 991.7 54.8 0.9985
605.6 44.9 11.8 14.2 610.0 50.3 615.1 51.1 612.5 53.8 609.8 56.0 613.4 56.7 0.9980
151.3 76.9 9.4 13.0 152.9 82.3 154.7 82.6 152.3 85.0 153.6 87.2 154.6 87.3 0.9933
421.4 38.5 15.1 23.4 433.3 48.1 435.2 48.0 436.0 53.3 431.6 57.3 432.9 57.5 0.9818
43.2 51.8 9.5 12.3 44.9 56.7 47.9 56.6 45.8 59.4 46.0 61.8 47.9 61.7 0.9675
176.9 46.4 10.3 12.0 179.1 50.8 183.3 50.7 180.9 53.0 179.8 55.4 183.1 55.3 0.9339
891.9 99.4 10.3 12.0 893.9 103.1 899.0 103.1 896.1 105.8 894.5 108.5 898.3 108.4 0.9289
848.9 49.6 10.5 16.3 851.3 55.2 851.4 55.4 849.1 58.5 851.3 62.1 851.2 62.0 0.9202
533.5 50.2 11.7 17.6 104.4 67.9 108.5 68.0 107.0 71.1 104.3 73.6 107.4 73.6 0.7870
498.1 39.1 10.9 15.5 541.3 57.3 543.6 57.4 544.0 61.2 541.1 64.2 542.4 64.5 0.7525
