55--Sports_Coach_Trainer/55_Sports_Coach_Trainer_sportcoaching_55_476.jpg
8
368.2 285.8 38.3 51.4 386.1 308.4 401.1 305.7 399.9 316.5 389.1 325.1 401.6 323.3 0.9998
397.2 404.4 49.4 60.3 413.9 427.4 434.8 433.2 422.0 443.0 408.8 448.4 425.5 453.5 0.9997
549.2 261.0 38.4 44.1 555.6 277.5 573.2 279.1 561.6 289.5 557.4 294.0 571.8 295.0 0.9997
605.3 404.6 48.8 60.3 618.5 425.4 641.6 425.2 630.2 438.4 619.5 446.7 641.8 446.5 0.9996
469.0 262.0 39.1 51.7 480.2 283.4 497.3 284.8 488.0 294.3 480.0 299.8 495.3 301.0 0.9996
681.8 279.0 36.2 46.5 694.8 296.9 711.5 297.3 704.4 307.6 695.5 314.2 709.0 314.6 0.9996
251.4 313.6 37.8 44.8 262.4 330.5 280.3 330.9 271.8 338.3 263.4 345.9 279.1 346.2 0.9993
344.7 39.5 62.4 94.6 386.8 85.2 398.7 81.1 404.3 101.4 383.1 114.3 392.0 112.0 0.9992
