55--Sports_Coach_Trainer/55_Sports_Coach_Trainer_sportcoaching_55_255.jpg
15
485.2 241.5 75.7 104.9 511.5 279.0 545.1 283.4 529.1 299.2 508.0 314.3 538.4 318.1 0.9997
164.5 318.9 45.6 61.9 190.6 344.0 204.7 340.8 207.1 353.1 194.4 366.2 205.6 364.0 0.9997
890.7 290.6 54.4 68.8 921.9 317.0 934.9 313.0 942.8 324.9 930.2 341.9 940.3 339.3 0.9997
666.4 262.6 73.1 104.3 685.1 298.4 719.1 295.7 703.4 319.5 688.8 335.6 720.7 333.2 0.9996
299.7 229.7 83.3 121.1 331.8 276.6 369.5 279.7 354.9 302.5 329.6 318.2 362.7 320.8 0.9995
786.1 348.5 36.3 54.7 812.9 367.2 815.7 365.9 823.1 377.4 812.4 388.8 814.4 388.8 0.9993
822.5 299.5 26.6 34.0 838.4 312.8 846.8 312.8 846.7 318.7 839.5 325.6 845.4 325.9 0.9992
419.5 313.9 28.8 34.1 437.4 324.9 444.8 324.9 446.2 332.5 437.3 339.1 442.3 339.5 0.9992
176.6 284.1 26.2 33.1 191.0 299.7 198.7 297.0 200.3 303.6 194.7 310.2 200.4 308.3 0.9990
350.3 303.3 44.7 59.6 360.6 322.8 380.2 324.7 367.7 335.6 360.1 345.0 377.6 346.5 0.9988
619.0 346.6 31.6 37.3 628.2 362.2 642.8 362.9 635.3 370.6 629.6 376.3 639.8 377.0 0.9986
763.5 306.8 25.4 36.6 781.7 322.7 785.5 322.1 787.7 330.0 780.3 336.1 782.5 336.0 0.9981
599.5 311.6 25.0 36.5 613.2 325.7 621.8 326.5 619.7 334.2 612.4 340.4 618.2 341.2 0.9979
564.3 302.6 33.5 45.3 585.2 321.5 594.3 320.8 595.6 330.2 585.0 337.8 591.3 337.7 0.9968
841.7 320.5 16.5 23.3 963.0 339.6 971.2 340.0 967.3 344.8 963.4 349.2 969.4 349.6 0.8567
