55--Sports_Coach_Trainer/55_Sports_Coach_Trainer_sportcoaching_55_813.jpg
27
806.0 38.4 11.0 12.7 809.4 42.2 814.4 42.5 811.9 44.8 809.5 47.5 813.6 47.7 0.9998
619.2 119.0 53.6 64.0 625.4 141.8 637.8 143.4 623.7 157.9 635.3 168.1 643.0 168.2 0.9998
713.7 19.2 11.7 13.6 716.7 23.6 722.0 23.9 719.1 26.6 717.0 29.3 721.1 29.5 0.9994
251.9 29.5 13.3 16.6 257.1 35.9 262.9 35.9 260.7 39.3 257.7 42.3 262.2 42.4 0.9994
348.5 21.7 13.2 15.0 352.9 26.7 358.5 27.2 355.7 29.9 352.9 32.6 357.4 33.0 0.9991
904.0 37.1 12.4 14.1 907.8 41.1 913.1 41.5 910.4 44.5 908.0 47.2 912.3 47.5 0.9989
999.3 29.4 13.2 15.2 1002.3 34.5 1007.7 35.0 1004.3 38.0 1002.4 40.5 1006.6 40.9 0.9988
766.0 33.1 12.2 15.7 770.6 39.7 776.0 40.0 773.7 43.1 770.8 45.6 774.8 45.8 0.9988
109.8 25.5 13.7 15.8 112.2 30.3 117.9 30.5 114.0 33.8 112.7 37.2 117.2 37.2 0.9988
302.2 21.1 13.9 17.0 306.3 27.7 312.5 27.5 309.6 30.8 307.3 34.2 312.1 34.0 0.9987
668.8 32.0 11.4 15.2 672.4 38.9 677.3 38.8 675.1 41.9 673.1 44.2 676.8 44.2 0.9983
548.4 20.9 11.4 12.8 550.2 24.9 554.8 24.9 551.6 27.7 550.8 30.4 554.3 30.4 0.9983
186.0 26.9 13.1 15.4 187.5 31.6 191.3 31.8 187.7 35.2 188.3 38.4 191.0 38.4 0.9982
128.9 36.8 15.1 16.2 133.3 42.1 139.9 42.0 136.7 45.9 134.1 48.9 139.2 48.9 0.9980
72.0 14.8 13.9 16.3 76.9 19.9 83.2 19.9 80.6 23.0 77.6 26.7 82.5 26.8 0.9980
940.0 12.1 11.1 13.4 943.3 16.8 948.2 16.9 945.8 19.5 943.7 22.2 947.6 22.3 0.9979
851.7 19.1 12.9 17.0 856.0 26.0 861.8 26.6 859.0 29.3 856.3 32.3 860.5 32.7 0.9971
858.2 10.5 11.7 14.0 862.7 14.9 867.6 15.0 865.7 17.9 863.4 20.9 867.1 21.0 0.9964
51.1 31.6 13.5 15.8 53.2 36.0 58.4 36.3 54.7 40.0 54.0 43.2 57.9 43.3 0.9964
170.3 23.0 12.1 15.6 171.9 27.6 174.9 28.0 171.7 31.5 172.8 34.7 174.9 34.8 0.9960
968.9 40.6 10.6 11.5 971.5 44.3 976.2 45.0 973.3 47.2 971.5 49.2 974.9 49.7 0.9946
464.7 0.1 12.7 15.4 469.1 6.9 474.7 7.0 472.1 10.4 469.6 12.8 473.4 12.9 0.9945
145.0 18.9 11.5 15.4 151.4 24.8 155.2 24.9 154.5 28.1 151.5 31.1 154.2 31.4 0.9939
432.3 20.4 8.8 11.2 436.8 25.0 439.4 24.6 439.3 27.1 437.6 29.5 439.4 29.3 0.9768
520.6 12.8 11.9 13.1 523.7 17.4 528.6 17.2 526.1 20.3 524.7 22.9 528.1 22.7 0.9740
479.8 10.1 10.7 12.3 484.4 14.0 488.5 14.0 486.9 17.1 484.6 19.6 487.5 19.7 0.9323
392.2 40.0 7.7 10.8 396.4 44.2 398.6 44.3 398.3 46.6 396.4 48.7 397.9 48.8 0.8495
