55--Sports_Coach_Trainer/55_Sports_Coach_Trainer_sportcoaching_55_224.jpg
8
830.4 223.6 62.5 79.2 843.2 258.9 872.6 257.1 856.7 273.2 846.9 283.6 874.4 281.9 0.9998
485.4 250.8 49.6 57.3 498.4 271.8 522.8 269.4 512.2 282.6 501.9 292.2 523.8 290.2 0.9998
386.1 185.4 56.3 65.5 400.5 207.2 427.5 207.2 413.9 222.6 401.7 231.8 426.3 231.8 0.9998
110.6 172.8 57.7 64.0 126.3 194.1 152.7 191.4 141.6 206.4 131.2 218.9 153.7 216.4 0.9997
231.7 246.1 50.7 56.8 243.3 267.6 266.8 266.1 254.8 277.7 247.3 288.9 266.6 287.4 0.9997
583.6 182.5 51.5 64.7 594.9 206.2 617.9 202.8 607.1 219.7 598.6 227.7 621.5 225.0 0.9996
707.6 187.6 58.1 69.8 723.7 210.5 750.8 209.1 738.8 224.8 726.7 237.3 751.0 236.2 0.9996
701.7 145.1 10.3 13.9 703.6 151.6 708.1 151.6 705.3 154.5 704.5 156.6 707.4 156.6 0.9901
