55--Sports_Coach_Trainer/55_Sports_Coach_Trainer_sportcoaching_55_757.jpg
9
798.2 192.3 27.4 36.4 800.7 207.2 807.2 206.8 800.2 214.2 803.5 221.1 808.0 220.3 0.9996
706.3 205.6 26.0 34.8 708.4 219.2 716.2 218.7 708.8 226.4 711.0 233.7 716.5 232.9 0.9995
482.4 21.5 49.8 55.0 495.3 42.2 518.2 40.5 507.7 55.6 500.3 64.7 517.7 63.3 0.9994
565.7 51.6 46.3 57.1 574.1 76.1 594.4 74.5 583.0 87.7 578.5 96.2 594.8 94.8 0.9994
414.5 35.1 50.4 55.4 432.7 55.5 456.7 54.4 447.4 67.5 436.7 78.6 453.8 77.9 0.9994
929.5 170.7 40.6 51.9 932.5 192.5 945.6 191.4 934.7 202.7 938.6 211.7 947.8 210.2 0.9994
344.8 11.9 58.2 67.7 372.6 36.5 395.2 40.2 386.3 53.7 368.9 62.3 385.9 65.5 0.9991
761.5 784.4 85.2 120.1 778.3 837.5 800.4 840.9 783.6 866.4 791.3 880.6 804.6 883.0 0.9979
632.1 25.8 54.5 80.7 644.0 60.7 665.5 57.5 654.2 76.1 652.0 89.9 667.5 87.2 0.9905
