55--Sports_Coach_Trainer/55_Sports_Coach_Trainer_sportcoaching_55_573.jpg
17
879.8 193.4 48.3 55.7 886.9 217.6 895.8 217.4 887.8 231.1 898.5 237.4 905.2 236.4 0.9998
409.6 156.5 47.1 62.8 444.3 180.2 451.7 179.5 455.2 193.9 437.2 203.5 442.7 203.9 0.9997
545.5 190.9 45.9 67.9 577.3 217.5 584.3 216.9 589.4 231.3 570.7 240.2 576.7 241.0 0.9996
939.4 101.4 44.5 65.6 957.9 125.5 976.7 124.7 972.8 135.7 960.7 149.0 977.1 148.3 0.9996
15.2 109.2 49.3 68.1 52.5 134.9 55.3 137.5 58.5 152.4 35.5 156.6 39.2 160.2 0.9996
855.3 81.6 46.7 62.2 883.5 104.9 895.5 103.7 899.3 113.6 885.6 126.9 895.5 126.4 0.9996
743.9 82.2 44.7 62.4 765.1 103.3 783.2 103.8 780.8 112.7 767.3 126.3 783.1 126.7 0.9995
57.5 64.2 46.5 68.0 87.5 90.4 98.1 88.9 103.2 102.2 83.4 113.1 93.8 113.0 0.9995
209.9 162.9 49.1 65.0 220.9 189.0 243.1 191.2 228.6 202.3 220.5 211.0 239.4 212.7 0.9994
563.9 68.8 44.5 73.1 593.9 91.5 598.3 91.8 607.6 105.0 594.1 120.2 598.3 121.3 0.9992
141.0 167.5 44.1 49.2 150.3 185.4 168.6 184.2 158.6 193.8 154.0 202.3 167.8 201.2 0.9878
380.3 113.6 35.4 50.5 403.8 132.7 408.5 132.5 411.3 141.5 403.3 150.7 406.9 151.0 0.9760
308.7 112.0 25.4 35.5 318.2 124.9 329.0 125.5 324.5 133.5 318.6 139.8 326.6 140.4 0.7163
279.1 9.3 23.3 29.7 285.6 21.4 296.6 21.8 290.9 27.6 286.3 33.0 294.9 33.2 0.6983
887.5 26.8 24.4 28.9 894.2 39.3 904.4 38.8 899.5 45.5 896.5 50.0 903.8 49.6 0.6902
928.2 19.5 24.2 29.0 884.8 103.7 901.3 102.3 895.9 112.0 888.1 126.3 901.5 125.3 0.6547
377.6 59.4 22.7 29.8 935.0 29.8 944.9 29.4 940.1 35.9 936.8 41.3 944.0 41.0 0.5453
