55--Sports_Coach_Trainer/55_Sports_Coach_Trainer_sportcoaching_55_877.jpg
33
363.6 126.6 108.2 163.0 442.2 205.2 450.1 208.3 453.4 243.9 414.7 255.6 418.9 259.6 0.9999
119.0 153.8 99.0 135.7 188.2 218.2 204.6 220.7 203.9 251.9 167.0 263.4 177.0 266.5 0.9998
862.6 139.9 100.1 129.7 903.7 197.0 946.6 193.2 939.2 214.1 916.9 242.5 948.7 239.3 0.9997
488.4 270.2 99.2 129.4 515.5 337.2 563.0 333.6 540.4 369.5 521.4 377.6 559.6 374.8 0.9997
401.5 321.7 88.7 140.7 471.9 380.3 475.0 382.0 482.9 416.3 451.5 431.5 451.6 434.7 0.9996
635.5 91.9 19.2 24.6 641.6 100.1 651.0 100.8 646.6 104.8 641.8 109.3 649.8 109.9 0.9976
516.2 88.9 19.6 27.6 522.1 98.5 531.3 97.6 527.7 103.2 523.6 109.0 531.8 108.3 0.9973
59.3 77.0 21.8 27.3 67.0 87.4 76.3 86.8 73.4 91.5 69.6 97.7 76.5 97.2 0.9969
546.4 162.7 20.5 27.6 553.5 173.2 562.9 172.9 559.1 178.2 554.7 183.4 562.5 183.3 0.9967
599.9 294.9 22.2 26.7 606.4 305.7 616.3 303.8 613.4 308.1 610.1 314.8 617.9 313.2 0.9964
594.2 195.2 18.8 26.7 599.1 205.2 608.6 204.1 604.8 209.0 600.8 214.7 609.2 213.9 0.9963
491.0 184.5 24.6 29.3 498.3 196.9 509.3 194.6 505.6 201.0 501.3 206.6 510.9 204.8 0.9962
7.0 59.0 21.3 29.8 18.2 69.5 25.9 69.5 25.1 74.6 19.7 81.0 25.8 81.2 0.9948
580.8 115.5 21.0 26.5 589.6 125.7 598.3 125.7 595.3 131.2 590.3 136.6 597.0 136.8 0.9940
598.9 86.4 18.9 24.7 607.2 94.5 615.0 94.0 613.6 98.6 609.4 104.6 615.4 104.4 0.9929
677.0 312.2 27.5 32.9 686.8 325.4 695.8 322.1 695.7 328.0 693.0 337.1 699.4 334.7 0.9919
604.7 168.6 21.1 23.5 611.2 176.0 621.1 174.8 617.4 180.4 613.3 186.0 621.1 185.1 0.9895
660.9 225.5 79.5 129.9 678.1 279.1 679.4 276.7 679.9 310.2 699.6 329.1 699.8 327.3 0.9850
562.4 198.0 21.3 25.7 572.6 205.3 580.5 206.4 578.2 210.6 572.5 215.8 578.7 216.8 0.9838
625.6 261.0 22.0 29.0 632.5 272.4 641.3 272.9 636.7 277.9 632.5 282.5 639.6 282.9 0.9827
467.3 83.4 18.7 25.1 475.7 91.7 482.5 90.1 482.4 95.6 478.6 101.8 483.9 100.8 0.9811
212.8 173.3 96.2 104.5 261.1 225.2 281.5 227.3 273.3 247.5 254.3 256.1 267.0 257.9 0.9796
523.0 134.0 17.6 26.1 529.7 144.2 537.2 142.8 535.2 148.5 531.7 153.9 537.9 152.9 0.9572
976.8 26.1 18.4 21.6 981.8 33.8 990.5 34.1 986.0 38.6 982.5 42.9 989.3 43.1 0.9378
689.4 100.8 21.5 27.0 697.0 111.8 706.3 111.3 702.6 116.6 698.7 121.8 705.7 121.6 0.9327
628.6 141.0 17.5 20.6 635.9 148.1 642.5 147.2 641.2 151.7 637.9 156.4 642.8 155.8 0.9197
476.1 154.8 19.8 27.7 483.0 164.6 491.3 165.2 487.2 170.1 483.1 175.4 489.8 175.8 0.9131
838.2 110.5 23.9 30.0 849.5 120.1 858.5 122.0 855.1 126.9 849.2 132.2 855.8 133.9 0.9088
847.1 12.5 20.5 25.6 853.7 22.6 862.2 22.3 858.7 27.7 855.0 32.9 861.6 32.7 0.7596
966.8 58.4 19.5 25.9 974.7 68.2 983.2 67.9 980.3 73.2 975.9 78.7 982.3 78.6 0.7287
760.6 93.4 17.6 21.0 765.1 100.7 773.0 100.5 769.0 104.9 766.2 109.3 772.5 109.2 0.7106
921.6 55.1 21.4 28.2 932.4 64.6 940.3 65.6 937.7 71.2 932.2 76.2 938.2 77.1 0.5621
139.3 65.2 20.3 24.5 146.4 74.4 155.9 73.3 153.0 78.4 149.3 84.3 156.5 83.5 0.5137
