55--Sports_Coach_Trainer/55_Sports_Coach_Trainer_sportcoaching_55_903.jpg
60
593.0 215.4 20.2 25.2 596.8 226.0 606.3 225.2 601.3 230.5 598.8 235.3 606.7 234.6 0.9997
404.7 304.6 23.0 26.2 408.4 317.0 416.8 315.2 412.1 322.1 412.6 326.4 418.6 324.7 0.9997
397.7 263.9 16.5 20.1 401.9 272.1 409.3 272.2 405.5 276.7 402.7 279.5 408.6 279.6 0.9996
303.0 293.2 18.5 21.9 307.2 301.8 316.2 302.4 311.1 306.7 307.3 310.5 314.5 310.9 0.9996
753.2 107.7 29.7 39.4 762.1 122.6 775.3 122.9 768.8 130.7 762.2 135.7 774.6 135.9 0.9996
481.3 144.1 15.8 17.0 484.7 149.2 491.5 149.4 487.2 152.9 485.1 156.5 490.2 156.6 0.9996
607.9 131.0 17.5 22.7 611.7 140.7 619.3 140.5 615.2 145.0 612.7 148.5 618.7 148.3 0.9996
241.6 159.4 14.8 19.3 247.7 167.4 254.1 167.2 252.0 171.2 248.6 174.6 253.5 174.5 0.9995
354.2 149.2 14.1 16.5 357.4 153.9 363.9 153.7 360.5 157.2 358.1 160.9 363.5 160.7 0.9995
429.4 261.7 16.9 22.4 433.4 270.6 441.2 270.7 436.8 274.8 434.0 278.9 440.5 278.9 0.9995
909.8 82.4 38.3 47.0 918.9 101.4 936.9 100.4 927.8 110.6 920.2 116.7 936.9 115.9 0.9995
664.6 139.7 26.2 33.7 672.1 154.6 684.4 154.2 678.7 161.1 673.7 166.5 683.4 166.2 0.9995
592.8 131.0 15.7 19.5 596.2 139.1 603.1 138.4 599.6 143.0 597.7 146.3 603.4 145.7 0.9995
482.6 318.5 20.2 23.9 489.2 328.5 498.5 329.0 494.2 334.3 489.7 336.9 496.9 337.4 0.9995
352.6 256.9 16.9 20.0 356.8 265.0 364.5 265.5 360.2 269.4 357.0 272.1 363.4 272.4 0.9994
315.5 253.8 15.7 17.6 319.2 261.0 326.2 260.5 322.7 264.9 320.7 267.9 325.8 267.5 0.9994
494.5 228.5 18.1 21.0 498.5 236.5 506.6 236.1 502.4 240.7 499.9 244.4 506.5 244.0 0.9994
448.4 222.4 16.7 19.6 452.6 229.3 460.0 228.9 456.3 233.2 453.9 237.3 459.6 237.0 0.9994
307.8 142.8 13.2 16.5 311.1 149.4 316.8 149.0 314.0 152.3 312.2 155.5 316.9 155.2 0.9994
818.3 96.8 34.2 40.7 824.3 112.3 839.8 111.1 830.6 118.9 825.8 126.0 839.8 125.0 0.9994
553.4 271.0 20.5 25.1 557.8 281.0 566.9 280.1 562.7 285.3 560.0 290.2 567.4 289.5 0.9993
516.6 266.9 19.2 24.5 521.8 277.3 530.5 277.5 526.0 282.7 522.6 286.3 529.2 286.5 0.9993
548.4 226.8 17.9 23.1 552.1 235.8 559.9 236.1 555.0 240.2 552.7 244.3 558.8 244.5 0.9993
271.4 294.1 17.5 19.6 275.5 302.3 283.5 301.2 279.9 306.5 277.6 309.8 283.8 309.0 0.9993
534.9 318.6 22.4 28.6 538.4 331.5 548.4 331.2 542.3 337.3 540.0 340.8 548.1 340.6 0.9993
396.5 226.2 15.8 17.8 399.9 231.7 407.1 231.5 403.3 235.8 401.1 239.3 406.9 239.1 0.9993
461.8 262.6 16.7 18.5 467.1 268.8 474.8 268.5 471.3 273.2 467.8 276.5 474.1 276.3 0.9993
345.1 299.9 19.0 22.9 350.6 309.0 359.0 309.3 354.7 313.7 351.0 316.9 358.1 317.1 0.9993
166.1 290.4 18.4 20.3 170.3 298.3 178.6 298.2 174.0 303.0 171.1 305.8 178.1 305.8 0.9993
117.1 290.4 14.3 16.0 120.4 296.9 126.6 296.5 123.5 300.1 121.7 303.1 126.6 302.7 0.9992
277.3 268.2 16.3 18.4 282.5 275.3 289.6 275.4 286.4 279.5 283.4 282.6 288.6 282.7 0.9992
574.2 137.2 15.3 19.4 577.6 144.9 584.4 144.3 580.9 148.5 578.7 152.1 584.3 151.7 0.9992
220.8 294.1 16.7 20.3 226.1 302.8 233.4 302.6 230.1 307.2 227.0 310.1 232.8 310.0 0.9991
439.6 144.6 13.1 16.1 443.3 151.0 449.1 151.3 446.1 154.4 443.7 157.1 448.0 157.3 0.9991
246.5 244.6 15.7 20.2 250.2 253.0 257.1 253.1 253.3 257.1 251.0 260.4 256.3 260.5 0.9991
223.6 244.2 15.6 19.2 227.6 252.1 234.4 251.7 231.0 255.7 228.7 259.1 234.0 258.8 0.9990
640.8 125.8 16.0 21.1 644.3 134.0 651.3 134.3 647.2 138.6 645.1 142.3 650.3 142.5 0.9990
163.8 267.2 13.5 16.2 167.8 274.1 173.7 274.2 170.8 277.7 168.4 280.0 172.9 280.1 0.9989
193.2 144.0 14.7 16.7 196.7 149.1 203.2 148.5 200.1 151.6 198.1 155.7 203.3 155.2 0.9988
711.0 143.6 17.7 19.8 714.7 150.1 722.8 149.6 718.5 154.0 715.7 157.9 722.7 157.5 0.9988
360.3 213.2 17.3 20.0 364.3 221.1 371.8 220.9 367.9 225.1 365.4 228.5 371.4 228.3 0.9988
249.0 200.3 15.0 17.2 252.4 206.7 258.8 205.9 255.7 210.0 254.1 213.6 258.9 213.0 0.9988
140.9 282.6 15.9 18.3 145.3 290.6 152.6 289.6 149.8 294.0 147.4 297.5 152.8 296.7 0.9987
28.9 281.0 17.3 19.5 35.5 289.3 43.0 288.3 40.7 292.7 37.4 296.6 43.0 295.9 0.9987
298.1 157.2 13.3 15.9 300.7 162.3 306.9 162.4 303.4 166.1 301.7 169.2 306.4 169.2 0.9986
265.0 152.5 12.2 15.7 268.5 159.3 273.9 159.1 271.4 162.3 269.5 165.0 273.6 164.8 0.9986
72.8 277.3 16.7 20.3 79.3 286.2 86.1 284.1 85.1 288.3 82.5 293.1 87.7 291.6 0.9986
407.9 137.5 15.6 20.2 411.7 145.1 418.5 145.0 414.8 148.7 412.5 152.8 417.8 152.7 0.9986
194.2 256.3 15.3 17.4 198.2 263.9 204.4 262.3 201.9 266.5 200.5 270.2 205.3 269.0 0.9982
323.9 146.2 12.8 14.8 328.3 150.4 333.8 151.1 331.0 153.8 328.2 156.6 332.7 157.2 0.9982
538.3 146.4 15.5 17.6 541.5 152.2 548.1 152.0 544.4 156.2 542.5 159.5 547.7 159.3 0.9980
304.6 215.4 15.8 17.7 308.3 221.0 315.5 221.3 311.3 224.9 308.8 228.5 314.4 228.7 0.9980
120.4 244.5 12.2 15.8 127.0 250.8 130.3 249.7 131.2 252.9 128.7 256.6 131.1 256.0 0.9979
531.2 131.4 14.9 18.8 534.6 138.9 541.3 139.1 537.4 142.9 535.2 146.1 540.2 146.2 0.9979
58.5 250.3 14.2 17.7 62.7 257.8 68.8 256.6 66.5 261.0 64.6 264.4 69.6 263.5 0.9966
391.6 155.2 12.8 14.6 394.0 159.9 399.4 159.6 396.2 162.7 395.0 166.1 399.2 165.7 0.9960
132.5 272.6 13.3 15.7 136.9 279.0 142.7 278.5 140.5 281.8 138.2 284.9 142.5 284.6 0.9916
698.3 142.5 13.9 19.9 701.5 151.2 708.1 151.1 704.7 155.6 702.6 159.0 707.3 158.8 0.9793
4.7 279.1 12.8 14.2 7.4 286.5 10.9 285.6 9.1 289.3 9.8 291.5 12.1 290.7 0.9409
656.8 137.3 17.9 25.3 664.6 150.9 671.6 151.1 668.1 156.1 665.1 159.9 670.0 160.1 0.5985
