55--Sports_Coach_Trainer/55_Sports_Coach_Trainer_sportcoaching_55_3.jpg
12
161.2 243.1 21.5 32.3 174.6 254.1 176.5 252.5 181.4 258.6 178.5 266.8 179.7 265.8 0.9990
958.5 74.7 21.7 28.5 962.7 86.7 971.5 85.6 966.6 91.7 965.2 97.0 971.6 96.0 0.9981
702.4 67.1 20.1 27.1 704.9 77.8 712.0 77.4 706.6 82.9 706.7 88.2 711.5 87.8 0.9976
282.8 209.3 17.2 24.5 293.9 219.3 297.7 218.5 298.8 223.7 294.9 228.6 297.6 228.3 0.9967
106.6 312.1 27.0 47.0 126.5 328.6 125.7 327.9 133.9 336.1 129.3 346.7 129.1 347.0 0.9955
374.7 191.3 15.1 20.6 384.8 199.5 388.2 199.2 388.3 203.4 384.6 207.3 386.9 207.4 0.9916
224.8 271.4 21.0 33.6 239.8 282.9 239.6 281.7 245.6 288.1 243.3 296.1 243.3 295.6 0.9915
124.2 199.5 19.0 27.4 135.9 211.3 140.3 210.0 141.8 215.8 137.8 221.4 140.7 220.8 0.9898
484.5 205.3 15.1 19.4 493.9 213.5 497.1 213.2 497.4 217.7 493.7 221.1 495.6 221.1 0.9802
216.3 229.8 19.1 28.5 229.5 240.1 231.9 239.8 234.9 245.2 231.4 251.3 232.7 251.3 0.9709
973.8 248.5 21.9 32.6 977.0 258.9 981.7 260.5 975.0 266.2 976.3 272.9 979.7 273.8 0.9516
504.6 178.0 16.7 21.4 512.5 187.0 518.6 185.9 517.8 190.5 514.7 195.2 519.0 194.5 0.9460
