55--Sports_Coach_Trainer/55_Sports_Coach_Trainer_sportcoaching_55_393.jpg
9
226.2 153.9 59.1 71.5 247.1 178.7 273.2 182.9 259.8 195.6 244.0 204.6 266.0 208.3 0.9998
665.3 271.3 48.8 56.3 675.9 294.5 697.9 291.5 687.3 305.6 681.8 315.4 699.2 312.8 0.9998
565.2 269.3 47.4 55.7 580.8 291.6 601.8 292.1 592.0 304.2 583.1 313.1 598.1 313.3 0.9997
479.6 332.2 41.5 48.6 489.9 352.3 509.5 351.8 499.6 362.5 492.7 370.6 507.2 370.2 0.9994
508.7 190.7 41.9 52.1 523.4 207.3 542.4 207.8 534.6 218.2 525.1 228.8 539.8 229.2 0.9994
371.1 294.4 40.7 46.5 386.5 310.8 404.0 314.7 395.2 321.0 385.2 328.0 398.6 331.2 0.9994
981.2 290.4 27.8 27.6 989.9 299.7 1002.6 300.8 996.3 303.7 989.7 308.9 1000.8 309.8 0.9968
127.6 309.2 7.6 8.6 128.9 313.1 131.1 312.8 129.5 314.8 129.8 316.3 131.3 316.1 0.8543
105.0 320.4 8.8 8.6 107.4 323.7 111.4 323.5 109.6 325.9 108.3 327.7 111.2 327.6 0.6684
