55--Sports_Coach_Trainer/55_Sports_Coach_Trainer_sportcoaching_55_59.jpg
119
232.3 120.1 15.1 18.9 236.0 127.1 243.3 127.5 239.3 130.9 236.1 134.3 242.2 134.6 0.9999
689.9 13.8 15.9 20.7 693.5 21.8 700.3 22.0 696.2 25.5 693.7 29.1 699.5 29.2 0.9997
849.3 107.9 15.4 20.3 853.1 115.9 859.9 115.7 856.5 119.1 853.7 122.5 859.7 122.4 0.9997
714.6 237.7 17.0 20.2 719.6 243.3 727.5 244.8 723.0 248.1 719.1 251.8 725.3 252.9 0.9997
133.5 211.3 15.8 20.6 137.6 219.7 144.5 219.7 140.9 223.2 138.1 226.7 144.1 226.6 0.9996
705.2 53.6 15.6 20.7 709.0 61.7 716.0 61.4 712.4 64.9 709.7 68.6 715.9 68.4 0.9996
794.8 102.3 18.5 20.5 799.4 110.0 807.8 109.9 803.5 114.5 800.4 117.9 807.0 117.8 0.9996
839.5 157.4 18.8 19.9 842.6 162.9 850.0 162.7 845.1 167.0 843.6 171.6 849.6 171.3 0.9995
922.3 103.2 17.8 23.6 932.2 113.5 938.0 114.0 936.4 118.6 931.0 121.9 935.4 122.5 0.9995
209.7 242.8 16.7 18.9 213.4 249.4 221.3 248.5 217.6 253.1 215.0 257.0 221.7 256.3 0.9995
361.4 146.9 16.9 21.2 367.0 154.4 375.1 155.1 371.4 158.9 367.3 162.8 373.7 163.3 0.9995
886.1 395.4 29.7 38.4 889.5 409.3 900.1 407.6 891.3 415.2 891.9 425.0 899.2 423.5 0.9995
600.1 236.6 19.8 21.9 606.8 243.2 615.8 243.1 612.0 247.9 607.9 252.5 614.9 252.5 0.9995
579.0 176.5 16.5 20.2 583.4 183.9 591.1 183.9 587.1 188.0 583.7 191.3 590.5 191.3 0.9995
590.0 22.4 15.6 20.6 593.7 30.6 600.8 30.4 597.0 34.2 594.5 37.8 600.5 37.6 0.9995
706.6 110.8 15.5 21.5 714.6 119.9 720.0 119.7 719.0 123.9 715.1 127.6 719.3 127.7 0.9995
247.3 177.2 16.0 18.3 252.3 183.2 259.9 183.5 256.2 187.3 252.5 191.0 258.7 191.2 0.9995
679.2 174.8 17.2 21.9 684.1 182.9 692.3 182.6 688.6 186.8 685.0 191.1 692.0 190.9 0.9995
626.9 86.1 14.1 19.3 629.3 93.3 634.4 93.7 630.4 96.9 629.3 100.4 633.6 100.6 0.9995
735.6 25.9 15.4 19.6 738.9 33.7 745.0 33.8 741.2 37.2 739.4 40.6 744.5 40.6 0.9994
46.6 152.4 15.3 20.0 50.7 160.9 57.8 160.5 54.6 164.4 51.8 167.9 57.7 167.6 0.9994
536.3 28.8 14.4 21.8 537.9 37.4 541.0 37.8 536.8 41.7 538.5 45.6 540.5 45.7 0.9994
286.8 69.9 15.9 17.9 291.1 75.7 298.4 75.8 294.6 79.4 291.5 83.1 297.5 83.2 0.9994
532.7 87.4 17.3 22.5 535.4 96.8 542.8 96.5 538.4 101.0 537.1 105.2 542.6 104.8 0.9994
151.6 243.7 17.2 20.0 156.4 250.5 164.3 250.1 160.7 254.6 157.5 258.5 164.0 258.2 0.9994
294.4 121.4 15.1 19.8 298.1 129.1 305.6 129.6 301.4 133.3 298.1 136.7 304.2 137.1 0.9994
493.8 22.4 16.9 22.1 499.6 32.0 507.0 31.7 504.0 35.9 500.7 39.9 506.5 39.7 0.9994
394.9 121.0 16.2 19.3 397.5 130.7 403.2 130.2 399.6 135.1 400.5 137.8 404.1 137.2 0.9994
680.0 92.9 14.7 18.7 683.3 99.5 690.1 99.1 686.6 103.2 684.0 106.3 690.4 106.0 0.9994
302.8 204.1 19.0 22.8 305.5 212.6 314.3 212.7 308.2 216.3 306.0 221.2 312.6 221.2 0.9994
831.2 21.0 13.9 17.7 834.0 27.2 839.3 27.5 835.3 30.5 834.2 33.9 838.6 34.0 0.9994
133.5 93.4 17.4 23.1 136.0 102.6 143.0 102.6 138.1 107.3 137.1 111.6 142.3 111.5 0.9993
868.7 137.8 14.6 18.0 870.4 143.9 873.8 144.1 869.8 147.5 871.1 151.2 873.6 151.1 0.9993
32.1 90.7 14.8 18.6 34.7 97.7 41.1 97.7 37.2 101.3 35.5 104.8 40.6 104.8 0.9993
377.1 241.3 18.0 23.4 380.7 249.8 388.9 250.9 383.4 255.0 380.7 258.9 387.1 259.6 0.9993
116.4 62.7 13.8 19.2 119.8 71.1 126.0 70.5 123.2 74.1 121.0 77.6 126.4 77.2 0.9993
591.9 110.7 18.0 21.9 596.2 118.9 604.7 119.3 600.0 123.5 596.4 127.6 603.3 128.0 0.9993
340.5 118.6 16.3 22.0 343.9 127.9 351.3 127.7 347.3 132.0 345.2 136.0 350.8 135.7 0.9993
727.4 168.4 17.5 23.2 731.6 177.8 739.6 177.4 735.7 182.1 732.8 186.2 739.5 185.9 0.9993
432.9 228.5 19.7 25.4 437.5 238.4 446.9 238.7 441.8 243.4 438.6 248.4 445.6 248.5 0.9992
295.4 101.3 16.2 17.9 300.1 107.7 307.6 108.6 303.6 112.0 300.3 115.2 305.8 115.9 0.9992
502.5 143.4 16.6 18.8 505.8 149.2 513.0 149.5 508.4 153.1 506.2 157.1 512.0 157.2 0.9992
405.7 62.5 16.9 19.2 409.6 69.9 417.6 69.7 413.5 74.0 411.0 77.6 416.9 77.4 0.9992
258.8 37.9 14.6 18.6 263.2 44.7 269.4 45.0 266.1 48.0 263.3 51.2 268.6 51.4 0.9992
472.3 79.4 17.2 23.5 475.7 87.2 483.8 87.5 478.8 91.3 475.9 96.5 482.6 96.7 0.9991
562.9 142.8 16.4 20.0 570.9 149.3 576.9 149.4 575.5 153.5 571.2 157.4 576.0 157.6 0.9991
964.1 105.2 17.0 20.7 968.1 113.5 976.0 113.4 971.8 117.1 968.5 120.2 975.9 120.1 0.9991
450.0 30.7 15.6 18.0 456.0 36.4 463.0 36.8 460.0 40.0 456.1 43.6 461.8 44.0 0.9991
745.3 103.3 17.4 21.5 749.3 111.3 756.0 111.3 751.9 115.6 750.1 120.0 755.5 119.9 0.9991
530.6 0.0 17.2 17.3 534.9 5.3 542.7 5.1 538.8 8.9 536.0 12.6 542.3 12.5 0.9990
155.3 39.2 15.6 19.9 158.3 47.5 164.6 47.6 160.5 51.1 158.8 54.4 164.0 54.4 0.9990
726.2 84.3 14.7 19.3 729.7 91.7 736.2 91.7 732.8 95.0 730.2 98.5 735.8 98.5 0.9990
782.8 23.3 14.9 16.7 785.8 28.6 792.6 28.3 788.7 31.5 786.7 35.6 791.9 35.4 0.9990
491.3 111.5 15.5 19.9 493.2 118.8 500.3 119.1 495.4 122.7 493.9 126.6 499.1 126.8 0.9990
177.9 147.9 18.1 19.6 181.4 154.2 189.3 154.5 184.2 158.3 181.7 162.0 188.1 162.2 0.9990
511.1 176.6 17.2 19.6 513.7 183.1 521.0 182.4 516.3 187.0 515.2 191.7 520.4 191.1 0.9989
512.5 59.4 16.2 20.8 516.3 68.8 523.5 68.5 519.7 72.3 517.2 75.6 523.1 75.4 0.9989
805.6 166.5 19.9 22.3 813.8 174.6 821.7 178.1 816.7 180.2 811.3 182.4 817.3 185.1 0.9989
552.1 61.6 14.4 18.1 555.0 67.6 561.4 68.7 556.7 70.8 554.5 74.4 559.3 75.3 0.9989
299.6 154.9 15.8 17.9 303.3 161.5 310.5 161.7 306.5 165.3 303.9 168.4 309.6 168.6 0.9989
402.0 148.2 18.4 23.1 405.8 157.8 414.4 157.2 409.9 162.0 407.6 166.6 414.4 166.0 0.9989
435.2 126.5 13.2 18.2 437.0 132.7 439.4 133.1 435.6 136.7 438.0 140.3 439.6 140.4 0.9988
629.7 196.9 18.9 20.7 632.4 203.2 640.1 203.2 634.6 207.5 633.2 211.9 639.1 211.8 0.9988
444.2 7.3 13.7 17.5 447.8 14.3 454.3 13.9 451.3 17.5 448.9 20.9 454.2 20.6 0.9988
261.9 242.6 16.0 21.1 265.5 251.7 273.0 251.1 269.5 255.2 267.0 259.0 273.3 258.5 0.9988
753.2 132.2 19.6 25.2 756.8 141.7 766.2 141.4 761.4 146.7 758.2 151.7 766.1 151.4 0.9988
751.8 55.1 15.7 20.8 754.9 63.4 762.0 62.5 758.3 66.8 756.0 70.5 762.5 69.8 0.9988
421.4 95.9 14.3 19.2 424.8 104.1 431.6 103.4 428.4 107.0 426.1 110.9 431.7 110.3 0.9987
644.1 113.0 14.7 17.7 647.5 119.2 654.5 118.9 650.9 122.6 648.5 126.3 654.3 126.1 0.9987
648.6 45.4 17.3 22.1 650.8 53.8 656.4 54.3 650.8 57.6 650.7 62.0 654.7 62.2 0.9987
451.5 58.9 15.7 19.5 454.8 66.9 462.2 67.0 457.9 70.5 455.5 74.1 461.1 74.1 0.9987
418.0 203.5 17.5 20.5 422.9 214.1 430.2 211.9 428.0 217.1 426.2 220.8 431.4 219.1 0.9986
244.6 152.2 18.5 22.4 248.4 161.6 257.2 161.2 252.5 165.6 249.8 170.0 256.8 169.6 0.9986
193.7 99.2 14.7 19.9 196.3 107.2 203.2 108.4 198.5 111.7 196.5 114.7 201.6 115.5 0.9986
381.9 6.8 14.6 18.7 384.4 13.8 390.2 14.1 386.1 17.6 384.9 21.1 389.5 21.1 0.9985
174.9 123.3 15.2 18.6 177.7 129.8 184.6 130.1 180.2 133.4 178.2 137.3 183.5 137.5 0.9985
197.0 209.7 16.9 21.4 201.3 218.4 209.9 218.5 205.6 222.1 202.0 226.0 208.9 226.2 0.9985
884.8 21.0 14.1 17.9 887.6 28.0 894.2 27.6 890.6 31.2 888.7 34.7 894.2 34.3 0.9985
48.2 0.4 14.9 16.6 53.0 5.8 59.5 5.6 56.5 9.1 53.7 12.3 58.8 12.2 0.9984
300.2 41.8 15.9 19.8 303.4 50.6 310.2 50.7 306.2 54.8 304.5 58.0 309.5 58.0 0.9984
83.3 7.1 15.9 18.3 85.7 12.8 91.3 13.0 86.6 16.8 86.0 20.6 90.2 20.6 0.9984
250.6 16.0 14.3 17.7 256.1 23.0 261.9 23.1 259.6 26.3 256.5 29.4 261.2 29.6 0.9983
705.4 199.0 17.8 21.5 709.5 206.7 717.6 207.0 713.0 210.6 710.0 214.8 716.5 215.0 0.9983
285.6 15.3 14.0 18.0 287.0 22.4 291.2 22.2 287.3 26.0 288.4 29.6 291.3 29.2 0.9982
929.7 131.8 17.7 22.8 932.5 141.7 939.7 142.0 934.6 146.0 933.2 150.0 938.5 150.1 0.9977
265.0 213.7 16.6 19.5 268.5 220.1 276.0 219.7 272.1 223.9 269.9 228.4 275.8 228.0 0.9977
0.6 60.6 15.9 20.6 3.6 68.4 10.7 68.0 6.7 72.1 4.6 76.0 10.6 75.7 0.9976
70.5 241.1 14.8 21.4 72.9 248.1 76.2 248.4 71.9 252.5 73.2 257.2 75.5 257.2 0.9976
584.4 85.0 16.5 20.7 587.9 93.8 595.1 93.5 591.0 97.5 589.0 101.4 594.3 101.1 0.9975
481.0 3.4 14.8 21.6 483.6 13.5 489.8 13.4 486.0 17.9 484.8 21.2 489.5 21.0 0.9975
669.3 0.0 15.2 16.0 672.4 4.1 679.2 4.1 675.2 7.5 673.2 11.6 678.2 11.6 0.9974
12.7 245.7 15.2 16.9 16.4 252.3 23.6 252.0 20.2 256.7 18.0 259.5 23.1 259.2 0.9974
0.0 122.0 9.0 18.6 -0.7 129.2 6.0 129.4 3.0 132.9 -0.5 136.1 4.9 136.4 0.9974
62.4 197.2 16.4 18.9 66.2 204.7 73.4 204.9 69.3 208.8 66.8 212.1 72.4 212.2 0.9973
69.8 218.5 14.8 16.2 73.2 223.7 80.2 223.8 76.5 227.5 74.2 230.9 79.2 230.9 0.9973
603.6 139.7 15.9 20.2 606.4 146.2 610.4 146.9 606.0 150.2 606.3 154.3 609.3 154.6 0.9971
353.4 63.5 15.1 19.6 357.1 72.3 364.5 71.6 361.1 75.7 358.8 79.4 364.3 78.9 0.9970
609.6 176.8 16.1 19.0 611.5 183.1 615.1 183.2 610.5 187.1 612.4 191.2 614.8 191.1 0.9970
11.2 214.3 17.5 18.2 18.5 220.1 25.8 219.9 23.4 224.4 19.8 227.8 25.0 227.7 0.9970
89.8 94.5 15.3 19.7 94.3 101.9 101.3 101.7 98.1 105.6 95.2 109.6 100.6 109.5 0.9969
606.0 69.5 15.4 17.2 609.7 75.8 616.4 75.4 613.0 79.7 611.2 83.1 616.0 82.8 0.9969
748.5 239.1 16.7 20.3 750.4 245.2 755.5 245.8 750.2 249.7 750.6 254.2 754.4 254.4 0.9968
237.3 96.5 16.7 19.8 240.7 104.7 248.7 104.6 244.5 109.2 242.2 112.6 247.9 112.5 0.9968
566.0 204.3 18.1 26.5 571.6 214.8 580.0 214.9 576.2 219.2 572.2 223.9 579.5 224.0 0.9964
197.1 48.1 15.1 18.9 201.0 55.0 208.1 55.3 204.4 59.3 201.9 63.0 206.8 63.2 0.9963
366.4 202.6 20.8 23.3 372.0 211.5 381.6 211.4 376.9 216.8 373.4 221.2 380.5 221.2 0.9960
718.6 0.0 16.5 14.2 721.6 0.7 729.3 0.9 724.5 5.6 722.5 9.4 728.2 9.5 0.9959
456.6 171.0 17.4 19.9 459.7 180.4 466.8 178.0 463.6 183.6 463.3 188.1 468.3 186.2 0.9958
10.7 149.7 14.2 19.9 19.9 156.9 23.3 157.1 23.6 160.9 19.7 164.7 21.9 165.1 0.9955
297.8 184.0 16.4 20.4 300.0 192.7 307.3 191.6 303.0 196.6 302.4 200.8 307.6 199.8 0.9953
631.9 21.0 14.3 18.5 633.9 27.9 640.4 27.6 636.3 31.2 635.1 35.1 640.1 34.7 0.9951
454.6 153.5 14.8 17.2 458.9 160.7 465.5 160.9 462.2 164.7 459.7 167.5 464.4 167.6 0.9945
351.3 43.3 13.3 15.2 355.0 48.0 361.4 48.0 358.5 51.3 356.1 54.7 360.8 54.7 0.9942
790.3 200.8 14.4 20.4 793.3 206.1 795.6 206.8 791.4 210.4 792.7 215.3 794.7 215.5 0.9936
571.1 0.6 17.1 21.0 574.7 9.2 581.0 8.7 577.3 13.0 576.3 17.0 581.1 16.5 0.9906
193.7 12.5 14.2 16.3 196.5 17.9 202.6 18.0 198.8 21.5 197.3 24.8 202.0 24.7 0.9854
63.2 62.4 15.0 18.8 68.3 69.8 74.6 69.4 72.1 73.1 69.3 77.0 74.4 76.8 0.9669
174.8 14.0 9.6 14.2 179.5 19.4 182.5 18.7 182.4 21.8 180.5 24.9 182.8 24.5 0.9168
333.4 99.2 13.1 15.0 881.1 4.6 886.4 4.5 885.2 8.8 881.2 11.8 884.8 12.0 0.6722
