55--Sports_Coach_Trainer/55_Sports_Coach_Trainer_sportcoaching_55_474.jpg
8
427.6 65.8 27.1 38.0 440.8 81.6 451.9 80.9 450.0 89.1 442.5 95.9 450.1 95.5 0.9998
688.7 44.0 42.7 63.5 692.7 70.5 708.4 67.4 695.2 78.7 696.9 92.7 709.2 89.9 0.9997
329.7 64.9 29.2 38.6 342.5 81.9 354.7 79.4 353.2 88.0 346.4 95.9 354.9 94.1 0.9997
544.4 45.9 35.1 44.0 554.7 63.6 570.9 62.0 564.3 71.8 558.5 80.5 570.4 79.2 0.9997
200.1 4.0 41.7 59.5 227.4 26.6 237.1 27.3 239.9 38.0 226.3 48.2 233.6 49.2 0.9996
253.1 68.3 32.2 40.0 269.3 81.9 281.9 82.5 278.8 91.0 269.7 98.3 279.3 99.0 0.9996
14.4 65.6 38.6 47.8 38.4 81.1 48.6 81.3 50.7 90.8 40.1 100.7 47.0 101.4 0.9995
114.5 56.8 32.3 39.2 132.0 71.6 142.9 71.2 142.5 78.6 135.1 86.7 142.6 86.4 0.9994
