55--Sports_Coach_Trainer/55_Sports_Coach_Trainer_sportcoaching_55_799.jpg
33
545.1 153.6 48.5 58.3 559.0 175.4 581.5 177.2 569.7 191.3 559.5 196.2 577.8 197.6 0.9998
718.0 112.4 60.3 67.3 735.9 136.7 764.2 138.5 749.8 155.9 737.2 164.8 758.2 166.2 0.9998
85.3 84.1 48.4 53.0 96.2 101.4 119.6 102.1 106.6 115.3 96.7 121.2 117.5 121.9 0.9998
226.6 173.8 57.6 46.7 261.4 201.9 278.6 195.6 279.4 212.1 263.4 222.8 274.2 218.5 0.9995
312.2 99.7 28.5 34.9 323.4 111.1 336.2 111.5 331.2 120.1 323.7 125.9 333.7 126.3 0.9995
214.3 80.5 18.8 20.7 220.2 88.7 228.9 88.6 225.1 93.8 221.5 97.2 227.8 97.1 0.9994
497.8 102.3 31.4 32.0 505.1 113.8 519.9 114.2 511.8 122.7 506.4 126.8 517.7 127.1 0.9994
375.4 124.4 35.8 35.4 384.6 137.7 401.4 136.6 393.5 147.0 387.3 150.8 401.7 149.9 0.9994
163.7 66.7 23.2 26.8 170.4 75.9 180.6 76.8 174.9 83.2 170.8 87.2 178.1 88.0 0.9993
789.9 55.5 24.1 29.9 794.2 70.2 803.6 68.4 798.7 76.0 798.0 80.4 805.1 78.9 0.9993
257.9 75.8 18.6 20.2 263.0 82.6 271.4 83.0 267.0 87.6 263.7 91.2 270.0 91.5 0.9992
479.7 49.6 17.0 22.5 481.6 59.4 487.0 59.4 482.7 64.3 483.7 68.1 487.2 67.9 0.9990
439.8 102.0 28.4 33.6 449.8 114.9 462.3 115.6 456.7 123.0 450.4 128.0 459.5 128.6 0.9989
0.0 77.1 21.1 33.8 1.2 88.7 15.2 88.4 10.2 96.3 3.2 102.8 13.8 102.6 0.9981
461.6 53.7 16.1 21.5 465.8 63.7 472.9 63.4 469.4 68.0 467.1 71.6 472.3 71.4 0.9976
191.9 53.1 12.1 16.5 193.4 60.4 196.9 60.0 194.0 63.9 195.5 66.9 197.5 66.5 0.9974
291.8 57.3 19.1 23.6 296.3 67.8 304.7 67.9 300.2 72.5 297.2 76.5 303.8 76.5 0.9965
256.0 41.8 12.1 14.9 258.9 47.6 264.4 47.8 261.3 51.1 259.3 53.7 263.4 53.9 0.9963
398.8 37.4 11.9 15.4 401.0 42.2 406.7 42.5 403.2 45.7 401.5 48.9 405.9 49.1 0.9903
139.7 54.0 13.3 16.6 142.8 61.1 148.4 61.4 145.2 64.4 143.3 67.2 147.6 67.4 0.9897
654.0 50.4 16.1 21.2 656.1 58.9 660.2 59.7 655.8 63.1 656.2 66.9 659.0 67.4 0.9870
599.6 75.5 15.3 19.1 602.7 81.0 608.8 81.1 604.9 85.6 603.7 89.6 608.4 89.6 0.9719
236.4 59.5 14.0 16.2 240.1 65.1 246.2 64.7 243.4 68.1 241.2 71.6 246.0 71.3 0.9566
475.3 74.2 12.4 15.7 478.3 81.0 484.3 81.2 481.1 84.2 479.1 87.0 483.4 87.1 0.9370
200.0 33.5 12.2 14.9 203.4 38.9 208.4 39.3 205.5 42.1 203.5 45.1 207.3 45.3 0.9253
315.8 47.8 14.4 19.1 318.4 55.4 323.9 55.5 320.0 59.3 318.9 62.9 323.1 62.9 0.9059
271.0 40.8 10.4 14.2 273.6 46.5 277.9 47.0 275.3 49.8 273.8 52.1 277.0 52.4 0.8975
882.9 59.9 14.9 23.7 885.7 68.5 887.6 69.2 883.0 72.9 884.6 77.9 885.9 78.1 0.8299
680.7 57.9 19.7 22.5 685.0 66.3 689.2 68.2 682.9 70.3 682.2 74.1 685.0 75.3 0.8103
570.5 76.2 18.6 26.1 573.0 86.8 579.7 87.2 574.2 92.0 573.4 96.8 578.1 96.9 0.7729
433.1 43.3 11.7 16.5 437.7 49.8 441.8 50.1 439.8 53.5 437.3 56.3 440.4 56.6 0.7021
829.7 93.2 18.8 24.5 837.0 103.8 845.2 103.5 842.2 109.3 838.3 113.9 844.4 113.8 0.6500
404.1 59.1 17.0 20.1 408.4 68.1 416.1 67.9 412.2 72.2 409.6 75.7 415.3 75.5 0.5208
