55--Sports_Coach_Trainer/55_Sports_Coach_Trainer_sportcoaching_55_808.jpg
12
633.9 403.9 40.0 48.6 643.2 421.7 661.5 423.5 650.3 432.9 642.9 439.3 658.3 440.6 0.9997
383.9 84.7 42.5 57.5 397.8 111.0 417.5 109.1 409.9 121.2 400.7 129.6 416.7 128.1 0.9997
771.2 363.4 43.2 53.6 783.9 384.3 803.5 385.0 793.8 395.9 784.8 403.2 801.2 403.8 0.9997
503.3 389.8 41.4 51.7 516.6 409.9 535.3 409.9 526.8 420.2 517.2 427.5 533.7 427.5 0.9996
679.9 97.1 38.3 52.6 694.2 118.0 710.7 118.1 704.3 128.3 695.3 136.1 709.0 136.3 0.9996
624.3 177.4 39.5 46.9 635.6 196.5 653.0 197.4 643.7 206.7 636.4 211.7 651.1 212.5 0.9996
229.6 207.6 39.4 46.2 240.2 226.8 257.9 222.7 251.4 234.5 245.1 242.8 260.7 239.6 0.9996
401.9 409.8 40.8 50.4 415.6 430.1 434.3 433.0 424.7 442.3 414.5 447.5 429.9 449.9 0.9995
293.7 381.3 42.9 54.5 305.9 401.2 325.7 401.1 315.9 410.8 307.2 420.8 324.4 420.7 0.9995
181.4 95.6 43.4 56.3 195.1 117.8 214.4 117.6 205.8 129.0 197.2 137.6 212.7 137.3 0.9995
876.0 75.4 43.1 53.0 886.2 97.9 906.1 95.4 896.9 106.5 890.3 116.2 906.4 114.2 0.9994
469.6 172.7 41.4 48.5 481.1 192.1 499.1 190.6 490.8 201.5 485.2 209.9 498.8 208.5 0.9990
