55--Sports_Coach_Trainer/55_Sports_Coach_Trainer_sportcoaching_55_415.jpg
15
569.0 375.9 52.3 63.9 587.4 397.0 610.5 399.0 599.9 413.3 587.0 421.8 606.5 423.4 0.9998
352.3 501.1 52.2 58.3 366.3 525.9 389.2 521.1 381.0 536.5 375.5 547.8 392.5 543.4 0.9998
681.5 548.3 51.3 60.9 695.3 574.7 718.2 570.9 709.4 584.8 702.9 597.0 719.6 594.0 0.9997
495.9 475.9 49.8 57.3 517.3 496.4 538.7 494.9 533.2 507.6 521.6 519.7 537.5 518.7 0.9997
239.4 506.8 51.9 63.0 254.7 533.2 277.9 531.8 267.7 543.5 258.5 554.9 277.1 553.5 0.9996
424.7 482.9 51.0 59.4 443.2 502.3 465.7 503.3 456.1 516.9 445.5 527.9 461.5 528.7 0.9996
560.1 554.7 50.7 55.9 572.8 576.8 595.7 573.8 585.4 587.4 576.8 595.5 597.6 592.9 0.9996
616.3 543.2 46.7 54.3 630.7 563.8 653.0 561.8 644.4 576.2 633.0 583.1 653.1 581.5 0.9996
94.3 497.2 9.0 11.1 96.0 501.3 99.7 501.5 97.1 503.7 96.3 505.9 99.1 506.0 0.9766
865.6 459.3 7.7 9.6 867.3 463.2 870.9 463.1 869.2 465.2 867.8 467.0 870.6 466.9 0.9382
69.5 479.3 8.6 11.0 74.6 483.4 76.6 483.6 76.5 486.0 74.4 487.9 75.6 488.2 0.9246
830.6 469.3 5.5 6.5 832.0 471.6 834.4 471.5 833.2 472.9 832.4 474.2 834.3 474.1 0.7153
244.2 478.3 8.7 8.9 246.2 481.9 249.8 481.8 247.9 483.9 247.0 485.6 249.7 485.4 0.6749
779.9 462.3 5.7 6.8 935.3 459.6 939.1 459.5 936.4 462.1 936.0 464.7 938.9 464.6 0.5616
965.7 440.0 6.6 8.0 781.7 464.6 784.2 464.6 783.0 466.1 782.0 467.5 783.9 467.5 0.5217
