55--Sports_Coach_Trainer/55_Sports_Coach_Trainer_sportcoaching_55_27.jpg
14
515.5 166.1 48.2 65.1 528.7 190.6 551.2 190.7 540.4 204.8 528.2 211.7 551.0 211.7 0.9997
386.8 47.2 35.0 37.3 398.8 62.5 414.1 63.8 406.5 72.6 398.5 77.4 408.9 78.5 0.9997
355.0 173.2 38.6 41.1 364.6 191.8 384.0 190.5 374.7 202.7 367.6 207.1 382.4 206.3 0.9997
320.1 28.1 34.8 43.9 328.6 44.1 345.1 45.3 335.7 52.9 328.6 59.9 342.6 60.8 0.9996
761.4 179.9 39.9 49.7 772.0 197.1 791.0 198.2 780.8 207.0 771.9 214.6 788.8 215.6 0.9995
758.3 58.6 35.5 44.2 766.2 76.0 782.6 80.3 770.9 86.6 764.0 91.2 776.9 94.5 0.9995
515.5 54.6 32.0 36.8 523.9 67.8 538.6 68.7 530.7 77.6 524.4 82.0 536.3 82.7 0.9995
237.6 15.3 39.7 47.4 250.9 32.6 268.6 37.2 258.6 45.8 248.1 50.4 261.9 54.1 0.9995
674.4 172.5 36.9 47.5 683.0 190.7 700.6 191.5 690.9 200.8 683.6 207.3 698.9 208.1 0.9995
595.0 27.1 34.2 44.3 604.2 42.7 620.4 44.5 611.3 52.1 604.0 59.6 616.8 61.1 0.9993
451.5 146.7 39.0 46.8 462.0 164.6 480.6 166.4 470.6 177.4 462.5 183.3 476.6 184.7 0.9993
450.0 27.9 33.2 39.6 463.0 43.6 477.6 46.1 470.7 51.7 462.1 57.7 473.5 59.7 0.9993
585.9 158.1 39.6 49.5 597.7 178.2 616.4 177.8 608.0 189.3 600.0 196.6 614.5 196.3 0.9991
674.4 73.4 33.3 28.1 683.2 89.7 696.6 89.6 689.4 97.5 686.3 98.9 694.5 98.6 0.9933
