43--Row_Boat/43_Row_Boat_Canoe_43_849.jpg
12
624.8 229.3 21.8 29.6 628.1 243.1 632.7 242.7 628.7 249.4 632.5 253.0 635.9 252.4 0.9995
859.4 238.5 24.7 25.9 864.7 251.0 872.4 250.8 868.3 257.7 869.9 260.3 874.9 259.9 0.9986
958.1 223.4 23.6 27.0 963.0 233.6 973.3 233.9 967.1 239.6 964.3 243.8 972.0 244.0 0.9985
840.4 202.8 20.6 24.8 843.9 213.8 851.2 213.5 846.7 219.7 847.3 223.3 852.4 222.9 0.9971
516.4 277.4 28.6 32.8 521.8 289.7 530.3 288.0 525.5 297.2 527.5 302.8 534.3 301.2 0.9970
659.8 252.3 24.3 31.8 664.0 265.7 673.1 268.2 665.7 273.7 664.1 277.3 670.5 279.0 0.9967
949.1 195.4 17.5 20.0 951.1 201.3 957.0 201.7 951.4 205.7 951.4 209.9 956.1 210.1 0.9948
338.1 275.7 28.7 37.9 345.0 294.6 348.1 295.6 345.6 303.7 352.6 307.0 354.3 307.2 0.9933
737.8 216.3 16.1 21.9 740.4 224.6 743.6 225.4 738.8 228.8 740.1 233.0 742.3 233.4 0.9657
354.6 250.4 25.2 29.9 357.5 261.3 364.9 261.5 358.6 268.2 359.9 273.4 364.9 273.2 0.9229
165.6 293.1 32.4 27.8 170.7 304.8 178.7 306.5 171.4 312.4 174.1 315.5 178.8 316.5 0.6208
738.4 220.5 22.3 29.8 743.5 232.4 752.6 232.1 747.6 238.4 745.1 244.1 752.1 243.8 0.5950
