22--Picnic/22_Picnic_Picnic_22_81.jpg
8
896.3 411.6 50.1 61.9 907.9 434.5 930.6 431.9 919.9 445.6 913.4 458.7 931.2 456.5 0.9998
161.3 383.7 57.6 72.2 190.3 404.5 211.9 409.7 205.8 422.3 188.5 434.8 204.6 439.1 0.9997
708.2 373.7 38.0 47.3 715.2 391.9 732.7 392.6 721.7 402.5 715.8 407.7 731.8 408.1 0.9997
321.7 367.8 40.4 48.3 336.5 384.2 354.3 386.4 346.5 394.2 336.6 402.6 350.8 404.4 0.9996
399.1 348.8 32.7 38.9 409.0 360.4 424.2 360.1 417.5 368.9 408.8 374.0 424.3 373.8 0.9995
591.7 355.4 34.9 43.9 601.7 373.4 617.8 372.8 610.4 381.0 603.7 388.5 617.0 388.0 0.9995
123.6 320.0 36.8 44.7 139.1 337.0 154.6 336.1 150.4 345.6 142.0 354.1 154.0 353.5 0.9994
497.5 310.6 32.4 39.9 507.5 327.4 521.8 328.0 514.7 334.2 508.4 340.9 519.4 341.4 0.9994
