22--Picnic/22_Picnic_Picnic_22_458.jpg
16
299.0 265.5 25.4 34.3 310.0 278.4 320.3 278.6 317.1 284.7 309.6 290.1 318.6 290.5 0.9995
238.3 280.7 24.2 25.9 246.7 290.0 256.5 291.3 251.3 296.7 245.8 299.4 254.1 300.5 0.9994
113.1 299.5 24.5 27.3 118.5 311.7 128.0 309.6 123.6 316.5 121.6 320.8 130.0 319.1 0.9990
463.7 193.2 21.7 27.3 469.5 205.3 479.1 204.7 474.6 211.3 471.1 214.6 479.0 214.1 0.9989
13.4 292.2 22.6 27.6 18.5 302.3 28.4 302.2 22.9 308.1 19.4 312.5 28.3 312.3 0.9986
361.5 281.2 26.4 33.4 370.7 296.4 381.5 298.0 375.4 304.6 369.8 307.7 377.4 309.0 0.9983
706.3 199.1 25.4 43.9 712.0 213.6 713.3 215.0 706.3 221.9 711.7 231.4 712.3 232.0 0.9961
883.4 246.7 12.2 14.3 886.8 251.7 892.4 251.9 889.6 254.6 887.3 257.6 891.6 257.7 0.9957
657.1 173.0 14.4 15.2 664.4 180.6 668.5 181.7 666.3 184.6 662.4 185.5 664.9 186.5 0.9931
971.2 228.3 29.5 47.9 977.1 245.9 979.1 246.3 972.2 254.2 977.8 264.4 978.9 264.2 0.9907
731.8 213.1 22.3 36.5 735.7 225.2 735.3 226.7 732.6 233.4 738.1 240.1 737.8 241.1 0.9861
177.9 280.0 24.0 27.8 186.5 294.8 195.3 291.0 194.1 298.9 192.3 303.9 198.6 301.1 0.9852
1002.1 167.5 21.4 24.8 1005.7 175.5 1014.3 176.1 1007.2 180.3 1005.4 185.7 1011.9 186.1 0.9470
89.8 200.0 10.5 12.4 92.9 204.2 98.0 203.9 95.8 207.1 93.9 209.8 97.8 209.6 0.8618
521.4 280.4 24.3 23.1 530.5 292.7 539.7 291.1 536.5 297.7 532.2 300.6 538.1 299.5 0.8542
113.0 208.9 7.7 8.6 115.1 212.2 118.6 212.4 116.7 214.1 115.3 215.7 118.0 215.8 0.6777
