22--Picnic/22_Picnic_Picnic_22_35.jpg
26
217.6 332.5 30.8 39.1 225.4 352.6 227.1 352.8 226.3 361.9 235.9 365.0 236.4 364.8 0.9996
929.4 209.9 21.3 25.7 942.7 221.8 947.3 222.2 946.1 227.8 938.8 230.2 941.9 230.8 0.9996
422.7 312.6 33.4 43.6 426.5 329.4 439.3 330.9 428.3 338.5 427.9 345.2 438.1 346.0 0.9995
813.9 211.8 14.9 21.4 816.0 219.0 819.6 219.6 814.7 223.2 816.0 227.6 818.4 227.8 0.9992
318.1 200.5 10.0 11.9 323.4 205.3 326.7 205.7 325.7 208.1 323.0 209.8 325.3 210.3 0.9991
724.1 159.1 9.4 11.9 729.5 164.3 732.2 165.0 731.3 167.3 728.3 168.6 730.3 169.2 0.9991
590.3 245.0 18.9 17.2 595.1 254.9 597.6 253.5 597.1 258.9 602.2 260.0 602.9 258.7 0.9988
831.1 143.4 10.4 13.1 836.2 149.1 840.0 149.4 838.7 151.8 836.1 153.8 839.1 154.0 0.9988
670.6 130.8 13.5 17.3 672.9 140.3 675.8 140.3 673.5 144.1 676.3 145.8 677.7 145.6 0.9987
871.9 124.5 12.9 15.8 878.3 130.3 883.3 130.3 882.4 133.4 879.3 136.7 882.9 136.8 0.9985
493.5 144.9 10.2 13.9 496.3 151.0 500.7 150.2 498.9 153.1 497.5 155.8 500.9 155.2 0.9979
279.6 163.8 12.2 14.0 285.8 169.1 290.0 169.9 288.3 172.4 284.7 174.3 287.9 175.1 0.9961
379.7 229.8 11.9 16.7 381.7 236.4 384.1 236.1 381.5 239.6 383.1 242.9 384.8 242.5 0.9912
25.5 257.1 7.9 10.2 27.2 261.4 30.6 261.2 28.8 263.1 27.8 265.0 30.6 264.8 0.9899
753.7 157.2 9.3 11.8 755.1 161.8 758.6 162.0 756.0 164.5 755.7 166.6 758.1 166.7 0.9893
68.9 209.0 7.9 10.0 71.5 213.1 74.9 212.8 73.6 214.8 72.2 216.6 74.9 216.5 0.9883
341.5 198.6 9.0 10.8 345.3 202.6 349.0 203.0 347.5 205.3 345.1 207.3 347.8 207.7 0.9883
127.3 395.1 32.5 60.1 157.4 420.2 154.3 419.2 157.1 431.5 150.4 443.0 148.3 442.4 0.9858
81.3 214.6 7.0 8.1 83.6 217.4 86.8 217.3 85.5 219.1 84.1 220.9 86.6 220.9 0.9834
667.1 210.2 9.7 11.0 668.2 214.5 672.6 214.7 669.7 217.3 669.0 219.2 672.1 219.2 0.9772
549.8 193.5 7.6 10.4 551.2 197.5 552.8 197.5 551.0 199.6 551.7 201.6 552.7 201.5 0.9444
773.0 207.5 10.5 17.2 774.4 213.8 776.0 213.8 773.4 217.2 775.2 220.7 776.2 220.5 0.9383
235.7 475.4 20.4 34.6 251.5 488.2 252.8 486.8 254.8 494.9 250.5 502.4 251.3 501.3 0.9203
595.8 182.5 7.3 8.5 136.5 202.4 141.2 202.7 139.3 206.7 135.2 208.8 138.3 209.2 0.7992
199.6 225.6 10.1 10.8 598.0 185.6 601.4 185.9 599.6 187.6 598.0 189.2 600.6 189.3 0.7730
44.7 214.5 7.9 9.2 201.6 229.5 206.0 229.6 203.2 232.2 202.3 234.5 205.5 234.4 0.6063
