22--Picnic/22_Picnic_Picnic_22_244.jpg
10
451.8 202.4 27.5 26.8 468.4 214.3 474.5 214.2 472.7 222.0 463.7 224.1 467.3 224.5 0.9991
87.1 169.3 24.2 30.0 92.6 181.9 103.1 179.8 98.3 185.3 95.1 191.4 104.4 189.8 0.9990
29.7 189.9 17.4 26.8 43.4 200.6 45.1 200.2 48.3 205.7 43.7 210.6 44.4 210.8 0.9989
474.0 154.1 21.4 26.6 476.9 162.7 483.3 164.1 475.8 168.4 476.1 173.4 480.8 174.1 0.9968
531.9 193.7 28.3 30.9 537.4 207.0 539.0 206.6 537.7 215.2 546.5 219.2 546.5 218.6 0.9967
227.8 179.0 21.0 25.0 238.1 188.9 245.5 189.6 242.7 194.9 236.6 197.6 242.9 198.4 0.9954
715.6 187.8 24.4 30.4 720.4 199.9 721.4 201.4 719.6 208.5 726.8 211.8 726.8 212.7 0.9896
871.0 200.5 18.0 28.3 874.2 211.2 876.6 211.2 872.9 217.3 876.5 222.4 878.1 222.1 0.9738
286.8 198.3 36.0 30.0 309.6 214.5 313.7 215.9 309.4 222.8 299.9 223.0 300.9 224.1 0.9561
890.5 187.0 20.3 26.9 892.7 195.2 896.7 195.9 891.9 201.6 894.6 206.5 897.7 206.8 0.8932
