22--Picnic/22_Picnic_Picnic_22_740.jpg
8
934.7 39.2 57.2 71.4 942.3 60.5 960.1 63.0 938.5 73.5 939.4 88.9 954.0 90.6 0.9999
415.1 86.3 83.5 86.9 432.7 132.2 447.4 128.3 440.6 153.8 460.4 158.6 469.0 154.4 0.9999
134.0 51.8 51.7 67.3 141.0 77.9 146.8 74.3 139.8 92.3 156.2 101.8 162.2 97.9 0.9999
604.6 19.6 61.4 80.2 612.2 51.7 634.2 48.9 617.6 68.0 620.6 78.5 640.4 75.6 0.9996
0.0 26.7 45.1 58.4 1.5 44.7 15.7 44.5 1.8 58.8 9.4 68.6 21.3 67.3 0.9992
828.6 144.3 32.6 49.8 832.4 164.0 839.7 165.6 830.8 175.3 836.5 182.9 841.5 183.6 0.9990
65.6 80.1 40.5 56.1 69.7 99.3 80.1 99.8 67.4 111.2 73.8 121.5 82.2 121.4 0.9988
83.5 41.2 41.6 49.2 90.6 57.8 105.5 58.2 95.5 68.0 92.8 76.4 104.5 76.6 0.5782
