15--Stock_Market/15_Stock_Market_Stock_Market_15_533.jpg
19
317.7 404.5 18.8 27.5 332.3 415.9 334.3 414.5 338.2 420.1 333.8 425.6 334.8 425.0 0.9996
276.9 432.9 20.6 26.0 288.8 443.6 294.6 443.3 294.5 448.5 289.4 453.2 293.7 453.3 0.9984
838.9 365.6 15.4 25.2 849.4 374.5 851.6 374.3 852.7 379.8 848.2 384.5 850.2 384.6 0.9951
246.2 441.0 18.1 25.6 257.7 451.0 261.2 450.0 262.8 455.6 259.1 461.0 261.3 460.5 0.9945
620.2 362.6 14.2 18.6 629.4 369.8 632.0 369.2 633.1 373.5 629.6 377.4 630.9 377.2 0.9922
871.4 438.3 18.9 30.2 886.9 449.8 886.6 448.8 888.4 455.7 884.3 461.7 883.8 461.0 0.9913
637.9 479.7 20.8 30.3 653.3 489.6 655.1 488.9 658.2 496.1 652.6 502.5 653.6 502.3 0.9750
14.8 635.8 29.7 51.5 37.5 657.7 40.6 656.9 44.1 665.9 36.4 675.8 38.7 675.4 0.9739
183.3 353.2 14.2 17.7 191.3 362.4 195.4 361.8 194.7 366.2 191.3 368.6 193.8 368.3 0.9729
376.6 380.0 13.7 18.5 387.0 387.2 388.1 386.6 389.6 391.3 386.2 394.8 386.7 394.6 0.9719
608.9 386.3 14.6 19.8 618.8 393.7 621.0 394.1 620.8 398.6 616.8 401.5 618.1 402.0 0.9672
281.0 481.2 20.1 30.8 293.4 489.8 292.5 489.2 298.0 494.5 296.6 502.5 295.9 502.4 0.9661
951.5 590.0 33.9 45.0 769.0 206.8 774.6 207.1 770.0 211.8 770.2 215.5 774.4 215.5 0.9450
993.4 373.2 14.1 17.8 976.1 610.7 978.1 611.0 976.2 622.5 967.0 627.8 967.3 627.9 0.9334
397.3 372.0 15.3 16.7 1000.7 379.5 1001.8 378.1 1005.3 381.4 1005.3 386.4 1005.8 385.4 0.9153
181.8 345.6 15.4 17.8 840.4 417.9 841.9 417.7 843.8 422.9 839.3 427.2 840.4 427.2 0.7497
467.3 203.4 15.4 19.1 404.8 379.2 409.8 379.5 407.9 383.5 404.8 385.5 407.9 385.8 0.7357
540.1 441.9 17.2 25.6 799.9 206.0 805.9 205.7 802.9 209.1 800.8 212.1 805.5 211.8 0.7035
607.4 207.6 6.1 7.8 187.5 351.5 193.7 352.0 190.8 355.5 187.2 358.9 192.1 359.5 0.5379
