15--Stock_Market/15_Stock_Market_Stock_Market_15_230.jpg
11
796.3 81.3 48.1 62.0 805.5 104.2 827.6 104.5 813.8 117.1 806.5 125.8 826.5 126.0 0.9997
199.0 91.1 41.7 51.3 209.7 111.8 229.6 110.6 220.4 120.8 212.8 130.1 229.2 129.2 0.9997
702.9 78.1 41.7 53.4 712.9 100.6 731.5 98.7 722.7 109.5 716.5 118.8 732.4 116.9 0.9996
923.1 103.2 46.8 54.2 932.4 123.6 952.3 121.6 941.8 134.0 937.2 144.8 952.5 143.1 0.9996
602.4 70.6 45.7 58.5 613.4 97.0 633.0 94.2 623.7 106.4 618.7 116.3 634.5 113.7 0.9995
66.2 86.3 48.9 61.0 85.4 111.2 106.8 111.0 99.3 120.6 88.1 132.2 105.4 132.2 0.9995
281.7 145.4 37.4 46.7 293.1 163.2 310.5 163.0 302.5 172.7 294.0 180.2 308.8 180.1 0.9994
490.2 104.9 48.1 63.4 504.8 132.0 525.5 130.8 516.7 143.2 507.1 152.4 525.0 151.4 0.9993
383.1 140.4 35.1 47.0 391.3 159.5 406.7 157.8 399.1 168.2 394.7 176.3 407.0 174.9 0.9992
341.5 59.6 33.9 45.2 352.2 77.2 367.7 76.3 361.3 83.9 355.0 93.8 366.5 93.1 0.9991
161.9 145.4 40.2 52.8 173.2 167.5 192.5 167.2 183.6 177.7 175.4 186.0 190.6 185.9 0.9991
