15--Stock_Market/15_Stock_Market_Stock_Market_15_688.jpg
35
468.5 594.2 52.6 71.5 487.6 614.0 510.9 617.7 501.1 624.6 488.3 641.9 505.6 645.0 0.9998
727.6 577.9 51.6 61.4 744.3 598.9 767.1 600.5 756.2 610.7 745.2 621.9 763.3 623.1 0.9997
909.4 488.9 43.2 50.9 916.7 506.6 935.2 506.4 923.4 514.0 918.7 525.6 932.6 525.4 0.9997
851.3 388.7 33.3 41.4 858.4 404.2 873.9 403.1 865.9 409.8 860.4 418.2 874.1 417.4 0.9997
582.8 571.3 47.7 60.6 598.8 589.2 620.5 590.7 610.2 603.3 600.2 614.6 616.3 615.9 0.9997
201.1 561.9 63.3 88.1 213.1 592.3 241.7 590.9 224.4 606.0 217.4 626.3 238.8 625.2 0.9996
924.2 377.5 30.1 35.0 931.5 389.5 945.4 389.4 938.3 394.7 933.5 403.1 944.3 403.0 0.9996
785.3 376.4 26.4 34.9 792.2 388.5 804.7 388.7 798.4 394.7 793.5 402.1 803.1 402.3 0.9996
328.0 384.0 34.8 44.1 338.2 402.7 354.1 400.2 348.4 409.2 342.5 418.3 354.9 416.3 0.9996
110.5 486.2 43.7 58.8 137.9 506.8 147.7 503.8 154.0 515.3 144.0 529.2 151.5 527.5 0.9996
234.0 344.1 28.5 37.4 246.0 357.6 258.5 357.4 255.4 364.0 248.6 372.3 257.9 372.2 0.9996
87.2 363.1 39.3 48.1 105.2 378.9 121.7 380.0 117.3 388.8 106.7 398.6 119.1 399.6 0.9995
979.6 389.2 35.4 43.3 985.7 407.2 1001.6 406.8 991.8 415.5 988.7 423.3 1000.3 422.9 0.9995
165.1 339.5 33.2 38.8 180.8 354.5 194.2 353.9 191.8 361.6 183.8 369.5 193.4 369.1 0.9995
219.6 426.0 35.4 45.1 232.2 442.6 248.6 443.2 241.8 452.3 233.1 459.5 246.1 460.0 0.9995
0.0 440.2 43.1 65.6 18.5 465.8 25.1 461.5 38.6 470.5 33.0 488.7 37.1 486.2 0.9994
465.8 427.7 35.1 49.6 479.3 448.1 494.5 447.4 489.1 456.2 481.7 466.0 493.2 465.5 0.9994
277.3 480.9 41.8 58.0 295.7 506.7 313.7 505.7 308.6 517.2 298.2 527.6 311.2 527.1 0.9994
937.9 442.6 41.9 47.8 948.2 460.0 967.4 459.3 957.6 467.1 951.0 477.6 966.6 476.8 0.9993
370.0 426.1 40.1 48.6 381.0 443.8 399.9 443.6 390.3 449.5 382.7 461.3 397.0 461.3 0.9992
271.1 579.1 46.3 60.6 290.5 604.3 310.6 601.4 306.3 615.5 296.9 628.0 310.9 625.6 0.9992
487.2 486.1 43.9 57.0 498.1 506.7 518.5 507.5 507.2 515.6 500.1 528.4 514.7 529.1 0.9992
214.9 496.2 48.4 63.6 225.2 521.2 246.8 524.7 231.7 534.1 223.9 544.9 238.9 547.9 0.9991
0.0 569.7 56.7 88.3 33.9 600.3 43.7 597.6 56.2 616.8 39.8 636.2 44.9 635.2 0.9991
376.5 364.0 28.8 38.9 392.6 378.2 402.0 379.1 401.8 384.8 394.7 392.5 402.2 393.4 0.9991
421.1 557.5 45.0 60.6 435.3 579.8 456.2 581.6 445.5 590.3 435.5 601.5 452.3 603.0 0.9991
550.9 404.3 33.9 44.3 559.4 421.7 574.6 420.9 566.7 430.8 562.4 439.2 572.8 438.6 0.9990
825.1 433.0 37.4 51.4 832.1 450.0 847.7 451.3 836.7 459.0 832.0 469.1 844.7 470.2 0.9989
378.9 473.4 40.2 51.5 389.7 491.7 407.6 491.5 398.5 499.7 392.4 511.2 405.5 510.8 0.9988
393.5 367.7 25.1 34.7 401.8 380.3 413.1 381.9 408.0 386.7 402.0 393.2 410.8 394.5 0.9987
510.4 477.3 37.0 50.5 523.0 499.1 537.6 498.4 532.3 508.0 525.6 516.6 536.2 516.2 0.9979
663.4 509.3 36.5 53.7 675.7 527.1 692.8 526.6 687.4 535.1 679.1 548.6 692.7 548.1 0.9978
111.2 431.4 39.7 48.1 125.7 449.6 142.7 447.5 137.1 459.5 129.8 468.0 142.3 466.4 0.9940
608.2 511.9 23.1 29.8 622.2 523.2 622.3 521.4 629.7 524.2 628.9 532.6 629.0 531.7 0.9145
1008.5 531.9 14.9 54.2 11.6 414.6 18.1 414.4 14.1 418.8 12.6 422.8 17.4 422.6 0.6169
