15--Stock_Market/15_Stock_Market_Stock_Market_15_438.jpg
20
196.3 335.8 84.6 89.5 218.2 375.3 256.4 373.6 237.9 396.9 226.0 406.7 254.3 405.1 0.9998
516.5 373.2 111.4 143.0 541.7 415.9 584.1 426.7 542.2 437.4 526.7 470.2 560.1 478.9 0.9997
82.1 483.5 157.0 187.0 116.8 568.2 186.9 558.5 154.1 611.7 139.6 635.6 192.4 626.6 0.9997
860.3 356.1 102.2 132.4 888.2 401.2 930.4 417.3 896.7 435.4 875.9 450.7 908.1 463.7 0.9996
736.8 781.8 224.2 214.9 791.8 883.0 870.6 921.2 808.9 960.4 792.3 949.8 843.6 979.3 0.9996
454.8 288.2 59.1 79.4 466.1 319.3 491.9 318.8 476.2 337.3 470.0 348.1 490.9 347.7 0.9996
354.2 276.4 32.0 40.5 367.9 292.6 381.0 291.8 377.1 300.8 369.6 308.4 378.9 307.8 0.9993
92.0 230.4 59.7 79.4 105.0 261.9 133.1 260.8 118.1 274.8 109.0 291.2 130.6 290.3 0.9993
0.0 991.7 169.7 290.3 -28.7 1148.2 56.5 1150.8 -3.6 1217.4 6.7 1239.8 59.7 1239.1 0.9991
579.9 314.8 69.6 83.8 592.9 348.8 622.1 349.6 603.0 360.3 594.4 376.3 617.9 376.7 0.9984
284.8 258.0 39.9 53.8 294.6 277.0 311.8 277.2 302.2 286.4 296.6 296.9 309.4 296.9 0.9979
858.4 319.2 56.9 89.4 867.1 356.5 877.7 358.0 860.7 371.6 866.2 388.0 874.0 388.8 0.9963
693.9 346.9 39.8 67.4 725.5 373.2 726.5 372.3 731.6 385.7 721.6 398.4 722.1 398.1 0.9914
64.3 308.7 71.6 87.8 82.5 341.2 109.9 344.4 92.2 357.8 82.6 372.0 103.1 374.1 0.9903
414.3 280.3 21.9 37.6 418.0 294.9 418.7 295.0 414.9 303.0 421.3 310.0 421.6 309.6 0.9887
34.7 402.0 95.9 125.5 68.7 453.1 109.6 452.5 93.4 473.8 72.7 496.5 105.8 496.3 0.9860
443.9 321.6 30.4 43.9 455.3 339.1 466.6 337.3 463.4 345.2 459.3 354.6 467.7 353.2 0.9795
253.9 291.5 51.5 66.9 270.0 315.9 291.1 314.8 282.1 328.5 274.3 341.4 289.3 340.6 0.9777
968.9 275.8 29.5 45.6 990.9 291.8 992.9 289.5 998.1 298.9 991.0 309.2 992.7 307.9 0.9777
624.0 212.1 9.1 12.4 625.5 216.9 628.3 217.1 625.7 219.6 625.8 222.0 627.8 222.0 0.8113
