15--Stock_Market/15_Stock_Market_Stock_Market_15_771.jpg
78
559.9 549.8 19.2 23.4 565.3 557.9 574.0 558.2 569.7 562.5 566.3 567.3 572.7 567.5 0.9992
96.6 560.2 16.9 20.3 103.8 567.8 110.2 566.0 109.4 571.0 106.3 575.6 111.5 574.3 0.9987
393.6 529.0 17.5 21.1 396.4 536.7 403.7 536.3 399.2 541.4 398.2 545.5 403.7 545.0 0.9986
769.3 530.5 20.3 22.5 774.7 537.3 784.0 536.9 779.5 541.7 775.9 546.7 783.5 546.3 0.9985
886.0 616.7 20.0 25.1 891.7 626.0 900.9 626.4 896.2 631.7 892.6 636.1 899.2 636.4 0.9983
442.8 616.0 18.4 21.1 449.7 623.3 458.2 623.5 454.8 628.8 450.5 632.7 456.6 632.9 0.9980
502.7 527.6 16.6 19.4 505.8 534.1 512.9 534.0 508.5 537.9 506.7 542.0 512.3 541.8 0.9978
505.2 596.4 19.9 21.9 509.2 604.9 517.9 604.4 513.1 610.0 511.5 614.2 517.4 613.8 0.9977
1000.5 602.6 21.2 25.1 1011.8 609.9 1018.8 610.1 1019.7 614.0 1014.8 620.4 1020.0 620.7 0.9975
874.6 497.6 14.1 20.0 877.7 504.7 879.2 505.8 875.1 508.5 877.0 512.7 877.6 513.2 0.9971
968.0 623.8 19.6 24.1 971.9 633.7 980.1 636.1 973.7 640.1 970.8 642.5 976.9 644.2 0.9971
604.5 504.0 13.2 18.3 612.8 511.0 615.7 510.8 616.0 514.7 612.7 518.3 614.6 518.4 0.9970
180.7 578.5 16.6 20.1 185.2 585.6 193.1 585.5 189.2 590.7 186.2 594.1 192.1 594.0 0.9952
371.1 562.8 17.6 21.1 884.5 37.6 889.1 37.3 887.6 40.1 885.3 42.8 888.8 42.7 0.9938
336.4 362.0 10.1 12.5 378.2 569.9 386.1 570.3 383.1 574.6 378.7 578.5 384.8 579.0 0.9932
432.7 534.2 17.6 22.9 339.8 366.8 344.3 366.6 342.6 369.2 340.5 371.7 344.2 371.6 0.9927
714.4 333.9 10.4 12.3 437.1 544.1 445.1 543.1 441.7 548.8 439.5 553.2 445.3 552.4 0.9922
411.0 462.1 13.2 17.5 718.9 338.7 723.2 338.1 721.9 341.3 719.7 343.8 722.7 343.5 0.9917
906.9 316.8 10.2 11.9 414.3 467.0 420.9 468.0 416.8 471.0 414.1 474.8 419.2 475.5 0.9913
53.6 327.0 11.0 12.8 908.4 321.0 912.1 321.3 909.1 323.7 908.7 326.1 911.4 326.2 0.9901
88.6 317.9 11.9 14.4 56.3 331.2 61.5 331.2 58.9 334.0 56.9 336.7 60.9 336.7 0.9897
346.3 295.7 9.9 11.4 91.9 322.6 97.4 322.6 94.8 325.8 92.4 328.8 96.8 328.8 0.9894
617.4 486.0 13.8 17.5 348.5 299.7 352.8 300.0 350.2 302.2 348.8 304.4 352.1 304.5 0.9891
387.7 387.1 10.4 12.3 621.8 491.8 628.1 491.5 625.4 495.3 622.9 499.1 627.8 498.9 0.9891
619.3 296.2 9.4 11.1 391.5 391.6 395.6 391.0 394.4 393.7 392.6 396.4 395.9 396.1 0.9889
350.9 508.8 17.6 20.9 621.5 300.0 625.7 300.0 623.4 302.5 622.0 304.7 625.1 304.7 0.9888
654.2 297.9 11.4 13.8 355.1 514.5 363.2 514.0 359.2 518.7 356.1 523.7 362.8 523.3 0.9876
152.5 301.3 9.8 11.9 656.7 303.5 661.9 303.4 659.2 306.2 657.5 308.7 661.6 308.6 0.9859
263.1 20.9 7.6 10.1 795.3 396.9 799.8 397.1 797.1 400.0 796.3 401.7 799.1 401.8 0.9858
877.5 467.5 13.6 18.2 154.9 305.8 159.3 305.7 157.0 308.1 155.4 310.4 159.0 310.4 0.9842
848.1 303.6 9.4 11.7 267.2 24.4 269.5 24.4 269.2 26.5 267.3 28.4 269.0 28.6 0.9834
953.9 24.5 10.3 11.6 886.6 475.1 889.0 474.9 889.6 479.2 885.7 482.2 887.1 482.2 0.9816
578.7 23.4 9.6 10.7 851.4 308.5 855.5 308.5 853.8 310.9 851.7 313.1 855.0 313.2 0.9815
88.8 375.4 12.8 15.4 956.7 28.9 961.4 28.9 959.1 31.4 957.3 33.7 960.9 33.7 0.9793
705.2 32.4 10.7 13.8 581.1 26.6 585.4 26.6 583.1 28.9 581.5 31.2 585.0 31.2 0.9785
206.4 295.5 9.7 11.4 94.0 381.1 99.3 380.9 97.5 384.2 94.7 387.4 98.8 387.4 0.9778
834.1 21.9 11.4 14.1 707.9 37.8 712.9 37.5 710.4 40.7 708.8 43.4 712.6 43.2 0.9752
132.6 379.1 11.0 13.5 208.8 299.3 213.2 299.4 210.7 301.7 209.1 304.2 212.6 304.2 0.9747
153.0 456.6 12.2 13.4 373.1 30.0 378.6 29.9 375.6 32.9 373.8 35.9 378.2 35.8 0.9731
1006.4 514.7 15.7 19.5 837.4 27.0 842.8 27.2 840.1 29.9 837.7 32.7 842.1 32.9 0.9731
522.8 367.5 10.1 11.5 138.1 383.7 141.9 383.0 141.4 386.2 139.2 389.3 142.0 388.9 0.9716
277.4 402.5 10.0 12.5 158.0 462.1 163.6 461.6 161.9 465.0 159.4 467.6 163.2 467.3 0.9701
960.0 590.7 14.6 17.5 1013.4 521.3 1019.6 522.3 1016.8 526.3 1012.3 529.3 1017.0 530.2 0.9674
453.4 463.1 12.7 16.5 35.6 496.9 37.9 496.5 38.4 499.7 35.8 502.6 37.2 502.5 0.9663
370.1 423.1 12.0 13.2 524.1 372.8 527.1 372.4 525.4 375.4 526.2 377.4 528.1 376.9 0.9637
520.2 287.0 9.3 10.5 280.3 407.6 284.9 407.5 282.8 410.1 280.9 412.5 284.5 412.4 0.9609
165.4 374.9 11.7 13.1 965.3 597.2 969.3 596.1 968.5 600.2 968.1 604.2 970.8 603.3 0.9511
37.0 422.5 12.5 15.6 456.9 467.4 462.7 467.4 459.9 470.4 457.2 474.4 462.3 474.4 0.9448
240.1 444.8 11.3 14.1 372.4 427.6 377.8 428.2 374.4 431.2 372.6 433.4 376.4 433.8 0.9418
49.4 530.8 14.1 16.9 421.6 36.4 426.4 36.3 423.9 38.9 422.3 41.5 426.1 41.4 0.9293
958.8 472.2 13.0 14.7 523.4 290.8 527.4 290.6 525.7 293.1 524.0 295.1 527.0 295.1 0.9224
749.5 22.4 10.0 11.9 168.1 379.4 173.6 379.1 170.9 382.0 169.1 384.8 173.5 384.6 0.9198
991.8 18.0 11.0 11.9 245.3 412.7 249.6 412.5 247.4 415.3 246.2 417.3 249.2 417.1 0.9159
487.6 301.6 10.1 12.1 40.6 430.8 46.2 430.5 43.6 433.8 41.7 435.9 45.7 435.7 0.9082
279.8 357.2 10.5 12.2 245.1 449.8 249.7 449.4 248.5 452.6 246.0 455.8 249.4 455.6 0.9006
665.0 405.8 10.5 12.2 787.1 22.7 791.8 22.4 789.8 25.0 788.0 27.6 791.6 27.4 0.8999
204.2 15.9 9.4 11.6 57.6 536.3 61.4 536.3 60.9 540.1 57.0 543.3 59.7 543.4 0.8964
830.1 373.4 11.1 13.3 411.0 353.2 412.9 352.9 413.4 355.5 411.2 358.1 412.5 358.0 0.8931
219.4 366.6 11.2 13.8 962.1 477.7 968.0 478.4 964.5 481.4 962.2 483.8 966.3 484.3 0.8897
961.1 402.0 17.9 21.2 42.3 377.7 47.6 377.7 45.1 380.9 42.8 383.8 47.1 383.7 0.8856
711.0 432.3 11.3 13.1 751.0 26.1 754.9 26.0 752.2 28.8 751.6 31.4 754.5 31.3 0.8733
918.4 478.1 12.0 18.0 996.6 23.0 1000.7 23.9 998.6 26.2 995.9 27.6 998.6 28.4 0.8546
876.7 310.8 8.7 10.0 668.7 40.1 672.1 39.7 671.6 42.7 669.8 45.5 672.2 45.2 0.8387
374.5 352.1 10.3 12.9 317.4 355.2 321.8 355.6 319.0 357.9 317.4 359.9 320.8 360.2 0.8076
299.6 278.6 9.4 11.1 489.9 305.7 494.5 305.8 492.0 308.6 490.2 311.0 493.7 311.0 0.7827
583.3 280.5 9.1 11.6 282.6 361.4 287.4 361.3 285.0 363.8 283.2 366.5 287.2 366.3 0.7803
430.7 349.1 10.3 11.8 668.8 410.0 673.4 410.1 671.4 412.7 669.2 415.3 672.7 415.4 0.7705
243.5 371.2 9.7 11.2 206.8 21.3 211.3 20.9 209.5 23.4 207.8 25.8 211.4 25.5 0.7681
190.9 387.8 11.3 13.8 831.7 379.3 834.8 378.6 832.7 381.9 833.6 384.7 835.7 384.0 0.7485
631.9 19.3 8.7 10.6 222.8 371.7 227.6 371.0 226.0 374.4 224.4 377.5 228.0 377.0 0.7431
268.4 292.4 8.4 10.0 966.8 410.0 974.9 409.7 971.4 414.3 968.1 418.0 974.3 417.8 0.6499
182.2 309.7 10.0 11.0 547.0 44.9 550.7 45.0 548.7 46.8 547.1 48.6 550.1 48.7 0.6370
865.4 379.9 10.3 12.8 713.5 437.0 719.0 437.1 715.9 440.0 713.9 442.8 718.3 442.9 0.6286
698.0 19.1 9.1 10.6 813.7 379.5 818.7 379.8 816.1 382.8 814.0 385.2 817.6 385.4 0.5758
415.0 424.7 10.7 12.9 920.6 484.0 922.8 484.2 920.1 487.9 921.3 492.0 922.8 491.9 0.5743
153.7 396.8 11.2 12.8 878.3 314.6 881.5 314.6 879.4 316.8 879.0 318.7 881.3 318.6 0.5318
493.4 455.5 11.4 14.1 678.1 304.2 682.6 303.9 680.6 306.8 678.7 309.1 682.3 309.0 0.5257
738.6 583.1 19.2 22.1 555.5 31.7 560.9 31.7 558.8 34.6 556.2 37.3 560.3 37.4 0.5013
