47--Matador_Bullfighter/47_Matador_Bullfighter_matadorbullfighting_47_452.jpg
67
416.5 268.2 47.2 35.6 427.8 287.5 433.5 286.0 432.2 297.3 444.2 299.0 445.9 297.4 0.9997
47.5 177.4 18.1 22.2 53.1 186.8 61.4 186.5 57.7 192.0 54.7 195.7 60.3 195.5 0.9981
237.6 159.8 19.0 23.2 242.4 169.0 251.1 168.5 246.9 173.5 243.9 177.8 250.5 177.4 0.9976
961.9 140.5 17.7 25.3 966.0 150.6 973.9 151.1 969.1 155.7 966.2 160.0 972.6 160.3 0.9975
24.8 234.5 18.9 25.9 30.1 244.5 39.0 244.6 34.7 250.1 31.1 254.6 37.8 254.7 0.9975
985.3 215.0 20.4 24.6 989.4 226.1 997.4 223.2 994.2 229.9 993.7 235.3 999.7 233.0 0.9974
126.5 155.2 15.7 19.5 129.6 162.1 136.7 162.2 132.2 166.4 130.3 170.5 135.9 170.5 0.9970
784.7 156.2 19.6 24.5 789.6 166.4 798.6 166.6 793.9 171.8 790.9 175.6 797.2 175.7 0.9970
911.6 152.5 16.1 19.8 915.0 160.1 922.2 160.0 918.0 164.1 916.0 168.0 921.7 167.8 0.9964
76.6 214.2 15.4 19.9 80.2 221.9 87.3 221.6 83.6 225.8 81.3 229.8 86.5 229.6 0.9963
105.7 178.9 17.2 23.0 109.5 189.0 117.3 188.1 113.6 192.9 111.5 197.5 117.3 196.7 0.9962
303.6 186.8 16.0 21.8 308.9 195.7 315.6 195.7 312.7 200.2 309.5 204.3 314.8 204.4 0.9961
973.3 8.9 17.7 23.7 978.1 18.7 986.0 18.9 982.0 23.3 979.0 27.3 984.7 27.5 0.9956
992.8 184.7 18.1 24.0 997.6 194.7 1005.9 195.8 1000.9 200.4 997.4 203.8 1003.5 204.6 0.9953
189.8 215.1 19.1 23.7 194.2 227.0 202.2 225.1 198.9 230.7 197.4 235.0 203.2 233.5 0.9952
932.0 64.1 16.8 19.9 936.5 71.6 944.5 71.9 940.4 75.5 937.6 79.6 943.1 79.8 0.9950
441.0 198.7 18.8 23.4 447.8 207.1 456.3 207.0 453.0 212.1 449.0 216.4 455.3 216.4 0.9950
840.8 150.7 18.0 21.9 845.0 162.0 852.8 160.6 849.5 166.0 847.9 169.6 853.4 168.5 0.9946
188.0 144.1 17.6 24.2 193.4 153.8 201.4 153.5 197.7 158.1 194.7 162.9 200.7 162.6 0.9944
295.1 25.4 16.3 20.2 299.4 33.0 306.5 33.3 302.6 37.2 299.8 41.1 305.6 41.2 0.9941
75.3 156.6 16.4 19.1 80.5 164.1 87.1 163.3 84.9 168.0 82.2 172.2 87.2 171.7 0.9941
931.1 192.2 16.7 22.7 933.8 201.4 941.2 202.0 936.5 206.6 934.5 210.2 940.1 210.6 0.9936
142.8 240.7 18.1 22.4 148.2 250.5 156.4 251.8 151.8 255.7 148.0 258.9 153.7 260.0 0.9936
359.5 184.5 17.3 23.1 363.4 194.1 370.7 194.1 366.6 198.3 364.4 202.5 369.8 202.4 0.9933
228.3 181.4 19.4 24.4 232.2 192.1 240.9 192.1 235.8 197.7 233.5 201.5 239.8 201.4 0.9933
783.9 213.1 17.4 22.2 787.9 221.4 795.7 221.6 791.3 225.8 788.4 230.0 794.7 230.1 0.9933
0.0 178.3 11.2 22.0 -2.0 185.8 6.2 185.2 2.1 189.0 -0.8 194.4 5.9 193.9 0.9932
21.5 207.7 20.0 23.5 28.2 216.1 36.8 217.3 31.9 220.8 27.5 224.7 34.3 225.8 0.9930
708.5 213.5 17.5 23.6 713.1 223.6 721.6 223.4 717.5 228.5 714.2 232.9 720.9 232.7 0.9927
52.7 57.0 16.8 22.2 56.4 68.4 63.9 67.3 60.3 72.4 58.8 76.1 63.9 75.3 0.9925
618.8 91.9 17.9 22.7 621.7 101.0 629.4 100.9 624.7 105.8 623.2 110.2 628.4 109.9 0.9924
1002.2 154.3 14.7 19.4 1006.2 162.7 1013.6 162.9 1010.0 166.9 1007.1 170.2 1012.4 170.4 0.9923
97.8 19.8 15.9 21.7 101.8 28.0 109.7 27.4 106.1 32.2 103.4 36.8 109.3 36.4 0.9921
193.6 57.0 16.5 22.0 198.2 65.7 205.7 66.0 201.7 70.1 198.5 74.1 204.4 74.3 0.9914
255.0 63.2 16.5 21.6 260.2 70.9 267.8 72.3 263.5 75.4 259.9 79.3 265.3 80.4 0.9914
161.9 183.8 18.2 23.3 166.0 194.4 173.9 193.4 170.4 198.6 168.4 202.9 174.5 202.1 0.9914
825.2 219.1 16.8 21.9 828.6 229.0 836.3 228.2 832.4 233.8 831.0 237.6 836.2 236.9 0.9913
40.8 127.2 16.7 23.1 46.7 137.5 54.2 136.6 51.5 141.9 48.4 145.9 53.9 145.3 0.9905
773.6 258.0 20.0 25.8 779.7 268.8 788.4 267.8 785.2 273.3 781.8 278.4 788.7 277.8 0.9894
816.7 185.7 17.8 21.9 820.8 195.0 829.1 194.2 825.4 199.0 822.7 203.5 829.4 202.9 0.9886
847.3 260.4 19.0 26.1 852.7 271.0 861.7 271.4 857.0 276.7 853.2 281.1 859.8 281.5 0.9886
317.1 225.7 16.1 20.1 320.1 234.7 326.9 233.5 323.4 238.3 322.3 242.0 327.4 241.0 0.9880
76.4 247.2 17.4 22.0 79.7 255.2 88.0 255.5 82.9 258.5 79.9 263.3 86.5 263.5 0.9864
48.8 34.8 15.0 20.0 54.0 43.9 61.2 44.0 58.2 48.2 54.8 51.4 59.9 51.5 0.9853
534.9 159.8 17.8 22.5 537.4 169.8 542.1 168.9 538.5 174.1 540.2 178.4 543.3 177.5 0.9812
124.3 211.3 16.8 21.7 126.6 220.5 132.8 221.7 127.4 225.3 126.3 228.7 130.6 229.4 0.9793
223.8 24.6 17.9 24.6 228.2 36.4 236.4 36.3 232.3 41.5 229.6 45.0 235.3 45.0 0.9745
302.1 158.8 17.0 20.0 307.3 165.5 314.8 165.7 311.1 170.1 307.8 173.8 313.7 173.9 0.9736
953.7 216.1 18.7 26.6 957.2 226.4 963.8 226.2 958.8 231.9 958.2 236.9 963.1 236.6 0.9703
123.1 57.2 16.3 20.2 127.7 65.0 135.6 64.7 132.0 69.8 129.5 73.6 134.8 73.3 0.9675
855.3 185.4 18.7 25.9 860.1 198.2 868.6 197.8 864.3 203.1 861.7 207.3 867.9 207.0 0.9670
975.4 56.6 18.3 23.2 979.3 67.6 987.7 65.7 984.2 71.9 982.8 76.6 988.7 75.1 0.9634
273.4 237.6 17.2 22.5 280.1 247.3 288.1 246.5 285.8 251.7 282.2 255.8 287.8 255.2 0.9585
342.7 27.0 15.1 19.6 347.1 34.8 354.2 34.8 350.7 38.8 347.9 42.6 353.1 42.6 0.9573
608.4 169.7 16.7 22.5 614.8 178.2 621.4 177.9 619.2 182.5 615.7 187.0 620.9 186.8 0.9377
884.4 265.5 23.0 26.9 889.5 278.1 898.7 275.0 895.3 282.4 894.6 287.9 901.2 285.4 0.9325
736.9 194.7 19.4 24.5 742.9 204.6 751.5 204.2 747.8 209.8 744.5 214.2 750.9 213.9 0.9257
13.5 150.3 21.3 25.7 18.1 160.1 28.1 159.4 23.1 165.7 20.3 170.8 27.7 170.2 0.9150
878.2 229.4 17.4 19.3 882.4 236.3 890.1 236.0 885.9 240.6 883.9 244.8 889.7 244.5 0.8854
472.8 199.8 14.7 20.0 476.2 207.7 480.4 207.8 476.9 211.9 476.7 215.9 479.9 215.9 0.8061
210.4 160.4 13.5 18.7 216.8 168.0 220.8 167.9 219.9 171.8 217.2 175.2 220.1 175.2 0.7884
325.2 62.0 15.9 17.7 330.1 68.7 337.3 68.2 334.2 72.9 331.5 76.5 336.6 76.1 0.7447
388.4 219.6 14.2 21.1 391.7 226.3 393.2 227.1 389.2 231.1 390.7 235.7 391.5 236.1 0.7233
269.7 4.9 14.0 15.5 274.1 9.8 280.8 9.8 277.8 13.4 274.9 16.8 280.0 16.9 0.6411
947.4 268.5 21.8 26.0 951.1 280.5 960.2 279.8 955.0 286.4 953.8 291.5 960.3 290.8 0.5895
667.1 177.2 15.5 18.4 671.6 184.2 677.8 183.9 675.0 188.2 672.8 192.2 677.5 191.9 0.5862
559.3 233.8 18.0 20.9 563.3 241.2 572.5 239.9 568.5 245.1 565.3 250.1 572.6 249.2 0.5015
