47--Matador_Bullfighter/47_Matador_Bullfighter_matadorbullfighting_47_363.jpg
17
857.6 101.8 41.0 51.1 866.8 124.0 885.7 124.5 874.7 133.9 868.3 141.1 883.3 141.5 0.9996
230.4 83.4 38.5 47.9 245.3 103.3 262.5 102.7 257.4 109.9 249.0 120.4 261.6 120.1 0.9995
704.0 79.7 40.1 50.2 717.5 96.6 735.8 97.8 727.7 105.3 718.9 116.4 732.8 117.4 0.9995
440.3 40.9 33.8 39.5 450.0 53.1 466.2 52.7 459.0 59.9 452.3 69.2 465.4 68.8 0.9994
130.4 66.8 45.5 57.0 149.4 93.2 168.1 93.0 161.2 105.6 150.2 113.4 163.5 113.5 0.9993
486.3 84.0 40.1 44.3 497.7 99.0 515.8 100.6 505.8 109.0 498.1 116.5 512.2 117.7 0.9993
338.3 47.9 37.7 40.6 349.5 61.1 366.3 59.9 359.0 69.3 352.5 78.1 365.6 77.2 0.9989
194.8 47.3 36.2 45.5 211.1 62.2 226.3 63.0 221.9 71.5 213.3 81.4 224.2 82.1 0.9988
767.6 98.3 36.5 44.5 781.3 111.8 797.4 113.8 790.5 121.0 781.6 129.5 794.4 131.2 0.9986
265.6 70.3 34.5 43.7 275.3 87.0 291.5 84.5 285.7 92.7 279.9 103.3 292.6 101.3 0.9984
758.9 178.2 39.9 71.0 764.8 209.3 769.3 208.2 761.8 224.4 772.3 234.6 775.4 233.3 0.9984
345.4 103.0 34.1 38.8 361.4 118.0 375.0 116.9 373.0 124.4 365.7 133.1 375.4 132.4 0.9983
605.0 106.0 34.8 42.8 613.9 123.3 630.3 123.4 622.1 131.1 615.6 138.8 628.7 138.8 0.9981
107.2 18.6 37.1 45.5 121.1 33.3 138.0 34.9 131.4 42.7 122.4 52.2 135.0 53.4 0.9979
964.6 116.9 36.3 44.0 973.1 135.4 989.9 137.4 979.7 143.1 973.6 150.8 986.0 152.4 0.9977
891.4 49.0 40.8 43.9 901.2 63.3 919.5 63.5 909.7 72.8 902.7 80.9 917.3 81.1 0.9974
531.7 47.6 37.8 47.7 541.6 64.7 559.2 62.2 551.9 72.7 546.2 83.7 559.9 81.7 0.9960
