47--Matador_Bullfighter/47_Matador_Bullfighter_Matador_Bullfighter_47_769.jpg
14
321.4 67.9 23.1 30.5 328.1 79.8 338.8 81.1 333.0 87.2 328.0 91.6 336.2 92.6 0.9976
456.5 0.0 23.2 23.1 461.5 5.9 471.7 4.5 466.8 11.7 464.4 17.2 471.9 16.1 0.9943
961.4 85.3 19.3 24.2 966.2 94.7 975.6 95.0 970.7 100.3 966.9 104.6 973.9 104.8 0.9919
829.1 21.3 18.7 21.2 834.0 29.7 842.5 29.8 838.1 34.7 835.2 38.3 841.3 38.2 0.9913
354.9 0.0 23.1 21.8 361.3 4.2 371.5 3.8 366.8 10.2 363.3 15.5 370.5 15.3 0.9812
22.4 121.7 21.8 28.8 28.2 134.4 38.6 133.8 33.8 140.0 30.2 145.0 37.7 144.5 0.9805
899.5 18.3 19.2 24.5 904.2 27.5 913.6 27.9 908.4 33.0 905.0 37.6 912.0 37.9 0.9661
259.9 0.0 20.7 21.8 266.6 5.0 276.3 4.6 272.5 10.6 268.2 15.8 275.5 15.6 0.9623
860.0 135.6 24.8 33.8 864.1 149.5 875.0 151.4 867.3 157.7 864.0 162.5 871.8 163.8 0.9611
772.9 326.3 27.1 38.0 778.5 338.2 780.7 338.8 773.8 345.9 778.3 354.2 779.8 354.0 0.9552
49.3 0.0 26.0 23.7 55.6 3.4 67.5 2.3 61.9 10.5 58.4 16.8 67.2 15.9 0.9276
166.6 0.0 22.3 20.7 173.0 3.0 183.6 1.9 179.2 9.2 175.6 14.9 183.4 14.1 0.9139
858.5 68.9 19.8 26.9 863.0 77.5 872.2 78.9 866.1 84.2 862.6 89.2 869.9 90.2 0.8718
420.6 97.2 21.2 24.1 741.1 4.5 754.9 4.1 747.0 13.8 744.2 20.7 754.4 20.0 0.5458
