47--Matador_Bullfighter/47_Matador_Bullfighter_matadorbullfighting_47_488.jpg
9
833.6 505.7 34.3 38.5 842.1 518.9 857.7 520.4 848.4 527.8 842.4 534.0 854.5 535.1 0.9987
789.4 187.4 26.8 35.3 797.1 200.5 809.4 201.0 803.1 206.9 798.0 213.9 807.6 214.2 0.9987
246.1 404.4 36.3 56.9 272.3 427.3 276.4 426.4 276.5 441.9 265.0 450.5 266.8 450.1 0.9966
605.1 351.2 30.1 33.5 612.6 364.2 626.5 364.5 619.2 370.2 614.2 377.4 624.4 377.6 0.9952
309.4 470.4 42.3 54.9 315.8 494.0 334.4 490.6 324.1 502.8 321.0 513.1 336.0 510.3 0.9947
690.1 359.3 28.6 34.8 694.9 370.0 705.7 371.6 696.3 376.7 693.4 383.9 701.5 385.0 0.9924
947.5 457.2 36.9 49.7 961.0 477.8 977.0 477.9 970.1 487.0 962.2 495.6 975.3 495.7 0.9856
942.5 525.4 29.7 28.6 948.6 539.3 959.0 537.2 954.3 545.8 954.7 549.7 961.7 547.8 0.9854
650.8 369.4 31.1 38.2 654.2 383.2 665.4 382.7 657.5 392.6 657.9 399.5 666.1 398.7 0.8446
