47--Matador_Bullfighter/47_Matador_Bullfighter_matadorbullfighting_47_232.jpg
12
621.6 505.6 55.5 78.5 627.8 537.7 640.7 534.0 627.1 554.6 640.3 568.2 648.7 564.3 0.9994
247.3 481.0 27.2 31.3 255.6 491.4 267.1 490.6 261.9 497.8 257.2 503.9 266.8 503.3 0.9994
5.3 491.8 25.2 34.0 15.4 506.1 26.6 506.2 22.5 512.7 16.6 518.6 24.9 518.8 0.9984
135.8 497.4 21.8 25.2 144.4 506.1 153.6 506.3 150.1 512.1 145.5 516.7 152.2 516.9 0.9976
795.7 472.2 26.0 30.2 801.7 481.9 813.7 481.9 807.3 488.3 803.0 494.3 812.7 494.3 0.9976
425.2 417.6 22.0 28.1 430.2 425.8 440.7 426.1 434.9 432.2 431.1 438.2 439.3 438.4 0.9949
53.1 417.7 20.1 24.1 59.7 425.0 68.1 424.4 64.6 430.1 61.3 435.2 67.7 434.7 0.9931
661.5 387.0 26.4 32.5 666.5 399.2 679.4 398.9 671.7 404.2 667.6 411.6 677.5 411.4 0.9927
524.7 468.8 26.7 29.0 533.8 479.3 546.2 478.8 541.3 485.2 535.7 491.0 545.5 490.7 0.9923
786.9 359.7 25.8 36.6 792.4 373.4 804.3 373.1 797.8 381.7 793.9 387.4 804.5 387.0 0.9885
247.0 375.8 26.5 36.5 258.6 389.5 270.1 389.7 266.4 397.7 259.0 405.3 268.0 405.8 0.7195
886.8 490.9 27.7 29.3 892.9 499.7 905.6 499.6 898.1 505.8 894.0 512.1 904.0 512.1 0.6520
