47--Matador_Bullfighter/47_Matador_Bullfighter_matadorbullfighting_47_342.jpg
20
544.5 230.5 45.3 40.9 563.1 250.0 580.5 251.9 571.8 262.8 559.6 265.1 570.2 267.0 0.9998
159.5 162.2 23.1 25.5 165.5 171.7 176.1 171.0 171.1 177.6 167.7 182.2 175.5 181.6 0.9992
233.1 170.2 23.4 27.5 240.3 179.8 250.7 180.0 245.8 185.9 241.3 190.9 249.3 191.0 0.9992
792.2 239.2 20.7 27.4 801.7 249.5 810.4 250.0 807.9 255.2 802.1 259.7 809.0 260.3 0.9991
389.5 167.7 21.0 27.2 396.0 178.3 405.6 178.8 400.7 184.2 396.3 188.5 403.6 189.0 0.9991
860.7 234.2 24.2 28.1 865.7 243.4 876.8 243.2 870.7 249.0 866.9 255.0 876.1 254.8 0.9988
441.0 149.7 21.2 30.4 442.6 163.4 446.3 163.2 442.1 169.5 447.1 174.7 449.3 174.2 0.9983
487.2 145.2 23.8 31.2 492.4 157.4 503.1 157.3 497.3 163.0 493.8 169.1 501.9 169.1 0.9983
927.9 155.0 18.8 24.4 930.1 164.4 931.7 163.9 929.5 170.6 935.6 174.5 936.5 173.8 0.9981
864.0 110.2 16.4 18.8 869.1 118.0 876.5 118.4 872.8 122.6 869.7 125.3 875.0 125.7 0.9978
835.5 102.7 12.4 15.2 839.8 109.4 845.4 109.5 842.9 112.6 840.4 115.1 844.3 115.2 0.9970
605.0 243.3 20.9 26.3 610.9 254.4 620.4 255.3 615.4 259.9 611.2 264.0 618.5 264.6 0.9968
170.7 131.2 22.1 24.8 180.0 140.4 189.1 140.9 186.2 144.9 180.9 149.7 188.1 150.3 0.9951
729.5 187.2 11.2 14.5 735.8 193.1 739.1 192.8 739.1 195.9 736.6 198.8 738.7 198.7 0.9931
341.6 164.2 28.5 26.6 353.0 177.0 363.8 177.2 358.5 183.9 352.7 186.3 359.2 186.6 0.9910
74.5 146.0 20.9 25.0 80.8 155.3 91.1 154.8 86.8 160.8 82.5 166.3 90.6 166.0 0.9460
787.9 165.5 13.8 20.6 796.4 173.7 799.6 173.0 800.4 177.4 797.4 181.6 799.5 181.2 0.8765
843.9 185.3 12.8 17.1 851.5 191.6 855.2 191.6 854.7 195.6 851.7 199.0 854.0 199.2 0.8350
889.0 223.4 20.8 27.1 896.7 231.9 905.7 231.6 902.7 236.3 898.7 242.5 905.8 242.3 0.7970
825.1 233.4 17.5 20.4 828.3 239.7 836.7 239.7 831.9 244.2 829.1 248.4 836.2 248.3 0.5995
