47--Matador_Bullfighter/47_Matador_Bullfighter_matadorbullfighting_47_494.jpg
19
390.0 187.0 11.0 14.5 392.4 193.3 397.4 192.9 394.8 196.4 393.6 199.1 397.1 198.7 0.9952
41.8 153.7 15.1 19.4 45.9 161.2 52.6 161.2 49.3 165.1 46.4 168.2 52.4 168.2 0.9952
299.1 165.6 14.6 18.2 302.6 172.6 309.3 172.5 305.8 176.0 303.5 179.6 308.8 179.5 0.9937
261.3 174.5 12.7 17.2 264.8 181.0 270.4 181.0 267.7 184.3 265.4 187.5 270.0 187.5 0.9937
545.6 117.6 10.9 13.4 548.7 123.0 553.7 123.0 551.1 125.6 549.1 128.0 553.1 128.1 0.9918
792.6 154.2 11.5 15.4 794.4 160.4 799.3 160.6 795.9 163.7 795.0 166.4 798.5 166.5 0.9895
173.0 226.5 14.7 17.9 177.5 233.6 184.3 233.9 180.8 237.4 177.7 240.5 183.0 240.8 0.9887
438.3 219.5 15.7 17.7 442.8 224.9 450.1 224.3 446.8 228.6 444.1 232.8 449.7 232.4 0.9878
418.4 172.0 10.6 14.4 419.8 177.3 423.1 177.4 420.1 180.3 420.4 183.2 422.8 183.1 0.9771
490.9 114.4 11.3 15.0 494.2 119.2 499.5 119.3 497.0 122.1 494.5 125.3 498.9 125.4 0.9749
62.2 214.1 13.0 16.4 67.7 219.3 72.6 218.7 71.8 222.5 69.2 226.3 72.8 226.0 0.9572
12.7 226.1 14.6 18.5 16.5 233.9 23.4 233.1 20.6 237.4 18.4 241.3 23.6 240.6 0.9564
30.4 220.4 14.0 17.9 36.5 226.5 42.4 227.4 40.2 230.4 36.6 233.6 41.0 234.4 0.9438
97.2 175.0 15.0 17.9 100.7 182.6 107.6 181.6 104.6 186.2 102.7 189.4 107.9 188.7 0.9224
964.1 214.0 15.1 18.3 967.7 219.8 975.0 220.3 971.0 224.0 967.9 227.6 973.7 227.9 0.8991
778.6 152.2 11.9 15.7 781.9 158.7 787.7 158.3 785.0 161.9 783.0 165.2 787.5 164.9 0.8777
158.6 127.8 10.1 12.9 161.0 132.8 165.8 132.8 163.4 135.4 161.6 138.0 165.5 137.9 0.7851
364.3 188.3 9.4 12.5 368.8 192.6 372.1 192.7 371.0 195.6 368.8 197.8 371.2 198.0 0.5362
570.7 165.9 13.1 15.6 573.4 171.4 579.5 171.7 575.8 175.0 573.8 178.1 578.5 178.3 0.5047
