47--Matador_Bullfighter/47_Matador_Bullfighter_matadorbullfighting_47_218.jpg
12
726.2 360.4 46.6 62.3 732.6 386.1 743.7 384.3 733.9 400.2 742.6 410.0 750.1 407.9 0.9994
297.6 375.0 19.1 23.4 304.3 383.8 313.2 384.6 309.5 388.0 305.1 392.7 311.7 393.4 0.9987
327.9 365.2 17.9 23.4 331.7 375.5 339.6 373.9 336.3 379.2 334.4 384.1 340.6 382.7 0.9986
875.1 359.5 25.6 32.0 881.2 374.6 892.1 371.9 887.7 378.5 885.2 385.1 893.6 383.0 0.9980
409.9 363.7 17.7 20.3 415.0 370.4 423.1 370.3 419.2 374.7 415.9 378.8 422.2 378.7 0.9977
7.0 365.3 21.3 25.1 13.3 374.0 22.8 373.0 18.9 378.5 15.4 384.0 23.0 383.1 0.9972
476.9 373.8 21.0 22.5 481.9 381.4 491.4 381.0 486.3 386.5 483.6 391.1 490.7 390.7 0.9945
322.6 294.9 16.0 20.9 327.3 302.2 335.1 301.8 332.0 305.0 328.7 310.2 335.0 309.9 0.9928
132.5 375.4 20.9 24.7 139.1 386.1 148.6 385.2 145.0 390.9 141.3 395.8 148.6 395.2 0.9890
206.2 361.8 22.9 26.7 213.0 371.5 223.2 371.1 218.6 377.3 215.0 382.4 222.7 382.1 0.9835
402.5 282.7 17.6 22.2 406.7 290.7 415.4 290.0 411.4 295.0 408.2 299.9 415.3 299.3 0.9771
71.6 367.4 18.0 20.4 410.9 299.0 419.6 298.4 415.7 303.7 412.5 308.0 419.2 307.5 0.7821
