47--Matador_Bullfighter/47_Matador_Bullfighter_matadorbullfighting_47_522.jpg
17
322.6 312.2 25.5 33.9 336.0 324.7 344.5 326.1 342.1 331.8 335.2 337.2 341.9 338.5 0.9997
429.1 400.2 32.7 41.9 438.6 416.1 453.6 415.0 447.1 424.7 441.0 432.3 453.1 431.6 0.9987
397.8 346.9 21.1 27.8 404.8 358.9 414.6 359.2 410.1 364.0 405.5 368.7 413.0 369.0 0.9986
672.9 297.5 22.7 30.1 680.0 309.6 690.5 309.6 685.9 315.3 681.1 320.7 689.6 320.7 0.9985
981.1 458.3 31.1 37.9 993.5 472.2 1005.9 475.8 999.1 482.1 991.4 486.8 1000.5 489.6 0.9972
186.8 499.4 34.6 43.0 206.3 514.7 218.4 514.4 217.2 523.7 207.5 532.1 216.2 532.1 0.9967
629.8 241.2 16.1 19.9 634.3 248.0 641.6 248.2 637.9 251.1 635.0 255.7 640.8 255.8 0.9953
936.9 453.9 22.2 32.4 945.0 467.6 955.1 467.6 950.8 473.9 945.8 479.5 953.5 479.6 0.9952
232.6 444.5 29.3 39.0 238.2 458.6 251.7 457.6 244.3 465.3 240.2 473.1 251.7 472.1 0.9945
208.9 248.2 16.9 21.4 213.1 255.9 220.7 255.5 216.9 259.5 214.1 264.2 220.4 263.9 0.9938
640.7 264.7 14.9 19.4 644.3 272.2 651.4 272.3 647.6 276.1 644.9 279.7 650.6 279.8 0.9932
915.1 466.5 27.9 36.3 928.8 479.4 939.0 480.4 935.6 487.5 927.6 493.0 936.2 494.0 0.9924
137.4 236.0 15.8 21.7 950.8 274.5 961.0 273.9 956.6 279.9 952.8 285.9 960.5 285.4 0.9826
34.0 519.6 36.4 44.9 142.6 245.2 149.9 244.8 146.9 248.8 143.7 252.8 149.6 252.5 0.9799
882.6 250.4 13.2 17.2 58.8 535.2 65.9 535.5 67.3 546.6 55.9 554.2 60.4 555.2 0.9789
647.2 426.1 32.0 36.1 886.1 255.9 892.5 256.1 889.2 259.3 886.2 262.9 891.7 263.0 0.9484
569.1 251.7 12.2 15.6 653.9 438.6 668.4 437.9 660.2 445.3 656.4 453.1 666.9 452.6 0.5332
