47--Matador_Bullfighter/47_Matador_Bullfighter_matadorbullfighting_47_278.jpg
9
978.2 393.3 24.2 31.4 982.4 407.2 992.4 406.5 986.4 413.3 984.6 418.6 992.2 418.0 0.9993
640.5 436.3 46.1 54.2 651.8 455.1 672.3 452.1 663.5 466.3 657.7 477.9 673.0 475.5 0.9991
727.4 395.0 24.4 31.0 732.8 405.6 743.6 405.6 736.9 410.5 733.1 417.5 741.9 417.5 0.9991
907.9 414.4 22.1 25.3 912.3 423.7 922.4 424.6 916.2 429.8 913.1 434.0 920.2 434.6 0.9987
457.4 467.1 26.8 34.1 462.7 482.5 474.0 481.2 467.8 487.7 465.1 494.0 473.9 493.0 0.9975
503.7 381.5 21.6 29.2 509.8 395.6 520.2 395.1 515.4 400.9 511.5 405.8 519.4 405.4 0.9922
7.8 457.4 19.8 25.1 10.3 465.2 15.4 465.1 10.3 471.0 11.5 476.5 15.1 476.2 0.9434
630.5 393.2 20.5 23.3 633.7 401.5 642.8 400.8 637.2 405.5 635.2 411.0 642.2 410.4 0.8590
618.9 394.7 17.1 22.4 622.2 403.4 629.5 402.6 625.4 407.4 624.0 412.7 629.4 412.0 0.6152
