47--Matador_Bullfighter/47_Matador_Bullfighter_Matador_Bullfighter_47_778.jpg
13
275.7 139.7 78.9 45.3 309.1 153.1 309.5 147.7 323.2 139.6 334.9 155.1 334.8 151.6 0.9996
861.5 83.8 19.5 26.7 866.8 94.9 876.0 94.7 871.4 99.7 868.0 105.1 874.8 105.0 0.9973
907.8 84.3 23.3 30.1 913.0 96.0 923.1 96.0 917.1 101.5 914.1 107.5 921.7 107.5 0.9965
818.5 101.0 21.0 26.4 822.0 111.1 831.3 112.0 824.7 117.2 822.4 121.8 828.9 122.3 0.9938
303.6 38.1 21.4 27.9 309.8 49.0 319.7 49.3 314.8 54.5 310.3 59.6 318.2 59.9 0.9901
226.0 34.8 20.4 25.4 232.0 44.7 242.4 45.1 237.3 50.6 232.7 55.1 240.4 55.4 0.9896
151.3 36.8 22.2 29.0 158.2 46.8 168.4 47.3 163.5 53.6 158.7 58.9 166.7 59.4 0.9873
654.9 92.2 21.8 28.2 661.1 103.5 671.0 103.4 666.0 108.9 662.1 114.0 670.1 114.0 0.9703
707.9 63.7 23.9 26.5 714.2 72.6 724.7 73.1 718.8 78.8 714.8 84.1 722.9 84.4 0.9115
372.1 50.2 19.7 23.6 377.6 56.5 386.1 57.0 381.4 62.1 377.8 67.1 384.4 67.5 0.8458
79.7 33.9 21.1 27.2 84.9 42.4 93.8 41.7 89.7 48.3 86.7 54.6 93.5 54.0 0.8392
756.5 89.8 17.1 20.0 761.5 95.6 769.7 95.4 766.3 100.0 762.9 104.8 769.2 104.7 0.8300
942.9 80.9 21.2 27.4 494.7 151.2 514.5 149.2 509.2 160.6 498.0 171.2 512.5 170.0 0.5990
