47--Matador_Bullfighter/47_Matador_Bullfighter_matadorbullfighting_47_481.jpg
11
48.7 370.2 32.9 41.1 52.9 386.5 66.1 386.3 56.3 393.8 54.4 401.6 64.7 401.3 0.9987
155.5 507.7 32.3 36.9 164.6 519.9 178.5 519.8 171.7 526.9 166.2 534.6 177.6 534.5 0.9985
716.1 513.5 28.7 38.2 724.2 528.0 737.3 527.2 731.4 534.7 726.7 542.8 736.6 542.2 0.9983
685.3 524.3 26.5 36.8 693.4 537.9 705.2 538.2 700.1 543.8 694.9 551.7 704.0 552.0 0.9976
366.5 513.7 37.8 46.9 377.5 530.7 395.3 531.2 386.7 538.9 378.7 548.1 393.5 548.6 0.9971
633.7 525.4 27.9 36.5 642.7 539.4 655.8 539.3 650.8 545.7 645.3 553.3 654.9 553.3 0.9966
473.1 430.8 67.4 70.4 494.9 459.2 526.0 453.7 515.9 475.7 505.3 489.0 526.7 484.9 0.9965
24.3 506.7 23.6 25.9 30.7 515.5 41.8 515.1 36.7 521.4 32.5 526.4 41.1 526.1 0.9942
953.7 535.0 33.5 36.5 961.7 547.6 976.4 548.0 968.3 556.1 963.1 563.2 973.7 563.5 0.9927
829.2 514.8 42.8 43.6 832.6 524.9 846.9 526.4 839.4 534.0 832.2 540.1 843.5 541.3 0.5983
257.5 545.6 21.3 30.1 842.4 528.6 863.5 528.4 854.6 538.1 845.7 547.3 861.3 547.2 0.5956
