47--Matador_Bullfighter/47_Matador_Bullfighter_matadorbullfighting_47_798.jpg
139
945.6 215.6 21.0 28.7 951.4 228.0 961.2 227.7 956.5 233.6 952.9 238.7 960.6 238.4 0.9982
804.6 33.6 17.2 22.4 808.9 42.2 817.6 41.5 813.8 46.4 810.9 51.2 817.4 50.7 0.9980
893.3 218.1 19.8 26.1 897.2 228.9 906.6 228.5 901.7 233.9 898.9 238.8 906.4 238.4 0.9979
966.9 33.0 20.0 26.3 971.5 44.2 980.9 43.8 976.1 49.4 973.1 54.0 979.9 53.7 0.9978
934.4 100.4 19.1 24.8 939.0 110.1 948.4 109.9 943.7 115.1 940.4 119.9 947.3 119.7 0.9975
517.3 245.4 22.0 27.8 522.8 258.9 532.3 256.6 528.6 263.4 526.8 268.9 533.6 267.2 0.9972
950.0 280.7 20.9 27.1 953.3 292.3 963.4 291.4 957.9 297.3 955.7 302.8 963.1 302.0 0.9972
888.5 161.2 19.0 26.6 892.8 172.3 901.1 172.3 896.4 177.7 893.8 182.4 900.0 182.4 0.9972
849.4 279.8 20.2 24.6 855.1 289.4 865.2 289.8 860.3 294.4 855.5 298.9 863.8 299.3 0.9968
992.6 131.5 18.9 23.5 997.2 141.2 1006.2 141.1 1001.6 145.8 998.2 150.2 1005.6 150.1 0.9968
581.7 248.6 22.6 28.9 585.9 260.6 595.0 259.7 589.6 265.8 588.0 271.4 594.7 270.6 0.9967
627.7 164.9 17.8 22.9 632.0 173.7 639.9 174.2 635.1 178.3 632.2 182.4 638.7 182.7 0.9965
768.1 213.9 19.5 24.4 772.4 224.7 780.7 223.9 776.4 229.1 774.4 233.9 781.0 233.2 0.9964
824.9 167.2 21.3 28.4 829.3 178.3 838.6 178.4 833.1 184.8 830.5 189.6 837.7 189.6 0.9962
909.8 338.7 21.8 26.2 913.9 347.6 923.2 347.8 917.2 353.7 914.8 358.8 921.9 358.8 0.9962
625.2 216.8 20.0 24.6 629.8 226.8 638.8 226.0 634.4 231.3 631.7 236.0 639.0 235.4 0.9961
843.0 306.4 19.6 22.6 847.1 315.2 856.6 315.1 851.6 320.2 848.4 324.7 855.8 324.5 0.9961
879.7 56.0 18.3 23.8 884.3 65.1 892.8 64.7 888.9 69.6 885.7 74.4 892.6 74.1 0.9960
777.8 281.9 19.8 25.1 782.8 292.1 792.3 292.3 787.1 297.0 783.3 301.5 791.2 301.7 0.9956
732.6 171.1 18.0 23.5 736.6 181.2 744.7 180.4 740.8 185.5 738.5 189.9 744.6 189.3 0.9954
617.4 101.4 19.6 24.7 622.7 110.8 631.8 111.3 626.7 115.9 622.8 120.3 630.3 120.7 0.9953
730.0 325.1 21.1 28.3 732.2 336.8 739.7 336.7 733.2 342.5 733.4 348.1 738.5 347.8 0.9952
770.5 89.3 19.5 25.2 775.1 99.2 783.6 98.3 779.4 103.8 777.1 108.9 783.7 108.2 0.9950
675.3 171.1 20.3 26.0 681.0 182.5 690.5 182.3 685.9 187.8 682.2 192.4 689.6 192.3 0.9947
703.0 26.4 15.8 21.5 706.6 34.4 714.0 34.3 710.0 38.5 707.7 43.1 713.2 42.9 0.9945
763.3 57.7 19.1 24.5 767.7 67.2 777.1 67.6 771.9 72.4 768.0 77.0 775.7 77.3 0.9945
721.7 280.1 19.1 24.2 727.8 289.0 736.1 289.0 732.1 293.6 728.5 298.4 735.2 298.4 0.9944
876.8 249.8 22.1 25.8 882.4 259.4 892.6 259.1 887.3 264.6 883.6 269.7 891.4 269.4 0.9944
33.7 251.4 19.5 25.5 38.7 264.3 47.4 264.2 43.0 270.0 40.4 273.4 46.5 273.4 0.9943
825.3 95.3 17.4 22.5 829.3 105.2 837.4 104.4 833.5 109.9 831.3 114.1 837.2 113.5 0.9941
552.5 27.2 16.2 21.1 554.9 34.7 561.9 34.4 557.7 39.3 556.5 43.7 561.8 43.4 0.9940
948.8 168.7 22.7 28.8 954.2 180.2 965.0 180.5 959.3 186.4 955.1 191.4 963.6 191.7 0.9938
825.6 62.1 17.8 23.1 829.7 70.2 838.1 70.9 833.2 74.6 830.0 79.3 836.4 79.8 0.9937
893.9 123.7 18.3 24.4 897.8 133.9 906.8 133.2 902.2 138.9 899.7 143.7 906.2 143.1 0.9937
897.5 283.8 21.0 25.9 903.9 294.3 912.8 293.3 909.3 298.6 906.0 304.0 913.2 303.3 0.9935
990.0 221.9 18.2 24.1 995.3 231.3 1003.5 231.2 999.3 235.7 996.0 240.2 1002.8 240.1 0.9935
713.0 66.4 20.6 25.5 718.9 76.7 728.4 75.7 724.5 81.2 721.3 86.6 728.4 85.8 0.9934
946.5 139.1 16.6 21.5 951.4 146.9 959.4 147.0 955.6 151.5 952.3 155.8 958.2 155.9 0.9933
730.3 223.4 17.2 21.1 735.3 231.4 743.4 231.5 739.4 235.6 735.9 239.7 742.5 239.8 0.9928
672.1 279.6 20.6 26.8 678.0 291.7 688.2 291.4 683.6 297.0 679.6 301.9 687.1 301.7 0.9926
69.8 216.0 19.8 26.5 74.3 226.8 83.1 226.4 78.6 232.0 76.1 237.0 82.5 236.6 0.9925
596.2 33.3 19.0 22.3 599.8 44.2 607.3 43.3 603.2 48.6 602.3 52.4 607.3 51.6 0.9924
605.2 66.2 18.5 21.4 608.3 75.5 615.6 75.2 611.1 80.1 610.4 84.1 615.2 83.7 0.9923
686.7 249.4 18.0 23.2 692.3 259.6 700.3 258.9 697.2 263.9 693.9 268.5 700.3 268.0 0.9923
37.8 280.9 20.9 27.1 42.5 292.5 51.0 291.3 46.9 297.3 45.3 302.6 51.5 301.6 0.9923
833.7 0.0 19.0 18.9 838.9 3.4 847.6 3.5 843.1 8.7 839.7 13.2 846.4 13.3 0.9922
578.1 176.2 18.6 23.0 584.7 185.1 593.0 185.8 589.2 190.4 584.4 194.5 590.9 195.2 0.9921
731.0 98.7 20.5 25.7 735.0 109.7 744.6 108.5 739.8 114.7 737.7 119.8 744.3 118.8 0.9917
673.1 222.2 18.1 23.7 676.2 230.7 685.2 230.9 679.8 235.9 677.1 240.9 683.4 241.0 0.9914
95.9 167.8 17.6 24.7 98.1 177.0 102.9 177.9 97.6 182.5 98.3 187.0 101.6 187.4 0.9914
526.9 175.6 18.7 22.7 532.1 184.4 540.7 184.5 536.4 189.0 532.8 193.3 539.7 193.4 0.9912
194.6 31.3 20.7 23.4 199.4 38.7 208.8 39.0 203.5 44.4 200.2 49.0 207.3 49.2 0.9903
87.2 329.4 21.5 27.9 91.5 342.8 101.4 342.8 95.7 348.8 93.1 353.1 100.1 353.0 0.9902
91.4 256.4 20.4 28.1 95.2 266.9 104.6 266.8 99.2 272.6 96.6 278.3 103.8 278.1 0.9901
769.1 178.8 19.8 24.3 772.6 187.8 781.4 187.5 776.3 193.0 774.4 197.9 780.6 197.6 0.9901
974.2 336.8 22.3 30.3 978.9 350.7 988.3 350.3 983.0 356.7 980.9 362.0 987.7 361.6 0.9896
980.8 292.1 19.8 27.4 987.6 304.5 996.3 303.8 992.8 309.6 989.5 314.6 995.5 314.2 0.9891
650.2 32.9 19.1 23.2 655.2 42.5 663.7 41.8 659.8 46.7 657.1 51.5 663.3 50.9 0.9889
745.1 24.4 18.9 24.0 748.4 34.9 756.1 33.7 752.1 39.5 751.2 44.4 756.7 43.3 0.9885
134.9 216.7 18.4 25.0 137.6 226.1 143.9 227.2 138.2 231.2 137.3 235.6 141.6 236.3 0.9881
671.3 98.9 20.0 24.6 676.9 110.5 685.7 109.2 682.1 115.3 679.5 119.8 685.8 118.8 0.9861
465.0 173.8 18.1 24.5 468.7 184.2 476.7 183.5 472.7 188.9 470.8 193.9 477.1 193.3 0.9858
533.8 5.0 16.1 20.4 538.6 12.2 546.1 12.4 542.3 16.3 539.0 20.4 545.0 20.6 0.9833
867.2 104.2 17.5 19.2 870.9 111.5 878.6 111.5 874.3 116.4 872.3 119.9 877.4 119.8 0.9826
849.0 24.3 18.1 22.6 853.8 33.1 861.9 32.9 858.0 37.4 854.8 41.8 861.3 41.7 0.9815
557.2 92.7 20.7 26.7 560.9 103.3 570.8 103.2 565.2 108.8 562.2 113.7 569.9 113.6 0.9812
16.2 62.2 18.9 25.6 19.8 72.3 28.4 73.1 22.9 78.2 20.2 82.2 26.6 82.7 0.9811
494.2 105.9 19.3 26.5 499.1 117.7 507.4 116.4 503.5 122.1 501.7 127.5 507.6 126.5 0.9804
39.0 174.0 19.6 26.1 43.7 185.1 52.6 185.1 47.9 190.7 45.1 195.2 51.6 195.2 0.9791
9.5 135.7 16.9 22.5 11.5 145.4 17.1 145.2 13.1 150.3 13.4 154.2 17.4 153.9 0.9782
732.2 251.3 18.6 24.7 736.0 260.8 744.8 260.9 739.7 266.0 737.0 270.5 743.4 270.6 0.9759
726.8 134.8 20.7 25.0 731.5 145.1 741.1 143.0 737.1 149.4 735.0 154.9 742.0 153.2 0.9758
994.0 100.8 17.5 19.5 998.6 106.9 1006.5 107.0 1002.3 111.0 999.4 115.2 1005.4 115.3 0.9753
904.6 35.6 21.6 25.7 908.9 48.8 917.8 46.3 914.4 53.2 913.7 57.9 919.9 55.8 0.9745
517.4 215.0 19.9 25.1 521.7 226.0 530.6 226.7 525.3 231.0 522.7 234.9 529.2 235.4 0.9732
446.5 91.7 20.2 26.4 450.4 102.8 459.4 102.0 454.7 108.1 452.6 112.8 458.9 112.2 0.9728
351.5 26.1 18.0 23.4 356.4 35.1 364.1 34.5 360.2 39.2 357.6 44.1 363.9 43.6 0.9722
214.1 332.7 21.0 28.9 219.3 346.2 228.8 346.2 223.6 352.2 220.3 356.6 227.6 356.5 0.9706
828.5 135.8 17.5 21.8 832.1 144.5 839.6 142.4 836.5 148.0 835.2 153.1 840.9 151.5 0.9703
475.7 0.0 18.1 20.4 478.7 6.9 486.0 6.0 481.9 11.4 480.9 16.0 486.3 15.2 0.9701
404.1 174.0 20.1 25.8 408.1 186.7 416.6 185.0 412.5 191.4 411.3 196.0 417.3 194.7 0.9694
294.1 25.2 23.7 29.5 299.7 35.8 310.3 36.4 304.2 41.2 300.4 47.2 308.4 47.7 0.9693
36.2 104.2 18.5 23.9 40.6 113.2 50.0 113.3 45.1 118.0 41.2 122.8 49.0 122.9 0.9690
521.9 132.9 20.7 25.9 527.6 145.5 536.7 143.5 533.4 149.8 531.3 154.6 537.8 153.1 0.9689
506.3 35.9 16.5 20.6 510.8 43.9 518.5 44.1 514.5 48.1 511.2 51.9 517.4 52.1 0.9674
436.3 128.1 20.7 26.1 442.1 138.7 451.4 140.7 445.5 144.9 441.1 148.5 447.8 150.1 0.9660
152.2 319.5 20.2 27.4 155.7 329.5 164.2 329.4 159.1 335.4 157.1 340.7 163.6 340.5 0.9631
633.3 136.1 13.9 20.1 635.2 144.3 638.5 144.4 634.8 148.5 636.6 152.3 638.9 152.1 0.9625
540.8 288.1 24.1 30.1 545.5 300.2 555.8 299.4 550.2 306.5 548.1 312.3 555.4 311.6 0.9621
589.4 128.6 20.1 25.2 594.9 138.2 603.4 138.4 599.0 143.2 595.5 148.0 602.2 148.1 0.9606
107.5 125.3 19.8 28.4 110.8 138.3 119.1 137.4 114.5 143.7 113.5 148.8 119.5 148.0 0.9590
932.8 64.0 16.6 20.2 936.0 73.7 944.1 73.1 940.2 78.0 938.0 81.6 943.7 81.1 0.9542
895.4 8.6 19.8 22.4 901.3 16.1 910.5 16.6 905.7 21.2 901.7 25.6 908.8 26.0 0.9505
397.3 34.1 18.2 24.1 405.2 43.6 412.2 43.0 410.5 48.3 406.5 53.1 411.9 52.9 0.9486
119.5 65.5 17.4 21.4 122.7 72.5 129.9 72.6 125.3 77.2 123.3 81.5 128.6 81.5 0.9485
69.2 69.8 18.0 24.4 73.5 78.3 81.3 80.0 75.6 83.7 72.3 87.8 78.4 89.1 0.9462
929.8 0.0 21.4 24.2 934.9 11.6 943.1 9.8 939.7 16.2 939.2 20.9 944.9 19.5 0.9457
487.8 65.2 19.1 25.2 493.5 74.8 502.5 74.5 498.5 79.7 494.8 84.7 502.0 84.5 0.9402
820.3 250.4 19.1 25.8 823.3 261.3 831.1 261.1 826.2 266.9 825.7 271.7 831.0 271.4 0.9400
441.5 53.8 19.1 24.8 444.7 64.6 453.0 64.9 447.7 70.1 445.7 74.2 451.8 74.3 0.9396
785.9 135.5 17.2 21.5 789.7 145.0 797.8 144.9 793.5 149.7 790.9 153.3 796.9 153.2 0.9375
419.6 0.0 19.6 23.5 423.0 9.1 431.5 9.0 426.5 14.0 424.3 18.2 430.5 18.1 0.9362
680.7 133.2 18.0 20.9 684.3 141.5 692.6 140.8 688.4 145.9 686.2 150.0 692.4 149.5 0.9311
469.3 255.3 21.2 24.9 476.9 265.3 486.4 265.7 482.0 271.0 477.2 275.4 484.4 275.9 0.9274
833.2 230.0 22.4 28.1 839.7 241.2 849.6 241.7 844.1 246.9 839.9 251.9 847.3 252.4 0.9272
104.7 3.1 17.9 23.8 109.5 12.4 117.9 11.6 114.4 17.0 111.6 22.1 117.9 21.5 0.9270
557.3 64.4 16.5 20.3 560.7 74.6 567.7 73.3 564.4 78.4 563.5 82.0 568.4 80.9 0.9261
145.4 180.7 17.0 21.0 148.2 186.2 155.4 187.2 149.9 191.2 148.0 195.8 153.2 196.5 0.9250
34.4 32.9 16.2 21.5 37.9 42.1 45.4 41.5 41.8 46.2 39.5 50.4 45.4 49.8 0.9239
447.1 48.0 20.5 25.0 453.4 58.9 462.4 59.6 457.7 64.7 453.4 69.1 460.3 69.7 0.9228
661.7 71.5 17.0 19.4 665.5 78.8 673.5 78.6 669.3 83.1 666.6 87.2 672.8 87.0 0.9106
622.1 298.8 23.3 28.9 624.6 310.0 627.0 311.3 623.0 318.4 629.6 322.5 630.3 323.0 0.9084
380.4 0.0 16.0 16.4 384.7 3.8 391.6 3.6 388.2 7.4 385.5 11.2 391.2 11.1 0.9082
204.8 254.7 19.4 24.7 208.7 265.6 217.6 265.6 212.6 271.0 209.9 275.4 216.7 275.3 0.9080
0.0 288.6 19.4 26.1 3.0 299.0 13.8 298.5 8.7 305.4 4.9 310.3 12.6 310.0 0.9069
359.2 128.7 20.3 26.3 364.6 139.7 373.8 139.0 369.7 144.3 366.4 149.4 373.4 148.8 0.9055
217.9 0.0 18.1 22.0 221.2 7.1 229.4 6.9 224.5 12.2 222.5 17.3 228.5 17.0 0.9040
456.1 142.5 15.4 18.9 458.4 149.9 461.6 150.2 457.7 153.8 458.6 157.5 460.7 157.5 0.9008
564.2 216.3 16.9 23.5 566.6 225.9 574.1 225.0 569.8 230.4 568.8 235.3 574.4 234.5 0.8972
227.1 61.3 22.2 27.5 234.7 73.9 243.5 72.3 240.2 78.3 236.9 83.5 244.0 82.3 0.8729
78.9 6.8 13.9 17.9 83.1 13.3 89.6 13.5 86.4 17.3 83.5 20.7 88.5 20.9 0.8725
307.6 132.5 19.7 26.1 312.3 143.1 320.9 141.6 317.4 147.9 315.4 153.6 321.5 152.5 0.8713
236.7 21.0 24.5 31.3 243.5 34.6 254.4 32.8 250.0 39.8 247.0 45.8 254.8 44.4 0.8536
762.5 327.2 21.1 26.3 769.3 337.3 777.8 338.2 773.1 343.2 768.9 347.6 775.0 348.3 0.8255
169.0 67.9 19.5 27.1 172.9 79.5 180.9 77.3 177.4 83.7 176.0 89.8 182.6 88.0 0.8085
167.8 266.1 22.5 26.5 173.7 275.7 183.8 277.9 177.2 282.3 172.6 286.1 179.8 287.9 0.7855
159.3 290.0 22.9 27.5 164.6 300.8 174.4 300.0 169.7 306.8 167.2 312.1 174.2 311.4 0.7619
482.4 288.3 19.5 25.1 488.1 298.0 496.5 296.7 493.5 302.5 490.6 308.0 497.2 307.1 0.7529
61.5 138.2 21.1 27.2 67.2 147.7 75.0 148.1 70.6 153.8 68.4 159.1 73.9 159.4 0.7528
84.0 105.3 17.7 21.7 88.8 112.6 96.7 112.2 93.3 116.6 90.3 121.5 96.6 121.2 0.7450
590.4 295.5 19.7 27.5 593.8 305.8 601.7 307.1 595.4 312.1 593.4 317.2 598.9 318.0 0.7385
4.0 221.0 18.1 20.7 9.5 228.3 17.2 227.4 14.2 232.4 11.5 236.8 17.5 236.1 0.7208
217.9 132.1 20.5 26.4 223.7 143.1 231.9 141.9 229.2 147.9 226.8 153.2 232.7 152.2 0.6971
123.0 32.0 18.7 24.7 126.4 43.4 134.1 42.9 129.7 48.5 128.4 52.6 133.8 52.2 0.6965
278.6 61.5 18.7 25.1 284.9 70.1 293.2 70.4 289.3 75.7 285.4 80.9 291.7 81.2 0.6921
216.4 228.2 16.2 22.1 222.9 237.7 229.6 237.2 227.5 241.9 224.2 246.2 229.3 245.9 0.6881
98.2 284.5 19.8 25.8 104.3 295.0 113.1 295.2 108.7 300.9 105.2 305.3 111.4 305.6 0.6776
198.4 164.5 19.2 27.4 203.4 175.5 210.8 174.4 207.5 180.2 206.2 186.2 211.9 185.3 0.5693
211.9 292.5 21.1 28.1 216.7 303.8 226.1 302.9 221.5 309.6 219.1 315.3 226.2 314.6 0.5241
