47--Matador_Bullfighter/47_Matador_Bullfighter_Matador_Bullfighter_47_883.jpg
12
382.2 104.8 58.4 41.4 401.5 127.5 401.8 124.9 408.4 139.0 424.7 139.3 422.9 137.2 0.9997
50.8 97.4 37.1 52.2 63.2 120.5 79.6 120.9 72.2 130.2 64.3 137.7 77.7 138.1 0.9984
253.6 84.6 37.9 44.1 267.3 96.1 283.6 96.9 276.6 105.9 267.9 114.7 281.8 115.4 0.9941
160.1 99.6 38.3 50.4 170.2 121.9 188.3 119.8 180.2 130.7 173.5 139.9 188.3 138.3 0.9894
189.8 13.7 33.3 37.7 199.3 24.9 215.2 24.4 207.9 33.4 201.4 41.7 213.8 41.4 0.9859
585.4 192.3 38.1 43.0 597.7 204.9 613.6 203.0 608.8 211.4 602.7 222.8 615.4 221.2 0.9824
329.0 0.0 32.7 29.0 339.5 0.6 354.0 1.4 346.7 8.1 340.0 16.7 351.4 17.5 0.9484
440.3 200.0 29.9 33.8 450.1 207.5 463.4 207.7 457.7 215.2 451.4 222.8 462.2 223.0 0.8392
1006.3 7.3 16.9 39.6 1015.4 24.7 1027.6 23.5 1022.4 31.5 1019.4 38.0 1028.6 37.0 0.8135
40.0 3.2 27.4 32.6 47.2 18.9 58.6 17.2 53.7 24.7 50.8 30.7 59.1 29.3 0.8068
563.7 0.0 38.7 26.0 574.7 -5.2 591.7 -5.7 583.2 2.0 576.1 12.1 590.3 11.7 0.7452
443.8 0.0 42.9 32.3 456.0 -4.5 475.4 -4.0 466.0 8.2 457.0 17.2 473.6 17.7 0.7256
