47--Matador_Bullfighter/47_Matador_Bullfighter_matadorbullfighting_47_234.jpg
20
793.2 79.5 43.5 49.7 801.0 94.9 820.2 92.0 810.3 106.0 806.9 117.7 820.9 115.3 0.9994
559.2 4.6 29.5 34.3 565.6 16.8 578.6 16.4 571.3 24.1 567.6 30.3 577.5 30.0 0.9992
824.1 0.0 33.9 39.5 836.4 15.2 851.8 16.0 845.5 24.7 838.0 30.9 848.8 31.5 0.9989
884.1 0.0 32.2 35.6 890.3 13.1 904.8 11.7 896.8 21.0 893.6 28.1 903.8 27.0 0.9983
925.5 64.1 32.1 43.0 932.5 85.5 946.3 83.8 939.3 93.1 936.5 99.9 946.1 98.5 0.9980
261.0 7.4 31.2 37.1 268.0 23.0 281.5 21.9 274.5 30.3 271.1 37.3 280.8 36.4 0.9973
421.6 0.0 32.8 37.9 429.6 15.8 444.0 13.1 437.9 22.8 434.2 30.6 444.9 28.5 0.9971
251.4 67.0 35.0 38.1 261.4 80.1 276.6 80.1 269.1 88.2 262.8 94.9 274.9 94.9 0.9967
1001.5 0.0 22.0 30.6 1007.9 9.2 1020.4 8.7 1014.1 16.1 1010.3 22.9 1019.5 22.4 0.9952
632.9 48.1 34.8 42.3 641.2 64.9 657.8 65.2 649.0 74.2 643.5 82.2 655.3 82.4 0.9949
129.8 56.5 29.6 38.0 139.1 71.3 152.9 71.5 146.7 79.2 140.8 86.1 151.0 86.3 0.9944
697.0 60.0 31.2 39.0 705.2 76.6 719.5 75.6 713.1 83.5 708.4 91.0 718.5 90.2 0.9934
382.8 15.7 25.7 34.4 388.4 29.9 400.3 28.6 394.4 35.8 391.3 43.3 399.9 42.2 0.9921
514.3 5.5 28.4 38.5 518.5 19.5 529.4 19.6 521.0 27.3 519.5 35.3 527.7 35.1 0.9914
115.5 12.2 26.8 33.2 119.8 24.6 131.5 23.7 124.5 30.6 122.2 38.1 130.5 37.4 0.9878
339.7 57.2 30.7 42.8 345.1 74.2 357.3 77.0 347.0 84.5 344.4 91.5 353.0 93.2 0.9875
491.3 61.2 31.7 36.4 499.6 74.8 513.2 74.5 506.0 80.9 501.4 88.6 511.3 88.4 0.9854
11.4 11.7 29.6 37.6 16.8 26.9 28.6 26.2 21.7 34.5 19.7 41.8 28.4 41.0 0.9816
930.9 8.6 31.1 37.1 938.1 22.8 951.3 24.0 943.0 31.2 938.8 37.7 948.2 38.6 0.9801
696.3 21.0 24.9 29.0 701.7 28.9 712.1 31.1 704.6 37.0 700.9 41.8 708.3 43.4 0.5377
