47--Matador_Bullfighter/47_Matador_Bullfighter_matadorbullfighting_47_454.jpg
13
638.2 81.3 21.9 24.5 644.5 90.7 654.7 91.4 649.3 94.9 644.8 99.7 652.8 100.2 0.9996
248.9 57.0 26.2 34.6 256.9 70.3 268.8 71.6 262.5 77.2 256.6 82.2 266.7 83.3 0.9993
796.2 89.6 21.7 25.7 802.8 98.6 812.7 100.5 806.9 103.3 801.9 108.0 809.7 109.5 0.9990
341.1 75.8 24.3 26.1 348.1 84.1 359.1 85.0 353.3 89.8 348.6 94.9 356.7 95.6 0.9988
66.9 63.0 26.6 29.4 76.9 73.6 88.2 75.5 82.7 80.5 76.8 85.4 84.7 86.8 0.9986
388.8 79.0 19.9 23.7 396.2 88.4 404.7 89.9 400.5 93.2 395.7 96.5 402.5 97.7 0.9983
493.2 82.2 22.3 23.0 499.8 89.3 509.0 91.2 502.9 93.9 498.6 98.2 505.9 99.7 0.9981
594.5 80.5 21.3 23.1 600.2 87.7 609.7 89.0 603.9 91.6 599.7 96.5 607.2 97.5 0.9973
406.5 74.6 22.2 26.5 414.7 82.1 424.1 84.2 419.1 88.1 413.3 92.6 420.9 94.3 0.9963
1002.6 104.7 15.4 22.8 1014.3 113.7 1015.7 113.8 1016.2 119.4 1011.1 122.8 1011.8 123.2 0.9885
696.7 95.7 16.1 20.2 700.9 103.4 708.6 103.0 704.8 107.2 702.0 111.4 707.9 111.1 0.9878
45.8 56.2 16.4 21.9 552.7 85.6 560.5 85.6 557.1 89.3 554.2 93.7 560.0 93.7 0.5210
129.7 39.4 15.1 17.4 404.2 85.9 413.5 87.5 408.5 91.7 403.7 95.4 411.8 96.7 0.5153
