47--Matador_Bullfighter/47_Matador_Bullfighter_matadorbullfighting_47_502.jpg
13
654.4 440.6 36.9 46.5 663.7 460.5 665.4 460.8 664.2 473.6 675.3 478.8 675.3 478.7 0.9996
87.2 344.5 17.1 22.3 91.7 353.0 99.8 353.4 95.6 357.7 92.2 361.8 98.6 362.1 0.9967
988.3 443.2 16.1 18.3 992.1 448.7 999.7 449.6 995.3 452.7 992.2 456.3 998.3 456.9 0.9957
501.9 401.7 13.7 18.1 505.7 409.2 512.1 409.3 508.8 412.5 506.2 415.7 511.4 415.7 0.9946
160.7 306.2 17.0 21.6 165.5 312.8 173.3 312.7 169.7 316.1 166.5 321.4 173.0 321.3 0.9932
571.9 396.7 12.1 14.5 576.6 402.0 581.8 402.1 579.8 405.0 576.9 407.8 581.0 407.9 0.9931
758.4 404.7 17.0 19.4 763.9 413.0 771.4 413.1 768.0 417.4 764.9 420.4 770.3 420.5 0.9715
594.1 395.3 12.8 14.6 598.7 399.6 604.1 399.7 601.8 402.7 598.9 405.7 603.3 405.8 0.9623
925.3 447.8 12.6 17.5 928.9 454.3 935.2 453.8 932.6 457.8 930.1 461.4 935.1 461.0 0.9418
822.3 428.6 16.3 20.5 826.9 435.6 834.7 435.3 831.1 439.9 828.0 444.3 834.3 444.1 0.8195
912.4 455.1 10.3 13.5 917.7 460.3 921.0 459.9 920.9 462.9 918.6 465.8 921.1 465.7 0.7549
7.3 312.6 13.8 18.7 12.1 320.9 18.3 320.6 15.8 324.3 13.2 327.6 18.0 327.4 0.7316
414.0 385.6 15.5 17.3 419.6 391.3 426.6 391.3 423.7 395.2 420.4 399.0 425.7 399.1 0.6211
