47--Matador_Bullfighter/47_Matador_Bullfighter_matadorbullfighting_47_484.jpg
9
189.2 442.8 26.0 29.9 196.4 453.1 208.3 452.2 202.9 459.3 198.2 465.2 208.0 464.5 0.9992
461.1 439.8 25.6 31.8 468.5 451.7 480.4 451.2 475.1 457.9 470.3 464.2 479.6 463.9 0.9985
303.1 457.5 23.3 31.1 309.8 469.9 321.1 469.1 316.6 475.0 312.5 481.7 321.1 481.1 0.9979
97.4 454.6 29.1 37.2 105.9 468.0 119.1 467.7 113.0 473.8 107.5 482.0 118.2 481.7 0.9979
444.9 334.9 24.2 32.4 452.1 348.3 463.7 347.4 458.8 354.1 454.3 360.3 463.3 359.7 0.9978
478.7 531.9 62.2 96.0 525.2 576.7 526.3 576.3 521.5 598.5 504.7 609.7 505.4 609.6 0.9957
357.6 447.8 20.9 27.8 360.7 459.6 369.4 459.7 363.9 466.1 363.1 470.9 368.8 470.8 0.9944
350.5 359.0 26.0 35.4 357.7 372.6 370.4 372.2 364.4 378.7 359.1 386.0 369.5 385.7 0.9926
530.6 447.2 23.8 30.1 534.6 457.4 541.7 457.4 536.0 464.4 536.1 470.2 541.0 469.9 0.9328
