29--Students_Schoolkids/29_Students_Schoolkids_Students_Schoolkids_29_78.jpg
21
857.7 343.6 34.4 34.4 875.9 359.9 884.7 363.6 879.0 370.7 868.3 371.1 873.1 374.3 0.9997
433.9 320.2 30.3 38.4 441.5 336.5 456.0 337.1 448.2 344.7 442.3 349.6 454.2 350.0 0.9996
337.4 318.8 22.4 33.6 352.0 331.8 352.4 330.3 359.0 336.1 356.3 343.9 356.4 343.1 0.9996
662.1 302.3 29.5 39.7 673.4 316.7 686.9 315.7 682.7 324.0 674.9 331.4 686.2 330.6 0.9993
487.0 342.7 30.6 35.8 496.5 355.6 510.2 355.3 504.3 362.2 498.7 369.7 509.0 369.5 0.9992
221.0 342.5 28.3 37.3 231.0 359.7 243.6 359.7 238.3 367.2 232.3 372.3 241.6 372.4 0.9991
887.3 356.5 32.2 40.6 892.1 374.0 905.1 376.8 894.8 383.8 893.1 388.7 901.6 390.8 0.9990
792.4 274.1 30.1 40.2 802.4 288.7 816.5 288.7 810.9 295.4 803.6 303.5 815.7 303.5 0.9990
651.2 209.8 31.8 41.3 660.8 224.9 676.0 225.5 669.0 232.8 661.3 239.6 674.6 240.1 0.9987
747.6 243.2 29.6 35.2 756.2 257.1 770.5 257.1 764.2 263.2 757.3 269.0 769.5 269.1 0.9984
759.1 300.4 28.8 35.2 767.3 312.0 780.2 312.6 773.3 318.1 768.0 325.8 777.8 326.2 0.9970
875.9 269.7 29.6 37.2 883.6 281.2 897.6 283.6 888.8 287.7 882.4 295.5 893.6 297.4 0.9969
155.1 340.7 19.5 32.2 169.5 351.9 169.6 351.4 174.3 357.0 171.4 364.4 171.6 364.2 0.9964
595.9 288.7 26.6 34.9 610.1 300.5 614.4 298.4 619.0 304.2 616.3 313.8 619.5 312.4 0.9961
1003.3 294.8 20.3 35.7 1008.8 307.3 1023.3 308.7 1013.8 315.3 1008.4 320.2 1021.0 321.4 0.9936
39.6 253.6 17.2 27.1 43.6 262.1 45.3 263.2 40.4 267.7 42.7 273.6 43.7 274.1 0.9873
516.4 319.3 19.4 22.1 529.3 328.8 532.0 329.4 530.3 335.1 524.7 337.2 526.0 337.8 0.9739
561.3 240.0 27.5 33.8 567.1 252.4 578.1 251.8 572.1 258.0 569.1 264.8 578.0 264.2 0.9684
421.0 308.5 20.8 27.4 424.2 318.9 432.5 318.1 427.3 323.9 425.6 329.9 431.9 329.1 0.9613
715.6 192.8 9.9 15.3 717.4 197.3 718.4 197.5 716.0 200.7 717.6 204.1 718.2 204.1 0.9061
167.2 262.0 24.8 32.1 177.0 274.8 187.7 273.9 184.8 280.7 179.7 287.3 187.2 286.6 0.8746
