29--Students_Schoolkids/29_Students_Schoolkids_Students_Schoolkids_29_230.jpg
37
989.3 76.0 18.8 23.2 992.3 84.3 998.4 85.3 992.2 89.2 991.6 93.7 995.8 94.3 0.9980
147.2 85.3 15.3 18.1 152.7 92.8 159.2 92.3 156.9 96.7 154.2 100.0 158.8 99.6 0.9970
818.8 41.7 14.8 18.6 821.2 49.0 826.8 49.9 822.2 53.1 821.1 56.1 825.2 56.7 0.9965
852.6 64.9 15.6 20.9 854.6 73.5 859.2 73.7 855.0 78.2 856.1 81.9 859.0 81.9 0.9950
886.3 41.9 12.6 15.9 888.3 47.9 892.5 47.9 888.6 50.8 888.5 54.2 891.4 54.1 0.9935
48.7 85.5 17.3 22.3 60.0 95.9 63.4 95.2 64.1 100.1 59.9 103.9 62.0 103.7 0.9928
795.8 62.0 15.6 21.7 797.7 70.7 802.2 71.2 797.3 75.3 797.9 79.4 800.7 79.6 0.9918
4.8 105.4 18.7 26.2 7.1 115.0 13.6 115.7 8.4 120.7 8.0 125.3 13.4 125.6 0.9918
189.9 86.3 14.7 20.0 196.1 94.8 203.1 94.7 200.6 99.5 196.8 103.0 201.6 103.1 0.9910
263.5 66.3 15.3 19.1 267.1 74.9 273.0 73.8 270.2 78.6 269.7 82.2 273.9 81.3 0.9879
790.1 32.0 12.9 16.0 792.9 37.7 799.0 36.8 796.3 40.9 794.7 44.5 799.2 43.8 0.9831
810.6 66.4 12.6 16.8 813.0 72.3 815.4 73.1 811.7 75.8 812.3 79.1 813.7 79.5 0.9808
232.9 87.3 13.6 16.0 240.4 93.9 244.8 93.8 244.0 97.5 240.6 100.5 243.4 100.5 0.9796
580.7 52.0 13.5 16.7 584.8 57.9 591.1 58.3 588.0 61.2 585.2 64.7 590.0 65.1 0.9746
108.7 87.2 16.2 20.3 112.1 95.6 118.3 95.3 115.0 100.1 114.4 103.9 118.8 103.5 0.9740
61.4 66.8 15.0 18.9 67.8 74.1 74.0 73.8 72.2 77.7 69.1 81.6 73.5 81.5 0.9719
62.1 116.4 18.0 22.3 69.6 125.4 77.1 125.9 74.0 130.8 69.6 134.4 74.8 134.9 0.9698
497.8 42.4 11.8 15.7 499.7 47.9 505.0 48.2 501.3 51.1 499.9 54.4 504.0 54.6 0.9691
79.0 89.2 15.0 17.4 87.0 95.4 91.3 94.5 91.6 98.7 88.6 102.5 91.3 102.1 0.9684
929.8 88.3 18.9 22.2 934.9 96.7 940.6 98.0 935.5 102.3 934.2 106.2 938.1 107.0 0.9624
760.2 27.7 13.6 19.0 762.3 35.2 768.3 35.5 764.5 39.2 762.9 42.5 767.6 42.6 0.9620
418.5 49.0 12.0 15.8 421.7 54.7 427.3 54.6 424.5 57.8 422.4 61.2 426.6 61.2 0.9555
291.4 82.4 13.0 16.5 298.7 89.1 302.2 88.1 302.3 92.4 300.3 95.9 302.5 95.3 0.9441
552.9 38.9 12.7 16.0 555.7 44.4 561.9 44.6 558.6 47.9 556.3 51.2 561.1 51.3 0.9342
411.7 74.5 11.6 14.3 414.0 79.8 418.6 79.6 415.6 83.0 415.1 86.1 418.5 85.8 0.9266
464.0 75.0 11.7 13.8 467.9 81.2 473.0 81.6 470.5 84.8 468.0 86.6 471.4 86.9 0.9198
366.1 82.2 10.8 13.9 368.2 88.4 372.4 88.4 369.7 91.3 368.9 93.7 372.0 93.6 0.9079
887.6 94.9 13.2 17.7 335.5 47.2 341.3 47.3 338.8 50.6 336.3 53.6 340.5 53.7 0.8766
666.6 46.6 12.3 15.4 890.2 101.1 893.3 101.8 889.8 104.7 890.1 108.1 892.2 108.4 0.8727
615.7 45.7 11.8 14.9 670.4 51.7 676.0 52.1 672.9 55.2 670.5 58.4 674.7 58.7 0.7979
711.0 62.9 11.2 14.6 207.6 83.9 213.5 83.9 210.2 87.4 208.4 90.7 212.9 90.6 0.7898
761.7 75.8 13.2 15.3 618.4 52.0 623.8 50.8 621.7 54.6 620.2 57.9 624.4 57.0 0.7653
656.3 73.1 10.9 11.4 714.2 69.0 719.2 69.1 716.6 72.1 714.8 74.7 718.5 74.7 0.7348
872.6 68.8 13.6 15.6 947.0 99.6 951.3 100.5 948.9 104.4 945.4 106.7 948.0 107.5 0.7171
934.8 65.1 12.9 17.2 205.5 94.4 212.3 95.0 209.2 99.5 205.3 102.9 210.2 103.4 0.6715
442.2 66.2 9.8 12.6 765.0 81.0 771.5 81.4 767.9 84.9 765.3 87.7 770.2 88.0 0.5306
523.2 79.7 12.7 14.3 659.2 77.2 663.9 77.4 661.4 80.0 659.6 82.2 663.2 82.3 0.5221
