29--Students_Schoolkids/29_Students_Schoolkids_Students_Schoolkids_29_725.jpg
12
605.3 185.4 59.2 78.4 624.1 216.7 651.9 220.0 637.8 233.1 623.0 242.8 646.3 245.5 0.9998
599.3 318.7 65.0 85.5 615.0 355.3 645.5 356.3 628.8 374.2 616.2 383.1 642.9 384.0 0.9997
473.7 344.4 65.9 82.8 490.5 379.5 521.3 375.2 508.6 392.6 497.9 408.1 523.7 404.2 0.9996
785.8 289.3 52.9 70.9 790.9 317.8 810.4 317.1 790.8 326.5 789.6 342.7 804.7 342.5 0.9996
41.3 324.8 55.2 71.1 54.7 357.5 79.1 352.4 69.4 369.3 63.1 381.8 82.0 377.5 0.9996
701.2 326.2 69.5 91.7 719.1 363.6 752.0 366.6 732.9 383.6 718.1 393.5 747.2 396.2 0.9995
340.5 242.3 48.7 64.0 352.7 267.0 375.7 268.3 363.1 278.0 352.7 288.2 373.2 289.4 0.9995
128.1 302.4 50.0 63.2 136.7 328.0 160.2 328.8 144.9 341.3 137.8 348.4 160.2 348.9 0.9995
474.1 260.9 50.4 63.1 485.1 284.5 509.8 287.1 494.7 295.4 485.0 307.9 503.7 310.2 0.9995
417.7 304.8 58.7 72.8 430.2 336.5 458.1 335.1 443.0 346.2 432.3 358.8 457.6 358.0 0.9994
202.7 297.7 56.3 77.4 221.0 327.2 246.4 327.3 235.2 339.9 224.0 355.0 243.4 355.1 0.9993
284.9 302.7 56.9 77.6 298.3 335.7 326.0 334.6 312.1 349.7 302.1 362.4 324.4 361.5 0.9993
