29--Students_Schoolkids/29_Students_Schoolkids_Students_Schoolkids_29_261.jpg
8
165.0 453.6 100.9 121.7 202.4 495.1 243.6 512.2 218.3 521.6 190.9 537.5 221.9 551.8 0.9997
748.4 236.1 77.2 101.5 765.9 280.8 801.1 273.3 785.2 291.6 777.3 315.7 803.8 309.3 0.9996
751.3 372.3 104.5 130.9 775.1 432.5 822.8 422.4 802.6 451.3 788.5 475.2 829.4 466.2 0.9996
19.2 528.0 80.9 86.5 34.8 561.4 70.8 559.4 49.6 574.8 40.4 594.1 67.2 592.3 0.9995
427.1 359.1 75.9 105.9 444.6 405.1 479.2 401.4 462.5 419.0 453.3 441.5 478.2 438.4 0.9995
610.2 353.9 79.7 114.7 629.6 407.1 664.7 403.9 648.1 429.9 636.3 445.6 663.3 443.1 0.9995
275.1 418.1 77.3 94.3 297.6 454.5 332.7 455.5 315.6 472.6 301.1 489.9 326.6 491.0 0.9995
542.3 413.8 62.8 87.6 556.9 449.2 587.2 449.3 571.4 466.2 560.2 481.3 583.9 481.6 0.9989
