29--Students_Schoolkids/29_Students_Schoolkids_Students_Schoolkids_29_604.jpg
28
479.5 120.2 45.5 61.6 487.0 145.4 491.7 147.1 483.1 160.2 496.5 168.8 498.8 169.3 0.9999
563.4 111.9 55.1 73.6 571.4 134.2 591.2 135.1 569.9 144.3 567.5 164.0 582.3 164.7 0.9998
350.4 128.9 48.2 71.3 359.3 154.4 362.9 156.7 349.7 169.0 362.4 182.2 364.8 183.1 0.9997
212.7 109.6 52.0 59.6 221.7 127.1 242.7 130.9 225.4 138.9 218.2 150.6 234.6 153.8 0.9997
50.2 124.4 49.1 59.9 54.8 145.6 71.0 145.0 55.5 156.7 56.9 170.1 68.0 169.7 0.9996
936.0 80.3 50.1 62.4 944.2 104.4 965.0 103.0 951.6 114.4 947.5 127.2 963.4 126.1 0.9996
260.2 122.1 52.6 76.2 266.3 152.2 278.9 151.6 262.6 166.3 269.6 181.1 277.9 180.6 0.9995
382.4 72.6 28.5 31.3 390.2 84.9 402.4 84.6 396.3 91.1 392.1 97.0 401.0 96.8 0.9989
114.5 106.5 34.5 45.6 119.1 123.4 130.9 124.3 119.6 130.7 118.5 140.4 127.6 140.9 0.9987
438.5 73.7 31.0 39.9 445.6 85.1 459.1 86.9 450.0 92.5 444.7 101.2 455.1 102.5 0.9973
551.4 93.4 33.6 45.6 557.5 111.4 572.2 109.5 564.1 119.9 561.3 129.0 572.4 127.4 0.9963
32.8 96.3 39.6 54.6 41.0 115.7 54.9 118.0 43.1 127.2 40.5 136.4 50.1 138.1 0.9961
678.2 91.8 30.3 38.0 203.4 124.6 220.5 129.4 205.8 136.8 199.1 147.0 211.8 150.5 0.9951
258.5 78.0 41.3 50.6 682.8 102.0 692.9 103.6 682.3 110.4 680.8 119.2 687.6 120.3 0.9951
986.5 84.6 36.6 55.4 265.5 97.9 279.7 98.2 267.5 106.0 265.7 115.8 276.1 115.8 0.9945
0.0 108.4 28.5 43.5 992.3 105.4 1002.7 105.5 992.0 117.0 995.8 127.1 1003.1 126.7 0.9944
630.8 75.3 25.0 30.4 1.1 122.6 7.8 124.4 -2.6 132.5 0.6 141.4 4.6 142.3 0.9944
492.5 57.7 26.7 28.7 633.4 87.3 643.7 86.5 636.8 93.9 636.2 100.4 642.9 99.6 0.9943
417.6 105.6 38.6 50.4 501.0 67.5 512.6 67.2 507.7 72.9 502.9 78.9 511.8 78.7 0.9932
601.1 72.2 24.8 28.2 428.9 125.4 445.4 127.2 435.6 136.2 428.4 144.0 440.4 145.3 0.9931
913.0 69.5 23.7 31.1 608.0 83.4 619.6 83.8 613.9 89.4 609.5 94.6 618.0 94.9 0.9907
141.0 81.7 24.5 31.0 920.5 79.7 931.5 79.5 926.8 84.7 922.2 92.1 930.7 92.0 0.9903
649.1 103.2 25.8 36.9 146.1 94.1 157.5 92.5 152.3 98.9 149.5 106.2 157.6 104.9 0.9843
184.8 110.6 31.7 42.5 653.4 114.6 661.8 115.1 653.7 121.7 653.2 130.1 659.1 130.3 0.9772
866.0 95.4 30.9 48.5 190.0 126.3 204.8 127.8 194.4 137.2 190.9 145.6 201.2 146.5 0.9540
665.1 71.7 22.1 26.1 871.1 111.7 876.4 112.4 868.5 121.0 871.0 130.9 875.1 130.9 0.9502
311.1 91.8 32.0 40.3 671.3 81.3 681.7 81.8 676.6 86.8 672.1 92.0 679.9 92.3 0.9370
710.9 78.7 31.4 47.9 316.8 105.8 325.7 106.7 316.8 112.7 316.6 120.8 323.3 121.3 0.8518
