29--Students_Schoolkids/29_Students_Schoolkids_Students_Schoolkids_29_402.jpg
24
880.0 166.9 14.8 19.4 883.1 173.9 888.9 174.4 884.6 177.9 882.8 181.5 887.4 181.8 0.9978
753.4 145.5 16.4 19.3 757.9 151.0 764.9 151.0 761.3 155.3 758.6 159.4 764.1 159.4 0.9969
306.4 120.0 11.9 16.2 308.7 126.4 313.4 126.7 310.3 129.8 309.1 132.6 312.7 132.7 0.9965
838.0 153.3 18.4 22.6 843.2 160.0 851.6 161.0 846.8 165.7 843.2 169.7 849.6 170.4 0.9960
97.9 88.0 17.5 20.9 104.9 94.8 112.1 94.5 109.7 98.6 106.0 103.2 111.7 103.1 0.9935
944.9 156.4 18.8 22.4 951.6 162.8 959.8 163.3 956.1 167.1 952.2 172.4 958.7 172.8 0.9903
415.0 126.9 11.1 15.8 416.7 132.9 420.6 133.0 417.5 136.0 417.1 138.9 420.2 138.8 0.9872
142.0 93.1 14.5 17.8 145.0 98.8 151.1 98.8 147.4 102.4 145.6 106.3 150.5 106.2 0.9823
534.6 120.9 13.5 20.3 537.6 129.5 543.2 129.6 540.0 133.7 538.5 137.2 542.8 137.2 0.9821
662.4 158.5 7.8 10.0 664.7 162.1 668.2 162.0 666.5 164.1 665.1 166.2 667.9 166.2 0.9789
706.8 145.1 10.6 14.4 708.5 149.4 712.3 149.8 709.1 152.7 708.5 155.8 711.3 156.0 0.9745
7.1 79.5 14.0 18.4 9.3 85.6 14.5 85.6 10.7 89.3 10.1 93.1 14.2 93.0 0.9703
982.6 169.9 14.9 18.7 986.6 175.5 991.6 176.2 988.0 180.0 986.8 183.8 990.2 184.3 0.9685
364.2 123.1 11.3 14.2 370.2 128.0 374.0 127.6 373.5 130.9 371.1 134.1 373.8 133.9 0.9013
264.8 119.6 11.4 15.5 266.0 124.7 269.7 125.0 266.1 128.1 266.0 131.4 268.7 131.5 0.8933
589.9 147.7 10.2 11.5 593.0 151.9 597.5 151.8 595.5 154.5 593.7 156.9 597.1 156.8 0.8864
28.6 72.5 14.3 21.6 37.6 80.5 40.4 80.2 41.1 85.0 37.3 89.3 39.2 89.4 0.8526
408.8 121.0 8.7 12.1 412.6 125.7 415.8 125.6 414.9 128.4 413.1 130.6 415.4 130.6 0.8197
433.5 119.5 8.5 12.3 436.0 124.8 439.8 124.9 437.9 127.3 436.4 129.4 439.2 129.5 0.8019
397.0 120.9 9.5 13.2 399.4 126.3 403.7 126.8 401.1 129.4 399.4 131.6 402.5 132.0 0.7644
48.0 79.6 11.7 17.9 55.4 85.9 57.8 85.3 58.4 89.5 55.8 93.2 57.6 92.9 0.7449
491.5 146.3 9.4 11.2 493.4 149.7 497.4 149.9 494.7 152.3 493.7 154.6 496.7 154.7 0.6918
480.2 141.8 9.7 13.9 484.7 147.6 488.3 147.3 487.4 150.5 485.3 153.3 488.0 153.2 0.6591
616.2 149.0 7.9 9.8 618.6 152.7 621.9 152.8 620.1 155.0 618.7 156.9 621.3 157.0 0.5814
