29--Students_Schoolkids/29_Students_Schoolkids_Students_Schoolkids_29_224.jpg
8
636.6 315.4 31.4 37.3 645.4 330.0 660.2 329.9 653.0 337.2 646.1 342.3 659.4 342.2 0.9997
766.3 303.6 34.4 44.5 776.1 322.1 792.1 320.9 785.0 330.7 778.0 336.9 791.9 335.9 0.9996
52.7 321.5 28.3 37.1 64.5 337.4 76.1 335.4 74.3 341.9 67.7 349.6 77.3 348.3 0.9996
342.2 313.5 33.3 41.3 351.2 331.0 366.9 329.8 359.7 338.0 353.0 344.4 366.9 343.4 0.9995
492.2 288.3 33.4 41.1 502.1 305.6 517.3 305.0 510.6 312.2 504.1 319.2 516.8 318.8 0.9995
157.8 291.0 32.4 42.5 166.8 307.4 181.9 309.0 173.7 316.1 166.2 321.9 179.4 323.2 0.9994
535.1 329.7 33.6 41.6 544.1 346.9 559.3 345.5 552.3 353.7 546.4 360.9 559.4 359.9 0.9994
939.0 270.1 32.7 39.8 947.5 285.1 962.6 287.1 953.9 294.6 947.1 299.2 959.9 300.8 0.9994
