29--Students_Schoolkids/29_Students_Schoolkids_Students_Schoolkids_29_555.jpg
16
152.0 30.2 58.4 82.7 181.2 61.9 204.4 63.8 200.0 78.0 180.7 90.3 199.9 92.2 0.9998
510.2 167.9 32.7 43.6 518.8 182.8 533.6 181.7 526.7 189.7 521.2 198.7 533.4 197.9 0.9998
769.2 199.8 42.3 50.0 776.7 217.1 794.7 215.7 783.5 226.5 780.0 234.8 796.2 233.4 0.9997
473.0 207.2 34.2 39.3 483.1 220.3 498.4 221.0 490.8 230.0 483.5 234.7 496.9 235.4 0.9997
375.3 190.2 36.0 40.3 389.2 203.7 404.7 204.3 398.6 212.0 389.8 218.8 402.8 219.3 0.9997
665.5 218.8 35.1 43.6 671.4 238.4 686.3 234.6 679.2 245.2 676.4 252.3 690.0 249.2 0.9996
584.5 171.8 35.0 45.3 594.3 190.2 611.4 192.4 602.2 200.0 592.8 203.6 609.0 205.4 0.9996
282.3 180.8 41.0 50.9 293.7 201.8 312.1 202.4 302.7 212.2 294.0 218.6 309.7 219.1 0.9995
672.2 116.7 38.8 47.6 682.0 141.3 696.0 133.6 691.4 145.8 689.4 154.2 702.7 147.8 0.9994
232.4 164.8 38.7 48.2 242.8 185.8 260.2 183.1 252.7 193.1 247.1 202.2 261.1 199.9 0.9994
326.4 157.2 27.3 39.6 332.9 171.6 345.8 170.9 339.0 177.4 334.0 185.4 345.3 184.8 0.9994
429.7 196.7 25.9 33.3 436.2 207.7 448.2 207.9 441.8 214.8 436.5 219.7 447.5 219.9 0.9992
32.1 182.8 13.7 16.6 37.4 190.0 43.4 189.6 41.6 192.1 38.9 195.7 43.2 195.4 0.9988
8.6 171.1 20.1 23.6 18.5 179.3 26.4 180.5 24.4 183.3 19.5 188.1 25.8 189.0 0.9977
691.8 218.4 25.3 37.0 699.2 234.1 709.9 234.6 704.5 241.9 700.2 247.4 708.4 247.8 0.9953
73.2 183.8 13.3 18.6 77.0 191.2 83.1 191.7 79.8 195.0 77.2 198.2 82.1 198.6 0.9254
