29--Students_Schoolkids/29_Students_Schoolkids_Students_Schoolkids_29_231.jpg
26
605.9 294.7 27.8 34.5 615.9 308.1 628.3 307.9 623.2 315.7 616.5 320.0 627.2 319.9 0.9997
457.4 292.3 23.0 30.5 464.1 304.8 474.1 303.5 470.1 310.1 466.5 315.7 474.6 314.6 0.9996
852.2 331.6 37.7 47.2 870.2 349.6 885.0 346.7 884.0 355.7 875.9 367.0 887.2 365.2 0.9995
500.5 305.0 23.0 30.4 507.3 318.9 517.4 316.9 513.4 323.3 510.1 329.3 518.0 327.7 0.9992
309.6 296.0 15.8 17.3 313.9 304.1 321.1 305.4 316.7 309.1 313.9 310.6 318.4 311.5 0.9990
179.1 285.7 15.6 20.0 181.0 294.5 187.2 294.8 182.7 298.9 182.5 302.0 186.5 302.1 0.9984
270.6 279.3 14.9 19.4 279.7 287.4 283.9 286.9 284.0 291.0 280.0 294.6 282.9 294.5 0.9983
337.0 248.6 11.3 15.4 340.2 255.2 345.1 255.0 342.8 258.3 341.0 260.9 344.8 260.7 0.9977
326.8 258.3 12.0 14.5 330.6 264.9 335.8 265.4 333.1 268.3 330.8 270.3 334.4 270.7 0.9974
396.6 283.4 16.7 20.4 401.0 293.1 409.1 293.7 404.8 298.4 401.8 300.9 407.1 301.4 0.9967
96.0 277.9 13.2 16.7 99.8 285.2 106.3 285.2 103.4 288.7 100.4 291.5 105.6 291.5 0.9956
242.3 238.2 12.3 16.7 246.7 245.9 251.9 245.6 249.8 249.2 247.7 252.1 251.4 251.9 0.9954
309.9 233.8 10.0 12.4 313.0 239.2 317.2 239.0 315.4 241.4 313.7 243.6 317.0 243.4 0.9943
417.2 226.5 8.7 11.4 418.2 230.7 420.9 230.8 418.4 233.2 418.8 235.5 420.7 235.4 0.9938
703.7 221.3 9.8 11.7 704.9 226.0 707.6 225.7 705.2 228.5 706.2 230.7 708.0 230.3 0.9936
500.8 223.0 9.2 10.9 502.7 227.9 507.0 227.6 504.8 230.2 503.7 232.1 507.0 231.8 0.9923
124.1 251.7 10.7 13.1 128.4 258.3 132.8 258.2 131.1 261.2 129.1 263.0 132.0 263.0 0.9900
173.1 274.0 13.2 16.5 177.7 281.1 183.5 281.3 180.8 284.5 178.2 287.2 182.3 287.4 0.9882
383.3 237.3 9.6 11.4 386.4 242.4 390.9 242.5 388.7 245.1 386.8 246.8 389.9 247.0 0.9875
91.7 261.2 10.5 12.4 95.2 267.3 100.0 267.3 97.8 270.2 96.0 272.0 99.0 272.0 0.9834
367.7 287.6 14.1 17.5 370.2 296.4 376.7 294.6 374.1 299.1 373.2 302.8 377.7 301.3 0.9712
340.2 234.6 8.8 10.9 341.9 239.1 345.5 238.8 343.6 241.3 342.9 243.6 345.7 243.3 0.9432
931.1 219.1 9.6 12.3 933.2 224.7 934.8 224.8 933.3 227.4 934.8 229.4 935.6 229.3 0.9166
336.5 225.7 10.3 12.6 337.8 230.8 341.0 230.4 338.4 233.4 339.0 236.2 341.2 235.8 0.8826
862.7 200.1 11.3 13.9 869.8 206.4 872.4 206.2 871.7 209.7 868.8 211.7 870.3 211.7 0.8221
282.8 256.3 11.9 15.7 284.8 263.1 290.5 263.2 287.2 266.5 285.5 269.2 289.8 269.3 0.7428
