29--Students_Schoolkids/29_Students_Schoolkids_Students_Schoolkids_29_551.jpg
9
764.8 189.0 79.2 86.3 775.3 225.3 795.5 230.3 776.2 248.7 787.1 259.2 797.0 262.3 0.9998
497.2 178.8 53.0 40.4 508.2 201.6 522.2 200.6 515.6 214.6 525.1 216.6 531.3 215.3 0.9996
314.7 621.6 246.4 172.3 380.7 739.5 435.6 724.0 418.8 784.5 455.5 774.0 484.4 762.7 0.9992
445.6 73.0 35.0 41.8 452.4 88.6 466.5 86.4 459.2 97.5 457.0 105.1 467.8 103.3 0.9987
734.7 93.2 45.5 59.7 740.3 115.7 759.8 117.3 745.3 129.5 741.5 139.3 756.6 140.2 0.9985
188.5 83.0 42.1 50.8 198.3 103.8 217.2 100.7 208.9 115.0 204.7 124.8 218.2 122.3 0.9985
344.9 59.7 26.9 30.5 349.7 73.3 355.7 73.3 351.7 81.4 356.8 85.4 359.8 85.0 0.9979
68.8 367.3 109.2 62.9 100.4 404.8 122.8 408.2 114.3 424.3 125.6 421.3 136.9 423.8 0.9974
58.1 68.7 41.4 26.3 70.6 88.1 75.3 81.6 77.7 92.3 88.5 93.7 89.3 88.2 0.9937
