29--Students_Schoolkids/29_Students_Schoolkids_Students_Schoolkids_29_186.jpg
8
818.5 306.8 48.6 59.3 823.8 325.4 839.8 328.8 823.4 339.0 824.5 349.9 836.1 352.3 0.9996
911.9 247.9 25.8 32.0 921.6 261.5 932.6 260.6 928.8 267.1 923.2 272.0 932.4 271.4 0.9984
896.3 323.0 53.3 74.7 911.3 345.4 915.3 352.3 896.9 359.8 901.4 375.8 902.8 380.0 0.9965
435.4 312.7 32.1 49.3 439.9 331.9 446.5 332.3 437.3 341.0 442.1 350.6 446.2 350.5 0.9956
697.2 213.6 17.1 20.8 700.8 224.1 705.7 223.3 703.0 228.6 704.5 231.4 707.7 230.7 0.9892
592.7 298.8 31.8 40.7 597.5 312.1 604.1 312.6 595.8 320.6 598.0 329.4 602.5 329.4 0.9788
834.8 208.8 13.4 16.7 837.1 215.8 843.0 216.0 839.2 219.3 837.6 222.3 842.0 222.4 0.9423
988.1 240.2 28.0 28.8 991.7 251.3 1001.9 252.1 994.2 258.6 994.1 263.1 1000.6 263.6 0.8895
