29--Students_Schoolkids/29_Students_Schoolkids_Students_Schoolkids_29_51.jpg
32
723.9 511.2 15.8 19.6 726.4 520.2 733.3 521.0 728.4 524.8 726.6 527.5 731.5 528.0 0.9937
537.2 484.3 12.6 15.6 540.6 490.1 546.6 490.2 543.6 493.7 541.3 496.6 545.8 496.7 0.9921
933.3 450.7 12.9 16.9 936.5 455.8 942.6 456.3 939.1 459.3 936.4 462.7 941.4 463.1 0.9916
572.1 471.0 12.3 16.8 574.4 477.0 580.5 476.8 577.0 480.8 575.3 484.3 579.7 484.1 0.9902
369.1 489.1 15.7 19.5 373.4 496.6 380.6 496.0 377.5 500.3 374.7 504.2 380.4 503.8 0.9872
976.3 516.2 13.2 16.1 979.3 522.5 985.4 522.2 982.3 525.5 980.3 528.6 985.2 528.4 0.9854
883.5 480.6 12.3 14.6 887.3 486.6 892.8 486.6 890.1 489.6 888.0 492.4 891.8 492.4 0.9750
791.2 415.6 12.1 15.3 794.9 420.7 800.4 421.0 797.7 423.9 795.3 426.9 799.9 427.1 0.9743
970.6 536.9 13.0 16.3 974.2 543.2 980.2 543.4 977.1 546.3 974.6 549.2 979.5 549.3 0.9729
1008.1 429.4 12.1 15.0 1011.9 435.1 1017.5 436.3 1014.1 438.7 1011.5 441.1 1015.4 442.0 0.9634
28.1 497.6 10.9 14.0 30.7 502.7 35.5 501.9 33.5 504.9 32.2 508.3 35.9 507.6 0.9605
784.5 460.9 13.1 16.1 788.0 465.7 794.0 465.7 791.1 469.0 788.4 472.5 793.4 472.5 0.9584
457.7 542.0 13.2 17.8 459.7 550.0 464.1 549.9 460.8 553.6 460.8 556.7 464.0 556.5 0.9570
765.1 431.3 10.6 14.1 768.2 437.5 772.9 437.1 771.0 440.0 769.1 442.7 772.9 442.4 0.9530
488.1 472.7 13.5 16.6 491.9 479.6 498.0 479.2 495.2 483.0 493.2 486.0 497.4 485.8 0.9455
841.8 407.1 11.4 14.3 844.5 412.7 849.9 413.1 846.7 416.0 844.8 418.7 848.8 418.9 0.9358
530.8 443.1 11.9 14.5 532.9 448.7 537.5 448.7 534.5 451.5 533.5 454.4 537.1 454.3 0.9354
553.8 480.5 10.2 12.2 556.1 485.4 560.8 485.3 558.3 487.8 556.7 490.3 560.5 490.2 0.9294
879.4 501.9 14.3 17.0 883.5 508.8 890.5 509.0 886.9 512.6 884.1 515.8 889.2 516.0 0.9263
896.9 466.1 11.0 13.0 900.1 471.4 904.9 471.4 902.4 473.9 900.6 476.3 904.4 476.3 0.9084
350.8 533.3 12.4 17.3 354.4 539.6 359.9 539.4 357.3 542.5 355.0 546.1 359.6 545.9 0.8968
723.1 471.7 12.6 18.5 726.3 479.3 732.1 479.1 729.1 483.1 727.2 486.6 731.5 486.4 0.8710
95.3 493.1 11.7 14.2 98.0 499.8 103.6 499.2 100.9 502.7 99.4 505.2 103.4 504.7 0.8423
999.8 405.7 11.4 15.4 1002.9 412.2 1008.3 412.3 1005.5 415.6 1003.3 418.2 1007.4 418.3 0.7907
900.1 429.6 10.0 12.8 903.4 434.6 907.7 434.7 905.7 437.1 903.6 439.4 907.0 439.6 0.7108
186.3 471.9 9.4 11.2 188.8 476.5 193.2 476.2 191.2 478.6 189.6 480.8 193.1 480.6 0.7048
413.4 457.0 11.3 14.6 416.1 462.8 421.3 462.6 418.6 465.6 416.9 468.6 420.8 468.5 0.6994
965.8 403.0 11.8 14.8 969.1 409.0 974.6 409.1 971.9 412.3 969.6 414.9 973.8 415.1 0.6818
781.1 381.6 12.0 15.1 784.7 387.0 790.1 386.8 787.7 389.7 785.5 393.0 789.8 392.8 0.6261
112.1 452.4 10.3 13.0 114.4 457.0 119.4 457.1 116.6 459.8 114.8 462.4 118.8 462.5 0.5158
69.0 470.4 9.6 11.7 71.4 475.0 75.2 475.0 72.9 477.3 71.8 479.5 74.7 479.5 0.5088
579.8 406.9 9.9 12.6 582.0 411.4 586.4 411.5 583.8 413.8 582.3 416.3 585.9 416.4 0.5044
