29--Students_Schoolkids/29_Students_Schoolkids_Students_Schoolkids_29_438.jpg
9
597.8 120.8 106.1 123.1 620.8 178.3 669.3 187.2 636.6 212.7 621.1 212.7 661.4 219.7 0.9998
865.5 50.3 92.5 123.5 912.1 99.1 948.1 100.3 941.2 121.1 917.0 144.9 943.9 145.3 0.9996
346.0 49.5 86.5 124.5 387.1 101.2 421.7 103.8 412.1 126.7 388.8 146.5 414.2 148.4 0.9995
248.5 150.8 91.2 143.8 299.3 207.6 330.2 204.9 333.5 232.9 301.9 257.6 328.2 256.4 0.9994
759.2 176.4 77.7 108.2 785.3 222.5 822.2 221.3 808.4 244.8 790.7 261.9 818.2 260.9 0.9994
483.0 29.7 86.2 114.6 529.0 74.2 559.8 74.7 557.3 90.0 539.7 118.0 560.2 117.5 0.9993
240.9 67.2 91.0 105.6 286.4 115.4 321.6 116.3 312.5 134.9 288.5 150.8 313.8 152.0 0.9990
52.3 5.1 89.3 124.6 100.5 58.0 134.8 57.0 132.5 79.2 109.2 104.5 132.9 103.3 0.9986
943.1 26.3 69.8 108.7 987.6 69.4 1001.6 66.2 1009.3 87.5 985.2 108.0 995.8 106.7 0.9982
