29--Students_Schoolkids/29_Students_Schoolkids_Students_Schoolkids_29_275.jpg
22
764.0 197.3 79.5 91.7 774.9 239.9 807.8 235.6 787.4 258.2 786.7 273.4 809.3 269.5 0.9997
582.8 282.3 44.0 49.6 588.2 302.3 598.3 306.2 587.5 313.3 593.9 319.8 599.9 322.3 0.9995
444.1 133.4 12.7 19.5 445.5 140.6 447.2 141.2 443.4 144.5 445.5 148.1 446.4 148.3 0.9995
669.7 140.5 16.6 18.4 672.9 147.3 680.3 146.7 676.1 151.4 674.6 155.2 679.7 154.7 0.9992
380.0 201.0 28.0 34.2 382.7 214.0 391.9 214.9 383.2 222.0 385.1 228.5 390.9 228.7 0.9987
595.5 163.1 17.8 21.7 598.0 173.1 600.0 173.2 597.4 178.4 602.6 181.3 603.3 181.0 0.9985
67.4 134.4 12.7 16.0 73.4 140.8 78.3 140.8 76.9 144.2 73.8 147.1 77.5 147.2 0.9984
443.4 235.0 28.3 36.3 447.6 246.8 452.8 248.9 444.3 256.4 449.7 263.1 452.4 264.0 0.9981
868.7 194.8 36.9 48.9 873.2 213.9 884.7 215.2 872.0 224.7 873.8 233.4 881.3 234.3 0.9980
298.4 176.7 19.3 26.5 300.8 187.7 306.7 188.0 301.6 193.9 303.5 198.2 307.5 198.0 0.9980
131.5 140.0 13.1 18.0 133.5 147.5 135.3 148.2 132.4 151.7 135.0 154.7 135.8 154.9 0.9979
263.8 117.7 9.7 11.7 265.3 122.4 268.3 122.1 266.2 124.6 266.5 127.0 268.6 126.6 0.9961
820.3 137.0 26.2 30.1 824.4 147.6 834.2 149.0 826.1 154.4 824.2 159.5 831.2 160.4 0.9961
736.9 193.4 27.1 34.2 740.2 203.5 751.5 204.0 743.0 213.1 743.2 219.5 751.3 219.7 0.9959
401.1 125.9 13.1 16.7 403.3 132.7 409.1 132.2 405.8 135.6 404.5 139.1 408.7 138.7 0.9953
312.2 138.7 20.0 25.9 315.1 149.6 323.3 149.3 317.8 154.2 316.7 159.3 322.4 158.9 0.9935
593.7 110.9 15.7 22.4 596.8 119.0 604.3 118.9 600.1 123.3 597.6 127.8 603.8 127.7 0.9930
126.4 117.3 8.7 10.3 128.3 121.1 132.1 121.0 130.0 123.1 128.9 125.1 131.9 125.0 0.9927
765.8 140.0 15.7 21.8 768.3 147.7 770.1 148.3 767.0 152.6 769.8 156.7 770.8 156.8 0.9911
215.5 150.5 13.3 16.5 216.8 157.1 220.5 157.3 217.3 160.8 218.6 163.6 221.0 163.6 0.9780
494.4 174.9 16.7 26.0 497.4 183.2 498.2 184.6 495.4 189.1 498.0 193.9 498.5 194.9 0.9756
186.3 65.2 10.7 12.9 188.6 70.6 192.7 70.0 190.6 72.8 189.9 75.3 193.1 74.8 0.9644
