29--Students_Schoolkids/29_Students_Schoolkids_Students_Schoolkids_29_18.jpg
19
167.7 139.1 75.5 102.9 216.3 183.0 230.6 175.6 242.4 197.3 223.8 219.7 233.2 214.8 0.9998
695.3 116.7 44.2 67.6 725.9 143.4 730.2 141.4 739.4 155.1 727.1 168.5 729.9 167.9 0.9998
569.6 109.8 41.6 68.1 598.5 135.9 602.1 134.8 611.4 147.4 600.5 161.1 603.2 161.1 0.9997
121.5 10.7 45.7 59.0 149.4 31.0 160.9 30.2 165.3 41.2 151.9 53.8 160.6 53.6 0.9997
572.3 26.6 19.4 26.7 584.8 36.6 589.9 36.2 590.6 41.5 585.4 46.8 589.2 46.8 0.9997
508.8 32.1 18.4 27.9 520.9 43.2 524.4 42.5 526.1 47.7 521.8 53.2 524.5 53.0 0.9997
286.4 53.7 36.4 40.3 305.2 73.8 317.8 73.5 314.5 82.4 304.0 87.0 312.1 87.1 0.9996
323.1 18.7 27.6 35.2 338.0 33.5 348.3 32.9 346.9 40.6 339.1 47.1 345.8 46.8 0.9996
879.7 119.3 32.5 49.7 901.7 141.1 908.0 139.3 912.2 148.8 902.9 158.5 906.8 157.6 0.9994
216.0 0.0 29.5 40.8 233.4 17.6 243.1 18.0 241.7 26.0 231.3 31.3 239.1 31.9 0.9994
790.3 75.4 23.2 33.7 804.8 88.5 810.6 87.7 812.2 94.2 806.2 101.0 810.6 100.8 0.9993
438.4 199.0 55.1 83.6 476.9 234.7 484.0 231.5 492.6 247.8 477.0 264.2 481.5 262.6 0.9992
855.7 60.9 22.3 26.7 866.0 70.6 874.7 71.5 871.2 76.3 865.3 80.9 872.1 81.8 0.9992
833.8 142.8 36.1 49.8 860.9 161.2 864.4 160.0 869.5 171.4 857.5 179.6 860.0 179.4 0.9992
648.6 41.5 17.3 22.7 656.4 49.1 663.5 49.5 661.4 53.7 656.7 58.2 662.1 58.6 0.9990
408.5 29.0 22.8 34.5 420.5 40.5 428.9 41.9 427.9 47.0 421.1 54.5 427.1 55.9 0.9989
913.7 116.8 28.7 43.7 932.4 132.9 938.7 133.5 940.6 141.7 931.9 150.0 936.2 150.8 0.9989
734.4 35.6 17.3 23.9 743.7 45.9 749.3 45.7 748.6 50.6 744.2 54.9 748.4 55.1 0.9984
694.3 44.5 15.4 21.6 702.6 53.6 707.5 53.5 706.1 58.5 702.1 62.0 705.4 62.1 0.9974
