29--Students_Schoolkids/29_Students_Schoolkids_Students_Schoolkids_29_709.jpg
21
177.8 441.9 43.6 53.2 183.8 465.7 200.9 466.7 188.4 477.3 186.3 482.3 199.8 483.2 0.9995
343.1 278.6 28.4 37.8 347.4 296.3 360.5 293.4 353.7 303.3 352.3 309.9 361.8 307.5 0.9993
547.7 408.3 42.8 52.8 557.1 429.7 576.3 430.3 565.0 441.2 558.5 448.2 574.1 448.6 0.9992
578.2 245.2 15.1 19.2 580.0 253.4 585.6 253.9 581.4 257.9 581.5 260.8 585.2 261.0 0.9988
94.7 239.3 16.0 20.4 96.6 247.1 100.7 247.7 96.2 251.5 97.8 255.1 100.6 255.3 0.9983
967.6 240.0 19.1 22.3 973.7 250.6 981.8 249.0 978.9 254.3 976.2 258.1 982.2 257.0 0.9980
505.4 218.0 15.3 17.6 508.6 223.3 515.0 225.2 510.0 228.1 507.5 230.6 512.4 232.0 0.9976
882.6 258.2 19.2 27.2 884.7 269.3 891.9 270.1 885.9 275.1 885.6 279.5 890.5 280.0 0.9975
404.2 207.7 11.7 15.3 405.7 213.7 408.9 214.2 405.5 217.1 406.5 219.8 408.4 220.0 0.9927
217.1 295.7 19.0 22.4 219.5 305.2 226.9 306.2 221.4 311.1 221.3 313.9 226.1 314.4 0.9907
793.5 283.3 19.9 26.1 796.7 295.4 805.3 294.9 800.2 300.3 798.5 304.4 805.5 303.9 0.9867
814.9 189.6 10.5 13.6 816.1 194.6 819.3 194.7 816.4 197.7 817.0 200.3 819.1 200.2 0.9856
478.8 244.7 14.4 16.2 481.8 250.5 488.5 249.9 485.1 253.9 483.0 257.1 488.3 256.7 0.9823
23.5 201.7 9.3 11.6 25.4 206.2 28.6 206.6 26.2 208.6 25.5 210.6 28.0 210.8 0.9482
702.0 207.1 11.2 13.8 705.3 212.5 709.7 212.7 707.4 215.5 705.6 218.1 709.0 218.2 0.8235
129.0 200.7 10.5 14.5 132.4 206.0 136.1 205.9 134.7 209.1 133.0 212.2 135.8 212.1 0.8041
117.1 200.8 14.3 16.9 119.9 206.7 126.0 206.7 122.5 210.4 120.8 214.1 125.5 214.0 0.7880
353.0 188.3 10.5 13.0 355.3 193.7 360.0 193.4 357.7 196.3 356.3 198.7 359.9 198.5 0.7784
627.5 192.0 8.9 11.0 630.6 195.8 634.5 196.0 632.7 198.3 630.8 200.4 633.8 200.5 0.7711
286.9 188.4 10.5 14.4 288.9 193.6 293.8 193.3 291.1 196.8 289.9 199.8 293.6 199.5 0.7599
722.6 179.1 10.1 12.7 724.9 183.8 729.4 183.8 727.1 186.7 725.5 189.3 729.0 189.3 0.5549
