29--Students_Schoolkids/29_Students_Schoolkids_Students_Schoolkids_29_520.jpg
8
518.4 420.2 127.2 155.2 546.7 493.5 604.0 494.2 571.2 531.2 552.1 542.6 603.0 543.2 0.9999
321.4 0.0 136.2 174.3 354.2 61.1 419.2 53.3 389.7 87.9 361.8 119.8 425.8 112.9 0.9998
694.3 357.8 110.4 133.0 723.2 404.2 774.5 397.0 753.5 426.4 730.7 450.5 779.5 444.2 0.9996
123.9 351.2 122.5 155.1 156.9 410.2 214.1 406.6 188.3 443.4 158.2 459.1 217.5 456.1 0.9996
915.0 320.4 108.3 137.6 947.2 374.2 1004.8 380.8 971.1 411.0 945.3 422.5 993.9 428.5 0.9996
605.1 81.9 19.3 23.8 609.7 92.1 618.5 91.9 613.9 95.9 611.0 100.5 617.4 100.3 0.9993
539.3 30.5 12.9 16.7 542.1 36.9 545.0 38.3 541.0 40.7 541.1 43.5 542.9 44.4 0.8399
930.4 39.0 8.2 9.5 931.6 42.4 934.7 42.4 932.5 44.7 932.3 46.7 934.5 46.6 0.8205
