29--Students_Schoolkids/29_Students_Schoolkids_Students_Schoolkids_29_594.jpg
21
462.8 233.7 36.7 44.4 485.2 248.2 495.9 247.6 498.0 256.8 488.3 266.9 495.5 266.9 0.9999
411.5 260.7 48.1 64.9 440.8 283.1 453.6 282.8 458.1 293.4 442.9 307.6 453.2 307.8 0.9998
458.4 377.3 57.3 67.8 487.1 404.1 508.8 405.4 502.4 421.7 483.9 429.1 500.1 430.8 0.9998
157.5 242.7 33.9 37.3 169.8 254.1 185.3 255.6 178.0 262.8 169.5 268.9 182.5 270.1 0.9998
665.1 423.4 85.9 82.6 714.1 461.3 736.6 459.3 731.4 483.2 704.3 491.9 716.2 491.8 0.9998
43.3 433.3 97.7 87.1 94.9 482.1 129.3 479.5 130.0 504.2 102.6 529.9 126.9 527.9 0.9997
186.5 396.0 60.4 69.8 210.9 419.9 237.4 419.2 229.9 431.7 216.8 448.2 236.2 447.3 0.9997
5.5 215.5 39.1 40.5 18.4 230.1 35.9 228.5 29.9 235.9 22.2 245.1 36.3 243.9 0.9996
611.9 272.1 42.1 54.9 635.0 291.0 649.6 291.2 649.8 299.9 636.9 311.7 648.8 312.3 0.9996
882.7 219.1 33.9 43.5 896.7 234.8 911.6 236.0 906.4 243.5 896.1 249.4 909.9 250.4 0.9996
97.1 383.7 46.9 52.6 119.3 403.4 135.9 397.6 137.7 409.9 128.0 423.8 140.6 419.6 0.9996
790.1 257.1 47.1 66.5 803.7 283.4 826.8 283.9 816.6 294.9 804.9 306.2 825.0 306.7 0.9995
339.0 210.3 36.9 56.0 361.8 232.9 372.0 232.6 373.5 242.5 362.7 252.9 371.0 253.2 0.9994
556.2 182.9 42.1 57.6 579.3 206.2 592.8 205.7 591.0 214.7 579.6 225.2 590.8 225.2 0.9994
959.7 308.5 30.0 43.2 964.1 325.2 969.5 326.2 960.6 333.9 965.4 341.7 969.0 341.8 0.9993
62.1 300.9 36.0 49.0 78.4 321.7 92.6 319.4 92.1 326.9 85.1 339.1 94.8 337.6 0.9992
294.4 207.9 40.3 58.5 312.2 230.6 330.5 230.4 324.4 242.8 312.4 251.4 328.4 251.6 0.9992
236.7 226.7 27.0 35.9 247.5 240.5 258.9 240.3 256.0 245.0 250.4 253.6 259.0 253.5 0.9991
446.3 463.9 75.4 56.6 469.4 509.3 506.6 507.6 491.7 528.2 475.3 545.5 504.6 544.2 0.9925
138.5 196.9 25.9 34.6 23.7 348.3 29.6 347.2 31.4 357.3 23.5 366.0 27.4 365.8 0.9097
732.4 241.9 37.6 44.5 143.4 210.7 155.2 210.8 148.4 217.6 145.2 223.6 154.0 223.6 0.6808
