29--Students_Schoolkids/29_Students_Schoolkids_Students_Schoolkids_29_865.jpg
15
126.6 74.8 54.1 67.8 145.5 102.5 170.4 101.0 161.7 115.2 149.2 126.7 169.8 125.5 0.9996
810.7 32.3 89.6 112.5 830.0 72.4 873.1 75.1 846.7 98.1 830.3 114.1 867.1 116.7 0.9996
19.2 106.7 71.1 78.2 44.4 137.0 76.3 135.5 65.4 151.1 47.9 164.6 76.5 163.4 0.9996
461.5 75.6 18.4 22.1 466.1 84.9 474.3 83.2 470.9 88.4 468.3 92.5 475.4 91.1 0.9996
758.7 116.7 47.9 55.2 764.5 135.9 783.7 134.3 769.9 146.7 768.6 157.7 784.5 156.2 0.9996
672.3 60.5 38.5 47.8 680.4 80.1 696.9 77.8 688.5 89.0 684.5 96.4 698.8 94.4 0.9996
242.9 104.4 43.3 50.8 256.3 124.2 275.6 124.4 266.5 133.5 258.7 142.9 273.5 143.0 0.9993
621.2 63.5 17.6 23.4 625.4 74.2 633.3 73.5 629.3 78.6 627.1 82.4 632.9 81.9 0.9993
565.1 66.8 17.3 22.6 566.0 76.0 569.3 75.7 564.5 80.8 567.8 85.4 569.8 84.8 0.9990
350.2 81.2 18.6 21.1 355.2 89.9 363.3 88.9 359.6 93.7 357.0 97.7 363.1 96.9 0.9987
525.6 72.0 17.9 20.9 530.7 80.8 538.7 81.0 534.7 85.6 531.6 88.9 537.3 89.0 0.9980
304.5 90.7 16.4 16.3 307.1 97.2 311.5 97.6 307.6 101.6 309.3 103.9 311.7 104.0 0.9962
438.7 63.7 12.1 19.9 448.1 70.9 447.7 70.6 450.7 74.2 448.7 78.7 448.3 78.7 0.9959
405.6 80.9 14.9 18.8 415.2 88.8 418.0 88.3 417.9 93.1 413.9 96.1 415.6 95.9 0.9827
253.2 78.1 20.6 23.1 256.5 88.9 263.4 88.9 258.8 94.2 259.2 97.4 263.8 97.2 0.8562
