29--Students_Schoolkids/29_Students_Schoolkids_Students_Schoolkids_29_615.jpg
13
746.5 128.6 88.5 120.2 759.3 173.1 789.0 177.8 756.3 196.9 756.4 218.9 778.9 222.5 0.9999
204.2 233.9 108.3 103.7 227.2 293.3 256.0 284.2 246.0 321.6 266.1 327.5 280.6 319.4 0.9999
890.5 71.7 90.5 111.0 906.3 116.9 947.3 114.5 921.5 139.2 913.5 160.4 943.4 158.8 0.9998
778.6 285.4 120.9 137.3 804.8 345.5 858.4 340.7 830.2 367.2 818.5 395.5 857.3 391.5 0.9997
606.3 80.8 83.1 99.0 618.7 121.2 654.2 111.1 632.1 129.7 627.7 156.3 656.6 148.0 0.9997
24.7 256.6 109.1 129.2 39.8 315.4 85.0 303.8 58.2 335.1 55.7 358.0 95.6 348.4 0.9997
351.0 177.9 100.7 135.6 366.6 230.8 411.1 230.0 382.0 259.1 373.2 282.2 408.1 281.3 0.9997
485.0 282.9 111.0 146.3 499.7 341.2 545.5 338.2 510.8 365.4 507.4 393.6 544.2 391.1 0.9997
186.8 465.0 167.2 210.6 214.4 557.3 285.6 540.2 244.6 586.6 239.4 634.6 292.0 620.3 0.9997
502.3 93.0 69.2 90.7 510.4 125.3 530.6 125.7 506.3 140.6 508.6 160.2 523.5 160.7 0.9996
698.3 43.2 71.3 93.2 709.7 74.4 740.6 73.3 720.4 92.9 714.1 113.3 737.1 112.7 0.9996
232.9 100.4 51.4 63.6 260.1 125.3 279.2 123.9 278.2 135.3 265.8 150.0 279.2 148.9 0.9994
416.6 85.9 73.6 83.1 425.5 118.6 453.7 117.7 432.6 132.6 430.4 150.0 449.8 149.4 0.9993
