29--Students_Schoolkids/29_Students_Schoolkids_Students_Schoolkids_29_60.jpg
37
215.4 268.4 38.3 42.1 231.3 282.9 247.0 289.2 237.0 295.5 225.5 297.7 238.3 302.9 0.9997
493.8 407.8 36.1 46.1 505.9 427.0 522.4 425.6 516.1 436.3 508.4 443.3 521.6 442.2 0.9997
151.2 256.2 43.4 49.5 167.1 272.4 186.1 273.0 178.4 282.7 168.1 291.7 183.6 292.3 0.9997
337.8 239.8 35.4 45.0 348.1 258.4 364.9 259.3 356.4 267.6 348.5 273.5 362.7 274.2 0.9996
170.2 166.6 23.5 28.9 175.2 176.2 186.5 175.6 180.6 181.9 176.4 187.4 186.5 186.9 0.9996
599.4 277.6 31.4 37.3 607.0 296.2 619.9 291.3 615.5 300.8 612.9 307.3 623.6 303.3 0.9996
323.9 413.1 34.4 44.7 334.0 431.0 349.9 430.3 342.6 439.0 336.1 446.9 349.1 446.3 0.9996
730.3 280.1 33.4 37.0 739.8 297.0 754.4 291.7 750.3 302.3 746.1 309.5 758.2 305.3 0.9996
630.1 147.5 25.4 29.9 637.0 158.8 648.5 158.1 643.1 164.9 638.7 170.0 648.0 169.4 0.9996
3.2 253.8 42.8 52.7 20.7 271.1 39.9 272.1 33.1 282.1 21.2 291.7 37.0 292.6 0.9996
489.0 167.1 25.2 29.4 495.9 177.7 507.7 176.8 502.3 184.1 497.9 189.5 507.2 188.7 0.9995
504.6 275.0 30.9 37.1 515.1 287.7 528.8 292.1 520.6 297.7 512.5 301.4 523.3 305.0 0.9995
430.7 259.8 31.8 39.8 441.2 275.0 455.9 277.2 448.1 284.5 439.8 289.2 452.3 291.0 0.9995
771.1 165.0 22.0 26.3 776.1 174.3 786.5 175.0 780.5 179.6 776.5 184.3 784.9 184.9 0.9995
76.0 273.2 36.4 44.1 89.0 291.6 104.6 289.5 100.1 297.8 93.3 307.1 105.4 305.3 0.9995
694.7 184.7 25.7 29.5 701.8 194.8 713.9 195.5 707.7 202.0 702.1 206.3 712.1 206.9 0.9994
939.6 267.3 36.7 42.8 949.4 284.8 966.8 282.3 959.7 293.1 953.1 300.3 967.8 298.3 0.9994
426.8 144.2 23.2 30.5 434.9 157.3 444.9 157.4 440.6 163.3 435.5 168.2 443.6 168.4 0.9994
559.1 295.9 33.4 42.3 568.8 312.8 584.1 311.3 577.4 320.9 570.6 327.3 584.3 326.3 0.9994
803.9 278.7 34.0 42.9 809.5 296.7 824.7 295.1 815.8 304.0 811.4 309.4 826.2 308.0 0.9994
354.8 151.1 23.6 27.1 361.8 160.4 372.8 160.4 367.8 167.1 362.8 171.2 372.0 171.2 0.9994
618.5 427.5 33.2 38.7 626.3 439.1 641.9 438.3 633.9 447.8 628.1 455.1 641.3 454.6 0.9994
565.4 151.8 23.6 27.0 571.8 160.6 583.2 160.8 577.6 166.3 572.7 171.3 582.2 171.5 0.9993
257.2 177.4 25.7 30.9 264.4 190.2 276.3 188.8 271.2 195.6 266.4 200.9 276.5 199.9 0.9993
461.5 255.7 29.9 36.8 470.7 269.9 484.9 270.0 478.5 275.7 471.7 283.0 483.4 283.1 0.9993
654.7 274.2 29.1 41.4 661.3 291.6 675.4 289.6 668.9 298.7 664.2 306.3 675.6 304.7 0.9993
825.4 232.6 32.3 42.5 833.8 252.0 848.9 250.0 842.4 259.1 837.4 267.2 848.5 265.7 0.9992
531.8 241.9 28.8 33.1 540.6 253.9 553.8 254.4 547.4 260.8 541.3 266.3 552.2 266.7 0.9992
767.4 272.3 29.2 37.8 779.6 286.0 792.2 286.7 787.9 293.6 780.8 300.5 790.5 301.2 0.9991
369.0 247.8 27.1 35.2 380.6 259.6 391.5 263.0 386.3 267.9 377.7 272.2 386.8 275.1 0.9988
117.8 266.3 29.0 35.3 126.5 278.5 141.4 278.6 134.7 286.2 127.0 291.7 140.2 291.9 0.9988
229.0 193.7 22.2 29.7 236.7 204.8 247.2 204.8 242.8 210.5 237.0 215.3 246.5 215.3 0.9987
665.3 243.5 31.0 34.0 673.0 255.2 687.5 254.7 680.4 263.1 675.7 269.9 686.2 269.4 0.9985
923.7 236.5 32.2 37.6 932.1 252.0 946.2 250.0 939.9 259.0 936.0 266.0 946.2 264.4 0.9985
262.0 234.1 31.8 43.0 271.0 250.4 286.6 250.1 279.4 258.8 272.5 267.0 285.5 266.9 0.9984
406.8 250.7 26.5 39.3 411.5 268.0 423.4 267.1 416.5 275.1 413.8 281.8 422.8 281.0 0.9940
282.5 248.5 23.6 31.8 287.0 258.2 298.4 258.5 292.2 264.6 288.2 272.1 296.4 272.4 0.9413
