35--Basketball/35_Basketball_Basketball_35_359.jpg
25
352.7 131.3 23.9 27.6 358.5 140.4 370.4 139.8 364.7 145.5 359.6 150.7 370.2 150.2 0.9995
706.5 126.8 25.1 31.7 712.8 138.9 725.0 138.9 718.8 144.6 713.3 149.5 724.6 149.5 0.9995
655.8 178.2 26.7 35.4 663.0 192.4 676.0 192.2 669.6 199.0 664.1 204.6 675.2 204.4 0.9995
804.5 117.6 23.9 29.4 809.0 128.7 820.0 128.0 813.8 133.9 810.9 140.1 819.4 139.5 0.9995
61.5 68.3 28.3 35.0 71.6 79.5 84.8 80.2 79.3 86.8 71.5 92.4 83.6 93.0 0.9995
174.4 186.3 26.4 32.7 183.1 199.1 195.7 198.4 190.8 205.5 184.6 210.9 195.5 210.4 0.9994
851.8 179.8 27.5 35.6 857.4 194.8 870.6 194.0 863.5 201.5 858.7 206.3 870.8 205.6 0.9994
370.7 274.3 27.8 35.7 377.6 288.2 390.8 288.5 383.9 295.2 378.2 300.5 389.7 300.8 0.9994
259.4 110.0 23.4 31.1 264.4 122.4 275.8 121.9 269.9 128.3 265.3 132.9 275.7 132.5 0.9994
613.0 121.7 25.5 35.0 619.6 135.8 633.0 136.8 625.9 141.9 619.5 147.3 630.9 148.1 0.9994
737.8 272.1 28.7 35.5 745.8 285.8 759.8 285.7 753.2 293.9 747.0 298.5 758.7 298.5 0.9993
492.7 269.8 29.0 36.1 500.2 283.4 514.6 284.2 506.9 290.2 500.2 295.7 513.0 296.2 0.9993
383.5 172.3 28.6 35.7 391.1 184.0 404.6 183.7 398.0 189.9 391.9 196.6 404.3 196.3 0.9992
169.9 74.7 24.3 32.9 177.4 86.1 188.7 86.3 183.7 92.7 178.7 99.0 187.3 99.2 0.9992
911.5 116.6 25.6 34.6 917.8 129.6 929.7 130.2 923.2 136.3 918.0 141.9 928.3 142.4 0.9992
481.9 178.2 25.3 30.6 488.2 188.8 500.1 189.2 493.7 195.7 488.7 200.7 498.4 201.0 0.9992
614.7 270.6 28.1 36.3 622.0 284.8 636.0 284.3 629.5 290.6 623.5 297.3 635.5 297.0 0.9992
125.7 185.5 26.7 32.6 135.7 196.5 147.8 198.1 142.6 202.9 135.0 208.0 145.7 209.3 0.9991
568.0 179.7 24.4 30.1 574.4 190.7 586.1 190.8 580.1 196.5 575.0 202.2 585.1 202.4 0.9991
252.8 265.1 27.4 35.5 258.8 279.5 272.0 278.9 265.1 286.0 259.7 291.0 272.1 290.5 0.9991
437.7 111.3 24.0 31.8 443.6 123.5 454.9 123.1 449.4 129.2 444.2 134.0 454.8 133.7 0.9991
523.4 100.3 24.6 31.1 529.5 113.4 541.3 112.9 535.6 119.1 531.0 124.3 540.8 123.8 0.9990
284.8 172.5 26.1 35.4 291.2 187.0 304.0 186.4 297.9 193.2 292.9 199.5 303.4 199.0 0.9989
918.3 184.4 28.3 38.3 925.9 199.3 938.9 200.2 931.9 206.9 926.3 213.2 936.7 213.9 0.9988
756.7 184.4 25.9 33.2 762.7 197.4 775.1 197.3 768.6 203.7 763.6 209.5 774.4 209.3 0.9985
