35--Basketball/35_Basketball_basketballgame_ball_35_272.jpg
12
388.9 208.9 77.8 102.8 429.7 251.5 459.3 251.8 455.9 268.8 433.5 287.2 457.2 287.5 0.9995
554.2 252.3 67.9 87.2 564.9 282.9 594.0 282.3 573.8 297.7 566.7 314.5 591.6 313.9 0.9993
790.6 341.0 21.2 24.2 794.3 349.6 803.1 349.5 797.5 355.5 796.0 359.9 802.1 359.7 0.9982
527.8 292.4 24.8 29.3 537.7 301.8 548.9 302.0 545.0 307.8 538.6 313.7 547.7 314.0 0.9979
226.3 288.7 24.6 31.5 233.3 301.0 244.6 300.5 239.6 306.7 235.2 313.0 243.8 312.6 0.9977
677.8 304.9 23.9 33.1 692.3 319.8 698.9 318.5 700.4 325.1 694.3 331.5 698.6 330.9 0.9962
132.3 240.5 42.5 60.4 166.6 263.2 170.4 262.9 174.2 276.7 161.9 287.7 164.0 287.8 0.9858
17.1 299.1 31.2 39.0 27.5 315.8 40.1 314.6 35.5 321.2 30.8 329.0 40.6 328.0 0.9737
468.4 330.9 21.2 27.7 474.7 343.9 484.1 342.1 480.8 348.1 477.7 353.6 485.0 352.2 0.9650
654.8 308.2 19.3 26.3 658.9 320.0 667.4 318.5 663.3 325.1 662.1 330.4 668.2 329.2 0.8940
915.9 327.0 19.3 24.4 920.1 336.2 929.3 336.7 924.0 342.1 920.9 346.0 928.1 346.3 0.8580
422.1 327.5 15.4 20.5 426.3 335.0 431.9 335.2 428.3 338.9 426.3 343.1 430.5 343.2 0.7124
