35--Basketball/35_Basketball_playingbasketball_35_637.jpg
14
84.4 447.8 30.2 47.1 107.0 464.1 107.6 462.6 115.7 471.5 109.8 483.1 109.8 482.5 0.9920
94.7 516.8 30.7 50.8 117.2 534.7 118.7 533.1 124.9 542.1 120.2 554.4 121.0 553.6 0.9784
283.8 369.5 12.7 15.8 288.6 375.5 294.2 375.8 292.0 379.0 288.7 381.9 293.1 382.2 0.9579
224.6 426.7 18.6 29.3 237.8 435.5 239.7 435.1 242.1 441.8 237.5 448.1 238.9 448.1 0.9563
65.2 358.3 19.1 29.2 77.9 366.9 79.2 366.5 83.0 371.3 80.3 378.4 81.7 378.4 0.9554
41.1 403.8 23.7 37.0 56.7 414.2 56.4 412.1 63.8 418.2 62.9 428.2 62.9 426.9 0.9488
238.6 327.6 8.9 12.2 243.3 332.8 245.9 332.4 246.0 334.9 244.3 337.4 246.1 337.1 0.9471
278.4 483.7 20.0 33.1 292.1 494.7 292.8 492.7 298.3 498.9 295.2 507.1 296.3 505.9 0.9340
181.9 343.0 16.6 21.9 191.5 350.3 194.4 348.8 196.9 353.6 195.0 359.2 197.0 358.4 0.9325
189.6 312.1 10.6 13.9 193.3 317.3 197.6 317.0 196.1 320.2 193.9 323.0 197.2 322.9 0.8289
181.2 404.0 16.4 25.7 191.8 412.4 194.3 411.5 196.4 417.7 192.9 423.7 194.5 423.3 0.7899
236.4 372.4 10.1 16.3 243.3 378.6 243.7 378.5 244.7 382.1 242.9 385.4 242.9 385.5 0.7508
103.9 311.1 13.5 17.8 111.2 317.2 115.4 316.9 114.8 321.4 111.9 324.9 114.9 324.8 0.7152
164.3 310.0 10.0 12.1 167.7 314.6 171.6 314.6 169.8 317.3 168.3 319.4 171.1 319.4 0.5117
