35--Basketball/35_Basketball_Basketball_35_96.jpg
151
613.8 222.9 15.2 17.9 617.1 228.9 623.8 228.9 619.8 232.0 617.6 235.9 622.9 235.9 0.9993
13.4 347.2 16.0 19.2 18.8 353.3 25.9 353.6 22.6 357.9 19.1 361.3 24.9 361.5 0.9993
273.0 138.0 12.9 16.5 276.4 144.5 282.8 144.4 279.7 147.7 277.3 151.0 282.1 150.9 0.9990
408.4 170.2 13.5 17.3 415.1 176.8 420.0 177.1 418.6 180.1 415.0 183.2 418.9 183.6 0.9990
160.7 320.2 14.6 18.9 164.2 327.0 170.9 326.4 167.6 330.7 165.5 334.6 170.8 334.1 0.9990
191.2 262.8 14.4 18.5 194.4 270.7 201.0 270.2 197.7 273.9 195.6 277.2 201.1 276.9 0.9990
571.7 316.0 15.0 20.7 573.9 323.4 580.8 322.8 576.7 326.9 575.4 331.7 580.7 331.1 0.9989
634.3 423.7 16.0 20.5 637.7 431.0 644.7 431.4 639.8 433.5 637.3 438.3 642.8 438.7 0.9989
512.6 418.1 17.7 23.0 517.5 426.4 525.5 427.4 520.8 430.1 517.2 434.8 523.6 435.6 0.9988
39.8 219.5 12.6 16.3 43.0 225.2 49.0 225.2 45.9 228.3 43.4 231.3 48.6 231.4 0.9988
707.4 86.1 12.3 15.8 710.0 92.2 715.9 92.0 712.8 95.0 710.9 98.2 715.4 98.1 0.9988
425.6 420.9 16.9 22.0 429.7 429.4 437.2 428.7 433.4 432.1 431.0 437.2 436.9 436.6 0.9987
948.4 202.3 14.5 19.1 951.3 208.3 958.3 208.2 954.2 211.6 951.9 215.9 957.9 215.8 0.9987
175.9 378.9 20.5 29.2 188.2 389.6 190.0 388.2 194.8 393.2 193.0 400.3 194.0 399.5 0.9987
440.3 275.6 15.7 20.4 444.8 282.6 451.9 282.8 448.4 286.1 445.3 290.4 451.1 290.6 0.9987
72.5 376.6 19.8 27.4 80.1 387.4 88.9 386.8 86.2 391.8 81.9 397.6 88.5 397.2 0.9987
211.6 317.8 16.1 18.7 215.8 324.4 223.1 324.1 219.6 327.6 216.9 331.7 222.7 331.4 0.9987
315.5 145.1 11.9 14.3 318.2 150.0 323.9 149.9 321.0 152.5 319.0 155.8 323.4 155.7 0.9986
55.0 342.7 16.0 22.0 57.6 353.5 62.6 352.6 59.5 357.6 60.6 361.1 64.1 360.3 0.9986
820.1 215.1 15.5 20.0 823.3 222.1 829.8 221.8 825.8 225.8 824.3 230.1 829.3 229.9 0.9986
474.7 453.1 18.8 23.8 478.8 462.3 487.3 461.5 482.6 465.4 480.1 470.8 487.0 470.1 0.9986
468.8 270.7 12.9 16.3 473.9 276.5 479.6 276.7 477.6 279.7 474.6 282.9 478.9 283.0 0.9985
70.7 308.9 14.0 18.1 77.2 316.0 82.6 315.2 82.0 319.1 79.1 323.1 83.1 322.6 0.9985
742.9 195.0 13.8 17.3 745.8 201.4 752.1 201.2 748.7 204.6 746.7 208.0 751.8 207.8 0.9985
52.1 245.9 15.3 18.8 55.8 253.6 62.2 255.4 57.7 258.0 55.2 260.3 59.8 261.6 0.9985
0.0 469.0 16.8 24.7 0.9 479.7 9.4 480.0 4.1 484.9 2.4 488.7 8.5 488.8 0.9984
895.6 228.9 16.1 20.1 899.4 236.0 906.8 235.8 902.8 239.4 900.2 243.9 906.1 243.7 0.9984
846.4 192.9 13.3 17.4 849.0 200.0 854.9 199.6 851.8 203.1 850.3 206.4 855.1 206.0 0.9983
612.5 305.1 15.6 19.7 616.3 312.6 623.2 312.4 619.6 316.1 617.3 320.1 622.7 320.0 0.9983
398.2 135.5 12.0 13.9 401.2 139.8 407.0 139.7 404.2 142.5 402.1 145.8 406.6 145.7 0.9982
899.2 47.5 31.0 36.9 908.3 58.6 922.8 60.5 914.4 63.4 907.6 73.1 918.8 74.6 0.9982
230.3 180.1 11.5 14.2 236.3 185.0 239.7 184.2 240.3 187.3 237.8 190.8 240.2 190.5 0.9980
923.9 307.5 15.5 19.9 926.2 314.8 930.8 316.4 925.9 319.4 926.4 322.4 929.6 323.4 0.9980
493.4 212.8 14.9 19.9 497.3 219.2 504.4 219.0 501.0 223.0 498.2 227.3 504.2 227.0 0.9980
54.1 206.0 11.9 14.8 57.3 211.3 62.7 211.4 59.8 213.9 57.6 216.9 62.0 217.0 0.9980
879.1 263.2 15.2 18.8 883.3 269.5 890.4 270.0 886.8 273.7 883.9 277.5 889.2 277.8 0.9980
387.6 462.8 16.9 22.7 393.1 472.2 400.7 471.7 397.7 475.4 394.4 480.0 400.5 479.7 0.9979
326.3 178.9 13.9 16.9 331.1 185.7 336.9 185.3 334.8 188.5 332.3 192.0 336.8 191.7 0.9978
267.4 371.9 21.3 28.6 279.4 381.8 285.6 381.2 286.5 386.5 281.5 393.1 286.0 393.0 0.9977
807.6 162.5 12.8 16.0 810.3 168.0 815.9 168.3 812.3 171.2 810.5 174.4 815.1 174.5 0.9977
466.3 298.5 15.8 18.8 470.9 303.9 478.4 305.3 474.2 307.4 470.7 311.5 476.8 312.5 0.9977
987.9 153.2 13.5 15.1 991.1 158.0 997.4 158.3 993.7 161.3 991.5 164.5 996.0 164.7 0.9977
500.8 298.9 14.7 17.9 504.5 305.8 511.3 305.6 507.9 309.4 505.8 313.1 510.6 312.9 0.9976
3.4 386.7 13.4 16.6 6.2 393.2 12.1 392.2 9.4 396.1 8.1 399.8 12.6 399.0 0.9976
220.7 217.9 12.6 14.0 223.8 222.1 229.6 222.3 226.4 225.2 224.4 228.2 228.6 228.4 0.9976
914.0 219.6 15.8 21.4 917.0 227.1 923.9 226.9 919.7 230.5 917.6 235.2 923.3 235.0 0.9975
854.3 235.9 15.2 20.6 857.5 243.7 864.5 244.0 860.4 247.9 858.1 251.9 863.2 252.1 0.9974
838.9 60.3 10.6 15.0 845.7 65.7 848.2 65.9 848.2 69.2 845.0 71.7 846.7 72.0 0.9973
759.4 64.1 11.7 15.2 762.4 69.2 767.9 68.9 765.2 71.6 763.1 75.3 767.6 75.1 0.9973
363.0 179.5 13.8 17.6 367.1 186.0 373.5 186.0 370.5 189.3 367.7 192.5 373.2 192.4 0.9973
95.2 199.4 13.9 15.2 98.6 203.9 104.8 203.9 101.3 206.9 99.1 210.4 103.9 210.4 0.9972
421.5 285.4 13.8 17.3 424.5 292.5 430.6 291.9 427.5 295.4 425.9 299.0 430.4 298.5 0.9971
249.0 500.1 17.1 20.8 254.5 508.0 262.4 507.5 259.4 510.6 256.2 515.7 262.3 515.2 0.9971
759.1 173.1 13.2 17.1 762.4 178.7 768.5 178.6 765.3 181.5 762.9 185.5 767.9 185.4 0.9971
673.7 238.7 13.5 18.9 676.6 245.1 682.7 245.2 679.3 248.6 677.2 252.7 682.0 252.8 0.9971
20.3 225.1 11.8 15.1 25.4 230.9 29.8 230.7 28.6 233.6 25.9 236.6 29.4 236.6 0.9971
201.4 206.5 10.4 14.7 202.7 213.2 204.5 213.0 202.2 216.0 204.2 218.4 205.4 218.1 0.9971
507.6 250.5 14.8 16.5 510.8 255.8 517.6 256.3 513.2 259.2 510.9 262.7 515.9 263.1 0.9969
339.1 120.5 12.8 15.5 345.1 126.0 349.8 127.2 347.8 129.6 344.6 132.0 347.9 133.0 0.9968
690.8 278.4 15.4 21.0 695.0 284.6 702.3 284.8 698.8 288.5 695.9 293.5 701.5 293.6 0.9966
583.7 256.5 14.9 19.1 586.7 263.9 592.8 263.4 589.2 267.3 587.9 271.2 592.5 270.8 0.9966
654.9 459.2 17.7 20.6 658.3 465.6 666.5 465.4 661.6 469.5 659.2 474.4 665.6 474.2 0.9965
593.1 433.0 17.3 24.4 598.9 441.5 606.5 442.2 603.0 445.6 599.1 450.8 605.0 451.4 0.9965
72.0 234.8 10.9 13.3 74.9 238.8 80.1 240.0 76.8 242.0 74.5 244.4 78.3 245.3 0.9964
279.6 112.9 10.7 13.3 282.5 117.8 287.6 117.8 285.0 120.5 282.9 123.0 287.0 123.1 0.9963
203.6 146.5 12.4 17.2 207.1 153.2 213.0 153.0 210.2 156.8 208.0 160.1 212.3 160.0 0.9958
598.4 299.2 13.1 17.3 602.0 305.6 607.9 306.6 604.4 309.3 601.7 312.4 606.2 313.1 0.9956
627.5 269.5 13.6 17.4 629.2 276.2 632.5 276.7 629.0 280.3 630.6 283.4 632.6 283.5 0.9954
1007.1 121.7 13.6 17.6 1010.8 128.6 1017.0 128.5 1013.9 131.9 1011.6 135.5 1016.2 135.4 0.9953
862.5 75.3 14.0 17.2 865.2 81.3 871.7 81.8 867.7 85.1 865.6 88.5 870.3 88.8 0.9951
156.4 270.5 12.2 14.7 160.2 275.8 165.9 276.4 163.0 279.2 160.5 281.8 164.6 282.3 0.9949
946.7 407.2 14.1 20.3 949.8 413.9 951.0 414.6 946.9 417.9 948.8 422.2 949.4 422.5 0.9947
182.4 208.7 12.0 14.9 184.6 214.8 189.4 214.8 186.4 218.1 185.5 220.8 189.0 220.7 0.9947
830.0 293.5 14.9 19.6 833.6 299.4 840.2 299.5 836.6 302.9 833.9 307.1 839.7 307.2 0.9947
844.6 144.8 12.9 15.9 847.7 151.1 853.7 150.5 850.8 153.7 848.9 157.3 853.4 156.9 0.9944
101.6 283.9 13.7 17.6 103.7 290.5 108.4 290.6 104.7 294.0 104.5 297.4 108.1 297.3 0.9944
377.5 287.7 13.1 18.4 382.5 294.2 388.1 294.8 385.6 298.3 382.4 301.7 386.8 302.2 0.9943
927.7 137.4 12.9 16.8 930.8 144.1 936.8 144.0 933.7 147.4 931.4 150.5 936.4 150.4 0.9942
393.1 290.5 16.9 21.6 396.1 298.4 403.9 297.4 399.8 302.8 397.9 307.2 404.1 306.4 0.9940
819.8 269.6 14.0 18.3 822.4 276.7 828.5 276.9 824.8 280.3 823.2 283.8 827.8 283.9 0.9939
482.9 237.7 14.9 16.5 488.4 243.0 494.9 243.9 492.0 247.0 488.7 250.1 493.3 250.8 0.9936
450.3 219.3 13.2 15.6 453.9 223.8 460.0 223.8 457.0 227.1 454.6 230.6 459.5 230.6 0.9936
146.6 33.0 9.4 12.0 149.3 37.8 153.1 38.0 151.0 40.2 149.5 42.3 152.6 42.4 0.9925
206.0 188.1 13.4 15.9 210.7 194.8 216.3 194.4 214.2 197.9 211.9 200.9 216.1 200.6 0.9923
169.2 233.5 11.3 16.3 174.0 239.8 178.3 239.8 177.0 242.8 174.6 246.0 177.7 246.1 0.9922
974.6 94.7 13.0 17.1 977.7 101.1 983.8 100.9 980.7 105.0 978.7 108.2 983.4 108.0 0.9922
429.2 231.4 13.9 16.3 432.4 237.7 438.7 238.1 435.0 241.3 432.7 244.4 437.5 244.6 0.9921
65.9 285.5 12.5 16.3 69.2 291.4 75.2 291.6 72.2 294.3 69.7 297.6 74.6 297.7 0.9921
243.0 408.4 16.6 25.6 255.9 417.5 256.8 417.0 259.0 423.0 254.3 427.9 255.0 427.8 0.9919
423.8 103.9 12.2 16.5 428.2 110.4 433.8 110.2 431.7 113.2 429.2 116.6 433.5 116.5 0.9918
964.7 77.3 12.8 15.8 967.3 84.1 973.1 83.8 969.9 87.5 968.4 90.4 972.6 90.1 0.9908
538.6 265.5 13.4 16.7 541.6 272.2 547.4 272.4 543.9 275.6 542.0 278.7 546.6 278.8 0.9907
119.1 21.2 9.0 11.9 121.5 25.9 125.6 25.8 123.5 28.3 122.0 30.7 125.3 30.6 0.9896
224.7 139.5 11.4 13.9 226.5 144.6 231.1 143.9 228.4 147.4 228.1 150.5 231.4 149.9 0.9887
221.1 241.8 12.1 17.0 228.5 248.3 231.0 247.8 232.0 251.3 229.3 255.0 231.1 254.8 0.9886
105.3 178.5 11.6 14.0 108.5 183.6 113.9 183.0 111.5 185.8 109.6 189.1 113.8 188.7 0.9877
964.4 166.8 15.2 20.4 973.4 174.2 977.3 174.1 977.8 178.3 974.0 182.5 976.8 182.7 0.9876
131.4 94.5 9.7 12.1 133.7 99.0 138.1 99.2 135.6 101.5 134.0 103.8 137.5 103.9 0.9876
173.8 162.8 13.2 16.7 176.3 169.8 181.8 168.9 179.0 172.3 177.7 175.7 182.3 174.9 0.9872
188.1 140.2 12.3 13.8 191.1 145.1 196.4 144.4 194.1 148.0 192.7 150.9 196.5 150.4 0.9871
993.5 70.8 10.2 13.5 998.3 75.6 1002.3 76.4 1000.7 78.8 998.2 81.2 1000.8 81.8 0.9860
244.6 147.9 10.7 13.9 247.8 153.7 252.8 153.4 250.5 156.6 248.8 159.2 252.4 159.0 0.9856
252.9 252.4 14.2 18.0 257.7 259.3 263.8 259.0 261.4 262.5 258.7 266.1 263.6 265.9 0.9852
257.6 124.1 10.5 13.0 260.6 129.5 265.1 129.1 263.2 131.7 261.6 134.2 265.2 133.9 0.9839
796.1 84.4 11.9 15.0 798.5 90.9 803.7 90.0 801.0 93.6 800.2 96.7 803.9 96.0 0.9826
774.8 283.5 14.9 20.8 778.2 290.0 784.7 290.3 780.9 293.9 778.6 298.3 784.2 298.4 0.9826
794.3 68.9 10.7 12.9 796.9 73.6 801.3 73.8 798.4 76.3 797.1 78.8 800.6 78.9 0.9826
10.7 332.3 13.7 15.3 14.6 337.8 20.7 338.7 17.1 341.2 14.4 343.8 18.8 344.6 0.9825
386.7 210.6 11.2 15.9 388.9 216.7 393.6 216.5 390.7 219.6 389.6 222.9 393.3 222.8 0.9806
273.9 210.0 11.3 14.8 277.5 215.5 282.6 215.1 280.6 218.3 278.4 221.5 282.6 221.2 0.9802
38.5 24.0 9.6 12.8 40.8 29.4 45.3 29.4 43.1 31.9 41.4 34.2 44.9 34.1 0.9791
720.7 335.4 15.7 28.9 723.4 345.8 724.2 346.5 720.2 351.2 723.4 356.8 723.8 357.0 0.9789
173.3 186.3 11.8 15.5 179.5 192.2 183.4 192.5 182.2 195.7 179.0 198.2 181.8 198.6 0.9789
151.4 214.5 12.0 14.0 154.4 218.8 160.4 218.6 157.4 221.3 155.1 224.7 159.9 224.6 0.9765
549.2 204.4 14.1 17.2 553.7 208.6 559.9 209.5 556.5 212.0 553.3 215.9 558.4 216.6 0.9753
282.0 185.5 12.7 14.9 285.4 192.0 291.5 192.3 288.1 195.3 285.5 197.8 290.3 198.1 0.9678
612.6 188.5 11.3 15.1 615.5 193.2 620.5 193.8 617.4 196.3 615.2 199.1 619.5 199.6 0.9678
347.6 17.1 11.0 14.1 350.8 23.1 355.9 23.0 353.5 26.1 351.5 28.6 355.4 28.5 0.9670
636.7 109.3 9.8 13.6 640.0 114.2 644.5 114.3 642.6 117.1 640.2 120.0 643.9 120.0 0.9660
848.6 85.6 11.2 13.9 852.3 91.2 857.6 91.1 855.4 94.3 853.1 97.0 857.0 96.9 0.9658
175.8 29.4 9.9 12.7 178.1 35.0 182.4 35.1 179.8 37.8 178.5 40.0 181.8 40.1 0.9598
954.5 72.2 9.9 12.8 958.2 77.2 962.2 77.0 960.8 79.7 958.9 82.2 961.9 82.1 0.9552
801.7 250.8 15.1 18.6 806.4 257.4 812.7 257.8 809.3 261.3 806.4 264.8 811.4 265.1 0.9510
829.6 381.4 15.7 17.2 831.7 388.8 836.2 388.7 832.8 392.9 834.3 395.7 837.2 395.4 0.9495
344.9 98.5 11.6 14.4 346.7 104.6 351.1 103.2 348.8 106.7 348.7 110.2 351.8 109.0 0.9481
534.3 90.2 11.3 14.7 539.7 96.0 543.5 95.5 543.4 98.3 541.1 101.6 543.8 101.3 0.9476
821.0 93.5 12.5 15.1 824.7 100.0 830.6 99.1 828.3 103.2 826.4 106.2 830.7 105.5 0.9471
0.0 242.9 8.2 16.0 -4.0 248.3 2.7 247.9 -1.0 252.0 -2.7 255.3 2.5 255.0 0.9441
383.4 351.8 19.3 14.0 388.3 361.5 393.2 358.9 392.1 364.0 394.4 365.5 396.9 363.4 0.9416
943.5 66.4 10.4 14.0 946.6 71.3 951.4 71.5 948.9 74.1 946.8 77.0 950.6 77.2 0.9414
68.0 71.2 9.4 12.3 70.5 75.6 74.8 75.7 72.6 77.9 70.7 80.2 74.3 80.3 0.9392
350.1 303.5 16.6 23.3 355.9 311.8 361.7 311.9 358.9 316.2 356.2 320.7 360.9 320.9 0.9369
14.8 22.0 8.5 10.0 17.8 25.8 21.5 26.0 19.8 27.9 17.9 29.7 20.7 29.9 0.9332
866.4 226.6 13.8 17.4 870.6 232.5 877.0 232.8 873.8 235.8 871.1 239.5 876.0 239.8 0.9310
878.7 67.3 11.2 14.4 881.6 72.0 885.0 72.7 881.6 74.4 880.9 77.9 883.3 78.3 0.9190
366.5 226.1 15.0 17.5 370.7 232.7 377.1 232.7 373.9 236.1 371.8 239.5 376.5 239.5 0.9138
451.7 186.0 11.5 15.4 455.1 191.5 460.2 191.0 458.2 194.4 456.4 197.9 460.3 197.5 0.9062
212.7 24.9 10.2 12.3 215.0 29.5 219.6 29.5 217.1 32.2 215.6 34.6 219.1 34.6 0.8638
336.0 249.4 13.9 17.8 339.6 256.8 345.5 256.1 342.7 259.8 340.9 263.4 345.6 262.9 0.8422
549.4 229.8 12.4 18.0 550.9 236.4 554.7 236.3 551.5 240.1 552.0 243.8 555.0 243.5 0.7702
697.7 253.8 11.6 14.4 700.8 260.2 706.1 259.7 703.7 263.2 702.1 265.9 705.7 265.5 0.7634
928.6 202.0 13.0 16.2 934.1 207.6 939.6 207.4 938.0 211.1 934.9 214.7 939.1 214.7 0.7456
146.2 177.2 13.8 17.3 150.7 183.6 156.8 183.6 154.0 187.1 151.1 190.7 156.0 190.8 0.7423
884.5 150.8 12.4 15.6 888.3 156.5 893.6 157.0 890.6 160.0 888.3 162.8 892.2 163.2 0.7375
345.2 218.3 12.9 17.4 348.3 223.7 353.7 224.8 349.8 227.7 347.8 231.0 351.9 231.7 0.7272
100.2 220.5 13.3 16.5 103.2 226.8 108.9 226.9 105.5 230.2 103.8 233.5 108.3 233.6 0.7040
718.5 122.5 10.4 12.6 721.4 127.9 725.9 127.9 723.6 130.3 721.8 132.5 725.3 132.6 0.6852
271.1 179.2 11.6 14.6 273.3 184.6 277.2 184.1 274.7 187.6 274.9 190.7 277.7 190.2 0.6711
347.5 35.0 11.0 14.0 349.8 41.0 355.0 40.6 352.3 43.9 351.0 46.7 354.8 46.3 0.6561
308.6 169.7 11.0 14.4 311.2 175.0 316.3 175.3 313.3 178.0 311.3 180.8 315.4 181.0 0.6116
121.5 306.2 13.5 16.5 123.6 312.6 128.0 312.4 124.9 316.0 124.9 318.9 128.3 318.6 0.5227
