35--Basketball/35_Basketball_Basketball_35_84.jpg
16
543.1 114.2 79.8 126.5 598.6 163.0 610.7 162.6 623.6 182.7 600.8 208.6 609.6 209.7 0.9995
617.5 154.7 91.4 116.2 647.5 196.4 689.3 197.8 672.4 212.4 652.7 238.8 685.6 239.8 0.9994
246.8 265.5 64.6 82.3 275.5 298.5 301.2 296.2 295.9 311.6 283.3 329.4 301.6 327.4 0.9994
990.0 454.7 32.0 62.0 1000.2 478.9 1023.8 478.3 1011.0 489.2 1002.1 501.9 1021.0 501.5 0.9979
393.7 506.7 45.8 69.0 406.3 531.5 426.7 533.4 415.3 546.9 407.0 556.7 423.1 558.3 0.9964
59.1 489.3 46.6 61.9 73.4 514.1 95.6 514.8 85.2 526.6 75.8 537.8 92.0 538.3 0.9953
413.1 42.1 33.2 40.5 421.5 58.3 436.4 58.1 428.8 66.0 423.3 73.5 435.2 73.3 0.9906
146.6 130.3 33.3 44.8 155.9 150.4 171.2 149.3 164.5 158.5 158.8 166.8 171.0 166.1 0.9863
825.7 89.0 36.7 47.0 834.6 104.2 851.3 103.2 842.6 111.7 836.0 122.8 850.1 122.1 0.9858
692.3 122.1 36.3 46.6 704.6 137.5 721.2 139.6 712.9 146.7 705.0 156.5 717.1 158.1 0.9768
357.8 298.6 40.4 48.3 369.1 317.0 387.6 317.3 378.2 324.7 370.7 334.5 385.3 334.7 0.9716
40.6 135.2 32.7 40.8 47.0 150.0 61.0 151.1 51.7 158.8 47.4 166.3 58.3 166.9 0.9669
32.6 282.7 42.7 55.9 42.3 303.9 62.3 303.2 52.2 314.1 45.2 325.2 61.0 324.5 0.9609
288.3 123.5 34.4 41.4 296.3 140.4 311.5 140.4 303.1 148.7 298.2 156.3 310.2 156.2 0.9586
845.2 199.4 41.8 51.2 857.7 220.4 876.8 218.7 868.8 229.7 861.6 239.9 876.3 238.6 0.9294
933.2 274.5 40.6 52.9 946.3 294.8 965.3 294.2 957.6 304.7 949.6 315.9 964.1 315.5 0.8661
