35--Basketball/35_Basketball_basketballgame_ball_35_167.jpg
13
560.4 282.4 121.8 168.6 624.0 347.6 667.6 349.4 665.5 378.2 629.6 411.1 662.6 412.4 0.9999
696.9 149.4 43.7 53.5 712.6 169.1 731.4 166.3 725.8 178.8 717.5 189.7 732.2 187.5 0.9995
918.2 87.5 40.7 57.1 928.6 111.0 947.1 108.8 938.5 120.5 932.0 131.4 947.1 129.6 0.9994
675.3 93.2 47.8 51.8 689.8 110.5 711.9 109.9 701.8 118.7 692.6 131.2 709.4 130.7 0.9991
159.6 90.5 48.7 61.3 182.4 113.6 201.2 115.2 195.0 127.4 182.3 137.7 195.6 139.1 0.9991
438.6 166.4 39.0 47.1 450.8 182.3 469.3 180.6 462.0 191.7 454.1 201.6 468.6 200.4 0.9990
809.9 107.5 35.4 44.6 833.5 123.4 840.6 123.3 842.8 132.2 833.7 140.6 838.3 141.2 0.9989
848.3 171.6 42.6 51.8 858.0 192.4 877.1 191.6 867.0 202.9 861.6 212.3 875.2 211.7 0.9989
252.4 119.3 47.5 52.6 269.0 134.0 290.6 134.1 282.0 145.4 272.2 157.6 287.9 157.7 0.9985
1004.2 23.5 18.9 39.2 1021.5 37.4 1025.3 36.7 1028.8 44.5 1024.0 53.0 1026.8 53.0 0.9518
623.1 43.2 22.9 35.4 638.1 56.6 641.6 56.3 642.7 64.1 637.1 70.8 639.7 70.9 0.9470
660.8 45.0 22.0 34.2 664.5 58.7 666.7 59.3 661.5 66.0 665.0 72.5 666.1 72.5 0.9465
139.5 0.0 29.2 29.0 148.2 6.8 161.9 6.1 156.2 14.1 150.7 21.5 161.2 21.0 0.5755
