35--Basketball/35_Basketball_playingbasketball_35_421.jpg
13
350.1 278.1 71.2 65.5 388.0 299.7 387.6 297.3 409.3 300.6 412.2 320.7 411.1 320.4 0.9998
303.3 491.8 58.7 75.6 333.7 518.7 347.4 516.1 356.9 524.8 347.1 546.2 358.1 544.8 0.9996
186.0 128.2 40.3 47.6 196.1 146.1 214.5 145.2 205.1 153.1 198.7 164.1 212.8 163.4 0.9995
119.9 101.5 41.4 51.3 129.3 122.5 147.7 118.9 139.3 129.4 134.7 141.3 149.1 138.4 0.9995
588.2 67.5 48.2 64.7 603.0 96.9 625.4 96.0 616.0 109.1 606.1 118.3 623.9 117.7 0.9994
812.9 93.6 45.2 59.7 825.3 120.2 846.2 119.8 836.1 129.9 827.6 140.1 844.1 139.9 0.9993
864.8 319.3 54.8 68.2 880.2 345.8 905.5 345.1 894.9 353.2 885.6 370.0 905.0 369.2 0.9993
923.1 46.3 39.4 45.2 934.4 62.7 952.9 63.5 943.5 70.0 935.2 79.8 949.4 80.4 0.9991
632.5 413.1 55.2 73.1 646.7 441.5 672.5 440.7 660.2 452.4 651.4 468.2 671.0 467.3 0.9991
0.0 245.9 26.1 39.4 4.3 259.8 20.5 259.9 13.6 267.0 6.0 275.6 18.5 275.8 0.9980
965.9 74.0 29.0 34.1 972.2 89.0 984.4 88.7 977.4 96.3 974.5 102.0 982.9 101.6 0.9976
403.7 106.1 45.5 54.9 413.0 127.0 434.3 124.9 423.2 136.9 417.5 148.5 433.8 146.9 0.9973
0.0 281.1 19.3 56.3 -9.8 304.4 11.0 301.2 4.9 314.3 -5.6 324.5 11.4 322.1 0.9723
