35--Basketball/35_Basketball_basketballgame_ball_35_14.jpg
26
76.0 176.5 67.5 79.0 89.0 210.6 114.3 202.5 103.7 226.9 105.0 238.7 125.2 231.3 0.9998
286.9 141.1 66.9 77.1 293.7 168.7 313.0 167.7 295.4 186.9 304.5 200.3 318.0 198.4 0.9997
156.4 169.8 69.5 86.4 166.6 205.6 193.6 202.3 176.4 224.2 176.3 239.0 195.9 236.2 0.9997
676.2 53.4 62.9 88.4 683.8 86.2 700.6 86.7 678.8 101.9 683.6 119.8 695.9 120.2 0.9996
209.9 0.0 53.8 66.7 220.0 25.4 241.1 21.9 229.2 35.3 225.9 49.8 242.5 47.0 0.9996
482.2 131.7 64.9 76.5 488.5 164.8 514.7 160.0 496.2 175.5 495.7 193.0 514.2 189.3 0.9996
929.1 75.9 63.7 87.8 935.9 111.7 958.8 111.6 934.4 123.3 933.1 143.6 949.7 143.6 0.9995
225.8 103.9 50.8 68.8 231.8 133.5 251.7 131.0 237.5 145.4 237.2 157.9 252.4 155.8 0.9995
577.9 115.6 66.7 96.4 585.3 154.7 602.1 154.4 582.7 173.0 593.4 189.3 606.4 188.2 0.9995
60.4 86.8 51.9 56.5 70.5 111.6 92.4 109.3 81.0 120.3 76.0 130.8 91.9 128.9 0.9995
423.9 0.0 43.0 40.2 430.0 7.9 447.3 6.7 436.0 18.0 433.3 28.3 446.2 27.5 0.9994
757.4 0.0 50.8 60.5 764.4 23.4 786.8 20.8 772.7 33.1 769.2 47.1 785.4 45.1 0.9993
853.6 0.0 54.3 66.3 862.0 24.7 885.0 26.7 867.1 34.1 860.1 48.7 877.6 50.4 0.9993
380.7 131.0 56.0 66.6 394.8 162.5 419.9 158.8 409.6 175.5 402.5 185.1 421.6 182.2 0.9993
518.1 45.1 55.4 64.7 526.0 70.7 550.5 70.1 534.4 79.6 528.2 93.8 547.1 93.4 0.9993
175.4 63.6 48.7 60.3 184.5 87.0 208.1 86.9 193.7 96.1 186.4 109.5 204.1 109.6 0.9991
41.3 0.0 49.4 44.3 49.6 8.4 69.0 5.3 57.9 18.6 56.1 31.1 70.1 28.6 0.9984
610.7 44.5 58.2 70.3 619.6 75.5 643.6 74.2 629.0 85.3 624.5 99.8 641.4 98.8 0.9983
341.3 68.9 41.3 53.4 353.1 87.2 371.0 91.8 358.9 97.2 350.6 107.0 363.5 110.7 0.9980
315.9 36.8 45.6 61.0 322.6 59.2 342.2 59.2 328.0 68.6 323.1 82.0 338.6 82.0 0.9968
0.0 59.0 29.8 70.8 -10.6 84.4 -1.0 84.3 -12.9 98.1 -6.4 111.8 0.1 111.6 0.9945
558.3 26.8 38.7 54.3 567.6 49.3 583.1 49.6 575.0 58.1 570.2 67.7 582.2 67.9 0.9925
27.8 10.2 32.8 48.5 37.4 27.5 50.9 25.5 44.7 35.3 40.3 46.3 50.9 44.7 0.9807
49.2 42.5 42.5 56.5 55.4 64.9 72.5 64.8 60.2 75.8 56.8 86.6 69.2 86.3 0.9677
0.0 169.2 33.4 75.9 -6.6 196.5 2.3 199.4 -11.7 210.3 -9.2 224.8 -2.3 226.7 0.9367
682.5 7.5 48.2 56.6 691.3 32.4 711.1 31.5 699.3 41.3 695.0 51.6 709.9 50.7 0.9272
