35--Basketball/35_Basketball_playingbasketball_35_527.jpg
26
785.7 552.0 32.3 42.2 792.4 569.0 806.3 569.8 797.6 577.0 792.9 583.9 804.4 584.3 0.9996
606.3 517.2 33.6 42.9 616.1 535.5 631.2 536.4 623.1 544.3 616.2 550.9 628.4 551.7 0.9994
719.5 533.0 31.8 42.6 726.4 550.6 741.0 550.6 733.1 558.2 727.8 565.5 740.0 565.4 0.9993
160.9 29.0 31.4 37.5 171.2 42.2 185.5 43.2 178.2 49.9 171.1 56.7 182.9 57.5 0.9990
911.9 512.8 36.2 43.9 921.4 527.6 937.5 530.5 927.3 536.1 920.1 544.1 932.7 546.4 0.9989
247.4 70.3 30.9 36.3 262.6 81.6 273.9 82.2 271.2 88.9 263.7 96.5 272.7 97.2 0.9987
888.5 614.4 36.7 41.6 900.0 627.6 916.4 628.0 908.7 636.3 901.8 645.0 914.4 645.3 0.9983
668.0 725.1 34.1 44.0 678.8 743.7 693.4 742.8 687.5 751.5 681.3 759.0 693.2 758.5 0.9978
989.8 655.6 32.9 41.7 996.8 670.2 1011.2 673.1 999.8 679.3 995.6 686.7 1005.8 688.8 0.9967
48.8 24.8 31.1 38.1 59.6 38.8 73.4 39.9 66.9 46.6 60.3 53.7 70.7 54.6 0.9962
350.8 3.0 28.6 36.3 361.3 15.4 373.8 17.0 367.9 23.7 361.2 29.9 370.5 31.3 0.9959
578.0 60.3 26.8 37.4 584.8 73.0 596.9 73.2 590.5 79.7 585.3 86.8 596.0 86.9 0.9948
452.7 70.8 27.7 35.7 459.2 83.7 472.6 83.5 465.5 90.5 460.8 98.0 470.7 97.8 0.9933
552.3 29.3 25.5 33.7 560.5 39.4 572.6 39.6 567.6 45.5 562.0 53.4 571.8 53.5 0.9932
270.2 1.2 28.0 37.8 284.1 14.5 294.2 16.0 290.6 23.5 282.6 29.2 290.8 30.6 0.9930
531.8 83.2 27.2 36.2 538.1 96.2 551.1 96.1 544.1 103.1 539.4 110.6 549.6 110.5 0.9907
632.2 170.9 21.9 30.2 644.5 183.0 649.4 180.6 652.3 186.5 648.8 194.0 652.1 192.5 0.9857
279.8 55.2 26.5 32.7 287.5 65.0 300.5 66.2 294.0 72.7 288.0 79.3 298.2 80.2 0.9856
449.6 11.4 23.0 27.4 455.8 21.2 467.0 20.4 462.4 26.4 458.4 32.8 466.7 32.1 0.9788
699.6 50.9 30.5 37.2 707.4 63.8 721.6 63.6 714.6 71.5 709.5 79.5 720.4 79.2 0.9743
19.4 360.5 39.8 71.7 26.5 383.5 29.4 384.0 21.0 397.7 26.5 413.4 28.3 413.8 0.9638
113.9 122.0 25.2 32.1 119.5 132.8 131.2 133.3 124.5 140.1 120.2 146.2 129.3 146.5 0.9281
28.9 104.9 22.9 27.5 33.9 114.4 44.6 113.7 39.3 119.6 36.2 125.9 44.2 125.3 0.9272
65.0 5.2 24.2 31.6 70.9 16.0 81.9 16.0 76.2 22.0 72.5 28.7 81.2 28.7 0.9128
682.6 25.4 22.6 27.3 689.8 35.8 699.8 36.2 694.8 41.6 690.1 46.6 697.9 47.0 0.8973
455.8 37.6 27.4 32.5 460.7 50.5 472.1 49.6 465.3 56.6 463.5 63.2 471.8 62.3 0.7022
