35--Basketball/35_Basketball_basketballgame_ball_35_892.jpg
12
532.7 178.1 26.3 36.0 540.1 191.9 552.8 192.4 546.4 199.5 540.6 204.6 551.2 204.9 0.9996
650.8 139.7 26.5 35.2 660.6 150.8 672.5 152.4 667.1 157.9 660.5 164.8 669.7 166.2 0.9995
323.1 175.9 26.1 33.2 325.3 188.7 333.6 188.1 326.3 195.9 329.0 201.9 335.0 201.1 0.9995
422.9 198.2 26.1 33.7 433.8 210.6 445.3 210.2 442.3 216.3 435.5 223.0 445.0 222.8 0.9994
717.1 217.0 22.1 31.1 731.1 229.7 737.6 230.1 737.2 236.0 730.0 241.2 734.6 241.8 0.9988
990.1 172.5 16.7 21.0 993.1 178.8 1000.0 179.4 994.7 182.3 992.6 187.2 998.1 187.6 0.9964
930.8 152.0 16.4 22.6 940.8 159.9 945.2 159.9 945.5 164.5 940.5 168.8 943.9 169.1 0.9961
188.2 284.6 15.1 17.8 191.4 289.5 196.6 291.0 191.2 292.6 189.6 296.6 193.5 297.6 0.9945
139.5 236.9 13.1 15.8 143.6 243.2 149.4 243.1 146.9 245.9 144.6 249.2 149.0 249.2 0.9889
700.1 174.6 20.0 19.3 708.3 179.9 711.4 182.6 704.9 182.4 703.0 186.2 704.8 188.1 0.9737
284.0 267.3 17.1 26.3 297.3 277.8 299.1 277.2 301.0 283.3 296.0 287.9 297.1 287.8 0.9574
23.0 254.4 18.3 21.9 30.6 262.2 38.2 262.2 35.8 265.9 31.7 270.5 37.6 270.6 0.7810
