35--Basketball/35_Basketball_playingbasketball_35_83.jpg
122
439.8 120.1 10.5 13.3 442.5 125.4 447.4 125.3 445.0 128.0 443.2 130.5 447.0 130.4 0.9985
753.4 238.9 11.8 14.2 755.5 244.1 760.5 244.7 756.8 246.8 755.4 249.5 759.1 249.9 0.9983
302.9 296.1 12.3 15.9 306.1 303.0 312.1 303.1 309.0 306.3 306.7 308.8 311.3 308.9 0.9983
707.8 354.2 11.8 14.4 709.8 359.4 715.1 359.7 711.6 362.5 710.1 365.3 714.0 365.5 0.9978
8.1 207.3 9.8 13.5 13.9 213.2 16.7 213.4 16.4 216.1 13.7 218.3 15.6 218.7 0.9976
513.7 157.9 11.1 15.8 515.6 163.9 520.0 164.6 516.4 167.3 515.5 170.2 518.7 170.6 0.9973
948.8 335.7 11.2 15.5 950.4 342.3 953.4 342.4 950.9 345.8 952.1 348.4 953.9 348.3 0.9971
933.6 127.9 9.8 12.8 935.3 133.2 939.6 133.6 936.5 135.7 935.5 137.9 938.5 138.1 0.9970
923.7 288.3 10.0 12.6 925.6 293.0 930.2 293.3 927.3 295.7 925.8 298.0 929.4 298.2 0.9969
309.8 151.9 9.0 11.2 312.8 156.1 316.9 156.4 314.8 158.4 312.8 160.3 316.1 160.6 0.9966
957.2 65.2 10.6 13.0 958.8 69.3 963.1 69.5 959.9 72.2 959.2 75.0 962.3 75.1 0.9963
477.7 120.1 9.5 11.4 479.3 124.7 483.6 124.5 481.1 127.0 480.1 129.2 483.2 129.0 0.9960
343.9 156.8 8.8 11.5 347.7 161.3 351.1 161.2 350.0 163.4 348.1 165.6 350.7 165.6 0.9959
564.7 179.3 11.4 14.4 567.0 185.4 572.1 185.5 569.1 188.5 567.7 190.9 571.4 190.9 0.9959
469.6 396.3 14.3 17.4 471.4 402.4 475.2 402.6 471.4 406.5 473.1 409.8 475.5 409.8 0.9953
886.7 85.2 8.4 10.4 887.9 88.9 891.2 89.0 888.8 91.2 888.5 93.3 891.0 93.2 0.9951
567.9 251.0 11.4 12.8 570.0 255.6 575.0 255.4 572.1 258.3 570.9 260.9 574.7 260.7 0.9951
557.2 53.6 10.3 12.8 559.3 58.3 564.1 58.6 561.2 60.9 559.7 63.3 563.3 63.5 0.9951
463.0 94.2 9.5 12.4 465.6 99.3 470.1 99.2 467.9 101.8 466.3 104.0 469.7 104.0 0.9950
719.2 245.1 9.9 12.5 721.6 250.3 725.9 250.1 723.6 252.6 722.4 255.0 725.9 254.8 0.9950
539.2 76.4 9.6 12.2 541.9 81.0 546.4 81.1 544.2 83.6 542.3 85.8 545.9 85.8 0.9948
502.3 99.2 9.5 12.8 504.5 104.5 509.2 104.7 506.7 107.2 504.9 109.3 508.5 109.4 0.9945
205.8 161.0 11.2 13.5 208.8 166.9 213.7 166.4 211.5 169.4 210.0 171.9 213.6 171.5 0.9945
823.7 125.1 10.3 13.0 826.2 129.4 830.9 130.0 828.0 132.4 826.1 134.8 829.8 135.2 0.9944
158.0 171.6 10.6 13.9 161.2 177.2 166.0 177.1 163.8 179.7 161.6 182.2 165.6 182.1 0.9943
110.1 70.8 10.1 13.3 113.4 75.8 117.9 75.7 116.0 78.3 113.8 80.9 117.5 80.9 0.9942
474.1 153.7 10.3 13.9 476.6 159.3 481.4 159.3 478.8 162.0 477.0 164.5 480.8 164.5 0.9938
867.7 333.0 11.3 16.5 869.7 339.3 873.8 339.8 870.3 342.5 869.6 345.5 872.7 345.7 0.9935
811.0 93.7 10.0 13.6 813.1 98.6 817.6 98.8 814.9 101.4 813.5 104.1 816.9 104.2 0.9933
906.6 127.6 9.7 12.8 908.5 132.3 912.8 132.6 910.2 134.8 908.6 137.3 912.1 137.4 0.9930
538.2 103.9 10.3 13.2 540.7 108.4 545.6 108.5 543.0 111.2 541.0 113.9 544.9 113.9 0.9926
879.8 112.4 10.0 12.4 881.8 117.3 885.9 117.6 883.1 119.9 881.9 122.2 885.1 122.4 0.9924
571.0 79.3 9.8 13.1 573.2 84.3 578.0 84.2 575.6 87.0 574.0 89.7 577.5 89.6 0.9922
46.0 230.0 11.9 16.0 53.2 236.9 56.2 237.6 55.4 240.6 52.1 242.7 53.9 243.4 0.9921
459.2 242.9 10.9 14.1 460.7 248.6 464.3 248.7 461.2 251.7 461.8 254.3 464.1 254.2 0.9920
587.3 107.6 10.3 13.1 589.6 112.2 594.2 112.3 591.4 114.9 589.9 117.5 593.3 117.6 0.9914
133.4 75.0 8.4 11.3 135.7 79.7 139.4 79.6 137.6 81.6 136.1 83.6 139.2 83.6 0.9914
584.6 191.9 10.4 13.8 586.6 197.9 591.1 198.0 588.5 200.7 587.3 203.2 590.4 203.2 0.9908
768.8 140.9 10.2 13.2 770.6 145.5 774.7 145.9 771.5 148.5 770.6 151.2 773.4 151.4 0.9907
542.6 171.3 10.6 13.6 544.8 176.2 549.4 177.3 546.0 179.4 544.2 181.7 547.5 182.5 0.9902
501.6 72.1 10.2 12.5 504.4 77.3 509.1 77.0 506.9 79.6 505.2 82.1 508.9 81.8 0.9901
160.0 96.5 9.6 10.9 163.4 100.5 167.4 100.4 165.7 102.7 164.0 105.0 167.1 104.9 0.9888
839.9 192.0 10.5 13.2 841.8 196.7 845.6 197.4 842.4 199.5 841.5 201.9 844.5 202.2 0.9888
437.1 160.9 9.8 12.8 439.7 166.3 444.4 166.4 442.0 169.1 440.2 171.3 443.7 171.4 0.9885
845.2 134.8 10.1 13.0 846.6 141.2 850.2 140.6 848.1 143.6 848.3 145.9 850.7 145.3 0.9877
911.4 88.9 10.5 14.0 913.5 94.6 917.5 94.7 914.7 97.1 913.8 99.7 917.1 99.7 0.9875
889.6 287.3 10.7 13.7 892.7 292.6 897.7 293.0 895.0 295.5 892.6 297.9 896.6 298.2 0.9873
656.0 88.5 9.7 12.0 658.5 92.8 663.1 92.7 660.7 95.3 659.0 97.7 662.7 97.7 0.9860
477.3 26.8 9.5 11.3 479.7 30.7 484.4 30.8 482.1 33.1 480.1 35.4 483.8 35.4 0.9858
239.3 155.0 9.6 12.3 243.2 160.0 247.2 160.1 245.6 162.5 243.5 164.6 246.4 164.7 0.9856
23.1 155.9 10.7 13.3 27.3 161.6 31.5 161.4 30.1 164.0 27.9 166.4 31.2 166.3 0.9846
476.8 54.3 10.4 13.5 479.7 59.5 484.8 59.4 482.5 62.0 480.3 64.6 484.5 64.6 0.9837
991.6 77.1 11.0 13.0 994.5 81.4 1000.0 81.5 997.2 84.4 995.2 87.2 999.1 87.2 0.9836
33.6 207.8 11.0 13.4 39.1 213.1 43.0 213.9 41.3 216.7 38.2 218.6 40.6 219.3 0.9835
510.8 30.3 9.9 12.4 513.3 34.7 518.3 34.8 515.8 37.3 513.6 39.7 517.7 39.8 0.9835
303.4 11.6 9.6 12.0 305.7 16.4 310.5 16.3 308.3 18.8 306.3 21.2 310.2 21.2 0.9826
134.9 178.7 10.1 12.3 139.1 183.4 143.0 183.5 141.7 186.1 139.3 188.4 142.4 188.6 0.9822
991.1 227.0 10.4 13.5 993.2 232.2 998.2 232.7 995.0 235.2 993.3 237.6 996.9 238.0 0.9820
992.1 144.6 10.5 12.8 994.0 148.4 998.0 149.4 994.4 151.5 993.3 153.9 996.0 154.6 0.9816
320.3 48.6 8.6 10.3 322.2 52.8 326.0 52.5 324.0 54.8 323.0 56.9 326.0 56.7 0.9815
862.3 79.3 8.9 11.3 864.5 83.8 868.6 83.8 866.3 86.2 864.9 88.5 868.2 88.4 0.9811
970.7 143.6 8.9 10.9 972.3 148.0 975.6 148.1 973.2 150.3 972.8 152.3 975.3 152.3 0.9806
365.3 44.9 10.7 13.6 369.6 49.8 373.5 51.1 371.2 53.1 368.8 55.1 371.6 56.1 0.9804
942.3 97.3 9.8 13.4 943.8 102.9 948.0 103.2 945.1 106.0 944.3 108.1 947.2 108.2 0.9798
565.0 131.4 10.6 12.7 568.0 136.4 572.9 136.7 570.3 139.0 568.3 141.2 572.0 141.4 0.9796
475.2 75.1 9.8 12.4 479.2 79.4 483.3 80.1 481.3 82.2 478.9 84.3 481.9 84.9 0.9781
188.6 165.2 9.7 13.4 193.9 170.2 196.7 169.8 196.6 172.6 194.9 175.4 197.0 175.3 0.9779
393.4 47.6 9.9 13.2 395.5 53.4 400.0 53.4 397.6 56.0 396.2 58.3 399.7 58.3 0.9769
143.6 109.5 8.8 11.5 146.2 113.8 150.2 114.0 148.1 116.2 146.2 118.3 149.6 118.4 0.9764
741.1 137.4 10.8 13.4 743.4 142.1 747.7 142.4 744.8 145.0 743.6 147.6 746.9 147.8 0.9762
930.8 155.9 9.8 13.2 932.5 161.5 936.7 161.4 934.2 164.2 933.4 166.6 936.5 166.5 0.9745
642.9 212.3 12.8 16.0 645.1 218.0 650.5 218.3 646.9 221.8 646.0 224.9 649.8 225.0 0.9736
43.0 119.3 9.9 12.7 45.9 124.5 50.4 124.4 48.4 127.2 46.6 129.5 49.9 129.4 0.9731
412.3 452.2 10.0 12.8 413.9 457.5 415.9 457.6 414.0 460.7 415.6 462.6 416.8 462.6 0.9726
361.4 115.9 10.1 13.2 363.6 121.5 368.4 121.6 365.7 124.3 364.2 126.7 367.7 126.7 0.9723
85.9 123.2 9.6 10.9 89.4 127.1 93.1 127.3 91.5 129.9 89.5 132.1 92.1 132.3 0.9697
916.2 57.7 11.3 14.2 919.9 62.3 925.2 62.7 922.7 65.5 920.3 68.4 924.2 68.7 0.9684
589.5 42.8 9.7 12.1 590.8 46.6 594.5 46.8 591.6 49.2 591.2 51.8 594.0 51.8 0.9677
520.6 447.4 10.3 14.1 522.3 452.5 524.0 452.8 521.7 455.8 523.6 458.4 524.6 458.5 0.9655
624.5 82.4 10.2 12.4 628.2 86.4 632.5 86.5 630.8 88.9 628.5 91.5 631.9 91.6 0.9650
406.4 156.2 10.3 11.5 409.5 159.9 414.5 160.5 411.8 162.8 409.6 164.8 413.3 165.2 0.9643
109.3 119.3 10.9 12.2 114.9 123.3 118.4 124.2 116.5 126.8 113.5 128.4 115.8 129.3 0.9643
956.9 40.4 10.9 12.7 958.6 45.1 963.7 45.0 960.9 48.2 959.5 50.6 963.2 50.4 0.9631
599.5 64.4 9.8 12.2 601.5 68.3 606.1 68.8 603.2 71.1 601.4 73.5 605.0 73.8 0.9630
987.0 200.7 10.1 12.4 989.0 205.9 993.4 206.3 990.5 208.7 989.0 210.8 992.4 211.1 0.9620
827.1 29.8 9.0 11.9 828.7 34.5 832.1 34.7 829.5 37.0 829.0 39.2 831.6 39.3 0.9592
402.9 121.6 9.9 13.6 545.9 3.8 550.7 3.8 548.6 6.7 546.4 9.0 549.9 9.1 0.9536
345.0 92.8 9.3 12.3 405.3 127.2 410.1 127.3 407.7 130.1 405.9 132.6 409.5 132.7 0.9514
1000.3 371.5 14.1 16.8 347.4 97.7 351.7 97.6 349.5 100.1 348.0 102.4 351.3 102.4 0.9488
691.9 238.5 10.2 11.8 1003.4 376.0 1010.3 375.9 1006.6 379.4 1004.1 383.2 1009.8 383.1 0.9484
275.3 9.6 9.7 12.0 694.3 242.6 699.1 242.5 696.6 245.1 694.9 247.3 698.7 247.2 0.9459
754.7 381.5 12.3 16.2 1020.9 326.1 1025.3 325.6 1023.7 328.8 1022.1 331.4 1025.3 331.1 0.9417
171.4 130.8 9.9 13.5 924.2 634.0 925.9 634.3 922.9 636.8 923.5 640.0 924.9 639.9 0.9401
849.1 116.2 9.4 11.8 277.9 14.2 282.3 14.2 280.0 16.7 278.2 19.1 281.8 19.2 0.9390
0.0 94.9 9.2 16.3 994.3 610.4 995.3 610.6 993.3 613.2 994.4 616.0 995.2 616.1 0.9376
799.1 191.9 9.7 13.6 756.6 387.6 761.3 387.7 757.6 390.6 756.7 394.3 760.0 394.3 0.9365
616.6 40.8 8.2 10.0 177.3 136.2 179.8 136.0 179.8 139.0 177.4 141.6 179.0 141.6 0.9334
978.1 15.2 9.7 12.2 851.6 120.6 856.3 120.6 854.0 123.0 852.0 125.4 855.8 125.4 0.9330
405.8 18.1 8.8 10.7 2.3 101.2 7.6 101.1 6.0 104.7 3.1 107.9 6.8 107.9 0.9316
18.7 33.9 8.5 11.5 800.6 197.0 804.0 197.5 801.1 200.3 800.8 202.7 803.2 203.0 0.9276
449.0 22.9 11.0 12.6 618.4 44.5 622.2 44.5 620.1 46.7 618.9 48.7 622.0 48.6 0.9158
650.9 274.5 11.8 14.6 981.0 20.0 985.2 20.1 983.3 22.6 981.3 24.8 984.5 24.9 0.9156
545.5 25.0 10.2 14.3 408.0 22.0 412.4 22.0 410.3 24.3 408.5 26.5 412.1 26.5 0.9137
493.1 229.0 8.1 10.2 932.8 45.4 936.5 45.2 934.2 47.6 933.7 49.8 936.5 49.6 0.9063
996.0 15.9 9.1 11.1 21.4 38.4 25.3 38.3 23.7 40.8 21.9 43.2 25.0 43.1 0.8991
292.6 42.3 9.4 12.4 955.8 624.2 957.1 624.3 954.9 627.2 955.9 630.5 956.9 630.4 0.8970
911.1 160.5 10.1 13.3 451.8 27.0 457.0 27.3 454.1 30.0 452.0 32.5 456.0 32.8 0.8926
591.2 209.4 9.6 12.2 653.9 279.8 659.4 280.2 656.2 283.1 654.0 285.8 658.3 286.1 0.8916
262.4 147.3 9.3 11.5 547.5 30.0 552.0 30.1 549.4 33.1 548.0 36.1 551.3 36.1 0.8871
810.1 64.5 11.2 14.1 494.5 232.6 497.5 232.6 495.4 234.8 494.9 236.9 497.2 236.9 0.8785
574.3 8.2 9.3 10.0 515.1 3.0 519.9 3.0 517.6 5.4 515.5 7.8 519.4 7.8 0.8766
961.6 104.7 9.8 12.4 998.2 20.2 1002.0 20.1 999.9 22.3 998.9 24.6 1001.8 24.5 0.8701
990.1 39.7 11.2 12.4 296.1 46.5 300.0 46.7 298.3 49.2 296.1 51.6 299.2 51.8 0.8697
444.6 207.1 9.6 13.3 913.8 166.8 918.2 167.3 915.6 169.9 913.9 171.7 917.2 172.1 0.8515
784.0 99.7 11.2 14.9 592.9 213.3 596.8 213.6 594.1 216.0 593.0 218.5 596.0 218.7 0.8233
323.5 64.7 9.0 11.4 267.2 152.0 270.3 152.0 269.6 154.3 267.3 156.3 269.6 156.5 0.7838
823.2 77.7 9.8 13.4 812.3 68.5 817.5 68.9 814.2 71.6 812.3 74.6 816.6 74.8 0.7786
370.0 164.9 10.3 12.8 577.0 11.6 581.2 11.8 579.1 13.9 577.1 15.8 580.4 16.0 0.7716
51.9 153.3 8.6 11.3 963.1 109.0 966.8 109.2 964.3 112.0 963.7 114.4 966.3 114.4 0.7706
636.4 9.7 9.7 12.5 992.2 43.2 996.3 43.4 993.2 46.1 992.5 48.8 995.5 48.9 0.7428
904.9 34.2 9.0 11.6 761.5 301.6 765.9 302.2 763.3 305.1 761.3 307.4 764.4 307.9 0.7377
18.4 128.5 7.6 9.4 446.6 212.7 451.1 212.7 448.7 215.3 447.2 217.7 450.5 217.8 0.5437
