35--Basketball/35_Basketball_basketballgame_ball_35_802.jpg
116
285.2 212.5 74.1 102.1 325.9 242.7 333.0 241.2 352.2 257.3 342.7 284.1 348.4 283.6 0.9997
728.8 387.3 73.0 84.9 741.5 413.1 770.8 413.7 746.2 422.6 738.4 445.5 760.9 446.2 0.9997
66.5 834.3 24.5 33.3 71.7 847.1 83.3 846.9 76.9 853.3 73.0 859.8 82.7 859.6 0.9989
809.3 746.0 30.9 36.4 819.6 759.5 833.0 760.0 826.5 766.7 820.0 773.2 830.9 773.7 0.9986
915.9 781.0 31.9 38.4 926.1 792.7 940.3 795.5 932.1 801.7 924.3 807.7 936.5 809.9 0.9980
17.2 783.0 27.9 34.3 24.0 792.9 36.9 792.7 30.1 800.6 25.8 808.0 35.7 807.8 0.9978
550.7 803.8 27.6 36.4 556.1 816.0 567.7 816.1 560.1 822.5 557.1 830.5 566.1 830.5 0.9974
49.7 746.9 28.2 34.7 59.3 762.1 71.7 760.7 66.9 767.7 61.9 774.4 71.2 773.5 0.9970
938.7 688.7 28.5 35.1 945.6 702.4 958.9 702.4 951.6 708.1 946.5 715.0 957.1 715.1 0.9969
39.0 865.8 26.9 31.2 47.7 875.7 60.2 876.8 54.5 881.6 48.9 888.3 58.3 889.1 0.9969
72.2 779.0 27.8 36.3 78.2 793.2 90.6 793.0 83.7 800.2 79.9 807.2 89.5 807.0 0.9969
860.5 803.1 28.5 36.3 867.5 816.6 881.1 817.2 873.9 824.4 868.8 831.1 879.3 831.5 0.9960
552.0 872.6 30.1 36.9 558.5 888.3 572.6 888.1 565.0 895.3 560.9 902.5 571.2 902.2 0.9958
94.5 877.2 27.8 32.3 102.9 886.2 115.7 887.4 109.3 893.0 103.6 900.2 113.4 901.1 0.9954
635.5 923.3 32.9 29.2 644.4 941.7 659.6 938.9 653.3 948.3 648.7 956.3 660.0 954.1 0.9949
894.4 748.0 30.4 38.7 900.5 762.3 914.3 764.0 905.4 772.1 900.8 778.3 910.7 779.5 0.9944
354.5 924.5 33.1 27.9 362.6 940.7 377.8 939.6 370.4 947.5 365.9 955.5 377.2 954.6 0.9942
428.1 772.9 32.8 40.1 441.0 788.8 454.9 788.8 449.4 796.8 442.2 804.3 453.0 804.6 0.9934
104.0 711.1 25.9 31.9 111.1 723.6 123.2 724.2 116.8 730.7 112.2 736.4 120.8 736.8 0.9925
539.1 489.1 23.6 32.5 544.6 501.8 555.7 501.4 550.0 508.3 546.0 514.3 555.0 514.0 0.9924
441.1 915.4 33.6 37.0 447.6 927.7 462.1 927.9 452.5 934.8 448.6 943.3 459.0 943.4 0.9922
21.6 701.7 23.1 28.1 26.8 711.7 37.6 711.4 31.8 717.3 28.1 723.1 36.5 722.9 0.9921
464.1 686.6 22.2 30.0 471.8 696.7 481.9 697.0 477.6 702.7 472.6 708.9 480.4 709.2 0.9919
863.9 723.8 27.8 36.6 872.3 736.3 885.3 737.1 878.7 744.0 873.2 751.6 883.0 752.2 0.9908
185.0 801.4 26.8 42.0 190.5 818.3 198.9 819.5 191.4 826.8 190.2 833.9 196.2 834.5 0.9906
128.8 762.1 22.2 28.9 135.2 772.4 146.1 773.3 140.9 778.1 136.2 784.1 144.2 784.8 0.9894
459.1 514.3 23.7 30.2 465.4 526.9 475.8 526.4 471.0 531.9 467.3 537.8 475.2 537.4 0.9891
944.3 361.5 21.1 27.9 948.9 373.4 958.4 372.7 953.3 378.3 951.0 383.9 957.7 383.3 0.9886
968.9 820.8 27.1 35.7 975.8 834.5 989.2 833.3 982.7 840.8 977.7 848.5 988.0 847.7 0.9882
936.9 437.0 26.0 35.5 942.0 450.9 953.7 449.9 947.5 457.5 944.3 464.0 954.4 463.0 0.9882
976.4 742.6 25.9 31.8 982.7 753.9 994.1 754.6 987.4 760.1 983.2 766.1 992.0 766.6 0.9881
1005.6 780.3 17.7 39.1 1012.5 794.1 1025.9 794.0 1018.2 801.7 1013.6 809.7 1024.3 809.7 0.9879
523.4 330.7 18.9 23.9 527.3 340.0 535.4 340.3 530.3 344.7 527.8 349.1 534.2 349.2 0.9865
540.7 734.5 22.4 27.7 545.7 745.1 555.1 745.9 548.7 750.9 545.9 756.0 553.2 756.5 0.9860
628.6 500.5 22.5 29.8 634.7 512.6 645.0 512.6 639.7 518.5 636.1 524.2 643.6 524.1 0.9849
993.3 397.4 20.3 29.7 996.6 409.2 1003.1 408.6 997.7 414.9 997.9 420.9 1002.6 420.3 0.9841
80.2 683.2 21.3 28.2 85.6 692.1 94.2 694.4 87.3 699.2 84.1 704.0 90.6 705.6 0.9832
81.5 424.8 20.4 24.4 86.5 435.2 96.2 434.3 91.7 439.4 88.9 444.5 95.5 443.8 0.9826
126.1 695.2 19.8 26.5 130.2 706.3 139.3 706.2 134.0 711.4 131.7 716.6 138.3 716.4 0.9817
844.4 680.3 27.2 32.7 849.7 694.3 861.7 694.3 854.4 701.4 851.7 706.7 860.1 706.6 0.9810
940.7 590.1 25.0 34.3 946.5 602.0 958.1 603.2 951.0 609.5 946.7 615.8 955.4 616.6 0.9806
83.0 482.2 18.2 22.8 87.2 491.6 95.0 491.6 90.6 496.1 88.3 500.3 94.4 500.1 0.9781
36.1 902.2 26.4 35.5 40.6 912.5 46.6 915.0 38.4 920.6 39.2 927.6 43.6 929.0 0.9776
996.9 343.6 22.2 29.3 1000.6 356.0 1010.2 355.9 1004.3 362.1 1002.3 367.5 1009.1 367.4 0.9750
600.1 285.5 18.4 24.8 604.4 296.2 612.2 296.0 607.9 300.8 605.6 305.3 611.7 305.1 0.9652
157.8 876.3 23.4 30.2 166.4 888.9 177.1 887.6 173.5 895.1 169.0 901.0 176.4 900.2 0.9652
994.6 715.6 23.8 30.1 1003.0 727.3 1013.8 727.3 1009.3 733.5 1004.0 739.1 1012.7 739.2 0.9625
977.4 840.2 29.7 35.3 985.0 852.4 998.7 852.4 991.8 858.3 986.5 865.8 996.8 865.9 0.9621
879.3 474.1 24.0 33.3 885.4 485.3 897.2 485.2 891.5 492.1 886.9 499.3 896.0 499.2 0.9592
70.4 602.9 20.3 29.0 75.3 614.1 85.2 614.2 79.8 620.3 76.2 625.8 83.8 625.9 0.9498
886.4 303.2 22.0 27.9 891.6 314.1 899.3 314.6 894.1 319.7 892.2 324.7 897.9 325.0 0.9451
91.7 517.5 21.0 22.9 96.1 524.6 105.9 525.4 100.0 530.2 96.8 534.9 103.7 535.4 0.9405
940.4 270.6 19.6 24.8 944.4 279.6 952.9 279.9 947.5 284.7 945.1 289.6 951.9 289.7 0.9400
180.4 511.6 22.0 24.1 185.9 519.4 195.7 519.6 190.4 524.5 186.6 529.4 194.6 529.5 0.9335
547.0 284.6 16.3 22.1 552.0 292.7 558.0 293.0 554.3 297.3 552.3 301.7 557.0 301.9 0.9323
27.3 471.4 22.1 27.7 35.0 481.7 44.7 483.4 39.4 488.0 34.2 492.5 41.6 493.9 0.9276
42.8 437.2 18.9 25.5 47.5 446.8 56.3 447.1 51.5 452.0 48.1 457.0 54.8 457.2 0.9275
402.4 712.1 28.2 38.7 408.9 730.3 420.9 730.1 414.1 738.7 410.9 744.2 419.8 744.1 0.9273
942.7 310.6 20.7 25.3 947.4 320.3 956.0 320.3 950.9 325.3 948.7 330.4 955.0 330.3 0.9239
141.0 845.4 23.3 32.4 145.7 858.2 155.5 858.6 149.0 865.3 146.7 871.3 153.9 871.4 0.9185
0.0 834.6 14.3 32.7 -4.6 846.2 7.4 847.0 1.4 853.5 -4.0 859.6 5.5 860.3 0.9166
599.7 824.4 29.2 42.7 608.3 840.6 617.4 838.5 613.0 847.7 611.2 856.6 618.7 854.9 0.9161
433.6 250.0 19.0 26.1 437.6 259.6 446.0 260.3 440.7 264.8 438.0 270.0 444.1 270.5 0.9115
563.9 418.8 21.1 26.4 568.7 427.4 578.3 426.9 573.5 433.2 570.6 439.0 577.9 438.5 0.9081
566.1 773.9 30.5 36.8 571.5 788.1 586.2 785.9 579.6 794.4 576.3 803.0 587.0 801.2 0.9067
885.0 708.3 23.5 29.2 890.2 718.1 899.8 719.7 892.7 724.5 889.3 729.9 896.5 731.1 0.9021
618.1 879.0 27.1 33.8 625.4 891.9 636.0 890.6 631.3 898.6 628.5 905.3 636.7 904.3 0.9003
383.0 689.2 24.4 28.9 394.0 699.3 402.4 699.8 399.4 705.8 394.4 711.5 400.3 712.1 0.8935
874.9 196.9 18.3 22.3 879.9 205.0 888.4 205.1 884.1 209.5 880.8 213.8 887.6 213.9 0.8892
102.1 749.0 21.1 27.0 109.0 759.1 117.1 758.9 113.5 764.2 110.0 769.6 116.4 769.5 0.8892
611.3 455.8 19.3 25.3 616.7 464.1 625.8 463.4 621.8 469.1 618.2 474.8 625.8 474.2 0.8840
592.5 320.8 21.7 29.5 597.9 331.9 608.1 332.0 602.6 337.7 598.8 343.7 606.4 343.7 0.8832
725.3 280.2 20.1 24.7 730.3 289.2 739.5 289.0 734.8 294.0 731.4 298.9 738.9 298.7 0.8808
871.7 265.9 17.9 23.2 875.1 274.8 882.3 275.2 877.3 279.6 875.5 284.1 881.0 284.3 0.8785
995.1 228.6 20.2 24.8 998.4 236.5 1007.5 237.6 1001.0 242.4 998.3 247.4 1005.1 248.1 0.8718
32.9 344.4 16.7 20.5 37.1 351.3 44.8 351.6 40.7 356.0 37.6 360.2 43.5 360.3 0.8684
794.6 364.1 19.7 24.6 801.0 373.0 809.7 372.8 806.1 378.3 802.2 383.3 808.9 383.2 0.8669
497.4 449.4 21.4 28.0 502.2 458.7 510.5 460.1 503.9 465.0 501.4 470.5 507.5 471.5 0.8631
722.6 353.9 21.3 27.0 726.5 364.0 732.7 364.4 727.1 370.2 727.6 375.8 731.8 375.7 0.8602
818.2 234.4 18.8 26.1 823.6 243.6 833.1 243.1 828.9 249.3 825.0 254.9 832.4 254.5 0.8575
472.8 334.8 21.7 25.7 479.6 344.3 488.6 344.9 483.9 350.0 479.8 354.5 486.8 355.0 0.8551
529.1 213.7 17.8 23.8 532.8 223.3 541.2 223.0 536.8 228.0 534.2 232.6 540.8 232.3 0.8513
462.7 297.7 17.8 23.6 467.4 306.5 475.7 306.7 471.1 311.3 468.0 316.1 474.1 316.2 0.8476
76.8 333.8 17.1 23.0 80.8 341.1 89.0 341.5 84.5 346.1 81.3 350.8 87.8 351.0 0.8381
939.5 240.3 17.5 21.5 943.5 247.9 951.0 248.1 946.5 252.2 943.9 256.6 950.0 256.7 0.8353
352.2 222.0 17.1 21.9 356.4 229.6 364.0 229.9 359.9 233.8 357.0 238.4 362.9 238.7 0.8329
800.2 394.5 23.0 29.2 807.6 407.1 818.7 408.3 813.3 414.0 808.0 418.5 815.8 419.4 0.8320
715.6 323.5 18.5 22.5 721.2 331.4 730.1 331.1 726.1 336.0 722.4 341.0 729.4 340.9 0.8095
186.8 713.4 20.7 24.3 191.6 719.4 201.6 719.4 196.4 724.1 192.6 730.3 200.6 730.2 0.8080
418.8 298.9 18.3 23.1 423.7 307.7 432.4 307.5 428.3 312.4 424.9 316.9 431.8 316.8 0.8077
578.6 685.6 30.0 40.7 584.6 702.7 595.7 702.6 588.0 711.6 586.8 718.9 594.8 718.5 0.8040
816.4 332.3 17.8 20.3 819.6 339.5 826.4 339.7 821.7 344.1 820.5 348.4 825.6 348.3 0.7949
169.1 360.5 17.9 21.2 174.2 368.4 182.3 369.0 177.9 373.4 174.4 377.4 180.6 377.8 0.7845
581.7 210.7 21.2 24.1 587.8 218.1 598.2 218.3 593.2 223.2 589.0 228.7 596.6 228.8 0.7835
129.8 182.9 15.0 19.8 133.1 190.7 138.8 190.7 135.2 194.8 133.8 198.8 138.3 198.7 0.7828
791.6 277.8 18.6 24.1 795.7 286.7 803.3 287.1 798.3 291.4 796.1 296.2 802.2 296.3 0.7785
316.4 879.5 25.0 36.0 321.6 890.6 331.5 890.8 325.0 898.3 321.5 905.9 329.5 906.0 0.7743
816.5 200.5 19.3 24.8 821.9 208.5 830.7 208.4 826.7 213.3 823.4 218.9 830.0 218.8 0.7601
831.6 171.1 18.3 22.1 835.9 179.2 844.1 179.2 839.9 183.9 836.9 188.5 843.4 188.4 0.7481
417.7 224.9 22.6 29.2 422.6 236.0 431.6 235.9 426.2 241.6 423.7 247.2 431.0 247.0 0.7302
798.2 162.2 17.3 20.7 803.5 170.0 811.5 170.4 807.4 174.3 803.6 178.2 810.1 178.6 0.6884
754.2 233.9 16.4 20.6 758.8 241.8 765.7 241.8 762.1 245.9 759.7 249.6 765.0 249.6 0.6884
865.7 228.4 19.1 23.9 870.8 237.8 878.6 237.8 874.5 242.5 871.6 247.3 877.6 247.3 0.6825
986.1 188.1 16.8 22.2 990.0 196.8 998.3 197.0 993.9 201.7 990.6 206.0 997.2 206.1 0.6681
438.7 475.2 18.9 23.3 443.0 483.8 450.3 484.1 445.5 489.1 443.6 493.7 448.8 493.8 0.6401
930.9 184.2 19.1 24.9 937.1 193.7 945.4 193.9 941.4 198.9 937.6 203.6 944.1 203.8 0.6275
767.7 335.6 15.6 18.4 771.5 342.2 778.1 342.2 774.3 346.0 772.2 349.8 777.3 349.8 0.6166
376.2 235.3 18.1 22.8 380.7 241.8 389.0 242.5 384.1 246.6 380.7 251.7 387.1 252.3 0.6138
976.0 795.6 23.5 29.7 982.3 808.6 994.0 808.3 988.5 814.9 984.1 820.1 992.7 820.0 0.6063
569.9 146.0 20.0 25.6 574.9 155.0 585.2 155.5 579.7 160.4 575.7 165.6 583.3 166.1 0.6038
631.3 210.5 21.9 25.9 637.4 220.9 646.7 220.5 642.1 226.0 639.0 230.7 646.1 230.4 0.6023
186.6 455.7 22.3 30.9 192.2 468.1 201.4 469.0 195.0 474.0 192.1 479.9 198.6 480.5 0.5963
37.6 247.6 20.1 26.1 42.7 257.0 50.0 257.5 45.1 262.7 42.8 267.8 48.6 268.2 0.5905
446.1 157.4 15.1 17.8 450.0 163.7 456.8 163.9 453.2 167.4 450.5 171.0 455.9 171.1 0.5857
762.9 28.6 14.1 18.0 766.8 35.3 773.3 35.4 769.9 39.1 767.3 42.8 772.5 42.8 0.5746
660.1 92.7 16.2 21.3 664.6 100.5 671.8 100.5 668.0 104.9 665.3 109.2 671.0 109.2 0.5170
