35--Basketball/35_Basketball_basketballgame_ball_35_727.jpg
49
187.4 337.5 30.9 45.5 208.1 355.4 210.0 352.2 219.1 360.3 214.0 372.2 214.5 370.3 0.9997
805.6 229.9 13.9 18.7 806.8 236.4 810.8 237.1 806.0 240.4 806.7 244.0 809.6 244.3 0.9995
845.9 401.5 32.4 47.0 850.2 420.7 858.9 423.1 847.6 430.4 851.2 437.6 857.2 438.9 0.9992
241.1 345.4 28.8 30.7 252.8 360.7 265.4 358.9 261.6 368.1 254.3 371.5 263.1 370.4 0.9990
352.9 313.4 26.6 39.7 365.9 331.1 375.0 328.3 375.1 337.7 369.1 345.6 375.1 343.6 0.9985
986.1 252.0 16.5 19.8 989.0 257.6 991.5 259.2 986.1 262.1 987.1 266.2 988.7 267.2 0.9978
827.9 202.0 12.1 16.6 829.6 208.0 832.5 208.2 829.1 211.3 830.1 214.5 832.1 214.5 0.9971
483.9 489.4 44.2 65.1 494.1 508.8 497.8 512.5 487.1 518.7 489.0 534.1 491.3 536.5 0.9969
484.6 318.6 22.1 41.7 489.5 331.9 490.3 333.0 485.0 340.9 491.1 349.4 491.3 349.8 0.9968
333.8 266.6 22.3 28.0 349.0 276.7 352.2 276.1 354.7 282.2 349.6 287.9 351.7 287.7 0.9967
961.7 231.3 13.5 18.3 971.0 237.9 973.7 237.8 974.4 241.9 970.4 245.3 972.3 245.5 0.9956
912.8 239.9 15.4 19.6 915.6 245.4 919.4 245.7 914.7 249.9 915.4 254.5 917.7 254.5 0.9943
733.0 344.5 28.3 30.2 737.0 354.2 741.7 355.1 736.8 363.6 744.1 368.1 746.6 368.3 0.9943
851.0 231.9 14.1 18.5 853.6 237.7 857.2 238.1 852.8 241.5 852.9 245.6 855.2 245.8 0.9934
270.3 371.7 22.6 40.4 275.2 385.9 275.3 386.6 269.9 392.9 274.5 401.6 274.6 401.9 0.9928
95.3 277.9 20.9 33.9 109.8 290.5 111.2 289.9 115.5 295.1 112.5 302.9 113.3 302.8 0.9924
305.0 466.7 42.6 68.0 336.9 494.5 338.7 492.7 344.9 503.3 339.1 518.6 340.5 517.6 0.9907
793.0 204.0 11.1 15.1 794.9 209.0 799.0 209.6 795.3 211.7 794.3 215.0 797.2 215.4 0.9855
476.3 200.5 10.2 13.5 478.4 205.1 480.5 205.9 477.1 207.9 477.2 210.6 478.7 211.1 0.9844
0.0 330.6 16.3 44.3 -11.0 350.8 3.9 348.2 -2.7 359.5 -5.2 366.5 5.9 364.4 0.9826
917.1 208.8 11.9 14.4 921.1 214.1 926.5 214.3 924.1 217.1 921.8 220.1 925.6 220.2 0.9780
973.6 349.0 28.8 45.8 979.0 365.0 980.3 365.9 978.5 377.2 985.6 384.7 986.0 385.4 0.9769
670.3 193.3 9.0 12.7 671.6 197.6 674.0 197.7 671.5 200.2 672.0 203.0 673.7 202.9 0.9705
605.0 198.1 9.6 12.7 607.1 202.8 611.0 202.9 608.5 205.4 607.4 207.9 610.5 208.0 0.9656
693.1 249.6 13.3 11.6 695.8 255.8 699.5 255.0 697.7 258.5 699.4 260.0 701.4 259.2 0.9639
982.9 229.7 13.4 16.9 987.1 235.6 993.4 235.9 990.3 239.2 987.3 242.4 992.3 242.7 0.9607
928.8 214.6 13.5 17.6 930.6 221.2 934.4 222.0 930.4 224.9 930.5 228.0 933.3 228.4 0.9480
889.9 234.7 15.2 16.4 894.0 239.9 900.9 240.4 897.2 244.3 894.3 247.2 899.1 247.6 0.9402
425.8 215.5 9.7 12.5 431.4 219.4 434.1 219.1 433.9 222.2 431.8 225.0 433.6 224.9 0.9197
735.0 206.1 9.1 12.0 736.8 210.8 740.6 211.2 738.0 213.5 736.8 215.6 739.7 215.9 0.9087
659.8 214.8 10.8 15.2 662.2 220.2 666.1 221.1 662.8 223.6 661.7 226.1 664.8 226.7 0.9034
493.5 217.6 9.4 13.6 495.5 222.4 498.2 222.8 495.7 225.2 495.4 227.8 497.5 228.0 0.8947
575.5 216.2 10.4 12.2 577.2 220.6 580.6 221.1 577.5 223.4 577.2 225.6 579.6 225.9 0.8928
609.5 232.1 11.5 13.6 611.7 236.2 616.8 236.7 613.5 239.4 611.9 242.1 616.0 242.4 0.8673
199.9 218.8 11.8 13.7 203.9 223.6 209.1 222.9 207.2 226.5 205.4 229.6 209.2 229.1 0.8520
518.0 227.4 11.7 13.1 520.4 233.9 523.1 233.0 521.8 236.7 523.8 238.6 525.3 237.8 0.8446
516.9 199.2 10.9 13.7 753.9 447.8 774.3 450.1 764.4 460.5 753.1 468.9 767.2 470.8 0.8035
695.4 216.4 9.8 14.0 518.2 204.0 522.3 204.4 518.8 206.8 518.1 209.7 521.1 210.0 0.7746
646.0 238.4 12.6 12.9 697.5 221.9 700.2 222.2 697.4 225.0 697.3 227.7 699.1 227.7 0.7729
372.2 221.0 9.5 12.7 649.1 244.0 654.1 243.5 651.7 247.1 650.5 249.2 653.8 248.7 0.7521
778.3 225.5 9.2 13.2 373.7 225.6 377.0 225.8 374.3 228.2 374.1 230.8 376.5 230.8 0.7232
538.5 206.6 9.4 12.1 784.0 230.6 786.3 230.5 786.6 233.3 784.2 236.0 785.8 236.1 0.6627
397.2 216.2 9.6 11.3 540.6 212.3 543.8 212.1 542.0 215.0 542.0 216.9 544.1 216.7 0.6256
683.3 234.5 9.7 14.0 529.3 231.7 534.3 232.0 532.5 235.1 529.4 238.0 533.1 238.3 0.6248
548.4 218.1 10.2 13.5 722.4 230.2 724.6 231.0 721.4 233.2 721.2 236.1 722.8 236.4 0.6214
754.4 202.0 12.4 14.5 399.4 220.3 403.8 220.4 401.5 222.8 399.8 224.9 403.2 225.0 0.6178
449.6 209.6 11.7 14.8 685.9 239.4 687.4 240.4 684.2 242.3 684.5 244.9 685.5 245.5 0.6016
628.5 216.8 10.4 12.1 550.9 223.0 555.8 222.5 553.6 225.5 552.0 228.6 556.1 228.2 0.5547
565.6 236.0 13.1 16.5 758.8 208.6 763.8 209.2 761.2 212.2 758.8 214.2 762.2 214.7 0.5188
