35--Basketball/35_Basketball_basketballgame_ball_35_228.jpg
13
403.6 162.9 239.1 317.5 484.7 277.2 596.3 273.8 555.5 311.7 486.8 380.9 596.8 376.6 0.9998
133.6 384.8 101.7 120.8 149.1 434.1 193.3 424.7 167.3 449.3 160.3 479.7 194.1 472.1 0.9995
969.2 94.8 54.1 91.1 1003.5 122.9 1032.5 126.8 1026.2 135.9 1006.9 156.4 1031.2 159.7 0.9991
19.7 387.4 60.3 73.1 34.8 413.0 61.6 413.7 46.9 423.8 37.4 439.5 57.8 439.9 0.9987
613.8 302.7 97.9 118.2 651.3 341.1 698.0 350.1 680.4 358.3 651.0 385.3 689.1 392.5 0.9985
318.8 409.5 44.2 51.4 333.3 428.8 353.7 427.9 346.2 435.5 337.9 448.5 353.3 447.7 0.9959
681.2 374.3 60.6 81.0 696.0 403.4 725.4 402.7 711.6 413.4 700.2 433.3 724.7 432.6 0.9956
357.2 338.3 67.3 91.0 382.7 371.6 399.6 365.6 398.7 378.5 394.2 401.3 409.2 396.3 0.9862
230.5 352.0 67.4 84.1 243.8 382.6 273.8 382.3 256.0 398.7 247.0 415.6 269.9 415.3 0.9835
43.9 315.6 21.3 28.5 49.9 326.6 57.6 326.4 53.3 332.0 51.0 337.8 57.2 337.5 0.9116
786.4 418.0 20.0 24.5 796.3 426.7 803.6 426.5 802.0 431.4 797.2 436.5 802.8 436.6 0.8226
69.8 295.0 18.4 22.5 74.6 302.7 83.8 302.6 79.3 307.5 75.5 312.4 82.9 312.3 0.6047
128.9 278.0 21.9 26.1 778.3 326.4 787.5 326.7 782.8 333.1 778.9 339.1 786.0 339.4 0.5448
