35--Basketball/35_Basketball_playingbasketball_35_97.jpg
8
692.1 357.5 15.3 19.2 697.6 365.3 704.2 364.6 702.0 368.6 699.0 372.4 704.3 372.0 0.9995
729.9 357.3 13.7 16.9 733.6 364.5 739.7 363.9 737.1 367.6 735.0 370.7 739.9 370.3 0.9992
745.1 351.2 15.2 17.2 748.9 355.8 756.1 355.6 752.3 358.9 749.5 363.3 755.3 363.2 0.9988
794.3 342.9 15.1 19.8 804.3 351.1 807.7 351.5 808.0 355.4 803.9 358.6 806.0 359.2 0.9979
952.7 416.6 13.5 15.5 955.1 421.2 960.6 421.4 956.5 424.1 955.1 427.6 959.4 427.7 0.9964
842.2 322.4 20.3 33.7 847.3 333.8 847.9 334.1 842.9 339.4 845.8 347.3 846.1 347.1 0.9954
605.2 316.7 17.9 31.7 608.3 328.3 609.0 328.5 606.1 334.5 609.5 340.8 610.3 340.8 0.9932
872.1 330.2 18.0 33.3 878.5 340.4 877.5 340.9 873.6 346.0 875.3 353.5 875.4 353.6 0.9895
