35--Basketball/35_Basketball_playingbasketball_35_951.jpg
13
562.0 303.5 9.2 12.2 565.4 308.3 569.4 308.5 567.7 310.5 565.7 312.8 568.7 313.1 0.9959
441.7 303.3 9.3 12.7 445.6 308.4 449.3 308.1 448.2 310.5 446.2 313.0 449.2 312.9 0.9937
735.4 294.0 9.9 13.0 737.1 298.8 740.9 298.8 738.3 301.4 737.7 303.9 740.7 303.8 0.9931
856.2 192.9 12.7 21.7 859.2 200.0 860.5 200.3 856.8 204.2 858.7 208.9 859.9 208.8 0.9929
251.4 300.9 8.9 10.6 253.5 305.1 257.6 304.8 255.6 307.1 254.5 309.3 257.4 309.1 0.9870
291.6 288.3 9.1 12.0 294.3 293.0 298.6 292.7 296.9 295.2 295.1 297.7 298.5 297.4 0.9815
148.3 244.1 13.3 12.6 151.4 252.2 154.8 250.3 154.0 254.3 156.3 256.0 157.9 254.4 0.9283
617.1 310.3 8.4 10.6 619.7 314.9 623.5 314.8 621.8 316.7 620.1 318.7 623.2 318.6 0.8489
216.0 290.7 10.7 13.6 221.1 296.6 225.0 296.8 223.6 299.7 220.9 301.9 223.6 302.2 0.8455
23.0 257.1 9.8 12.5 26.7 261.5 30.6 261.8 28.8 264.2 26.7 266.6 29.8 266.8 0.7532
195.3 270.3 13.3 15.2 198.7 275.1 205.0 275.4 201.6 278.7 199.1 281.9 203.9 282.1 0.7526
375.5 303.5 9.5 11.0 378.0 307.8 382.5 307.2 380.6 309.9 379.2 312.4 382.6 312.0 0.6131
804.6 290.6 8.3 10.4 373.9 340.1 377.2 340.8 373.9 344.6 375.3 347.0 377.3 347.3 0.5852
