35--Basketball/35_Basketball_playingbasketball_35_761.jpg
40
461.1 139.8 51.3 67.1 480.7 166.2 502.1 162.4 497.1 175.1 488.9 191.4 504.4 188.1 0.9995
125.9 202.3 24.6 33.5 130.2 217.4 140.5 215.4 135.3 223.4 133.9 229.4 141.7 227.8 0.9986
945.1 171.6 25.7 31.2 951.0 183.8 962.0 183.8 955.8 189.8 952.1 195.2 960.7 195.2 0.9985
762.0 328.9 28.5 32.5 767.7 339.8 781.1 340.2 772.9 346.5 768.4 352.6 779.1 352.9 0.9984
152.4 131.9 20.6 24.8 159.3 140.4 168.4 140.7 164.3 144.9 159.9 149.8 167.3 150.0 0.9983
812.1 172.8 22.6 30.7 816.7 184.7 827.2 184.7 821.1 190.1 817.8 196.0 826.0 196.0 0.9978
314.5 215.7 22.7 28.2 320.4 225.6 330.5 226.9 324.5 231.2 320.1 236.0 328.1 237.0 0.9976
541.0 138.3 24.7 33.1 547.4 150.3 558.4 149.7 553.0 156.1 548.9 162.1 558.4 161.5 0.9975
744.8 185.6 23.7 32.3 750.3 199.3 761.1 199.3 755.1 205.6 751.7 211.1 759.8 211.2 0.9974
279.3 234.4 27.1 33.2 286.2 246.8 299.1 246.1 292.9 254.0 288.3 260.0 298.4 259.4 0.9974
258.8 138.4 19.4 25.1 262.6 147.6 271.5 147.3 266.4 152.7 264.0 158.0 270.7 157.7 0.9974
398.1 109.0 24.3 32.0 403.0 121.0 414.1 120.4 408.1 127.4 405.3 133.7 413.4 133.2 0.9974
166.7 233.1 25.7 34.1 172.5 247.3 185.0 246.3 179.0 254.4 175.7 261.0 184.3 260.1 0.9971
96.1 252.1 24.1 30.6 101.7 263.5 113.8 262.3 108.2 269.3 104.5 275.9 113.6 274.9 0.9970
35.2 281.1 26.8 34.5 41.7 293.5 53.5 293.3 47.2 300.5 43.6 307.3 52.1 307.2 0.9968
835.8 260.4 29.1 34.0 840.7 272.8 853.6 273.2 844.9 279.9 841.8 286.6 851.0 286.8 0.9967
223.8 208.7 21.6 28.2 229.1 217.7 239.4 217.7 234.1 223.0 230.0 228.6 238.7 228.6 0.9961
65.8 146.4 21.9 26.4 71.5 155.5 81.5 155.9 76.0 160.4 72.0 165.7 80.2 166.0 0.9960
365.5 174.5 22.1 29.8 369.6 187.5 380.1 186.6 374.5 192.7 371.7 198.1 379.9 197.4 0.9957
768.3 213.1 28.4 34.6 773.7 225.8 786.8 226.1 779.0 232.6 775.1 239.6 784.8 239.7 0.9953
82.1 218.7 23.8 31.0 90.1 232.1 100.4 232.6 95.5 239.0 90.9 243.7 98.2 244.1 0.9953
267.1 338.8 27.8 35.5 273.4 353.4 286.9 352.6 280.1 359.9 275.8 366.5 286.3 365.8 0.9951
348.3 288.3 23.6 30.6 350.9 300.8 360.9 299.9 353.6 306.0 352.8 312.6 360.0 311.6 0.9939
873.0 212.4 26.6 33.6 877.6 226.7 889.1 226.5 882.1 233.2 879.8 239.2 888.0 238.9 0.9937
60.8 329.1 25.0 32.9 64.5 338.2 68.4 338.9 61.6 345.0 64.1 352.8 66.8 353.0 0.9920
171.1 345.5 26.1 31.8 177.7 356.8 190.2 357.2 183.6 363.3 178.9 369.6 188.6 369.8 0.9910
147.9 299.1 23.7 29.8 153.2 311.5 163.6 310.6 158.5 316.9 155.7 322.8 164.0 322.0 0.9876
199.3 142.0 21.9 28.5 202.8 152.1 212.6 153.0 205.9 158.6 203.1 163.9 210.3 164.5 0.9876
253.8 295.5 24.0 30.3 259.8 306.3 271.5 306.1 265.8 312.5 261.4 318.8 270.6 318.6 0.9873
216.3 179.5 19.0 25.9 219.0 187.6 223.1 188.0 217.8 193.1 219.7 198.8 222.8 198.8 0.9782
878.1 177.6 28.5 35.3 884.5 192.6 898.0 191.3 891.5 198.6 887.7 205.7 897.6 204.8 0.9764
706.1 273.7 23.6 30.7 710.2 284.3 720.5 285.1 713.2 290.2 710.4 296.5 717.8 297.0 0.9752
566.9 218.7 26.2 35.6 572.0 233.2 584.6 233.0 577.5 239.7 573.8 246.8 583.2 246.5 0.9738
1008.5 174.7 15.0 31.4 1015.2 186.9 1025.6 185.3 1021.3 192.0 1018.0 198.8 1025.9 197.6 0.9566
53.1 241.7 23.7 29.2 64.8 253.5 73.0 252.5 71.8 259.6 66.8 264.8 72.3 264.3 0.9534
606.6 322.2 31.0 35.3 615.1 335.7 628.9 333.8 623.2 341.8 619.0 349.8 629.4 348.2 0.9302
1008.7 219.7 14.9 34.7 1012.5 232.7 1024.7 232.6 1016.4 239.5 1013.8 246.4 1022.9 246.2 0.8751
658.6 220.1 26.7 33.1 665.5 230.9 675.9 231.3 669.7 237.5 666.6 244.2 674.8 244.5 0.8683
437.9 151.0 21.5 28.0 444.4 163.0 454.1 162.2 449.9 168.2 446.4 173.3 453.7 172.8 0.6954
939.3 309.2 24.0 30.5 944.8 322.3 956.4 322.8 949.9 328.8 945.5 334.0 954.5 334.3 0.6172
