35--Basketball/35_Basketball_basketballgame_ball_35_444.jpg
10
126.1 927.8 147.1 167.9 173.9 980.4 241.8 983.8 213.5 984.3 177.2 1032.9 239.5 1035.5 0.9999
40.2 71.9 130.3 165.0 95.8 130.6 148.9 140.3 133.3 154.0 98.6 189.6 140.9 196.7 0.9999
480.6 850.3 134.0 213.0 561.9 932.4 597.5 932.4 610.8 966.5 571.1 1010.2 596.6 1011.0 0.9999
485.7 693.6 140.8 173.4 544.5 761.1 605.6 772.5 582.2 794.6 542.7 823.1 589.4 832.7 0.9998
235.9 809.0 146.9 197.1 266.2 899.2 333.6 901.0 294.9 942.6 275.5 964.2 329.0 965.0 0.9998
659.3 142.1 117.5 146.2 688.7 197.1 745.0 198.9 714.7 214.2 690.8 249.3 736.7 250.8 0.9998
426.6 137.3 116.3 140.0 485.2 184.6 527.4 183.5 525.1 211.3 496.6 243.6 525.1 242.6 0.9997
870.0 670.2 153.4 203.4 934.6 747.1 1002.7 759.5 977.7 788.9 932.8 821.0 984.4 831.2 0.9997
845.6 834.6 139.0 208.2 919.9 914.8 965.7 913.9 962.3 952.4 926.3 992.5 960.6 991.9 0.9990
827.0 662.9 107.4 148.7 996.4 886.3 1051.2 883.0 1028.5 924.5 1008.7 963.2 1047.1 961.2 0.5076
