35--Basketball/35_Basketball_basketballgame_ball_35_59.jpg
64
481.5 167.2 45.7 59.4 492.9 189.7 512.6 186.1 504.1 199.5 497.6 210.3 515.6 207.1 0.9998
708.0 100.0 42.4 56.7 717.9 123.1 735.9 116.7 729.7 130.0 725.9 142.4 741.8 136.8 0.9998
175.0 0.0 32.9 31.6 185.5 6.8 200.5 11.0 191.0 11.4 182.3 19.0 195.1 22.4 0.9997
366.4 155.6 42.6 57.9 375.4 175.7 394.6 174.0 384.3 183.3 378.7 197.1 394.5 195.5 0.9997
616.7 133.7 48.5 66.9 628.9 155.8 651.4 155.2 640.2 164.5 629.2 177.9 652.0 177.5 0.9997
24.6 243.7 47.6 62.8 35.9 266.5 58.0 265.8 46.2 276.7 37.0 287.8 58.3 287.1 0.9997
337.3 106.6 37.0 47.2 346.8 122.2 365.3 122.6 355.9 132.3 347.3 140.4 364.2 140.6 0.9997
290.6 110.2 38.5 42.7 299.3 123.5 317.8 122.5 308.5 129.5 301.5 140.3 317.0 139.4 0.9997
969.9 170.8 53.7 73.8 986.3 197.6 1013.1 195.6 1002.0 211.0 987.6 221.9 1014.9 220.4 0.9997
563.5 224.6 53.1 68.7 576.9 252.8 601.1 251.3 589.4 264.9 579.0 274.8 601.8 273.6 0.9997
120.7 248.7 51.1 57.9 133.3 269.5 156.6 265.7 146.8 275.4 139.3 290.4 158.9 287.1 0.9997
799.4 123.2 57.9 69.1 812.0 154.0 835.4 144.8 826.7 158.8 822.4 175.7 843.4 168.0 0.9996
178.0 147.5 39.8 48.5 185.9 162.3 204.4 160.7 194.5 171.8 189.5 182.8 204.1 181.6 0.9996
683.7 19.5 36.5 42.3 691.6 35.8 708.6 33.6 699.9 40.8 694.9 51.0 708.6 49.2 0.9996
872.4 82.3 45.3 56.8 883.5 103.9 904.7 102.8 894.0 112.9 885.9 123.9 904.7 122.8 0.9996
941.7 26.6 41.9 52.5 953.8 43.9 974.6 44.5 964.7 50.4 954.5 63.1 972.3 63.8 0.9996
436.1 128.2 41.6 58.2 445.4 146.2 465.1 148.3 452.6 157.4 444.4 166.8 463.2 168.5 0.9996
283.8 237.6 46.4 65.9 290.3 262.5 308.2 262.7 292.8 273.5 290.8 284.3 308.1 284.2 0.9996
686.3 246.0 49.3 61.4 694.5 274.6 717.1 272.8 704.1 289.4 700.8 295.7 718.5 294.0 0.9996
344.7 362.5 61.5 79.9 359.3 393.8 388.1 392.6 373.8 407.5 361.5 420.1 388.3 419.2 0.9996
122.2 28.3 36.5 50.5 131.9 42.4 149.7 42.4 140.3 48.5 132.5 61.7 147.8 61.8 0.9995
422.7 82.4 35.3 45.0 430.4 98.7 447.8 97.7 438.9 105.5 432.7 115.1 447.3 114.1 0.9995
801.9 23.9 43.6 54.7 813.7 45.3 834.3 43.9 824.7 55.3 817.1 66.0 833.1 65.0 0.9995
529.0 57.6 34.7 42.8 537.9 71.6 553.8 71.6 545.3 77.3 538.6 87.5 552.1 87.5 0.9995
690.7 58.6 40.2 46.7 697.4 78.0 715.8 74.4 705.6 82.2 701.9 94.3 716.1 91.3 0.9995
658.7 0.0 36.3 28.5 669.8 0.4 684.9 7.4 671.5 8.3 662.9 13.9 675.5 19.5 0.9995
390.9 22.6 31.9 39.2 397.4 36.6 411.2 36.1 402.7 43.3 398.7 51.7 409.7 51.2 0.9995
847.2 207.2 50.4 66.8 859.5 235.0 883.3 232.2 872.7 245.7 864.8 258.9 883.7 256.4 0.9994
626.7 87.8 42.9 51.7 636.4 108.8 656.3 108.3 645.6 117.9 639.8 128.1 654.0 127.5 0.9994
350.0 20.2 27.0 36.5 354.9 35.5 367.2 33.7 360.7 41.0 358.0 48.4 367.7 46.9 0.9994
68.6 54.5 29.1 35.4 75.4 68.7 89.3 67.5 82.3 74.1 77.6 80.9 89.2 79.9 0.9994
866.3 10.3 38.1 51.8 873.3 28.6 889.8 29.9 878.3 38.9 873.4 47.6 887.6 48.6 0.9993
221.3 54.3 34.5 44.4 227.6 71.2 244.5 71.1 234.9 79.5 229.5 88.0 243.0 87.9 0.9993
779.6 9.2 31.3 41.4 786.3 24.9 801.3 24.6 793.2 31.6 788.3 40.7 799.9 40.5 0.9993
502.4 104.5 43.5 52.1 511.7 121.7 532.4 119.8 522.0 129.9 514.5 140.8 534.1 139.2 0.9993
0.0 39.2 19.7 28.3 2.1 50.1 13.7 49.9 7.8 54.5 3.3 60.9 12.2 60.8 0.9993
41.8 8.1 21.5 26.8 47.5 18.8 57.2 19.2 51.9 24.0 48.0 28.6 55.9 28.8 0.9993
273.7 59.4 31.7 38.0 282.2 73.0 297.6 73.6 289.7 79.7 283.2 87.5 295.5 87.9 0.9992
561.1 3.0 30.9 38.9 567.8 17.3 582.4 17.2 574.3 23.4 569.5 31.6 581.2 31.5 0.9992
414.3 236.7 49.5 70.8 429.0 263.9 451.4 262.5 442.1 274.4 433.5 289.2 450.9 287.9 0.9992
483.7 15.7 29.8 36.6 492.5 29.0 506.1 27.8 500.8 34.9 495.8 43.4 506.3 42.5 0.9992
97.9 192.9 39.2 48.2 103.1 212.3 117.9 207.1 109.3 220.1 110.8 230.3 122.7 225.7 0.9991
290.1 17.6 27.1 32.0 296.5 30.2 309.2 29.2 303.1 34.8 299.0 42.1 308.9 41.3 0.9991
235.9 178.5 40.9 56.5 239.5 199.6 254.5 199.1 241.7 211.1 244.6 219.3 258.5 218.3 0.9991
64.9 152.7 37.6 48.7 73.7 170.8 91.6 170.4 82.0 179.2 75.7 189.0 90.0 188.7 0.9991
46.1 89.1 30.0 39.7 51.8 103.1 65.1 104.8 55.4 109.6 51.0 117.6 61.3 119.0 0.9990
18.6 53.3 26.9 33.5 23.6 66.7 35.3 67.0 27.7 72.4 24.4 78.9 33.3 79.1 0.9988
0.0 204.7 32.4 50.5 -1.0 222.8 15.7 221.7 5.7 234.6 3.5 240.8 19.6 239.5 0.9988
516.1 30.8 31.5 42.6 523.7 48.1 539.7 47.8 531.8 55.0 525.7 63.5 538.3 63.2 0.9988
6.4 86.0 23.8 29.2 10.7 97.4 21.1 97.2 14.4 101.2 11.4 107.2 19.8 107.1 0.9987
30.3 28.3 20.7 27.6 35.0 39.1 45.1 39.4 39.6 44.1 36.0 49.3 43.8 49.5 0.9986
594.6 44.3 29.6 40.5 600.9 59.5 613.8 60.2 605.3 66.4 601.0 73.9 612.1 74.4 0.9985
974.0 13.8 36.0 46.4 982.0 32.4 996.5 30.4 988.8 40.4 985.5 49.5 996.9 47.8 0.9985
617.1 56.2 35.4 45.6 625.2 75.8 642.2 74.6 633.9 81.7 628.5 91.3 641.6 90.3 0.9982
0.0 139.1 35.1 39.5 5.5 159.6 19.2 152.6 14.3 164.0 15.4 172.9 24.8 167.4 0.9980
226.6 0.0 23.7 25.4 232.2 7.7 242.2 7.9 236.7 13.1 233.4 18.1 241.5 18.2 0.9979
750.6 0.0 28.3 34.4 756.7 11.3 770.3 10.4 762.9 17.0 758.7 25.3 769.2 24.5 0.9978
214.3 28.7 28.3 35.5 220.3 43.2 232.6 42.1 225.7 48.0 222.3 55.5 231.6 54.5 0.9977
275.0 0.0 23.7 30.6 279.8 11.2 291.3 11.4 285.0 18.4 281.2 24.1 290.2 24.0 0.9975
105.5 18.7 26.1 32.1 111.2 32.0 122.8 31.1 116.5 37.7 113.2 44.0 122.0 43.3 0.9969
998.4 49.9 25.0 74.2 1011.1 76.6 1035.3 76.3 1021.4 85.0 1013.9 102.2 1034.5 101.8 0.9963
417.1 55.0 34.7 41.0 423.8 74.6 438.8 71.3 430.9 79.1 428.4 87.9 439.6 85.1 0.9943
246.8 38.1 26.8 33.6 253.3 50.4 263.7 50.3 257.6 55.6 254.8 62.6 262.9 62.5 0.9939
330.4 51.4 30.5 33.6 339.6 64.4 353.7 61.6 349.6 68.2 344.7 77.1 355.1 75.0 0.9801
