35--Basketball/35_Basketball_basketballgame_ball_35_295.jpg
9
483.8 168.9 107.7 145.1 524.5 222.9 572.3 227.6 557.6 243.3 532.4 275.0 570.9 278.7 0.9998
77.3 170.9 71.9 92.4 103.7 204.5 135.8 207.9 122.5 220.2 104.0 237.0 130.7 239.8 0.9996
260.8 282.4 83.4 108.2 290.0 327.7 327.2 325.1 315.3 340.7 295.1 361.5 328.6 359.4 0.9995
568.1 242.8 63.1 82.4 582.5 273.9 612.8 275.9 594.1 284.3 582.2 302.6 605.6 304.4 0.9994
736.3 279.2 76.9 93.4 767.0 310.7 799.5 308.9 790.1 326.7 775.5 349.6 799.5 347.7 0.9993
334.8 265.7 60.9 88.9 354.1 300.0 385.3 299.6 372.5 313.7 357.0 331.2 384.3 330.9 0.9992
0.8 408.4 67.9 88.1 18.7 439.8 51.2 439.4 35.3 455.1 23.1 473.3 47.2 473.2 0.9990
954.3 251.1 67.7 88.4 967.1 290.2 1000.3 287.1 983.2 308.5 974.9 322.8 1000.5 320.2 0.9985
101.8 117.7 51.2 64.7 773.5 184.4 793.4 183.7 786.2 195.4 776.3 206.2 791.3 206.1 0.9814
