35--Basketball/35_Basketball_basketballgame_ball_35_441.jpg
87
592.0 281.3 28.0 22.4 607.4 285.1 607.6 289.2 599.6 286.0 597.2 292.1 596.3 294.9 0.9998
247.1 436.1 18.3 24.1 256.8 444.3 263.4 444.5 263.0 448.2 258.0 453.5 263.0 453.8 0.9995
371.7 452.4 15.5 19.9 377.6 459.6 384.4 459.7 382.1 462.9 378.6 467.0 384.0 467.2 0.9995
303.4 454.9 13.0 15.5 307.3 460.4 313.2 460.0 310.9 462.7 308.5 466.3 313.1 466.0 0.9993
21.8 483.1 15.3 18.2 28.0 488.9 34.5 488.8 32.2 492.8 28.6 496.6 33.7 496.6 0.9992
132.7 469.4 17.6 23.3 141.3 478.6 148.0 478.6 147.0 482.6 142.5 487.3 147.5 487.4 0.9992
327.6 478.6 17.2 22.0 334.0 486.9 341.3 486.6 338.8 491.2 335.4 495.5 340.9 495.2 0.9991
534.8 428.2 13.7 18.6 538.9 435.4 545.3 435.5 542.2 438.9 539.2 442.2 544.5 442.3 0.9990
392.8 457.7 15.7 19.8 398.4 464.9 405.3 464.8 402.5 468.1 399.2 472.4 404.8 472.4 0.9988
567.5 476.7 14.0 18.7 572.7 484.3 578.6 484.0 576.3 487.6 573.5 491.2 578.1 491.0 0.9988
607.1 527.4 14.2 15.8 613.6 532.7 619.0 534.0 616.8 536.2 613.1 538.6 617.1 539.7 0.9988
588.9 474.9 12.9 15.5 592.4 480.7 598.4 480.4 595.8 482.8 593.7 486.7 598.2 486.4 0.9982
580.1 492.0 13.1 17.4 584.4 498.6 590.5 498.8 587.7 502.4 584.7 505.4 589.5 505.7 0.9980
286.0 431.9 13.1 16.1 289.4 438.7 295.4 439.0 292.1 441.9 289.7 444.6 294.4 444.9 0.9979
311.5 441.2 11.5 13.0 314.6 445.3 320.1 445.2 317.5 447.9 315.5 451.0 319.6 450.9 0.9979
485.3 432.0 14.8 19.0 489.3 439.0 495.8 438.9 492.5 442.5 490.1 446.4 495.1 446.3 0.9976
716.0 481.8 10.4 13.8 719.2 487.5 724.1 487.3 721.9 490.0 719.9 492.7 723.7 492.6 0.9976
435.3 258.1 15.1 23.9 444.7 266.6 442.9 265.8 448.8 268.9 449.7 274.8 448.5 274.5 0.9973
6.6 468.1 14.0 16.8 12.1 474.1 18.0 473.2 16.9 476.0 14.1 480.6 18.5 480.0 0.9972
811.5 375.3 17.0 23.0 813.8 384.0 819.4 383.9 814.4 388.1 814.7 392.8 818.9 392.6 0.9972
727.4 491.3 14.5 17.5 729.7 497.8 735.9 497.6 732.2 501.2 730.8 504.8 735.6 504.6 0.9971
875.8 482.5 21.9 26.6 887.3 491.8 895.2 494.8 891.7 498.0 885.3 501.9 890.9 504.4 0.9970
201.6 476.0 13.6 16.3 206.2 482.4 212.2 481.2 210.6 484.4 208.5 488.6 212.9 487.7 0.9968
425.3 463.4 13.2 18.2 429.8 469.4 435.0 469.0 433.2 472.8 431.0 476.7 435.1 476.4 0.9967
616.5 481.0 12.3 14.8 619.7 488.0 624.9 487.0 622.8 490.4 621.6 493.4 625.2 492.6 0.9967
976.3 465.0 12.1 18.2 978.8 471.5 983.6 472.3 980.0 475.5 978.6 478.6 982.4 479.0 0.9965
357.3 495.0 13.9 17.5 363.6 502.1 369.1 502.7 366.8 506.1 363.0 508.7 367.0 509.3 0.9964
86.9 489.6 14.2 18.9 92.6 497.0 98.8 497.3 96.4 500.5 92.6 503.5 98.1 503.8 0.9959
85.0 362.4 18.4 27.6 97.5 372.6 99.9 371.9 103.1 377.2 98.9 383.1 100.6 383.0 0.9959
132.3 426.6 13.1 15.6 136.2 432.5 142.1 432.7 139.2 435.4 136.8 438.5 141.2 438.6 0.9948
997.4 480.8 12.5 15.3 1000.1 486.6 1005.5 485.8 1002.9 488.7 1001.4 492.3 1005.7 491.6 0.9919
184.1 430.9 10.8 14.6 186.3 436.6 191.3 436.1 188.7 439.0 187.2 442.2 191.1 441.9 0.9911
326.2 441.7 10.7 12.9 328.5 446.2 333.1 446.4 330.3 448.9 328.9 451.5 332.5 451.5 0.9890
963.8 493.5 15.6 18.5 966.9 501.5 974.1 500.6 970.6 504.9 968.8 508.7 974.0 508.0 0.9875
226.2 424.4 11.5 14.8 229.8 429.9 235.2 429.7 232.9 433.1 230.7 436.1 234.7 435.9 0.9868
288.9 395.2 10.5 12.8 291.8 399.3 296.8 399.5 294.2 402.1 292.1 404.9 295.8 405.1 0.9860
345.6 441.0 9.6 12.1 347.4 446.0 351.6 445.5 349.3 448.4 348.4 450.7 351.7 450.3 0.9857
4.9 430.4 12.0 15.6 8.2 436.5 14.0 436.5 11.3 439.4 9.1 442.6 13.4 442.6 0.9777
89.3 434.5 11.8 16.1 94.3 439.8 99.1 439.9 97.4 443.2 94.4 446.3 98.2 446.5 0.9765
666.0 367.0 15.4 21.7 671.9 374.0 678.5 375.1 674.9 378.3 671.1 382.5 676.5 383.4 0.9751
558.2 402.0 9.2 11.5 560.1 406.5 563.8 406.4 561.4 408.8 560.7 411.0 563.6 410.9 0.9733
388.4 433.8 9.9 13.3 391.3 438.8 395.8 438.8 393.5 441.5 391.6 444.1 395.1 444.2 0.9716
338.1 411.2 9.7 11.6 340.8 415.1 345.5 414.9 343.4 417.1 341.5 419.8 345.4 419.6 0.9712
365.2 438.3 10.9 14.2 368.3 443.5 373.2 443.7 370.7 446.6 368.6 449.3 372.3 449.4 0.9654
231.9 388.0 9.8 12.1 234.2 391.5 238.6 391.6 236.1 394.0 234.5 396.8 238.0 396.9 0.9590
524.5 381.3 9.3 11.5 526.5 385.8 530.5 385.4 528.5 388.2 527.6 390.5 530.6 390.1 0.9520
300.6 409.6 10.7 14.1 303.6 415.2 308.8 415.2 306.3 418.2 304.2 420.9 308.2 420.9 0.9483
966.2 433.1 9.0 11.3 967.8 437.1 971.9 437.2 969.5 439.5 968.4 441.9 971.3 441.9 0.9281
0.9 450.4 12.4 16.1 4.6 457.0 10.5 456.9 7.8 460.4 5.4 463.3 9.8 463.2 0.9081
981.9 412.0 9.7 12.8 984.0 416.8 988.6 416.2 986.4 419.1 985.1 422.0 988.7 421.6 0.9038
193.1 411.7 10.6 12.7 196.3 415.9 201.2 416.2 198.8 418.4 196.7 421.2 200.4 421.4 0.8975
476.2 393.7 7.6 9.7 477.9 397.5 481.4 397.5 479.6 399.4 478.3 401.3 481.2 401.2 0.8943
508.7 384.5 7.8 9.6 511.2 388.1 514.8 388.2 513.0 390.1 511.4 391.8 514.2 391.9 0.8862
167.3 463.2 13.3 19.2 173.3 469.2 178.2 468.6 177.2 473.0 174.3 477.6 178.3 477.4 0.8799
246.9 362.2 10.3 12.5 250.0 366.0 255.2 366.5 252.6 369.0 250.2 371.5 254.1 371.9 0.8798
267.1 411.5 9.4 11.9 269.6 415.8 273.6 415.8 271.6 418.2 270.1 420.7 273.3 420.6 0.8797
113.5 411.2 10.8 14.2 116.5 416.7 121.5 415.9 119.5 419.3 117.9 422.5 121.8 421.9 0.8744
259.1 381.6 12.3 14.4 262.6 389.4 268.2 389.0 265.6 392.6 264.0 394.6 267.7 394.3 0.8680
312.2 402.9 9.5 11.6 315.4 407.3 319.5 407.0 317.9 409.6 316.3 412.0 319.2 411.9 0.8568
878.6 431.8 9.2 11.0 880.3 436.3 884.5 436.4 881.9 438.7 880.8 440.7 883.8 440.8 0.8546
290.0 366.9 9.7 12.4 292.8 370.6 297.3 370.3 295.3 373.3 293.6 376.2 297.1 376.0 0.8543
997.6 432.3 8.9 11.5 999.5 436.7 1003.5 436.9 1001.2 439.1 999.9 441.3 1002.9 441.4 0.8484
502.8 370.7 8.9 10.8 506.1 374.5 510.3 374.5 508.6 376.8 506.6 379.1 509.7 379.1 0.8448
404.0 482.0 11.3 13.6 408.0 487.4 412.9 487.5 410.7 490.5 408.6 492.9 412.1 493.0 0.8378
928.4 421.7 10.0 11.3 930.3 426.3 934.9 426.2 932.1 428.4 930.8 430.5 934.1 430.5 0.8129
908.6 437.7 8.7 11.4 910.5 442.1 914.8 441.9 912.6 444.5 911.4 446.9 914.5 446.7 0.8042
946.0 408.4 8.9 11.2 947.9 412.4 952.2 412.1 950.1 414.7 948.7 417.0 952.0 416.8 0.7726
354.6 371.5 9.0 10.6 357.2 375.2 361.4 375.3 359.3 377.6 357.5 379.6 360.8 379.6 0.7376
955.7 421.6 8.6 11.1 957.7 425.5 961.8 425.7 959.5 427.9 957.9 430.1 961.0 430.2 0.7361
398.4 437.6 10.3 12.6 401.5 442.5 405.8 442.5 403.7 445.1 401.9 447.7 405.3 447.7 0.7360
206.2 353.1 10.0 13.0 208.6 357.4 213.1 357.3 210.8 359.9 209.1 362.9 212.7 362.8 0.7258
236.5 418.9 9.2 12.7 238.5 423.7 243.0 423.7 240.6 426.3 239.0 428.9 242.4 429.0 0.7216
259.7 396.8 8.7 10.8 261.9 401.0 265.5 400.9 263.6 403.2 262.5 405.3 265.3 405.2 0.7147
325.3 405.0 10.7 12.6 329.0 410.3 333.6 410.6 331.3 413.0 329.0 414.9 332.4 415.3 0.7030
96.0 467.3 13.4 16.8 103.2 474.0 107.2 474.5 106.0 477.6 102.6 480.3 105.6 480.8 0.7008
26.3 412.9 11.6 13.8 29.1 417.9 34.6 417.9 31.7 421.1 29.9 423.9 34.0 423.9 0.6451
907.7 461.9 15.2 19.0 912.4 469.3 918.6 469.0 915.8 473.2 913.6 476.8 918.2 476.5 0.6363
155.9 375.5 9.1 11.3 158.0 379.4 161.9 379.5 159.7 381.8 158.3 384.1 161.4 384.1 0.6341
628.8 478.7 9.8 13.4 632.9 483.7 636.1 483.2 635.5 486.1 633.9 489.1 636.2 488.8 0.6239
538.0 376.1 9.9 11.7 539.8 380.7 544.4 379.9 542.1 382.6 541.1 385.3 544.7 384.7 0.5874
115.4 352.2 11.5 15.0 118.7 357.2 123.9 357.3 121.2 360.2 119.2 363.5 123.2 363.5 0.5787
785.2 469.5 13.6 24.8 794.9 477.2 796.1 476.6 798.1 482.3 794.3 488.0 795.4 487.9 0.5768
386.4 357.9 9.1 11.0 388.9 362.5 392.9 362.4 391.0 364.7 389.4 366.7 392.7 366.7 0.5398
35.0 457.9 9.4 12.8 40.1 462.4 42.5 462.3 42.3 464.8 40.4 467.5 42.2 467.5 0.5357
169.9 422.5 11.6 14.2 174.2 427.6 179.0 427.3 177.3 430.4 175.0 433.4 178.7 433.2 0.5282
180.7 384.7 11.4 13.9 183.8 390.1 189.5 390.1 186.7 393.2 184.5 395.9 188.9 395.9 0.5268
34.5 386.2 10.2 12.5 37.3 389.8 41.6 389.8 39.2 392.1 37.5 395.1 41.1 395.1 0.5175
