35--Basketball/35_Basketball_playingbasketball_35_303.jpg
52
698.0 231.9 11.0 13.6 700.7 236.7 705.7 236.9 702.9 239.4 700.8 241.9 705.0 242.1 0.9996
94.2 162.8 33.2 47.0 104.3 178.9 119.5 178.8 112.3 185.7 106.1 196.7 117.6 196.6 0.9995
228.9 142.1 49.9 80.0 265.8 172.2 271.1 173.9 278.5 188.1 260.8 200.6 265.3 202.8 0.9995
433.5 143.5 35.1 46.7 441.1 163.0 456.9 161.0 448.9 170.7 445.2 180.9 456.6 179.2 0.9995
477.2 136.5 37.8 47.2 486.9 154.7 504.2 154.4 494.8 160.9 488.5 171.6 501.6 171.5 0.9994
519.0 242.5 51.5 62.8 528.3 266.5 553.1 266.1 539.0 284.2 533.1 291.5 551.8 291.1 0.9994
908.7 205.7 23.7 29.5 913.6 216.9 924.1 216.2 918.4 222.3 915.5 227.9 923.8 227.3 0.9992
340.7 262.0 11.1 14.3 344.2 267.2 349.2 267.5 346.8 269.8 344.3 272.3 348.5 272.5 0.9992
680.4 274.5 11.7 14.8 682.9 279.9 688.5 279.6 685.6 282.7 683.8 285.8 688.5 285.5 0.9989
733.3 265.6 12.8 15.4 736.5 271.2 742.5 271.4 739.3 274.5 737.1 277.4 741.5 277.5 0.9989
773.4 232.1 10.3 13.1 775.8 237.1 780.9 236.9 778.3 239.6 776.5 242.4 780.7 242.2 0.9986
775.8 294.6 11.6 15.7 780.2 300.7 785.1 300.3 783.5 303.2 781.0 306.2 785.1 306.0 0.9985
729.5 296.7 11.1 14.8 732.5 302.1 738.0 302.1 735.4 305.0 733.3 308.1 737.5 308.0 0.9983
280.4 258.9 12.4 16.3 283.1 264.8 288.7 264.8 285.6 267.7 283.7 271.1 288.1 271.1 0.9982
736.6 222.8 11.5 14.7 739.2 228.1 744.5 228.2 741.7 230.8 739.8 233.8 744.0 233.8 0.9981
10.4 269.0 11.6 15.2 13.5 275.1 18.7 275.2 16.0 278.0 13.9 280.5 18.2 280.6 0.9981
384.4 256.2 11.3 15.4 389.7 261.6 394.0 261.5 393.0 264.5 390.2 267.7 393.7 267.7 0.9980
995.8 241.8 11.1 15.2 998.5 248.2 1003.7 248.2 1001.0 251.1 999.1 253.7 1003.3 253.6 0.9980
314.7 262.8 12.1 15.4 317.7 269.0 323.4 268.6 320.9 271.8 318.7 274.9 323.4 274.6 0.9978
837.6 245.3 10.9 13.7 840.0 250.2 844.9 250.5 842.1 253.4 840.4 255.8 844.2 256.0 0.9977
677.0 313.6 15.1 16.2 680.0 322.8 683.7 322.2 681.7 326.2 684.0 327.7 686.0 327.1 0.9975
836.9 224.8 10.8 14.4 840.2 230.3 845.4 230.6 842.9 233.3 840.5 236.0 844.5 236.2 0.9975
782.5 269.2 12.1 15.6 786.0 276.5 791.8 276.1 789.3 279.5 787.1 282.2 791.2 281.9 0.9969
855.7 291.1 12.4 17.1 860.4 297.6 866.1 297.7 864.0 301.2 861.0 304.5 865.1 304.7 0.9969
741.2 245.9 11.0 13.7 743.6 250.7 748.4 251.1 745.2 253.7 743.6 256.4 747.4 256.6 0.9965
975.3 265.3 12.6 15.9 978.6 271.4 984.5 271.5 981.5 274.5 979.3 277.5 983.9 277.6 0.9964
760.8 190.6 9.9 12.8 763.0 195.4 767.4 195.5 764.9 197.9 763.2 200.3 767.0 200.4 0.9958
876.2 224.6 11.6 14.5 879.3 230.0 884.8 230.0 882.0 232.9 880.0 235.9 884.0 235.9 0.9955
822.9 286.6 10.9 16.0 828.7 292.3 832.4 292.2 832.2 295.3 829.5 298.8 832.1 298.8 0.9952
718.8 182.8 11.9 15.0 722.3 188.5 727.5 188.4 724.8 191.2 722.8 194.0 727.0 194.0 0.9949
744.9 208.8 10.6 14.2 747.7 214.0 752.8 214.0 750.3 216.8 748.3 219.6 752.2 219.7 0.9949
1008.2 292.4 11.9 16.7 1010.7 299.4 1016.4 299.6 1013.2 303.0 1011.3 305.8 1015.7 305.9 0.9942
970.2 176.4 12.0 15.9 972.9 182.6 978.5 182.5 975.6 185.8 973.9 188.9 978.0 188.8 0.9939
786.9 204.7 10.9 14.2 789.7 210.3 795.0 210.2 792.4 213.2 790.5 216.0 794.5 215.8 0.9939
628.7 303.4 13.1 17.4 632.6 309.6 638.8 309.4 636.1 313.0 633.5 316.6 638.4 316.5 0.9938
835.2 205.2 11.2 14.0 838.9 210.2 844.3 210.5 842.0 212.8 839.5 215.8 843.4 216.0 0.9938
963.1 220.7 13.0 17.0 965.8 227.3 971.9 226.8 968.8 230.8 967.1 234.2 971.6 233.8 0.9931
798.8 234.5 10.6 13.3 801.4 239.8 806.0 239.6 803.7 242.2 802.1 244.8 805.8 244.6 0.9930
385.1 214.7 11.1 14.1 387.6 220.0 393.0 219.5 390.5 222.4 388.8 225.5 392.9 225.1 0.9924
885.8 184.9 10.3 13.8 887.6 190.0 891.8 190.2 888.8 192.9 887.9 195.6 891.0 195.7 0.9919
877.7 202.1 10.4 14.2 879.7 207.4 885.0 207.4 882.1 210.3 880.4 213.3 884.2 213.2 0.9912
1012.8 183.1 10.3 14.0 1014.8 188.6 1019.7 188.6 1017.0 191.3 1015.5 194.1 1019.2 194.1 0.9884
756.0 168.4 10.0 13.6 758.6 174.1 763.3 174.2 760.9 176.7 759.0 179.1 762.8 179.1 0.9852
681.1 193.1 10.1 13.3 683.5 198.7 688.5 198.4 686.1 201.3 684.4 203.9 688.1 203.7 0.9851
302.3 204.6 10.9 14.2 304.9 210.6 310.0 210.6 307.3 213.4 305.3 215.9 309.5 215.9 0.9828
929.9 183.4 10.9 14.9 933.3 188.4 938.6 188.7 936.2 191.4 933.7 194.6 937.9 194.8 0.9730
863.1 168.0 10.9 15.5 865.9 174.6 871.1 174.7 868.3 177.9 866.4 180.7 870.2 180.8 0.9589
358.8 268.4 10.3 13.2 362.2 273.4 367.2 274.0 364.6 276.1 362.3 278.6 365.9 279.1 0.9570
792.7 170.4 10.1 13.2 794.1 175.4 798.0 175.4 795.0 178.2 794.6 180.7 797.5 180.6 0.9551
827.5 168.7 10.1 14.1 830.4 173.9 835.2 173.9 833.0 176.9 831.0 179.6 834.7 179.6 0.9438
611.7 224.2 10.9 14.3 613.9 229.5 618.3 229.4 615.5 232.4 614.6 235.5 618.0 235.4 0.9014
34.4 271.9 10.8 14.8 37.1 278.3 41.7 278.0 39.1 281.2 37.9 284.0 41.2 283.8 0.8874
