35--Basketball/35_Basketball_Basketball_35_375.jpg
15
858.7 102.8 51.5 68.6 870.6 130.3 894.0 129.4 881.5 144.4 871.7 151.1 895.0 150.5 0.9998
90.7 142.6 43.8 58.3 103.1 168.3 123.4 165.6 115.1 177.1 106.1 185.4 124.8 183.2 0.9998
186.2 112.6 45.5 61.8 195.4 138.2 215.3 135.5 204.6 147.9 198.9 157.1 218.8 154.7 0.9998
745.2 118.1 46.7 63.5 755.4 143.4 777.3 143.4 764.9 157.7 756.7 163.6 777.7 163.6 0.9998
290.3 86.1 39.1 50.8 302.3 106.9 319.9 106.8 311.9 114.5 303.7 123.3 319.4 123.0 0.9997
382.6 135.6 43.5 59.8 395.6 158.1 416.0 158.3 407.0 169.1 395.8 177.3 415.4 177.4 0.9997
499.1 122.0 46.2 60.0 510.9 145.2 532.6 143.9 522.1 155.7 513.2 165.5 533.5 164.3 0.9997
268.3 138.8 45.8 55.8 278.2 161.0 300.0 158.9 289.4 173.0 281.5 180.2 301.5 178.4 0.9996
625.8 156.6 43.6 61.2 635.0 178.3 656.0 177.6 644.2 189.1 636.5 199.3 656.0 198.6 0.9996
687.6 98.5 37.0 44.9 696.5 114.3 714.0 116.1 703.5 122.0 695.7 129.3 711.3 130.8 0.9996
621.6 85.4 42.5 52.1 631.9 107.6 651.8 106.0 642.0 115.7 634.5 124.3 651.8 122.8 0.9995
502.5 65.6 38.7 49.4 512.6 85.5 531.4 83.1 523.6 92.0 517.5 103.9 531.5 102.0 0.9994
589.7 47.3 36.3 49.5 598.7 67.6 616.2 65.8 608.6 74.9 602.4 85.0 617.0 83.3 0.9994
389.3 83.9 38.8 50.4 401.3 106.0 419.8 104.2 413.0 115.0 405.8 124.7 419.7 123.0 0.9993
425.7 94.7 32.5 46.2 435.7 112.2 451.6 112.9 444.2 120.9 436.2 128.7 449.5 129.2 0.9990
