35--Basketball/35_Basketball_basketballgame_ball_35_526.jpg
296
67.5 469.2 11.5 14.0 70.9 474.4 76.0 474.5 73.4 476.9 71.1 479.3 75.4 479.5 0.9998
46.9 408.7 10.5 13.2 50.3 413.2 55.1 413.7 52.7 415.7 50.3 418.1 54.3 418.5 0.9998
792.5 502.5 11.4 15.4 794.5 508.2 799.2 508.6 796.0 511.1 794.6 513.8 798.6 514.0 0.9997
163.5 446.2 11.0 14.6 166.6 451.8 171.6 451.9 169.1 454.3 166.8 456.8 171.1 456.9 0.9997
179.6 406.1 10.4 12.6 182.3 410.6 187.4 410.7 185.0 413.1 182.7 415.5 186.9 415.6 0.9997
46.2 491.7 15.9 19.5 55.5 498.6 60.1 497.4 61.0 501.4 57.4 505.9 61.0 505.2 0.9996
966.2 606.6 13.9 18.6 967.3 614.1 971.9 613.9 967.9 617.7 968.5 621.5 972.0 621.0 0.9996
94.7 417.5 11.3 14.1 97.5 422.7 102.6 422.8 99.9 425.2 97.8 427.8 102.2 427.8 0.9996
836.6 492.1 11.5 15.4 838.3 497.6 842.5 498.0 838.9 500.7 838.3 503.5 841.6 503.8 0.9996
72.6 452.2 10.1 12.3 74.9 456.6 79.7 456.5 77.3 458.8 75.5 461.3 79.4 461.2 0.9996
171.5 495.7 11.3 13.8 174.4 500.7 179.5 500.5 177.1 503.1 175.0 505.8 179.3 505.7 0.9995
778.0 337.9 9.0 12.4 780.3 342.8 784.2 342.7 782.2 344.8 780.7 347.0 784.1 346.9 0.9995
658.1 440.5 12.1 15.4 660.6 446.1 666.3 446.2 663.0 449.0 660.9 451.8 665.7 451.9 0.9995
3.3 438.2 11.7 14.1 7.5 443.7 12.6 443.8 10.5 446.2 7.8 448.8 11.9 448.9 0.9995
149.1 405.6 10.6 13.9 152.0 410.9 157.0 411.0 154.5 413.5 152.1 415.9 156.4 416.1 0.9995
118.4 452.3 9.5 12.2 120.6 457.0 125.0 456.9 122.7 459.2 121.0 461.4 124.8 461.4 0.9995
878.5 461.7 11.3 15.3 881.1 467.6 885.6 467.7 882.8 470.4 881.5 473.3 885.3 473.3 0.9995
93.2 455.9 11.2 14.1 96.0 461.4 101.2 461.0 98.9 463.7 97.0 466.5 101.3 466.2 0.9995
104.2 513.1 13.2 16.5 108.1 519.0 114.4 519.1 111.6 521.8 109.1 525.5 113.9 525.5 0.9995
956.7 469.3 10.5 13.5 958.4 474.3 962.6 474.6 959.6 476.9 958.6 479.4 962.0 479.5 0.9995
161.4 425.0 11.5 15.2 164.4 430.6 169.7 430.7 166.9 433.3 164.5 435.9 169.1 436.1 0.9994
887.1 448.4 10.8 14.1 889.2 453.9 894.0 453.7 891.2 456.5 889.9 459.3 893.7 459.1 0.9994
864.8 433.4 11.0 14.2 867.0 439.3 872.1 439.0 869.5 441.9 867.9 444.5 872.1 444.2 0.9994
849.8 522.1 13.7 16.7 852.8 528.0 858.7 528.6 854.9 531.2 853.1 534.3 857.6 534.8 0.9994
776.8 461.5 12.4 14.4 779.3 466.1 784.7 466.4 781.3 469.0 779.5 471.9 784.1 472.0 0.9994
789.2 437.3 10.8 13.6 791.4 442.4 796.4 442.5 793.5 444.7 791.7 447.5 795.8 447.5 0.9994
962.6 411.6 10.2 12.9 964.6 416.3 969.3 416.6 966.4 419.0 964.8 421.4 968.4 421.6 0.9994
930.8 527.2 12.6 15.8 932.7 533.3 938.1 533.2 934.4 535.5 933.3 539.1 937.3 539.0 0.9994
927.1 470.1 11.2 14.0 929.7 475.3 934.9 475.2 932.3 477.8 930.3 480.5 934.7 480.4 0.9994
918.1 519.2 11.7 13.9 920.7 524.1 925.8 524.3 922.8 526.7 921.0 529.3 925.2 529.3 0.9993
7.2 477.0 12.5 15.4 10.6 482.1 16.1 482.2 13.2 485.1 10.7 488.1 15.5 488.1 0.9993
866.2 483.7 12.1 14.6 869.6 488.8 875.1 489.1 872.2 491.6 869.8 494.3 874.4 494.4 0.9993
665.1 411.0 10.5 14.2 667.3 417.0 672.0 416.9 669.4 419.6 668.0 422.1 671.8 421.9 0.9993
972.5 455.5 9.9 13.8 973.9 461.1 978.1 461.3 975.3 463.8 974.3 466.3 977.6 466.4 0.9993
852.1 463.1 12.3 15.1 854.0 468.7 859.7 468.7 855.9 471.0 854.4 474.4 858.6 474.4 0.9993
652.8 477.9 10.5 13.3 654.8 482.3 659.7 482.3 656.8 484.7 655.3 487.8 659.0 487.7 0.9993
813.6 477.9 12.2 15.5 815.6 484.2 820.7 484.4 817.2 487.3 816.0 489.9 820.0 490.0 0.9992
981.9 426.4 10.2 13.8 983.7 431.3 987.9 431.4 985.1 434.0 984.0 436.7 987.4 436.7 0.9992
640.8 491.4 12.0 16.1 643.7 497.9 649.2 497.9 646.2 500.8 644.2 503.7 648.8 503.7 0.9992
792.8 631.9 13.3 15.5 795.2 637.6 801.0 638.2 796.8 640.4 795.2 643.3 799.6 643.7 0.9992
611.5 447.4 13.1 16.9 614.7 453.6 620.4 454.3 616.9 456.8 614.4 459.7 619.3 460.2 0.9992
652.0 463.3 12.0 14.8 655.9 468.9 661.1 469.1 658.6 471.7 656.0 474.3 660.3 474.5 0.9992
28.5 413.5 10.5 13.5 31.6 418.9 36.3 419.1 33.8 421.5 31.7 423.7 35.6 423.9 0.9992
85.8 357.2 10.1 12.8 88.6 362.0 93.2 362.1 90.8 364.3 88.8 366.5 92.7 366.6 0.9992
825.8 409.0 11.5 13.0 828.5 412.9 833.9 413.2 830.7 415.1 828.8 418.2 833.0 418.4 0.9992
630.0 426.2 9.9 13.1 632.6 431.1 637.1 430.9 634.8 433.6 633.1 436.1 636.8 435.9 0.9992
967.6 519.1 11.5 13.8 969.9 524.0 974.6 524.1 971.6 526.4 970.2 529.0 974.1 529.0 0.9992
117.5 475.9 10.2 13.5 119.8 481.1 124.3 481.1 121.9 483.4 120.3 485.9 124.1 485.8 0.9992
872.0 532.6 11.7 15.9 873.4 538.3 878.0 538.5 874.5 541.6 873.8 544.6 877.5 544.6 0.9991
784.9 392.9 11.7 15.7 787.1 398.7 792.5 398.9 789.2 401.6 787.5 404.8 791.7 404.9 0.9991
753.8 510.5 11.3 13.3 756.9 514.6 762.0 515.2 759.1 516.7 757.0 519.8 760.9 520.2 0.9991
128.3 499.5 11.8 13.8 132.2 504.3 137.2 504.8 134.6 506.8 132.1 509.4 136.2 509.8 0.9991
673.9 381.9 11.0 13.3 676.2 387.0 681.3 386.9 678.4 389.4 676.7 392.0 680.8 391.9 0.9991
403.9 391.8 9.2 12.0 406.2 396.6 410.4 396.5 408.3 398.7 406.7 400.9 410.3 400.8 0.9991
20.6 459.2 10.7 12.7 23.9 464.6 28.8 463.9 27.1 466.4 25.2 469.1 29.0 468.5 0.9990
45.2 443.5 10.8 12.7 48.6 448.0 53.7 448.0 51.4 450.4 49.0 452.9 53.2 452.9 0.9990
955.2 493.5 10.9 13.7 957.9 498.5 962.9 498.8 960.1 501.0 957.9 503.4 962.1 503.6 0.9990
47.5 462.9 10.7 12.8 49.5 467.8 54.3 467.5 51.7 470.3 50.5 472.8 54.4 472.6 0.9990
768.1 481.7 11.4 13.3 770.3 486.0 775.3 485.9 772.1 488.4 770.6 491.6 774.5 491.5 0.9990
140.5 459.3 11.1 13.5 144.0 464.5 149.1 464.1 147.2 466.5 145.0 469.3 149.2 469.0 0.9990
77.9 376.9 9.5 11.9 80.5 381.7 84.8 381.5 82.7 383.7 81.1 386.0 84.6 385.8 0.9990
611.9 513.5 12.9 16.3 615.4 519.6 621.5 520.1 618.0 522.9 615.3 525.8 620.3 526.2 0.9989
688.6 358.6 10.2 12.3 690.7 362.8 695.7 362.8 692.9 365.4 691.4 367.9 695.2 367.8 0.9989
729.5 477.9 10.8 13.3 731.4 482.4 736.6 482.4 733.3 484.6 731.8 487.7 735.8 487.6 0.9989
91.2 333.4 10.1 12.4 93.3 338.0 98.0 337.8 95.4 340.4 94.1 342.9 97.9 342.7 0.9988
618.1 475.1 11.6 13.2 620.2 479.1 625.1 479.3 621.5 480.8 620.1 484.2 623.9 484.3 0.9988
726.8 402.5 10.2 13.5 729.0 408.1 733.8 408.1 731.1 410.7 729.4 413.0 733.3 413.0 0.9987
651.4 369.2 8.4 11.3 653.3 373.5 657.2 373.8 654.9 375.7 653.4 377.7 656.6 377.8 0.9987
927.0 500.0 11.3 13.0 929.1 504.6 934.0 504.7 930.7 506.4 929.4 509.4 933.1 509.5 0.9987
136.8 515.3 11.8 14.7 139.8 520.6 145.2 520.9 142.2 523.2 140.0 526.1 144.2 526.4 0.9987
802.1 543.5 16.0 20.1 804.5 550.3 809.1 551.0 803.5 553.6 803.4 558.0 806.6 558.4 0.9987
768.8 546.8 15.0 18.1 772.5 553.5 779.1 553.6 775.5 556.8 773.0 560.3 778.5 560.3 0.9986
104.6 363.5 9.4 11.9 107.4 368.0 111.7 368.2 109.5 370.3 107.4 372.3 111.0 372.5 0.9986
859.2 555.8 12.7 15.3 861.1 561.1 866.6 561.0 863.0 564.1 861.9 567.3 866.4 567.1 0.9986
61.4 410.5 9.3 10.8 64.0 414.2 68.5 414.2 66.4 416.3 64.4 418.5 68.2 418.5 0.9985
548.8 355.7 8.6 11.4 551.0 360.4 554.8 360.3 552.9 362.3 551.4 364.3 554.6 364.2 0.9985
771.4 362.9 8.6 11.2 773.6 367.1 777.8 367.2 775.7 369.3 773.9 371.5 777.4 371.6 0.9985
796.1 425.1 9.6 12.1 798.2 429.7 802.2 429.8 799.7 431.9 798.3 434.1 801.7 434.2 0.9985
632.0 530.6 13.2 16.7 634.3 536.9 639.4 536.7 636.1 539.9 635.1 543.2 639.2 542.9 0.9985
43.2 388.5 9.7 12.9 45.8 393.4 50.4 393.6 47.8 395.9 45.9 398.3 49.8 398.4 0.9985
937.8 605.8 12.9 15.6 940.2 610.1 945.9 611.4 941.6 614.2 939.8 617.2 944.1 618.0 0.9985
842.4 364.6 8.9 11.0 844.1 368.8 848.1 368.7 845.9 370.9 844.6 373.0 847.9 372.9 0.9985
394.6 358.9 8.6 10.6 396.7 362.4 400.8 362.4 398.7 364.5 397.0 366.7 400.5 366.7 0.9984
937.9 448.6 9.9 12.0 940.0 452.7 944.7 453.3 941.6 455.2 939.9 457.4 943.5 457.8 0.9984
808.6 354.6 8.7 10.4 810.4 358.1 814.5 358.1 812.3 360.2 810.9 362.4 814.3 362.3 0.9983
1011.5 463.7 10.2 12.5 1013.5 468.4 1017.9 468.2 1015.4 470.5 1014.2 473.1 1017.7 472.9 0.9983
553.9 371.0 9.1 11.7 555.8 375.6 559.9 375.3 557.7 377.7 556.5 380.1 559.9 379.8 0.9983
749.0 439.8 10.6 12.8 750.7 444.5 755.7 443.9 753.0 446.4 751.6 449.4 755.7 448.9 0.9983
765.7 388.9 9.0 11.9 767.4 393.7 771.4 393.5 769.1 396.0 768.0 398.4 771.3 398.2 0.9983
942.6 440.2 8.8 11.1 945.1 444.6 949.0 444.4 947.2 446.5 945.7 448.5 948.9 448.4 0.9983
879.3 637.0 13.1 15.8 882.1 642.4 887.3 643.3 883.0 644.9 881.6 648.2 885.6 648.8 0.9983
597.2 357.7 8.8 10.8 598.8 361.4 602.6 361.6 600.1 363.6 599.0 365.7 602.1 365.8 0.9983
30.3 303.5 9.4 12.3 32.4 308.7 36.6 308.7 34.3 311.0 32.8 313.3 36.3 313.2 0.9983
797.3 534.8 12.5 18.1 799.4 541.6 805.1 541.7 801.3 544.4 799.7 548.3 804.1 548.3 0.9982
732.4 360.0 10.2 13.5 734.2 365.2 739.0 365.5 735.9 368.0 734.3 370.4 738.1 370.6 0.9982
1009.6 510.9 12.6 14.0 1011.9 515.9 1017.1 515.3 1014.1 518.2 1013.0 521.6 1016.9 521.1 0.9982
733.7 464.3 11.4 12.5 736.4 468.5 741.9 468.3 739.1 470.6 737.1 473.7 741.3 473.5 0.9982
69.7 425.3 9.9 11.2 71.8 429.0 76.4 428.8 74.0 431.2 72.4 433.6 76.2 433.4 0.9982
207.3 473.5 10.3 13.8 209.6 478.7 214.4 478.8 211.7 481.3 209.9 483.7 213.9 483.7 0.9982
637.8 631.5 12.6 15.2 640.3 635.8 646.2 636.6 642.0 638.6 640.0 642.0 644.5 642.7 0.9981
263.8 412.1 10.8 12.6 266.7 416.4 271.7 416.7 269.0 418.8 266.9 421.4 270.7 421.6 0.9981
914.4 385.1 9.2 12.0 916.3 390.0 920.1 390.1 917.7 392.3 916.7 394.4 919.8 394.4 0.9981
482.9 369.6 10.4 12.5 485.2 374.2 490.3 374.1 487.6 376.7 485.8 379.2 489.8 379.1 0.9981
908.9 435.3 9.3 11.3 910.8 439.1 915.0 439.5 912.3 441.4 910.7 443.7 914.1 444.0 0.9981
903.7 342.9 8.9 11.8 905.3 347.4 909.3 347.3 907.1 349.6 906.0 351.9 909.2 351.7 0.9980
258.2 363.8 10.5 12.7 261.4 369.0 265.9 369.3 263.5 371.5 261.4 373.5 265.1 373.7 0.9980
388.2 325.0 9.1 11.0 390.2 329.1 394.3 328.9 392.2 331.1 390.8 333.3 394.2 333.1 0.9980
354.8 312.4 8.9 11.9 356.7 316.8 360.9 316.7 358.7 318.9 357.1 321.2 360.7 321.2 0.9980
32.8 362.4 9.9 12.6 34.9 367.3 39.1 367.1 36.8 369.6 35.5 371.9 39.0 371.8 0.9980
662.7 626.6 13.6 18.0 665.3 632.9 671.6 633.2 667.3 635.3 665.3 639.5 670.2 639.8 0.9979
887.8 605.7 11.6 13.8 890.1 609.2 894.8 610.2 890.9 612.4 889.6 615.3 893.1 616.1 0.9978
24.2 334.4 9.1 11.6 26.4 338.8 30.8 338.9 28.5 341.2 26.6 343.3 30.1 343.5 0.9978
25.9 400.6 9.0 11.2 27.9 404.9 32.2 404.9 29.9 407.0 28.3 409.0 31.8 409.0 0.9978
803.5 515.4 12.2 14.9 805.9 520.8 811.0 521.2 807.6 524.0 806.1 526.6 810.1 526.8 0.9977
603.4 389.9 8.6 11.1 605.4 394.1 609.2 394.5 606.8 396.3 605.3 398.2 608.4 398.4 0.9977
916.9 640.5 12.8 17.9 918.7 647.2 924.6 647.6 920.4 650.5 919.0 654.1 923.4 654.3 0.9977
595.3 445.9 11.3 14.7 598.4 451.6 603.4 451.7 600.7 454.1 598.7 456.7 602.9 456.8 0.9976
453.5 326.9 9.5 12.8 456.2 331.8 460.7 332.1 458.4 334.4 456.2 336.7 459.9 336.9 0.9976
217.6 445.6 11.5 14.5 221.6 451.0 226.8 451.2 224.4 453.9 221.8 456.5 226.0 456.7 0.9976
867.4 402.8 9.9 11.3 868.8 406.6 872.6 406.8 869.7 409.0 869.1 411.5 872.0 411.5 0.9976
934.5 358.2 9.6 12.3 937.1 363.0 941.3 362.8 939.4 365.4 937.8 367.9 941.2 367.8 0.9975
645.6 532.0 11.8 15.8 647.9 537.2 653.4 537.5 650.0 540.2 648.0 543.5 652.5 543.7 0.9975
284.9 335.9 11.0 12.9 287.4 340.6 292.7 340.7 289.7 343.0 287.9 345.7 291.9 345.8 0.9975
600.3 322.5 8.9 11.8 602.0 327.8 606.2 327.5 604.1 330.0 602.9 332.1 606.2 331.8 0.9974
908.7 412.1 10.1 12.3 910.8 416.6 915.4 416.5 913.0 419.0 911.3 421.4 915.1 421.3 0.9974
740.3 426.0 10.3 13.6 742.5 431.3 747.1 431.5 744.4 433.8 742.8 436.3 746.5 436.4 0.9973
714.7 381.4 9.4 12.1 717.2 386.6 721.5 386.9 719.1 389.0 717.1 391.0 720.8 391.2 0.9973
895.8 508.9 11.7 14.4 898.3 514.1 903.5 514.4 900.3 517.0 898.4 519.8 902.6 520.0 0.9973
937.0 401.0 9.4 11.4 939.1 404.8 943.4 404.8 941.0 407.0 939.5 409.2 943.2 409.2 0.9972
6.4 510.8 12.3 14.3 9.7 516.3 15.0 515.9 12.4 518.1 10.6 521.4 14.6 521.2 0.9971
249.0 425.5 11.6 15.9 251.3 431.7 256.4 431.8 253.4 434.8 251.9 437.8 255.7 437.8 0.9971
124.7 438.4 9.8 12.1 127.3 442.6 131.9 443.0 129.4 445.1 127.1 447.2 131.0 447.5 0.9971
811.1 332.8 9.1 12.1 813.0 337.9 817.0 337.7 814.7 340.0 813.5 342.2 816.8 342.0 0.9970
93.6 302.9 8.7 11.3 96.1 307.0 100.2 307.1 98.2 309.2 96.4 311.3 99.8 311.4 0.9970
746.1 630.7 12.9 17.2 748.9 636.4 753.4 637.4 749.2 639.7 748.1 643.2 751.5 643.8 0.9969
829.7 387.1 9.9 13.5 -0.3 381.8 3.7 382.1 1.4 384.2 -0.2 386.8 3.0 386.9 0.9968
811.6 530.0 11.7 14.0 831.9 392.4 836.3 392.5 833.7 395.1 832.2 397.5 835.8 397.5 0.9968
40.5 325.0 7.7 10.3 813.9 535.5 818.9 535.9 815.7 538.2 814.2 540.7 817.8 541.0 0.9966
922.8 418.6 8.8 11.3 42.4 329.2 46.0 329.2 44.2 331.1 42.8 333.0 45.7 332.9 0.9965
568.7 332.5 9.3 12.7 924.4 423.3 928.1 423.4 925.7 425.6 924.8 427.6 927.7 427.6 0.9965
710.7 444.9 10.9 13.2 570.7 337.1 575.0 337.1 572.7 339.6 571.3 342.2 574.6 342.1 0.9964
237.9 514.3 16.7 23.2 713.2 449.5 718.4 449.9 715.3 451.9 713.3 454.6 717.3 454.9 0.9964
651.9 507.6 12.0 13.2 245.9 523.6 251.5 522.1 252.0 526.8 248.9 532.5 252.8 531.4 0.9963
87.2 504.3 9.2 12.0 653.5 512.0 658.1 511.7 654.6 514.0 654.0 517.2 657.4 516.9 0.9963
54.9 339.6 10.0 11.8 89.9 508.6 94.0 508.8 91.9 510.8 90.0 513.0 93.5 513.1 0.9961
909.6 485.0 11.4 12.8 57.6 343.3 62.6 343.4 60.1 345.9 58.0 348.3 61.8 348.5 0.9961
698.2 307.9 8.3 10.6 912.1 488.8 917.1 489.2 914.1 491.6 912.2 494.1 916.4 494.3 0.9960
871.7 365.5 7.9 10.4 700.2 312.3 703.9 312.3 701.9 314.3 700.6 316.2 703.6 316.2 0.9959
126.6 402.8 10.3 11.7 873.1 369.3 876.4 369.2 874.4 371.3 873.6 373.4 876.3 373.3 0.9958
698.6 416.5 9.9 12.0 128.9 406.6 133.6 406.5 131.0 408.9 129.4 411.5 133.2 411.4 0.9958
592.7 507.8 12.6 14.6 700.6 420.1 705.4 419.9 702.8 422.5 701.2 425.2 705.0 425.1 0.9958
1009.1 393.6 10.2 12.9 595.6 513.3 601.3 513.6 597.7 515.9 595.7 518.9 599.9 519.2 0.9956
184.5 394.7 9.8 13.4 1010.9 398.1 1014.8 398.6 1011.4 400.5 1010.5 403.1 1013.5 403.4 0.9955
978.7 358.3 8.5 11.3 187.6 400.3 191.9 400.4 189.8 403.0 187.8 405.2 191.2 405.3 0.9955
427.2 340.8 9.0 10.6 980.4 362.7 984.0 362.8 981.7 364.8 980.6 366.9 983.5 367.0 0.9954
635.6 369.4 9.7 12.0 429.5 344.2 434.0 344.4 431.6 346.6 429.7 348.7 433.3 348.9 0.9954
33.3 475.2 10.2 12.9 638.2 374.0 642.7 374.0 640.4 376.4 638.6 378.7 642.2 378.7 0.9954
971.7 352.6 8.0 10.9 36.6 480.4 41.4 480.3 39.3 482.8 37.3 485.4 41.0 485.3 0.9951
423.6 360.4 8.4 10.5 974.0 356.6 977.8 356.8 975.8 358.8 974.1 360.8 977.1 360.9 0.9951
995.6 393.7 9.1 12.4 425.8 364.3 429.7 364.4 427.5 366.3 425.9 368.3 429.1 368.4 0.9949
825.5 312.9 8.6 11.1 997.7 398.5 1002.0 398.6 999.6 401.0 998.0 403.2 1001.5 403.3 0.9949
756.2 408.6 11.1 13.7 827.3 317.2 831.3 317.0 829.2 319.3 828.0 321.4 831.3 321.2 0.9947
660.7 327.0 8.3 10.9 758.6 413.8 763.6 413.8 760.7 416.3 759.2 419.0 763.1 419.0 0.9946
641.1 390.9 11.1 14.6 662.6 331.0 666.4 331.3 664.1 333.4 662.7 335.4 665.8 335.5 0.9944
435.7 396.2 9.1 11.4 644.2 396.8 649.4 397.1 646.7 399.6 644.3 402.1 648.5 402.3 0.9942
9.3 345.4 8.7 10.7 437.6 400.9 441.6 400.8 439.3 403.1 438.1 405.1 441.3 405.0 0.9941
376.0 397.5 8.3 10.6 11.9 349.3 15.9 349.1 14.2 351.3 12.5 353.5 15.8 353.3 0.9940
644.9 282.7 8.4 11.2 377.8 401.3 382.0 401.3 379.9 403.5 378.1 405.6 381.6 405.6 0.9939
458.1 380.9 9.2 10.8 647.2 287.1 651.3 287.2 649.2 289.3 647.5 291.4 650.8 291.5 0.9937
572.9 494.9 15.9 21.0 460.4 384.8 464.4 385.0 462.1 387.0 460.5 388.9 463.9 389.0 0.9937
387.1 286.1 8.8 11.3 576.1 502.2 582.8 502.9 578.0 506.3 576.0 510.5 580.9 511.0 0.9934
378.1 307.1 8.7 11.4 389.0 290.5 393.0 290.3 391.0 292.6 389.7 294.8 392.9 294.6 0.9928
929.7 325.6 8.0 10.3 380.4 311.6 384.3 311.6 382.3 313.7 380.8 315.8 383.9 315.8 0.9927
632.9 309.0 8.8 10.9 931.6 329.2 935.4 329.2 933.3 331.1 931.9 333.2 935.1 333.2 0.9927
23.5 370.4 9.1 10.5 634.7 312.9 638.7 312.9 636.5 315.1 635.1 317.3 638.4 317.3 0.9926
55.0 369.5 8.9 10.8 27.3 373.7 31.1 373.7 29.8 376.0 27.6 378.2 30.5 378.3 0.9926
760.0 325.9 8.9 11.5 57.3 373.5 61.4 373.5 59.4 375.5 57.6 377.7 61.1 377.7 0.9925
668.2 315.0 8.9 10.7 761.9 330.2 765.9 330.3 763.5 332.5 762.1 334.7 765.3 334.7 0.9923
119.2 384.9 9.7 12.2 670.6 318.7 674.6 318.8 672.6 320.8 670.9 322.9 674.2 322.9 0.9920
483.7 311.7 8.5 10.6 121.8 389.1 126.3 389.6 123.8 391.7 121.8 394.0 125.2 394.4 0.9919
804.0 371.5 8.4 11.0 485.8 315.9 489.5 315.9 487.6 317.9 486.2 319.9 489.2 319.8 0.9917
1003.8 317.0 8.8 11.6 805.7 375.7 809.3 375.6 807.2 377.8 806.3 380.1 809.1 380.0 0.9916
387.1 530.1 13.1 15.0 1005.6 321.4 1009.7 321.3 1007.5 323.6 1006.2 325.9 1009.6 325.7 0.9916
779.6 368.9 9.6 12.6 391.2 534.6 397.2 535.2 394.1 538.1 391.3 540.8 396.3 541.2 0.9914
713.6 335.0 8.5 10.8 781.8 373.3 786.3 373.3 784.0 375.6 782.3 378.3 786.0 378.3 0.9910
690.2 478.6 10.1 14.3 715.7 339.2 720.0 339.1 717.9 341.2 716.2 343.4 719.7 343.3 0.9906
73.6 330.9 8.9 11.0 693.0 484.6 697.2 484.5 695.0 487.1 693.6 489.8 696.9 489.7 0.9902
11.9 304.5 8.5 10.7 75.9 335.1 80.0 335.0 77.9 337.1 76.4 339.2 79.8 339.1 0.9897
858.6 316.8 7.7 9.6 13.8 308.0 17.9 308.2 15.7 310.2 14.0 312.3 17.4 312.4 0.9896
565.6 319.0 8.8 11.2 860.4 320.4 864.0 320.4 862.2 322.4 860.8 324.2 863.8 324.2 0.9894
693.3 276.6 8.8 11.1 567.5 324.0 571.6 323.7 569.6 326.2 568.3 328.4 571.6 328.1 0.9894
758.3 380.7 9.1 11.8 695.2 281.1 699.1 281.1 697.0 283.2 695.7 285.4 698.9 285.3 0.9893
344.6 355.4 8.4 11.2 760.2 385.3 764.3 385.5 761.8 387.7 760.3 389.8 763.6 390.0 0.9890
449.5 485.8 17.4 15.2 347.1 359.9 350.9 360.1 349.0 362.0 347.3 364.0 350.5 364.0 0.9885
323.4 339.1 9.9 12.0 455.8 491.2 459.0 489.4 460.0 489.8 460.2 494.6 462.7 493.2 0.9875
411.8 541.7 9.5 12.1 326.0 343.3 330.7 343.3 328.4 345.6 326.4 348.0 330.3 348.0 0.9875
608.5 293.9 9.4 12.2 413.2 546.0 417.0 546.0 414.1 548.4 413.3 550.9 416.2 550.8 0.9874
315.7 326.9 9.0 11.3 610.6 298.3 615.1 298.4 612.6 300.8 611.0 303.2 614.4 303.3 0.9860
599.1 339.0 8.8 10.5 317.9 330.5 322.4 330.6 320.1 333.0 318.2 335.4 321.8 335.5 0.9859
705.0 294.9 8.6 10.4 601.1 342.8 604.9 342.7 602.8 344.8 601.8 347.0 604.8 346.8 0.9858
1005.6 343.4 9.1 11.8 707.0 298.6 711.0 298.8 708.6 300.7 707.1 302.6 710.4 302.7 0.9853
347.4 281.1 8.1 10.4 1007.4 347.8 1011.3 348.0 1008.8 350.3 1007.5 352.4 1010.7 352.6 0.9850
860.2 370.6 10.2 12.9 349.8 285.4 353.5 285.6 351.6 287.5 349.9 289.2 352.9 289.4 0.9842
367.8 340.8 8.9 11.6 861.8 376.0 866.1 376.0 863.2 379.0 862.8 381.3 865.6 381.3 0.9841
557.5 310.2 7.7 9.9 370.4 345.5 374.4 345.8 372.3 348.0 370.4 349.9 373.6 350.1 0.9822
880.5 329.5 9.9 11.7 4.9 318.1 9.6 318.0 7.5 320.5 5.4 323.1 9.3 323.1 0.9821
714.9 346.6 9.5 11.6 559.1 314.1 562.8 313.8 561.0 315.9 559.9 318.0 562.9 317.7 0.9815
272.7 356.3 9.1 11.2 882.3 333.3 887.0 333.1 884.5 335.7 883.0 338.2 886.7 338.0 0.9814
455.8 291.6 8.3 10.4 100.1 410.2 103.8 410.1 102.1 412.2 100.5 414.1 103.6 414.1 0.9801
57.6 296.9 7.6 10.0 716.7 350.6 720.5 350.5 718.2 352.9 717.3 355.2 720.4 355.1 0.9794
72.2 270.2 8.7 11.0 276.1 360.2 280.0 360.4 278.2 362.6 276.1 364.6 279.2 364.9 0.9793
319.2 304.5 7.6 9.9 458.0 295.9 461.7 295.8 459.9 297.8 458.5 299.7 461.5 299.6 0.9793
943.4 310.2 7.4 9.6 60.6 300.8 63.7 300.9 62.6 303.0 60.7 304.7 63.1 304.9 0.9775
336.0 329.9 9.9 12.2 74.8 274.3 79.0 274.5 76.8 276.7 74.8 278.7 78.2 278.9 0.9775
721.9 294.8 7.7 9.9 320.9 308.1 324.3 308.3 322.2 310.1 321.0 312.0 323.7 312.1 0.9767
413.8 311.2 9.6 11.5 945.5 314.1 949.0 314.0 947.4 316.1 946.0 317.9 948.7 317.9 0.9766
162.8 347.8 9.4 10.9 338.1 333.9 342.8 334.1 340.0 336.7 338.3 339.2 342.1 339.3 0.9757
781.0 305.1 8.2 11.0 724.1 298.2 727.7 298.3 725.9 300.2 724.2 302.1 727.3 302.2 0.9751
95.9 513.7 9.4 13.2 416.0 315.0 420.6 315.2 418.0 317.5 416.2 319.9 419.9 320.0 0.9750
964.3 307.8 7.6 10.2 165.5 351.7 170.0 351.7 167.9 353.9 165.9 356.2 169.6 356.2 0.9736
989.1 345.2 9.0 10.8 782.9 308.9 786.5 308.9 784.5 311.1 783.3 313.5 786.3 313.4 0.9734
756.2 302.9 7.9 10.0 99.3 518.4 103.6 518.5 101.8 520.7 99.5 523.5 103.0 523.6 0.9725
25.2 283.1 8.3 10.6 966.0 311.6 969.5 311.7 967.5 313.7 966.3 315.6 969.1 315.6 0.9710
428.1 293.1 8.6 10.3 990.8 348.9 994.8 348.6 992.7 350.9 991.6 353.3 994.9 353.0 0.9698
996.4 488.3 11.4 13.4 758.1 306.9 761.6 307.0 759.7 308.9 758.3 310.8 761.2 310.9 0.9691
10.8 268.7 8.2 10.5 27.5 286.9 31.4 287.1 29.4 289.1 27.6 291.1 30.7 291.3 0.9684
143.0 304.7 9.2 11.7 430.4 297.4 434.3 297.5 432.2 299.6 430.7 301.4 433.8 301.5 0.9677
194.9 341.3 9.5 11.9 999.6 492.8 1004.7 492.6 1002.4 495.6 1000.3 498.3 1004.4 498.2 0.9666
208.2 353.7 9.6 12.0 13.2 273.1 16.9 273.0 15.2 275.1 13.6 277.0 16.7 277.0 0.9660
676.8 288.5 8.0 9.6 145.1 308.8 149.4 308.8 147.0 311.2 145.6 313.5 149.0 313.5 0.9658
726.1 391.2 10.0 12.3 77.8 255.1 81.3 255.1 79.6 257.0 78.2 258.8 81.0 258.8 0.9650
953.4 294.9 7.4 9.9 614.1 271.9 618.2 271.9 616.3 274.1 614.6 276.2 617.8 276.2 0.9649
675.1 301.4 7.8 8.7 197.1 345.9 201.4 345.4 199.5 348.0 198.2 350.5 201.5 350.1 0.9649
732.4 299.9 8.4 11.1 210.2 357.9 214.3 358.4 211.4 360.3 210.0 362.4 213.2 362.8 0.9641
885.6 316.8 8.0 9.3 678.9 292.2 682.6 292.0 680.9 294.1 679.6 296.1 682.6 295.9 0.9636
209.6 518.7 11.6 15.6 728.7 396.8 733.2 396.9 731.0 399.2 729.3 401.0 732.6 401.1 0.9613
744.7 312.7 7.7 10.2 955.3 298.7 958.7 298.7 957.0 300.5 955.6 302.4 958.5 302.4 0.9604
590.3 351.2 8.2 11.0 677.3 303.9 681.0 303.9 679.2 305.8 677.6 307.7 680.6 307.7 0.9600
967.0 330.7 8.4 10.7 734.5 304.2 738.6 304.1 736.6 306.5 735.0 308.7 738.2 308.6 0.9591
523.6 286.7 7.8 10.1 887.3 320.2 890.7 320.3 888.6 322.1 887.6 323.9 890.3 323.9 0.9579
932.2 344.1 8.6 10.1 687.0 262.3 691.2 262.3 689.1 264.5 687.5 266.7 690.8 266.7 0.9550
932.1 298.2 8.2 10.3 215.6 524.8 219.4 524.7 218.6 528.2 215.6 531.0 218.2 531.1 0.9527
412.0 288.3 7.2 10.0 746.2 316.4 749.6 316.5 747.5 318.6 746.4 320.8 749.1 320.8 0.9520
263.7 446.1 12.5 16.7 592.8 355.5 596.5 355.5 594.7 357.6 593.1 359.7 596.1 359.7 0.9493
753.1 531.7 11.8 15.0 968.8 334.5 972.9 334.5 970.7 336.6 969.2 338.8 972.5 338.7 0.9458
422.7 257.2 7.2 9.5 525.3 290.8 528.9 290.8 527.1 292.8 525.8 294.6 528.7 294.5 0.9409
993.8 383.2 8.4 10.5 630.9 334.8 635.9 335.0 633.5 337.6 631.1 339.8 635.0 340.0 0.9407
365.8 275.6 7.3 9.7 933.8 347.3 937.7 347.3 935.4 349.5 934.2 351.7 937.3 351.7 0.9298
356.7 249.3 7.5 9.9 934.1 302.5 937.9 302.2 936.1 304.4 934.8 306.5 937.8 306.3 0.9280
998.0 268.1 7.6 10.0 413.8 292.3 417.1 292.3 415.4 294.2 414.1 296.1 416.9 296.1 0.9253
576.1 293.4 10.9 12.8 267.2 450.7 272.5 450.9 269.6 454.2 267.3 458.1 271.5 458.2 0.9175
902.6 253.5 7.8 9.7 755.3 537.2 759.8 536.6 757.3 539.8 756.6 543.3 760.2 542.8 0.9108
988.6 285.8 8.0 9.8 424.7 260.9 428.0 260.6 426.5 262.6 425.3 264.5 428.0 264.3 0.9098
758.3 279.9 8.3 10.5 996.1 387.1 999.9 387.0 998.0 389.0 996.5 391.0 999.6 390.9 0.9030
43.5 267.1 9.0 9.9 367.5 279.5 370.9 279.3 369.1 281.4 368.1 283.4 370.8 283.2 0.8937
216.7 409.0 10.0 13.0 358.5 252.9 362.1 252.9 360.3 254.9 358.9 257.0 361.8 257.0 0.8908
597.1 278.1 7.8 9.8 999.7 272.1 1003.2 272.1 1001.3 274.1 1000.0 276.0 1002.8 276.0 0.8839
703.5 340.5 8.6 10.3 579.0 297.7 584.0 297.8 581.4 300.3 579.3 302.8 583.4 302.9 0.8728
330.2 263.2 10.0 11.5 143.9 248.4 147.2 248.6 145.4 250.3 144.0 252.1 146.7 252.2 0.8726
863.7 421.7 8.2 9.2 904.2 256.9 907.9 256.9 905.8 259.0 904.6 261.1 907.5 261.1 0.8715
393.4 267.8 8.0 10.4 990.4 289.4 994.2 289.7 992.0 291.5 990.4 293.4 993.5 293.6 0.8675
802.3 293.5 7.3 9.2 760.2 283.8 764.3 283.7 762.3 285.9 760.8 288.2 764.1 288.1 0.8645
965.4 298.0 6.9 8.6 614.0 253.2 617.9 253.4 615.7 255.6 614.1 257.7 617.2 257.8 0.8603
779.0 287.9 8.3 10.7 806.5 248.3 810.3 248.3 808.5 250.5 806.9 252.6 809.9 252.6 0.8539
830.2 288.6 8.8 10.8 45.6 270.2 49.9 270.3 47.5 272.5 45.9 274.7 49.3 274.8 0.8538
69.2 298.7 7.0 7.9 219.5 413.7 224.3 413.7 222.1 416.0 219.8 418.6 223.8 418.7 0.8528
880.4 265.6 8.8 10.6 599.5 281.8 603.0 281.8 601.3 283.7 599.8 285.6 602.7 285.6 0.8419
373.7 287.3 7.2 9.2 170.1 249.1 173.7 249.0 172.1 251.2 170.7 253.2 173.4 253.1 0.8395
629.3 323.6 9.8 12.0 706.3 344.5 710.1 344.2 708.5 346.7 707.1 348.8 710.0 348.7 0.8363
346.8 312.3 7.3 9.8 332.4 267.6 337.2 267.7 334.6 270.2 332.8 272.5 336.5 272.6 0.8338
854.4 301.5 8.3 9.4 865.4 425.3 868.8 425.3 866.9 427.2 866.0 429.0 868.6 428.9 0.8333
383.9 262.8 7.9 10.1 395.8 271.8 399.0 271.6 397.6 273.9 396.4 276.2 398.8 276.0 0.8216
991.7 426.4 9.2 12.6 804.1 296.7 807.6 296.6 805.9 298.6 804.6 300.5 807.4 300.4 0.8139
478.1 296.0 9.0 11.1 967.3 301.5 970.6 301.5 968.9 303.4 967.6 305.0 970.1 305.0 0.7919
246.1 312.2 8.1 10.4 781.5 292.1 785.3 292.1 783.6 294.3 781.9 296.3 784.9 296.3 0.7836
432.4 534.1 10.1 14.5 832.3 293.0 836.3 293.1 834.2 295.2 832.6 297.2 835.8 297.3 0.7403
322.0 288.2 7.4 9.5 71.0 301.3 74.5 301.4 72.8 303.2 71.3 304.9 73.9 305.0 0.7378
306.5 264.3 8.2 10.0 882.6 269.1 886.7 269.2 884.5 271.4 882.9 273.6 886.2 273.6 0.7370
750.0 547.0 13.3 17.3 375.6 290.7 379.1 290.6 377.4 292.5 376.0 294.3 378.8 294.3 0.7064
624.3 274.0 8.6 10.4 632.1 327.9 636.9 328.1 634.6 330.6 632.4 332.8 636.1 333.0 0.7056
749.2 270.0 8.6 9.8 349.4 316.1 352.5 315.8 351.3 317.9 350.0 320.0 352.5 319.9 0.7036
391.7 249.8 6.9 9.1 856.2 305.0 859.9 304.8 858.0 306.9 856.9 308.9 859.8 308.7 0.6984
212.2 296.1 11.6 13.2 589.8 267.1 593.2 267.1 591.3 269.1 590.2 271.0 592.9 271.0 0.6961
96.1 272.9 8.4 10.3 385.6 266.9 389.1 266.9 387.1 269.1 386.0 271.1 388.8 271.1 0.6941
91.4 258.6 7.0 9.3 865.5 228.0 868.9 228.0 867.1 230.0 865.8 232.0 868.6 232.0 0.6911
973.4 277.6 7.0 8.3 780.5 239.3 784.0 239.3 782.3 241.2 780.8 243.1 783.7 243.1 0.6785
994.6 301.2 7.3 10.1 993.2 431.1 996.4 430.7 994.2 433.6 994.2 436.3 996.7 435.8 0.6529
892.0 246.5 7.5 9.4 945.4 254.0 948.9 253.8 947.5 255.9 946.0 257.9 948.7 257.8 0.6186
453.0 312.5 8.3 9.9 145.6 388.0 150.2 387.7 147.9 390.7 146.3 393.1 150.1 392.8 0.5796
846.7 519.3 10.3 13.9 678.1 239.0 681.7 239.0 680.1 241.0 678.4 243.0 681.2 243.0 0.5769
725.6 339.0 7.7 9.2 480.2 299.5 484.6 299.6 482.2 301.9 480.4 304.3 484.0 304.4 0.5619
911.0 274.2 7.4 9.5 247.8 316.1 251.4 316.2 249.2 318.1 248.1 320.2 251.1 320.2 0.5581
178.8 351.2 8.4 10.5 1017.7 257.0 1020.8 257.1 1019.1 258.9 1017.9 260.7 1020.4 260.7 0.5376
593.3 495.0 10.8 13.7 1000.2 251.4 1003.8 251.4 1002.1 253.4 1000.6 255.2 1003.5 255.2 0.5227
406.7 247.4 7.2 9.3 842.8 244.5 846.6 244.4 844.9 246.7 843.4 249.1 846.3 249.0 0.5208
441.4 315.2 8.2 9.5 245.9 255.5 249.2 255.6 247.3 257.5 246.1 259.3 248.8 259.3 0.5133
