35--Basketball/35_Basketball_basketballgame_ball_35_291.jpg
30
0.0 329.2 24.4 33.3 8.6 339.2 20.6 341.4 16.8 344.6 9.2 352.4 18.8 354.2 0.9990
339.6 115.5 33.0 38.6 359.2 128.8 364.4 127.4 371.4 132.9 366.9 143.8 370.1 143.4 0.9988
967.7 574.7 13.1 15.8 970.6 580.7 976.1 580.5 972.9 583.2 971.2 586.3 975.6 586.1 0.9988
592.8 278.8 28.7 32.5 595.6 292.9 605.2 288.6 597.0 292.3 597.9 302.4 605.9 298.9 0.9987
801.5 587.8 10.1 12.2 804.7 592.3 809.4 592.5 807.2 594.4 805.1 596.8 808.7 597.0 0.9987
1003.9 571.9 12.2 14.8 1006.1 577.1 1011.6 576.8 1008.2 579.9 1007.0 583.3 1011.0 583.0 0.9984
953.0 570.6 11.2 14.2 955.9 576.1 960.9 576.1 958.3 578.5 956.2 581.0 960.6 581.0 0.9979
791.5 581.2 9.0 11.7 794.8 585.4 798.7 585.6 796.9 587.7 794.8 589.8 798.0 590.0 0.9963
762.3 586.4 9.2 11.1 765.4 590.6 769.4 590.6 767.7 592.7 765.8 594.7 769.0 594.7 0.9951
776.6 280.0 25.3 33.6 784.6 289.2 790.4 290.0 782.2 293.6 780.6 301.5 785.5 302.0 0.9946
617.5 161.4 34.3 60.8 626.6 180.7 626.3 181.0 619.8 190.5 621.4 205.7 622.0 205.7 0.9871
886.6 582.9 9.9 12.3 888.1 588.0 892.3 587.3 889.9 590.0 889.3 592.6 892.3 592.0 0.9853
594.8 601.4 8.4 11.3 596.2 605.8 599.5 605.8 597.3 608.0 596.7 610.1 599.3 610.1 0.9851
818.8 587.9 9.4 13.2 820.7 593.0 825.0 592.7 822.9 595.6 821.7 598.3 825.1 598.0 0.9799
905.4 522.7 13.8 17.1 909.2 528.5 915.0 528.2 912.0 531.7 910.1 535.5 914.5 535.3 0.9796
777.0 590.9 9.2 11.8 780.1 595.8 783.6 595.6 782.1 598.3 780.8 600.7 783.3 600.5 0.9718
582.9 598.3 9.8 12.2 585.8 602.5 590.5 602.3 588.4 605.0 586.4 607.6 590.1 607.6 0.9688
737.8 588.9 8.5 10.7 741.2 593.2 744.4 592.8 743.5 595.1 742.0 597.3 744.4 597.0 0.9679
40.5 543.2 9.5 11.5 43.5 547.5 47.8 547.7 45.8 550.1 43.9 552.2 47.0 552.3 0.9664
651.2 597.1 7.4 9.6 653.0 600.8 656.3 600.7 654.7 602.6 653.5 604.4 656.2 604.3 0.9225
470.9 610.3 8.0 10.1 473.4 614.7 477.1 614.5 475.6 616.8 474.2 618.7 476.9 618.5 0.9195
565.7 604.1 7.3 9.0 568.0 607.7 571.2 607.8 569.6 609.6 568.1 611.3 570.6 611.4 0.9070
764.0 555.6 8.8 11.4 766.5 560.1 770.4 560.2 768.4 562.3 766.8 564.5 769.9 564.6 0.8452
939.2 592.2 10.8 12.7 941.7 597.0 946.7 596.3 944.5 599.5 943.2 602.3 946.9 601.8 0.8022
758.1 601.9 8.1 8.7 760.9 605.3 764.1 605.1 762.9 607.1 761.6 608.8 763.9 608.7 0.7974
506.7 612.2 6.9 9.1 508.8 615.7 511.8 615.7 510.4 617.5 509.0 619.2 511.4 619.2 0.7454
418.6 159.4 28.5 37.7 430.8 167.6 434.6 169.9 425.8 171.7 422.8 180.7 426.3 182.2 0.7127
966.7 543.7 6.8 9.0 742.4 49.5 762.4 47.0 756.8 59.0 747.1 67.9 761.2 66.5 0.6894
1004.5 535.4 8.2 10.6 968.3 547.0 971.4 547.0 969.8 548.8 968.7 550.5 971.1 550.5 0.6298
785.5 596.0 7.2 9.7 1006.5 539.5 1010.2 539.6 1008.1 541.6 1006.8 543.6 1009.8 543.6 0.5878
