35--Basketball/35_Basketball_Basketball_35_772.jpg
10
452.5 329.0 42.9 42.1 463.9 351.9 483.9 351.5 473.6 362.6 466.3 365.1 480.4 364.7 0.9999
685.0 273.3 51.8 71.8 699.9 304.5 724.3 300.9 714.7 317.6 705.3 329.1 725.1 326.3 0.9997
345.6 344.2 51.0 65.2 361.2 373.2 384.8 372.2 374.5 387.3 363.1 393.9 383.4 393.1 0.9997
309.4 275.3 47.7 63.9 322.7 302.8 343.5 298.8 335.6 312.0 329.4 324.8 345.4 321.6 0.9997
378.5 599.3 50.7 67.1 394.2 626.5 418.2 626.9 407.2 639.0 396.3 650.2 415.3 650.5 0.9997
98.5 306.6 54.3 71.8 115.8 334.3 140.8 337.0 128.6 347.1 116.5 360.4 135.3 362.6 0.9996
216.7 305.8 49.1 66.3 235.1 332.2 257.4 331.7 249.9 343.8 238.0 356.5 255.1 356.2 0.9996
583.0 570.9 56.0 72.3 591.9 602.0 615.4 597.3 601.8 614.2 599.7 628.4 617.7 624.5 0.9996
875.4 271.8 56.9 72.7 893.0 302.2 919.3 300.2 909.5 314.0 898.5 328.4 918.6 326.9 0.9995
586.4 322.8 52.2 67.0 594.7 354.8 614.2 350.4 602.5 366.0 602.5 378.5 615.6 375.0 0.9995
