35--Basketball/35_Basketball_basketballgame_ball_35_912.jpg
13
635.4 142.2 97.9 133.6 678.3 183.5 720.9 189.0 711.1 198.5 686.1 235.6 717.5 239.8 0.9997
313.8 521.5 48.8 64.4 332.9 546.1 354.1 546.2 346.7 558.7 336.0 570.7 351.7 570.7 0.9997
196.0 636.5 63.5 84.0 220.5 671.0 248.8 670.4 240.0 684.9 225.0 700.9 247.1 700.7 0.9995
368.0 640.1 65.0 75.5 385.2 668.2 413.2 669.1 397.3 680.4 387.4 695.2 408.7 695.7 0.9994
856.2 527.4 49.0 64.5 869.6 553.4 891.3 552.3 881.0 565.3 873.9 577.3 889.7 576.4 0.9991
87.6 105.2 40.2 47.3 99.8 120.4 117.3 120.6 108.8 131.4 101.8 140.7 114.7 141.0 0.9968
491.8 29.6 37.4 50.7 502.0 47.2 519.4 46.7 511.4 57.0 504.6 67.5 518.5 67.2 0.9961
606.0 36.9 37.8 51.2 615.5 55.5 633.6 53.7 625.6 65.0 619.6 76.1 633.5 74.8 0.9912
778.7 636.3 57.4 67.2 801.1 668.4 820.8 658.7 819.9 672.4 814.7 688.4 829.5 680.9 0.9857
735.4 510.7 48.4 65.3 750.8 534.0 772.6 536.3 761.8 548.3 751.6 559.6 767.4 561.4 0.9407
851.2 158.3 40.6 53.4 862.2 179.3 881.4 180.2 871.6 190.1 864.4 200.5 878.5 201.1 0.9298
715.6 77.0 28.2 38.4 726.8 90.2 738.8 89.7 734.8 97.9 728.5 106.3 738.1 106.1 0.8679
943.1 169.5 33.2 41.1 300.7 242.4 304.5 240.3 313.6 257.5 304.2 280.5 306.2 279.3 0.6629
