35--Basketball/35_Basketball_basketballgame_ball_35_116.jpg
14
6.8 320.7 29.7 33.0 20.2 331.1 32.0 333.0 28.3 336.8 20.3 342.9 30.5 344.3 0.9996
770.2 317.1 24.4 30.0 778.5 329.4 789.3 329.6 784.6 335.4 779.5 340.1 788.0 340.3 0.9996
294.7 301.2 25.3 32.2 303.3 312.4 315.1 312.9 309.9 318.0 303.4 323.5 314.1 323.9 0.9996
496.9 196.5 34.0 39.9 512.6 209.1 524.7 208.0 524.8 213.3 518.1 224.2 528.1 223.4 0.9996
666.3 262.1 27.7 34.7 680.7 274.8 690.7 274.8 690.3 279.7 683.1 287.2 691.2 287.3 0.9995
441.5 298.6 23.3 32.2 450.2 311.1 460.7 310.8 457.0 316.3 451.5 322.4 460.5 322.2 0.9995
370.4 319.9 26.6 29.7 379.5 330.4 391.8 330.4 386.8 335.4 380.2 340.5 391.4 340.5 0.9995
839.7 302.7 26.0 35.5 843.2 317.5 853.9 317.1 846.8 323.5 845.3 329.8 853.7 329.5 0.9994
168.3 373.2 22.1 27.0 175.3 382.4 185.2 382.4 180.7 387.1 176.0 392.3 184.5 392.4 0.9994
241.8 313.9 22.8 27.8 254.1 322.2 262.4 323.1 261.1 327.5 254.8 333.3 261.5 334.1 0.9993
712.6 324.3 20.8 28.8 718.0 336.4 727.7 336.0 723.2 340.8 719.4 346.0 727.5 345.7 0.9992
951.9 317.1 26.2 34.3 956.7 329.5 968.5 328.8 961.6 334.3 957.8 341.8 968.1 341.2 0.9992
554.3 329.4 21.8 30.8 558.6 342.7 568.1 341.8 562.7 347.7 560.5 353.5 567.9 352.7 0.9992
100.7 364.3 22.2 27.3 109.8 373.4 119.4 373.1 116.8 377.3 111.6 383.8 119.5 383.6 0.9991
