35--Basketball/35_Basketball_Basketball_35_102.jpg
46
517.5 106.4 16.6 22.1 521.7 115.7 529.3 115.7 525.5 119.8 522.3 123.5 528.7 123.5 0.9996
939.8 36.2 17.3 21.5 942.9 44.3 950.1 44.2 945.9 48.1 943.8 52.3 949.7 52.1 0.9996
454.4 224.9 54.1 71.9 480.3 252.1 500.9 248.5 500.0 261.8 486.7 278.0 503.0 275.6 0.9995
905.8 175.3 17.7 22.8 909.8 184.4 917.3 184.4 913.1 188.6 910.7 192.6 916.8 192.5 0.9995
709.1 107.5 16.9 19.8 714.8 113.5 722.2 113.7 719.1 117.5 715.6 121.8 721.5 122.0 0.9995
90.0 32.7 16.1 21.8 94.1 41.1 102.1 41.6 97.8 45.4 94.1 49.2 100.9 49.6 0.9994
235.0 51.4 16.8 19.5 239.6 58.2 247.4 58.3 243.4 62.5 240.3 66.2 246.3 66.2 0.9994
164.3 72.3 14.5 18.6 168.2 79.5 175.1 79.7 171.5 82.6 168.7 86.4 174.2 86.5 0.9993
676.5 56.3 15.6 19.5 678.0 63.5 683.4 64.2 678.5 68.2 679.0 71.4 682.6 71.7 0.9993
730.7 160.1 13.8 16.0 737.6 165.5 743.1 165.2 741.8 169.0 738.3 172.2 742.2 172.2 0.9993
179.6 4.1 15.7 20.4 183.3 12.5 190.8 12.4 187.1 16.4 184.2 20.0 190.5 19.9 0.9993
995.4 41.4 17.3 19.9 999.7 48.3 1007.6 49.1 1002.7 51.8 999.4 55.7 1005.5 56.4 0.9993
796.1 103.2 18.4 21.3 800.1 110.4 808.3 110.5 803.3 114.6 800.7 119.2 806.8 119.3 0.9993
575.0 108.4 16.0 19.3 580.9 116.4 587.6 115.7 585.5 119.4 582.8 123.5 587.6 123.0 0.9993
196.6 124.7 18.1 22.5 201.4 132.9 209.4 132.9 205.1 137.0 202.0 141.2 208.7 141.2 0.9992
70.7 68.3 14.5 18.6 74.4 75.7 81.3 75.8 77.7 79.3 75.0 82.5 80.7 82.6 0.9992
21.3 29.3 13.7 17.4 24.4 35.5 30.5 36.5 26.5 39.9 24.2 42.6 28.8 43.3 0.9992
10.2 72.7 16.9 19.4 14.3 78.0 22.0 78.2 17.7 82.1 14.8 86.1 21.3 86.3 0.9991
911.4 100.9 19.6 22.5 917.1 107.2 926.0 107.5 921.6 112.7 917.7 117.0 925.0 117.2 0.9991
145.3 4.3 13.8 17.9 148.7 10.3 155.2 10.5 151.6 13.6 149.0 17.5 154.0 17.7 0.9991
57.9 105.2 16.5 20.7 63.0 113.1 70.6 112.7 67.5 116.4 64.4 120.8 70.3 120.5 0.9990
10.2 114.0 17.4 22.0 14.4 122.8 22.7 122.7 18.3 126.8 15.1 130.7 22.2 130.6 0.9990
52.4 32.1 14.1 18.8 56.3 39.4 62.6 39.5 59.4 43.1 56.8 46.4 61.8 46.5 0.9990
848.4 21.8 16.3 20.8 851.9 30.3 859.9 30.3 855.6 33.5 852.9 37.9 859.0 37.8 0.9989
146.2 130.9 15.5 18.2 149.9 137.2 156.7 137.0 153.0 140.9 150.9 144.7 156.0 144.5 0.9988
201.1 65.0 13.7 18.0 204.7 71.5 211.3 71.6 207.8 75.1 205.0 78.7 210.8 78.7 0.9988
69.6 89.2 15.5 18.5 74.6 96.7 81.7 96.1 78.9 99.6 76.0 103.6 81.3 103.2 0.9987
219.4 15.8 13.9 16.5 223.7 21.3 230.1 22.0 226.7 25.5 223.8 28.3 228.6 28.9 0.9986
531.1 178.7 45.0 59.3 537.0 198.7 557.3 198.1 542.4 209.3 539.2 223.0 554.5 222.5 0.9986
96.0 119.4 16.0 21.2 99.9 128.3 107.3 128.0 103.7 132.1 100.8 136.0 107.2 135.7 0.9985
386.0 169.7 29.3 36.6 390.7 182.3 401.1 183.9 391.5 190.0 390.7 196.8 397.7 197.9 0.9984
899.2 144.9 17.3 21.2 903.3 153.7 911.1 154.9 906.0 158.2 902.8 161.2 909.0 162.1 0.9982
558.7 57.5 15.3 20.0 562.3 65.4 569.4 66.1 565.2 69.7 562.3 72.8 568.2 73.3 0.9982
96.0 13.7 14.5 18.1 100.2 20.8 107.0 21.3 103.5 24.6 100.7 27.8 105.8 28.2 0.9982
724.6 60.9 14.9 19.1 726.2 67.7 732.1 67.9 727.2 71.4 726.8 75.4 730.9 75.4 0.9982
32.7 59.2 13.2 17.2 36.5 65.0 42.9 65.1 39.8 68.6 37.2 72.2 41.9 72.3 0.9979
524.7 163.9 18.8 25.8 529.5 174.2 537.8 174.1 533.5 178.3 530.5 183.5 536.9 183.5 0.9976
650.4 170.9 18.5 21.6 654.8 179.6 662.6 178.2 659.0 182.9 657.2 187.8 662.9 186.6 0.9972
252.3 0.0 15.0 17.5 256.0 6.1 262.6 5.0 259.7 10.0 258.2 13.9 262.9 13.1 0.9967
802.2 36.6 14.6 18.2 804.9 43.9 811.4 43.4 807.8 47.6 806.4 51.3 811.1 50.8 0.9964
761.2 150.0 12.8 19.2 763.7 157.1 765.1 157.3 762.7 161.4 765.2 165.0 766.1 164.9 0.9948
376.7 149.8 27.5 35.7 385.0 162.7 396.9 162.9 391.0 169.5 386.3 176.2 395.2 176.3 0.9945
433.8 0.0 9.3 10.8 435.1 2.0 436.8 2.1 434.3 4.7 435.6 7.5 436.7 7.4 0.9886
27.9 16.3 13.1 15.5 31.5 21.6 37.7 21.8 34.5 24.3 32.0 27.7 36.8 27.9 0.9849
1006.0 164.0 17.0 66.3 1012.1 187.7 1021.1 187.4 1005.0 201.0 1015.5 214.8 1021.4 213.6 0.9824
684.5 6.3 12.7 14.2 688.7 12.7 694.4 12.0 692.2 15.7 690.2 18.1 694.1 17.6 0.9727
