35--Basketball/35_Basketball_playingbasketball_35_88.jpg
18
425.3 150.8 101.9 149.6 469.1 202.8 512.3 206.0 502.6 225.8 474.7 258.1 509.8 261.2 0.9997
805.3 329.1 73.0 103.6 825.0 369.5 859.3 367.5 844.0 386.1 829.7 405.9 858.6 404.5 0.9996
90.4 702.0 46.1 58.6 100.3 728.1 120.0 723.2 112.1 737.1 108.0 748.8 123.6 745.0 0.9972
12.3 728.0 43.0 47.9 22.0 748.3 41.6 744.1 33.5 753.6 28.9 765.8 43.3 762.5 0.9970
651.1 692.7 44.4 54.9 664.9 713.3 685.4 713.6 675.9 723.5 666.7 733.6 682.9 733.8 0.9968
236.5 370.6 30.0 39.2 245.0 386.8 259.2 385.6 253.5 393.9 247.8 401.6 259.4 400.7 0.9959
212.6 307.4 29.2 38.1 222.3 322.5 235.2 321.9 230.1 329.8 224.4 337.4 234.5 337.1 0.9867
112.5 376.9 31.5 40.1 122.9 394.0 136.6 393.0 131.3 401.3 125.6 409.1 136.3 408.5 0.9806
307.6 306.4 31.6 40.9 318.0 322.4 331.7 322.9 325.3 330.6 318.6 337.9 329.5 338.4 0.9802
218.3 723.7 46.1 52.0 236.4 743.6 255.2 742.5 248.5 752.1 240.0 762.9 253.4 762.1 0.9762
105.0 265.7 28.5 39.9 117.1 280.9 128.7 280.8 124.8 288.6 118.7 296.4 127.3 296.6 0.9638
0.0 771.6 31.5 48.5 -0.1 791.1 20.9 787.5 12.9 798.8 6.8 810.6 22.4 807.9 0.9551
5.1 312.8 30.9 40.7 14.7 328.7 28.8 328.2 23.4 337.4 17.4 345.6 27.7 345.3 0.9392
298.3 423.3 28.9 41.3 311.2 440.2 321.8 440.7 317.7 448.5 311.0 455.7 319.4 456.4 0.9207
21.2 257.0 30.1 35.8 31.0 269.1 44.1 269.0 38.8 276.9 32.5 284.4 42.6 284.4 0.8992
635.8 428.0 30.1 39.8 644.2 440.9 657.8 441.3 650.7 448.3 645.4 457.2 656.2 457.5 0.8844
170.4 251.2 31.3 43.0 180.0 267.5 193.5 266.0 188.3 275.7 183.6 284.8 194.4 283.5 0.8376
930.1 363.6 37.7 47.8 935.1 384.9 947.9 382.3 940.2 394.1 941.2 403.3 950.1 401.0 0.5320
