35--Basketball/35_Basketball_playingbasketball_35_230.jpg
8
51.3 318.2 19.0 24.3 56.6 326.7 66.0 327.2 61.3 331.4 56.4 335.2 65.2 335.6 0.9993
81.3 314.9 20.8 25.5 85.6 325.0 94.6 324.7 89.2 329.4 86.6 334.4 93.8 334.1 0.9990
148.0 313.2 20.1 24.4 152.5 323.1 162.0 322.5 156.9 327.0 153.9 332.2 161.0 331.7 0.9989
690.1 412.6 27.8 36.5 703.1 427.2 714.6 427.4 711.9 433.9 704.5 440.7 713.3 441.0 0.9989
119.5 315.7 18.3 23.6 124.5 324.7 133.1 324.8 128.9 328.7 124.9 332.8 132.6 332.9 0.9988
10.7 318.3 21.7 26.7 15.8 329.6 25.6 328.6 20.8 333.3 17.6 338.8 25.5 338.0 0.9981
439.6 281.4 14.2 20.7 443.6 290.1 450.4 289.9 447.3 293.9 444.6 297.8 449.8 297.7 0.9973
502.3 279.3 13.4 19.5 505.9 287.2 512.4 287.2 509.2 291.1 506.5 294.5 511.6 294.5 0.9947
