35--Basketball/35_Basketball_Basketball_35_479.jpg
15
651.3 164.7 37.7 48.2 659.6 183.1 676.7 181.8 667.8 191.0 661.8 199.4 676.9 198.4 0.9997
504.0 163.3 38.3 51.4 512.1 185.3 529.4 184.1 520.2 194.1 515.4 203.5 528.4 202.6 0.9997
577.6 225.1 37.7 48.7 587.6 244.1 605.0 242.8 596.9 253.0 590.3 261.6 604.7 260.6 0.9996
456.1 241.6 38.3 46.7 466.0 259.4 483.6 258.8 475.0 267.8 468.4 276.9 482.2 276.4 0.9995
838.5 225.4 42.0 50.4 850.5 245.9 869.6 245.3 860.4 253.8 853.0 264.0 867.5 263.5 0.9995
686.2 339.0 39.2 43.7 695.5 352.4 712.9 351.3 703.7 360.9 698.0 370.7 711.8 369.8 0.9995
573.9 330.6 41.2 47.3 583.7 348.8 602.5 348.5 592.6 358.1 586.5 366.9 601.0 366.5 0.9994
318.6 318.4 38.3 47.1 333.0 334.6 349.7 339.3 340.9 346.7 330.0 351.0 344.4 354.9 0.9994
322.1 151.1 37.4 48.8 331.7 170.2 348.7 170.6 339.7 178.6 332.8 186.5 347.2 186.9 0.9994
179.8 237.6 41.2 50.2 191.2 254.3 210.9 253.4 202.0 266.7 194.8 276.4 209.1 275.7 0.9994
437.2 317.3 42.8 52.5 449.0 335.8 468.9 335.0 459.5 345.1 451.0 355.5 467.8 354.9 0.9994
817.2 333.9 41.3 50.1 826.8 354.7 846.7 354.6 836.2 365.0 828.6 371.8 845.1 371.8 0.9993
688.1 241.7 40.0 47.8 697.2 261.1 716.1 259.8 706.8 268.5 700.5 277.9 715.7 276.9 0.9992
176.0 329.1 41.8 52.7 186.3 350.7 205.0 349.8 195.5 359.0 189.3 368.8 204.6 367.9 0.9992
320.8 235.6 40.2 48.5 331.1 256.5 350.0 255.4 340.6 263.5 333.8 272.7 348.9 271.8 0.9990
