35--Basketball/35_Basketball_basketballgame_ball_35_634.jpg
10
252.0 162.5 32.3 42.7 257.0 179.1 271.9 180.5 261.7 187.8 257.2 193.5 270.2 194.5 0.9998
652.1 165.9 32.9 40.2 664.2 180.7 679.0 180.6 674.4 185.9 666.7 195.2 678.8 195.1 0.9996
919.7 152.0 32.9 45.3 927.8 168.7 943.8 168.6 935.6 175.7 929.4 185.5 942.2 185.4 0.9996
351.1 154.2 30.9 36.2 363.4 166.3 377.4 167.4 372.7 171.2 364.5 179.6 375.9 180.5 0.9996
555.2 174.3 34.0 47.6 562.8 192.7 579.2 194.5 569.1 202.4 562.8 210.0 575.6 211.4 0.9996
74.5 162.8 29.0 41.5 84.2 176.9 97.5 177.1 92.4 181.8 86.1 192.0 96.9 192.1 0.9995
164.2 161.0 32.8 44.3 175.4 174.7 190.8 177.1 183.3 183.8 173.7 190.1 188.1 192.1 0.9994
442.3 151.2 33.3 48.6 453.3 170.7 469.1 171.5 462.0 179.8 454.4 188.3 466.4 189.0 0.9994
832.2 157.0 31.4 37.6 842.9 169.9 857.0 169.0 853.2 174.7 847.0 184.8 858.0 184.0 0.9994
735.6 161.0 30.7 38.3 742.9 173.8 757.8 173.4 750.2 181.1 744.5 188.6 757.1 188.3 0.9992
