35--Basketball/35_Basketball_basketballgame_ball_35_482.jpg
27
353.9 217.6 178.4 269.4 397.6 335.6 482.8 325.4 443.9 392.0 408.1 416.6 493.8 407.9 0.9995
918.0 577.3 72.2 96.3 940.1 614.8 972.4 615.7 956.4 634.6 943.2 651.5 966.3 652.2 0.9994
138.4 446.9 48.6 63.2 155.8 471.3 177.9 469.8 171.7 480.8 161.0 494.3 178.8 493.3 0.9994
788.9 828.4 132.7 163.6 854.3 903.7 903.6 897.6 897.3 934.8 860.0 959.2 898.8 954.3 0.9993
911.9 399.8 43.8 54.9 922.6 422.4 942.9 420.8 933.1 432.9 926.7 443.4 941.5 442.1 0.9991
818.3 334.7 34.4 46.0 831.7 353.2 847.3 352.9 841.7 362.9 833.5 371.0 845.3 371.0 0.9979
791.7 403.2 38.3 52.9 797.0 421.8 810.5 423.6 797.2 432.4 796.0 442.9 805.6 443.9 0.9971
904.0 346.6 32.9 42.8 913.1 366.1 927.8 366.0 920.6 374.0 914.5 380.8 926.5 380.8 0.9970
696.2 453.6 43.0 53.2 710.4 474.4 730.1 472.5 722.9 486.1 714.8 496.2 730.0 494.9 0.9928
664.6 345.1 27.5 36.2 674.2 359.8 685.6 359.1 681.3 366.2 676.1 373.3 685.3 372.9 0.9896
625.9 322.4 24.7 30.8 634.6 332.7 645.8 331.2 642.4 338.7 637.2 345.9 646.1 344.8 0.9894
111.7 372.1 31.1 39.6 130.1 384.8 138.5 382.7 140.4 392.4 133.5 402.2 139.4 401.2 0.9857
241.0 329.0 28.5 35.2 250.5 344.1 264.0 343.7 258.2 351.1 252.3 357.7 263.1 357.5 0.9682
118.3 258.1 19.6 25.8 122.2 269.4 130.5 269.2 125.7 274.2 123.6 278.9 130.3 278.7 0.9586
598.4 278.3 18.7 23.0 603.6 289.4 612.4 288.3 608.9 294.0 606.1 298.6 612.9 297.8 0.9150
889.4 282.0 26.5 30.9 898.3 294.1 910.8 293.9 905.6 300.5 899.8 306.9 909.7 306.7 0.9141
217.7 382.2 26.6 34.9 224.6 397.1 236.2 396.1 231.1 403.7 227.2 410.8 236.5 410.0 0.9068
829.9 294.7 25.6 30.9 838.4 305.9 848.4 306.3 843.2 312.4 839.0 318.6 846.6 318.9 0.9055
710.4 290.2 23.2 29.6 716.3 300.8 727.5 301.2 721.6 306.7 717.1 312.6 725.8 313.0 0.8952
102.9 304.6 21.9 27.2 109.0 312.6 119.3 311.0 115.7 317.1 111.9 324.1 120.2 322.9 0.8901
162.3 245.0 17.6 21.7 167.5 253.2 175.8 253.1 172.0 257.5 168.2 261.8 174.9 261.8 0.8853
671.6 301.7 22.2 25.2 678.7 309.3 689.1 308.9 684.6 315.0 680.5 320.6 688.0 320.4 0.8751
88.8 250.9 18.7 23.1 93.2 259.6 101.3 259.5 96.8 264.3 94.2 268.6 100.4 268.6 0.8729
773.3 267.4 16.5 21.6 780.8 276.8 786.3 275.2 786.2 280.2 783.6 284.9 787.3 283.9 0.8573
639.1 269.8 18.3 22.1 644.7 278.4 653.5 278.7 649.2 283.4 645.1 287.9 652.1 288.1 0.8475
190.0 394.4 30.2 35.7 201.8 408.4 215.5 406.7 211.1 416.1 205.3 423.3 215.2 422.2 0.8454
133.9 313.1 28.6 32.7 138.6 322.7 149.8 323.7 141.3 330.5 139.3 338.1 147.7 338.5 0.7401
