35--Basketball/35_Basketball_Basketball_35_532.jpg
14
654.3 301.7 37.5 50.4 663.8 323.0 681.6 322.6 672.9 332.8 665.5 339.3 681.4 339.0 0.9996
100.8 163.3 40.9 51.5 116.0 183.5 134.7 184.8 127.0 193.1 116.0 200.9 131.8 202.0 0.9996
171.8 313.0 37.2 48.1 180.0 332.3 197.5 332.3 188.0 341.6 181.4 347.9 197.4 347.8 0.9995
831.0 200.4 34.6 44.2 836.5 219.5 851.7 217.9 842.4 226.5 839.1 234.1 851.8 232.8 0.9995
530.9 156.3 32.3 44.4 536.3 175.3 551.6 174.3 542.9 182.8 538.4 189.5 551.9 188.7 0.9995
232.0 176.8 34.7 45.4 244.3 194.6 260.8 194.4 254.0 203.4 244.9 210.0 259.7 209.9 0.9994
336.4 171.7 35.8 45.8 348.5 189.6 365.4 189.6 358.4 197.8 349.5 204.8 364.5 204.9 0.9994
615.8 167.0 35.2 42.1 620.6 183.8 636.2 183.2 626.2 191.0 622.5 198.3 635.7 197.8 0.9994
404.0 291.6 38.6 53.3 416.0 312.8 434.0 312.3 426.3 323.3 418.4 332.4 432.5 332.1 0.9993
285.6 300.8 38.0 50.9 294.7 322.0 312.2 321.6 302.6 331.7 296.5 338.5 312.1 338.1 0.9993
538.4 293.2 38.8 53.1 549.3 313.2 568.0 314.0 558.6 324.7 550.2 332.9 565.0 333.7 0.9993
723.5 173.9 34.9 43.9 730.8 191.9 746.9 191.1 738.1 199.3 732.6 206.7 746.5 206.0 0.9991
438.4 159.4 35.1 47.2 452.1 178.6 468.4 179.3 462.9 187.0 453.6 195.0 466.8 195.5 0.9990
774.3 308.1 36.5 48.5 784.2 329.9 801.8 329.2 793.5 339.2 786.3 345.6 800.7 345.0 0.9986
