35--Basketball/35_Basketball_Basketball_35_232.jpg
28
614.4 273.3 67.6 95.6 623.3 308.8 651.9 303.0 632.0 318.2 630.2 344.8 650.7 339.9 0.9997
313.0 507.3 52.4 63.2 331.7 528.1 356.0 530.2 346.5 536.0 333.8 551.5 353.4 553.3 0.9994
560.0 717.7 46.0 49.1 574.0 735.1 595.7 734.0 587.4 739.0 578.2 753.2 595.4 752.3 0.9992
131.5 908.7 10.4 12.8 134.1 913.6 138.7 913.3 136.5 915.8 135.0 918.3 138.7 918.1 0.9973
199.0 895.7 12.3 14.1 202.6 900.6 208.0 900.5 205.3 903.2 203.2 906.0 207.6 906.0 0.9969
107.6 955.6 10.5 13.2 110.2 960.6 114.8 960.6 112.4 963.1 110.7 965.5 114.6 965.4 0.9968
458.7 897.1 13.2 15.5 462.8 902.8 468.7 902.6 466.0 905.7 463.5 908.8 468.1 908.7 0.9949
878.8 914.9 10.6 12.6 881.7 918.9 886.6 919.2 884.0 921.4 881.8 923.9 885.9 924.1 0.9916
17.9 918.4 10.0 11.6 20.6 922.1 25.3 922.0 23.0 924.5 21.0 926.9 24.9 926.9 0.9893
71.3 958.0 10.8 12.7 497.7 914.0 501.4 913.7 499.9 916.0 498.4 918.2 501.4 918.1 0.9821
850.2 930.8 7.1 9.2 75.4 962.4 79.9 962.4 78.1 965.1 75.8 967.8 79.3 967.8 0.9746
398.1 960.2 8.1 10.4 852.2 934.5 855.4 934.4 854.0 936.3 852.5 938.0 855.1 938.0 0.9727
910.6 928.8 10.3 11.7 400.4 964.5 404.1 964.3 402.5 966.4 401.0 968.3 404.0 968.2 0.9665
72.7 925.5 8.9 10.8 912.6 933.6 917.4 933.4 914.7 936.1 913.4 938.3 917.1 938.1 0.9598
416.2 955.4 7.7 9.8 74.1 929.5 78.2 929.3 75.7 931.9 74.9 934.3 78.1 934.1 0.9597
288.8 977.3 9.1 10.7 418.1 959.0 421.7 959.0 419.9 961.1 418.5 963.1 421.4 963.1 0.9586
946.3 916.3 9.8 12.9 291.1 981.3 295.4 981.1 293.3 983.6 291.8 985.9 295.1 985.8 0.9562
822.5 930.6 7.5 9.7 947.7 921.0 951.8 920.9 949.1 923.5 948.3 926.2 951.6 926.0 0.9491
426.9 924.0 8.0 10.0 824.4 934.6 827.7 934.5 826.0 936.6 824.9 938.4 827.5 938.3 0.9409
389.2 954.7 7.8 9.8 428.4 927.8 431.6 927.6 429.7 929.7 429.1 931.7 431.5 931.6 0.9375
24.4 970.3 9.2 10.7 391.4 958.3 394.9 958.5 393.1 960.4 391.6 962.2 394.4 962.3 0.9252
990.7 964.9 7.3 8.9 27.3 974.4 31.4 974.3 29.6 976.8 27.8 978.9 31.0 978.8 0.9247
1005.5 988.8 7.3 8.6 992.5 968.2 995.9 968.4 994.0 970.3 992.6 972.1 995.3 972.2 0.9089
837.1 958.5 8.9 10.9 1007.4 992.0 1010.8 991.8 1009.3 993.7 1008.0 995.5 1010.8 995.4 0.8973
43.3 957.6 9.6 12.3 839.2 963.0 843.4 963.2 841.1 965.4 839.5 967.3 842.7 967.4 0.8523
1013.7 962.8 7.3 9.6 45.6 962.8 50.0 962.6 47.9 965.1 46.4 967.5 49.9 967.3 0.7973
339.6 955.7 7.6 9.3 25.4 959.0 31.4 958.8 28.6 961.9 26.2 964.8 31.0 964.7 0.7488
51.0 918.1 8.9 10.8 1015.6 966.3 1018.5 966.5 1016.7 968.3 1015.6 970.1 1017.8 970.2 0.6956
