35--Basketball/35_Basketball_basketballgame_ball_35_328.jpg
170
634.5 291.8 6.8 8.2 636.5 295.2 639.6 294.9 638.3 296.7 637.1 298.3 639.6 298.1 0.9971
188.3 422.0 10.1 14.5 195.5 427.6 197.1 427.6 197.9 430.4 195.3 433.2 196.4 433.4 0.9947
939.0 201.3 6.5 8.4 940.5 204.9 943.5 204.9 941.9 206.6 940.8 208.1 943.2 208.0 0.9944
396.5 255.5 6.6 8.1 398.3 258.6 401.4 258.7 399.8 260.2 398.5 261.7 401.0 261.7 0.9914
781.9 313.1 7.0 8.9 783.9 316.6 787.3 316.7 785.6 318.5 784.1 320.1 786.7 320.2 0.9903
510.8 327.3 8.9 11.9 516.0 331.8 518.7 331.8 518.6 334.3 516.2 336.7 518.1 336.8 0.9885
595.3 285.6 7.0 8.6 597.3 288.9 600.7 288.7 599.3 290.5 597.9 292.3 600.7 292.1 0.9879
718.0 300.9 7.6 9.1 720.1 304.3 723.4 304.4 721.7 306.2 720.4 307.8 723.0 307.8 0.9874
760.1 306.5 7.4 9.6 762.5 310.5 766.0 310.7 764.3 312.5 762.6 314.1 765.4 314.2 0.9870
536.7 247.9 5.7 7.5 538.5 250.8 541.1 250.7 540.0 252.3 538.8 253.7 540.9 253.7 0.9847
673.2 262.7 5.7 7.4 674.5 265.6 677.3 265.6 675.8 267.1 674.8 268.5 677.0 268.5 0.9833
935.2 183.6 6.0 7.2 936.2 186.1 938.5 186.0 937.0 187.6 936.7 189.1 938.4 189.0 0.9823
652.1 285.0 6.2 7.8 654.2 287.8 657.1 287.7 655.8 289.3 654.5 290.9 656.8 290.9 0.9821
757.1 214.7 6.6 8.1 759.1 217.3 762.3 217.3 760.8 219.1 759.4 220.7 762.0 220.7 0.9818
792.8 207.0 5.5 6.7 794.1 209.6 796.7 209.8 795.2 211.0 794.2 212.3 796.3 212.3 0.9795
650.7 299.4 7.2 8.4 652.2 302.6 655.6 302.4 653.8 304.2 652.8 306.0 655.5 305.8 0.9793
456.2 250.8 6.9 8.8 458.4 253.9 461.5 254.0 460.0 255.7 458.5 257.3 461.0 257.4 0.9792
509.9 661.0 10.0 18.9 517.0 667.6 517.3 667.3 519.3 670.8 517.3 674.9 517.7 675.0 0.9779
998.7 266.7 6.7 7.9 1000.5 270.0 1003.6 269.9 1002.0 271.7 1000.9 273.1 1003.4 273.1 0.9765
635.2 275.6 6.6 8.5 637.2 278.8 640.4 278.8 638.9 280.4 637.4 282.0 640.1 282.1 0.9758
619.2 273.2 6.5 8.4 620.7 276.3 623.9 276.3 622.3 278.0 620.9 279.7 623.6 279.7 0.9734
623.4 188.0 5.2 6.2 624.8 190.3 627.2 190.4 625.9 191.6 625.0 192.9 626.9 192.9 0.9721
706.9 270.7 6.4 7.9 708.5 273.6 711.5 273.6 709.9 275.2 708.7 276.7 711.2 276.7 0.9714
572.3 249.9 6.8 8.5 574.0 253.4 577.2 253.4 575.5 255.1 574.2 256.7 576.8 256.8 0.9711
772.0 200.6 6.3 7.5 774.0 203.3 776.9 203.4 775.5 205.0 774.2 206.4 776.4 206.5 0.9694
755.7 233.6 6.6 8.0 757.2 236.7 760.3 236.7 758.7 238.4 757.5 239.9 759.9 240.0 0.9675
698.8 296.5 7.0 8.7 700.4 299.3 703.4 299.6 701.3 301.2 700.4 302.9 702.7 303.1 0.9674
372.0 241.9 6.2 7.5 373.4 245.0 376.5 244.9 374.9 246.5 373.8 248.0 376.3 247.9 0.9666
495.2 258.6 6.3 7.3 496.9 261.1 499.8 260.9 498.5 262.6 497.4 264.2 499.8 264.0 0.9659
578.5 231.1 6.9 8.7 580.5 234.7 583.8 234.5 582.3 236.4 581.0 238.1 583.6 238.0 0.9651
446.4 287.3 6.6 7.3 448.0 289.9 451.2 289.6 449.8 291.5 448.7 293.1 451.2 292.9 0.9647
390.7 242.3 6.7 8.4 392.8 245.3 396.1 245.1 394.8 246.9 393.3 248.8 396.0 248.7 0.9639
794.9 276.1 6.4 7.7 797.1 278.7 799.8 279.1 798.3 280.4 796.8 281.7 799.0 282.0 0.9620
599.4 203.3 6.2 7.5 601.0 206.1 603.9 206.1 602.5 207.6 601.3 209.1 603.7 209.1 0.9620
921.7 216.8 6.3 8.0 923.0 220.0 925.8 219.9 924.4 221.5 923.5 223.1 925.8 223.0 0.9607
514.7 224.6 5.9 7.6 516.2 227.8 519.0 227.9 517.6 229.4 516.4 230.8 518.7 230.8 0.9600
610.9 254.9 6.0 7.9 612.4 257.8 615.4 257.6 614.1 259.3 613.0 261.0 615.4 260.8 0.9594
842.5 225.5 6.6 8.4 844.1 228.8 846.9 228.8 845.4 230.6 844.6 232.2 846.7 232.2 0.9581
673.1 281.8 6.8 8.5 675.1 285.1 678.3 285.1 676.7 286.8 675.4 288.5 678.0 288.5 0.9557
636.9 238.2 6.5 8.2 638.9 241.2 641.9 241.2 640.4 242.8 639.1 244.4 641.6 244.5 0.9532
563.0 230.7 6.0 7.8 564.5 233.7 567.3 233.7 565.9 235.3 564.7 236.8 567.0 236.8 0.9528
558.1 197.0 5.8 7.2 559.7 199.6 562.5 199.6 561.2 201.0 560.0 202.4 562.2 202.4 0.9522
608.5 169.6 4.8 6.0 609.6 172.0 611.8 172.0 610.6 173.2 609.8 174.4 611.6 174.4 0.9515
432.7 259.9 6.8 7.9 434.8 262.8 437.9 262.9 436.4 264.4 435.1 266.0 437.6 266.0 0.9504
647.8 255.8 6.8 8.7 649.8 259.1 653.0 259.1 651.4 260.8 650.1 262.4 652.7 262.5 0.9453
399.7 228.0 6.1 7.7 401.6 231.3 404.3 231.3 403.0 232.8 401.7 234.2 403.9 234.2 0.9440
587.0 184.6 5.4 6.7 588.4 187.2 590.9 187.2 589.7 188.6 588.6 189.9 590.7 189.9 0.9425
571.2 183.8 5.2 6.4 572.6 186.4 575.1 186.3 574.0 187.7 573.1 189.1 575.0 189.0 0.9411
948.5 221.2 6.2 7.6 950.0 224.2 953.0 224.2 951.5 225.8 950.4 227.3 952.7 227.3 0.9396
606.1 185.2 5.4 6.4 607.5 187.8 610.1 187.7 608.9 189.1 607.9 190.5 610.0 190.4 0.9381
346.7 246.1 6.1 7.9 348.9 249.3 351.5 249.3 350.3 250.8 349.0 252.3 351.1 252.4 0.9377
803.5 257.2 6.6 8.5 805.5 260.7 808.6 260.8 807.1 262.4 805.6 264.0 808.2 264.0 0.9375
614.1 234.8 6.5 8.3 615.7 238.2 618.9 238.3 617.2 240.0 615.9 241.5 618.4 241.6 0.9346
693.7 287.0 6.4 8.5 696.0 290.5 698.8 290.4 697.7 292.2 696.4 293.8 698.6 293.7 0.9335
714.0 284.9 6.8 8.7 716.0 288.1 719.2 288.1 717.7 289.8 716.3 291.5 718.9 291.5 0.9330
975.2 281.3 7.0 8.3 978.0 284.4 980.9 284.7 979.6 286.2 977.8 287.7 980.1 288.0 0.9325
786.6 183.0 6.6 8.7 788.4 186.6 791.5 186.5 789.9 188.3 788.8 189.9 791.3 189.9 0.9273
568.5 211.4 6.4 8.1 570.2 214.2 573.3 214.0 572.0 215.8 570.9 217.6 573.4 217.4 0.9247
980.6 189.2 6.1 7.5 982.5 192.0 985.0 191.9 983.9 193.5 982.9 195.0 984.9 194.9 0.9231
358.6 239.6 6.1 7.2 360.5 242.6 363.3 242.3 362.2 244.0 361.0 245.5 363.3 245.3 0.9206
688.3 339.6 8.2 11.8 689.4 344.3 691.3 344.2 689.3 346.9 690.2 349.3 691.4 349.1 0.9180
978.5 162.7 6.5 7.9 979.9 165.6 983.0 165.7 981.2 167.3 980.1 168.8 982.5 168.9 0.9171
654.8 224.2 7.1 8.6 656.6 227.6 659.9 227.6 658.3 229.3 656.9 230.9 659.6 230.9 0.9162
507.2 173.2 6.0 7.3 508.8 175.9 511.7 175.7 510.4 177.3 509.4 178.8 511.7 178.7 0.9133
974.4 263.4 6.4 7.3 975.9 266.0 978.9 265.9 977.4 267.5 976.3 269.1 978.8 269.0 0.9132
371.0 224.5 5.9 7.0 372.6 227.3 375.5 227.3 374.1 228.8 372.9 230.2 375.2 230.3 0.9128
738.8 290.4 6.5 8.3 740.5 293.3 743.7 293.4 742.1 295.0 740.7 296.6 743.3 296.6 0.9118
247.5 219.2 7.0 9.0 250.3 222.4 253.2 222.2 252.4 224.1 250.8 226.1 253.2 225.9 0.9080
290.7 226.4 6.2 7.4 292.2 229.0 295.3 229.0 293.7 230.7 292.5 232.3 294.9 232.3 0.9070
677.5 226.4 6.3 8.1 679.1 229.4 682.2 229.5 680.5 231.1 679.3 232.7 681.8 232.8 0.9045
317.7 215.9 6.1 7.1 319.6 218.4 322.3 218.4 321.1 219.9 319.9 221.3 322.1 221.2 0.8988
620.4 171.2 5.3 6.7 621.7 173.8 624.0 173.8 622.7 175.1 621.9 176.5 623.8 176.5 0.8970
915.4 201.7 6.0 7.6 916.8 204.7 919.5 204.5 918.2 206.1 917.3 207.7 919.4 207.6 0.8941
107.9 550.2 9.6 16.0 113.8 556.3 113.9 555.8 116.3 558.6 115.7 562.2 115.8 562.0 0.8915
354.0 220.3 5.8 7.0 355.3 222.7 358.2 222.7 356.7 224.3 355.6 225.8 357.9 225.8 0.8878
89.8 169.6 6.9 8.4 92.1 173.2 95.3 173.0 94.0 174.9 92.6 176.6 95.0 176.5 0.8876
617.9 292.5 5.8 7.4 619.3 295.6 621.9 295.5 620.5 297.1 619.7 298.5 621.8 298.4 0.8866
235.4 220.8 5.9 7.0 237.2 223.2 240.2 223.3 238.9 224.8 237.4 226.2 239.7 226.3 0.8866
234.6 589.2 9.2 15.2 240.6 595.0 241.8 595.1 242.9 597.5 241.2 600.5 242.2 600.7 0.8860
631.1 222.4 6.3 7.8 632.4 225.2 635.3 225.1 633.8 226.8 632.9 228.3 635.1 228.2 0.8789
412.4 358.7 9.3 12.8 418.0 363.5 418.9 362.9 420.6 365.1 419.5 368.0 420.2 367.7 0.8742
339.2 219.9 5.9 7.5 341.0 223.0 343.8 223.0 342.5 224.6 341.3 226.1 343.5 226.0 0.8718
776.2 278.1 6.4 7.4 778.0 280.7 780.9 280.7 779.5 282.3 778.3 283.9 780.6 283.9 0.8709
735.4 304.9 7.4 8.7 737.7 307.6 741.2 307.6 739.5 309.4 738.0 311.2 740.8 311.2 0.8694
276.6 226.0 6.2 7.7 278.3 228.9 281.3 229.0 279.8 230.6 278.6 232.0 281.0 232.1 0.8649
643.0 172.9 6.2 7.9 644.5 176.0 647.5 176.2 645.9 177.7 644.6 179.1 647.0 179.3 0.8628
514.0 264.1 5.8 6.9 515.6 267.0 518.5 267.0 517.0 268.6 515.9 269.9 518.2 269.8 0.8609
707.9 144.2 5.3 6.7 709.7 146.8 712.0 146.8 711.0 148.1 709.8 149.4 711.7 149.5 0.8528
69.7 173.3 6.0 7.6 71.2 176.2 74.1 176.2 72.7 177.8 71.5 179.2 73.8 179.2 0.8519
546.1 212.9 6.2 7.6 547.5 215.8 550.7 215.5 549.2 217.3 548.2 219.0 550.7 218.8 0.8518
677.1 210.0 6.6 7.8 678.7 212.9 681.9 213.1 680.1 214.7 678.8 216.2 681.4 216.4 0.8507
136.5 512.1 9.0 14.7 143.8 517.1 144.6 516.8 145.6 520.3 142.9 523.3 143.7 523.3 0.8500
986.3 206.3 5.9 6.8 987.7 208.7 990.5 208.7 989.1 210.2 988.0 211.7 990.3 211.7 0.8472
754.1 197.5 6.7 7.8 755.9 200.3 759.1 200.3 757.5 201.9 756.3 203.5 758.8 203.4 0.8448
414.0 211.7 6.6 7.7 415.8 214.2 419.0 214.3 417.3 216.0 416.0 217.5 418.5 217.6 0.8446
414.5 230.0 6.6 7.8 416.7 232.5 419.6 232.4 418.5 234.2 417.3 236.0 419.5 235.9 0.8358
586.7 220.1 5.4 7.0 588.5 222.8 590.7 222.8 589.6 224.2 588.6 225.6 590.4 225.6 0.8358
905.0 231.6 6.7 8.2 906.8 234.7 909.9 234.8 908.3 236.5 907.0 238.1 909.5 238.2 0.8343
313.5 242.8 6.5 7.6 315.6 245.5 318.7 245.4 317.4 247.0 316.0 248.7 318.5 248.7 0.8326
417.2 256.8 6.4 8.1 418.9 259.9 421.9 259.9 420.3 261.6 419.1 263.2 421.6 263.3 0.8252
551.8 177.6 6.1 7.7 553.1 181.1 555.7 181.0 554.3 182.6 553.6 184.1 555.7 183.9 0.8175
715.3 209.3 7.0 8.9 717.0 212.4 720.5 212.4 718.6 214.3 717.2 216.1 720.1 216.1 0.8174
658.5 52.1 6.1 8.1 660.6 55.4 663.4 55.3 662.2 57.1 660.9 58.7 663.1 58.7 0.8165
925.3 256.7 7.5 8.8 927.2 260.1 930.7 260.0 928.9 261.9 927.6 263.7 930.4 263.6 0.8102
247.6 237.3 5.8 6.7 249.1 239.7 251.7 239.6 250.5 241.1 249.6 242.5 251.6 242.4 0.8098
347.6 158.7 5.7 6.6 349.0 161.0 351.7 161.0 350.4 162.5 349.5 163.8 351.5 163.8 0.8090
705.0 232.5 6.4 7.2 707.2 235.1 710.0 235.1 708.8 236.7 707.5 238.2 709.6 238.2 0.7968
547.6 228.6 6.5 7.8 549.2 231.6 552.3 231.5 550.8 233.1 549.7 234.7 552.1 234.6 0.7930
370.7 250.8 6.2 7.8 372.5 253.7 375.4 253.7 374.1 255.3 372.8 256.9 375.1 256.9 0.7820
347.9 202.6 6.7 7.7 349.6 205.6 352.7 205.5 351.1 207.2 350.0 208.8 352.4 208.8 0.7782
532.1 208.8 6.7 8.0 533.6 211.5 536.7 211.4 535.0 213.3 534.2 215.1 536.6 214.9 0.7762
738.3 233.8 6.6 8.0 739.8 237.0 743.0 237.1 741.3 238.8 740.0 240.3 742.5 240.4 0.7749
691.0 196.9 6.7 8.1 692.6 200.1 695.7 199.9 694.1 201.7 693.1 203.3 695.6 203.2 0.7735
299.0 238.5 6.3 7.6 300.6 241.7 303.5 241.6 302.1 243.2 301.0 244.7 303.3 244.7 0.7718
627.9 255.3 6.2 7.7 629.5 257.9 632.1 257.9 630.8 259.3 629.8 260.9 632.0 260.8 0.7692
952.2 262.6 7.0 7.7 954.0 265.1 957.3 265.0 955.7 266.8 954.5 268.4 957.0 268.3 0.7688
58.7 531.5 8.0 12.7 63.2 536.1 64.8 535.7 65.1 538.2 63.8 540.8 65.0 540.6 0.7489
976.1 148.9 5.8 7.0 977.7 151.4 980.5 151.5 979.0 152.9 977.8 154.3 980.0 154.4 0.7455
926.1 158.5 5.6 7.3 927.5 161.1 929.9 161.4 928.5 162.7 927.4 164.1 929.3 164.3 0.7367
231.6 235.0 5.8 7.4 233.5 238.1 236.3 237.9 235.3 239.6 234.1 241.3 236.3 241.1 0.7309
591.6 167.4 5.1 6.0 593.0 169.7 595.3 169.6 594.2 170.9 593.3 172.2 595.1 172.2 0.7253
755.2 168.4 5.6 6.8 757.0 170.9 759.4 171.0 758.2 172.3 757.1 173.5 759.0 173.6 0.7252
967.7 222.2 6.9 7.9 969.7 224.9 972.6 225.1 971.0 226.7 969.7 228.1 972.0 228.3 0.7154
996.8 222.4 6.5 7.6 998.1 224.8 1001.0 224.9 999.2 226.5 998.3 228.1 1000.5 228.1 0.7139
169.6 569.4 8.8 15.8 175.7 575.1 176.3 575.2 177.5 578.1 175.8 581.3 176.4 581.5 0.7078
774.7 146.8 6.5 7.8 776.3 149.5 779.3 149.4 777.8 151.1 776.7 152.6 779.1 152.6 0.7027
709.1 253.0 5.7 6.7 710.7 255.4 713.3 255.4 712.0 256.9 710.9 258.2 712.9 258.2 0.7013
661.1 173.0 7.0 8.9 663.1 176.6 666.5 176.6 664.8 178.4 663.4 180.1 666.1 180.1 0.6940
733.1 211.2 6.8 8.9 734.5 214.5 737.6 214.3 735.9 216.3 735.0 218.2 737.5 218.1 0.6818
643.9 201.0 6.4 8.4 645.2 203.7 648.1 203.7 646.4 205.5 645.5 207.4 647.9 207.4 0.6810
647.4 186.3 6.1 7.4 649.4 188.9 652.3 189.0 651.0 190.7 649.6 192.1 651.9 192.2 0.6797
757.7 274.4 7.2 8.4 759.5 277.8 762.7 277.9 760.9 279.5 759.7 281.1 762.3 281.1 0.6738
5.4 513.7 9.0 14.3 11.7 519.1 11.9 518.7 13.5 521.2 12.0 524.3 12.2 524.2 0.6722
308.4 216.7 5.3 6.7 309.8 219.2 312.3 219.2 311.1 220.6 310.1 222.0 312.1 221.9 0.6689
682.0 175.6 5.7 7.2 683.7 178.3 686.2 178.3 684.9 179.8 683.9 181.3 685.9 181.3 0.6518
93.2 501.0 8.6 14.6 99.7 505.3 100.6 505.0 101.7 508.4 99.4 511.7 100.3 511.6 0.6464
531.9 228.5 5.9 7.4 533.4 231.3 536.1 231.4 534.6 232.8 533.6 234.3 535.8 234.3 0.6444
856.9 211.5 5.8 7.4 858.4 214.0 861.1 214.0 859.7 215.5 858.7 217.0 860.8 217.0 0.6438
725.4 252.0 6.8 8.2 727.1 255.4 730.3 255.4 728.6 257.2 727.5 258.7 730.0 258.7 0.6307
363.0 206.2 5.1 6.3 364.3 208.6 366.6 208.6 365.4 209.9 364.6 211.1 366.4 211.1 0.6288
328.8 232.8 6.5 7.9 330.4 235.6 333.5 235.7 331.8 237.4 330.6 238.9 333.1 238.9 0.6192
694.4 263.7 6.1 7.9 696.3 266.6 698.9 266.6 697.6 268.2 696.4 269.8 698.5 269.9 0.6133
767.5 168.7 5.9 7.6 768.9 171.4 771.8 171.4 770.2 173.0 769.3 174.5 771.5 174.4 0.6102
286.3 240.3 6.3 7.4 288.1 243.0 291.2 242.9 289.8 244.6 288.6 246.1 290.9 246.1 0.5942
752.4 183.7 5.7 6.9 754.0 186.3 756.8 186.3 755.5 187.8 754.2 189.2 756.4 189.2 0.5942
218.8 546.1 8.3 13.6 224.9 551.1 225.5 551.0 226.6 553.7 224.7 556.5 225.2 556.5 0.5864
20.7 478.0 9.4 13.6 26.7 483.4 28.5 482.6 28.9 486.3 27.0 489.1 28.2 488.6 0.5856
471.0 214.1 5.8 7.3 472.4 217.1 475.0 217.0 473.7 218.5 472.8 219.9 474.9 219.9 0.5849
582.9 202.1 5.9 6.8 584.5 204.5 587.4 204.5 586.0 206.0 584.8 207.4 587.1 207.4 0.5783
789.0 300.2 7.4 8.6 790.9 303.3 793.9 303.4 792.2 305.0 791.0 306.6 793.5 306.7 0.5746
284.7 559.4 8.3 14.1 290.3 563.9 290.8 563.9 291.8 566.5 290.3 569.6 290.9 569.7 0.5725
599.1 219.4 5.8 6.8 600.7 221.9 603.3 221.8 602.0 223.3 601.1 224.7 603.1 224.6 0.5707
305.2 195.8 6.5 7.8 307.0 198.8 310.1 198.8 308.6 200.4 307.4 202.1 309.9 202.1 0.5700
446.4 214.4 6.5 8.4 448.1 217.6 451.2 217.5 449.8 219.2 448.6 220.9 451.1 220.8 0.5699
284.6 208.2 6.3 7.9 286.1 211.1 289.1 211.0 287.7 212.7 286.5 214.2 289.0 214.1 0.5643
969.4 202.7 5.8 7.2 970.8 205.4 973.5 205.5 971.9 206.8 970.9 208.2 973.2 208.3 0.5635
533.1 269.6 6.8 7.4 534.6 272.0 537.7 272.3 535.7 273.9 534.6 275.3 537.0 275.5 0.5627
86.1 537.6 9.3 13.7 91.7 541.9 92.8 541.3 94.4 543.6 93.2 547.0 94.3 546.6 0.5622
714.9 180.9 6.0 7.5 717.0 183.6 719.5 183.7 718.5 185.1 717.1 186.6 719.2 186.7 0.5542
484.4 244.3 5.8 6.9 486.0 246.8 488.6 246.8 487.2 248.2 486.3 249.5 488.3 249.6 0.5372
439.3 193.7 6.8 7.8 441.1 196.3 444.4 196.2 442.8 198.0 441.6 199.6 444.2 199.5 0.5360
395.6 179.9 5.6 7.0 396.9 182.3 399.7 182.4 398.1 183.9 397.1 185.3 399.3 185.3 0.5326
153.7 220.5 5.6 6.7 155.4 222.9 158.0 222.9 156.6 224.2 155.6 225.6 157.6 225.6 0.5295
197.6 228.8 5.5 6.7 199.0 231.6 201.3 231.5 200.2 232.8 199.4 234.1 201.3 234.0 0.5244
163.6 200.7 6.0 7.3 165.4 203.4 168.1 203.4 166.8 205.0 165.7 206.5 167.7 206.5 0.5192
678.4 191.4 6.4 7.8 680.4 194.6 683.3 194.6 682.0 196.2 680.7 197.7 683.0 197.7 0.5097
100.9 158.1 5.6 7.0 102.6 160.7 105.1 160.8 103.9 162.2 102.7 163.6 104.7 163.7 0.5061
718.1 160.8 5.8 7.9 719.7 163.7 722.4 163.7 721.1 165.3 720.0 166.9 722.1 166.9 0.5049
928.9 335.1 7.9 8.8 931.2 337.9 934.5 337.9 932.8 339.7 931.5 341.4 934.2 341.4 0.5042
212.7 233.0 6.3 7.8 214.7 235.8 217.5 235.9 216.2 237.6 214.8 239.2 217.0 239.3 0.5035
