35--Basketball/35_Basketball_basketballgame_ball_35_121.jpg
61
725.0 257.2 34.3 41.4 730.6 270.5 743.1 270.3 729.9 273.8 728.3 286.2 738.2 285.9 0.9994
32.9 444.2 13.5 15.3 37.0 449.2 43.0 449.1 40.3 452.1 37.7 455.3 42.7 455.2 0.9993
177.1 455.0 13.2 17.4 181.3 462.4 187.2 462.0 184.9 465.4 182.4 468.5 187.2 468.2 0.9990
493.6 164.1 34.7 37.0 501.1 176.0 516.9 174.7 507.3 176.5 501.8 188.7 515.0 187.7 0.9989
90.9 421.2 10.8 14.0 94.1 426.2 98.9 426.0 96.8 428.9 94.8 431.7 98.7 431.6 0.9988
148.0 437.0 11.8 15.1 153.4 442.8 158.0 443.9 155.8 446.7 152.4 448.8 155.8 449.7 0.9988
113.4 466.6 15.5 19.4 118.3 473.7 125.5 474.1 121.9 478.2 118.6 481.4 124.3 481.7 0.9987
150.5 460.4 12.9 15.9 154.8 465.9 160.5 466.1 157.9 469.0 155.0 472.0 159.8 472.2 0.9987
108.9 435.7 12.5 16.4 111.7 441.9 117.6 441.7 114.6 444.8 112.4 448.0 117.4 447.8 0.9985
7.2 454.3 15.2 18.8 11.4 461.3 18.2 461.1 14.9 464.8 12.3 468.4 17.8 468.3 0.9985
148.7 404.1 10.3 13.9 152.0 409.7 156.6 409.9 154.5 412.6 152.4 415.0 155.9 415.1 0.9984
112.8 404.3 10.6 13.3 116.0 409.2 121.0 409.3 118.6 412.0 116.6 414.6 120.3 414.7 0.9984
63.9 443.7 12.5 15.3 67.4 448.9 73.2 448.8 70.3 452.0 67.9 455.3 72.5 455.2 0.9982
193.3 425.7 11.1 13.7 198.4 430.7 202.9 430.9 201.6 433.7 198.8 436.3 202.1 436.5 0.9981
124.9 419.6 11.5 14.7 128.4 424.8 133.7 424.6 131.4 427.5 129.1 430.8 133.4 430.6 0.9977
50.1 404.4 11.5 15.0 54.2 409.9 59.2 410.0 57.1 412.8 54.6 415.8 58.6 415.8 0.9976
31.6 422.5 10.7 14.3 34.9 428.5 40.0 428.3 37.7 431.2 35.5 433.9 39.4 433.8 0.9975
283.6 323.2 22.9 28.4 291.7 332.8 301.7 332.5 298.6 336.6 294.0 343.5 301.7 343.4 0.9973
178.4 394.6 10.8 13.8 181.7 400.0 186.3 399.6 184.3 402.4 182.6 405.3 186.2 405.0 0.9968
77.4 393.9 9.9 12.4 80.5 398.6 85.0 398.4 83.3 401.0 81.5 403.5 84.9 403.3 0.9965
314.0 445.9 11.3 13.8 317.1 450.9 322.2 451.1 319.6 453.7 317.6 456.3 321.6 456.5 0.9963
338.6 443.5 10.6 14.6 342.3 449.6 346.9 449.7 344.9 452.3 342.7 454.9 346.2 455.0 0.9960
174.0 442.5 11.1 13.6 178.3 448.1 183.3 447.7 181.6 450.7 179.3 453.4 183.0 453.1 0.9960
627.8 120.0 30.2 40.9 639.9 132.7 643.1 135.5 634.3 138.5 633.4 147.0 635.4 149.1 0.9957
327.0 455.4 12.8 15.3 332.7 461.2 337.5 460.3 337.0 463.2 334.8 467.2 338.3 466.5 0.9957
217.2 476.5 11.9 14.7 221.6 482.2 226.9 482.0 225.0 484.9 222.6 488.0 226.6 487.9 0.9956
557.5 398.5 14.6 20.1 561.3 406.6 567.4 406.5 564.1 410.4 561.9 413.8 567.0 413.7 0.9956
9.0 403.6 12.1 15.6 13.5 409.9 18.8 409.6 16.9 412.8 14.5 415.9 18.4 415.7 0.9954
9.7 385.7 12.0 14.0 13.6 390.9 18.9 390.2 17.2 393.0 15.2 396.3 19.2 395.8 0.9940
0.6 424.2 10.8 13.5 3.7 428.4 9.0 428.5 6.6 431.2 4.3 434.3 8.5 434.4 0.9938
82.0 408.8 10.7 13.4 86.0 414.9 90.4 413.8 89.4 416.7 87.9 419.7 91.0 418.8 0.9912
203.4 441.1 10.8 14.5 206.9 446.4 211.8 446.2 209.7 448.9 207.5 451.9 211.5 451.8 0.9905
52.2 391.2 9.8 11.8 56.0 396.0 60.4 396.0 58.6 398.6 56.4 400.7 59.8 400.7 0.9893
157.5 375.4 9.2 11.4 160.6 379.5 164.6 379.6 162.8 381.8 160.8 384.0 164.0 384.1 0.9859
121.3 360.4 8.6 10.8 123.4 364.0 127.3 364.0 125.2 366.1 123.7 368.3 126.9 368.3 0.9845
222.3 428.7 11.3 14.7 226.3 434.6 231.3 434.5 229.3 437.7 227.0 440.5 230.7 440.4 0.9845
59.3 331.3 7.4 9.4 61.6 335.0 64.7 335.1 63.1 336.8 61.7 338.4 64.3 338.5 0.9827
206.1 399.0 9.7 12.3 209.2 403.6 213.6 403.7 211.5 406.2 209.6 408.5 213.0 408.6 0.9797
183.4 380.8 8.6 9.7 186.0 384.0 190.0 384.1 188.0 386.1 186.3 388.0 189.5 388.1 0.9722
67.1 425.3 9.7 12.5 71.1 430.6 75.3 430.4 73.8 433.0 71.7 435.5 74.8 435.4 0.9703
363.3 457.8 11.1 13.7 366.0 462.7 370.9 462.7 368.4 465.7 366.9 468.4 370.6 468.3 0.9647
323.2 434.7 8.6 11.7 326.0 439.5 329.3 439.4 327.9 441.7 326.6 443.9 329.1 443.8 0.9591
157.8 429.2 10.4 12.8 160.1 433.5 165.4 433.3 162.8 436.2 160.9 439.0 165.2 438.9 0.9528
378.6 427.7 8.1 9.9 380.8 431.4 384.3 431.3 382.6 433.3 381.2 435.3 384.1 435.2 0.9501
234.0 397.1 9.4 12.3 236.4 401.9 240.7 401.7 238.6 404.3 237.2 406.7 240.5 406.5 0.9397
224.8 380.3 7.7 9.8 227.1 383.8 230.5 383.8 228.8 385.7 227.3 387.5 230.1 387.6 0.9303
6.3 332.8 9.6 11.2 10.1 337.1 14.0 336.7 12.9 339.3 11.2 341.7 14.1 341.4 0.9222
83.9 315.3 8.8 10.5 86.6 319.0 90.5 319.6 88.2 321.6 86.5 323.3 89.3 323.7 0.9027
191.9 411.5 10.0 12.3 195.0 416.3 199.9 416.5 197.5 419.1 195.4 421.4 199.0 421.6 0.8585
150.0 356.6 9.4 12.3 152.3 361.0 156.7 361.0 154.5 363.6 152.9 366.1 156.2 366.0 0.8322
53.9 301.3 6.0 8.2 57.3 304.7 58.8 304.4 59.0 306.0 57.7 307.6 58.7 307.5 0.7970
23.3 288.0 9.0 11.3 26.3 292.6 30.0 292.5 28.3 294.6 26.6 296.7 29.6 296.7 0.7940
177.3 352.9 7.2 9.2 179.2 356.5 182.3 356.4 180.6 358.3 179.6 360.2 182.0 360.1 0.7666
7.8 296.3 10.7 13.7 10.8 301.8 15.5 302.1 12.9 304.6 11.0 307.0 14.5 307.2 0.7585
68.5 368.4 11.9 15.4 71.7 375.3 76.8 374.8 74.6 378.5 73.4 381.3 77.2 380.9 0.7236
105.0 336.2 7.0 8.6 108.1 339.6 110.6 339.3 110.1 341.0 108.7 342.8 110.6 342.6 0.7116
922.2 446.6 9.1 11.6 924.0 450.3 927.9 450.8 925.1 453.0 923.9 455.5 926.8 455.8 0.6820
122.1 320.2 8.5 10.9 124.7 324.6 128.4 324.5 126.7 326.7 125.3 328.9 128.1 328.8 0.6756
259.1 342.7 7.0 8.7 261.1 346.3 264.2 346.3 262.7 348.0 261.5 349.6 264.0 349.5 0.6738
125.3 334.9 7.9 9.9 127.2 339.1 130.7 339.0 128.8 341.1 127.8 343.0 130.5 342.9 0.6472
355.9 426.6 9.7 11.5 358.8 430.7 363.1 430.9 360.8 433.0 359.0 435.1 362.4 435.3 0.5216
