35--Basketball/35_Basketball_basketballgame_ball_35_143.jpg
9
833.6 484.7 19.5 25.2 838.1 492.2 845.3 495.7 838.1 497.8 835.4 501.7 840.8 504.3 0.9994
29.1 370.2 21.8 27.4 38.4 379.5 47.7 379.0 45.7 383.6 40.8 390.4 47.9 390.0 0.9993
102.1 408.7 16.3 20.9 108.3 416.3 115.7 416.2 113.3 420.0 109.6 424.5 115.2 424.5 0.9990
906.5 369.9 20.6 25.1 911.4 378.0 920.6 378.3 915.3 383.2 911.9 387.9 919.4 388.1 0.9985
483.3 194.6 26.7 34.2 500.1 207.1 505.7 211.3 503.2 215.5 493.9 217.4 499.1 220.9 0.9983
969.5 388.0 18.1 23.1 973.4 396.2 981.5 396.0 976.7 399.8 974.0 404.9 980.6 404.8 0.9983
804.8 370.5 17.8 23.6 809.8 378.6 817.8 379.1 813.5 382.3 810.1 387.4 816.5 387.7 0.9982
723.1 404.9 17.8 20.0 727.1 411.3 735.5 412.1 730.2 415.0 727.0 419.0 733.6 419.7 0.9960
237.3 294.1 21.3 26.0 248.7 302.2 249.1 300.8 254.8 304.0 254.7 311.8 254.9 311.3 0.9953
