35--Basketball/35_Basketball_basketballgame_ball_35_282.jpg
35
657.4 119.8 22.0 26.3 666.4 130.7 676.2 129.6 673.3 134.9 668.2 140.1 675.8 139.3 0.9994
699.7 131.3 23.4 28.9 708.1 143.0 718.2 144.9 712.8 149.8 707.3 153.3 715.1 154.9 0.9993
871.7 117.2 26.4 32.4 875.7 129.3 886.9 128.0 878.8 132.3 876.5 141.1 885.5 140.1 0.9991
628.2 99.7 14.4 18.1 633.0 106.2 639.6 106.3 636.7 109.7 633.3 113.1 638.8 113.3 0.9990
579.0 201.2 13.5 17.6 582.1 208.0 588.3 207.7 585.3 211.2 583.1 214.5 588.3 214.3 0.9988
478.8 109.4 12.0 16.4 482.3 116.3 487.7 116.4 485.0 119.8 482.6 122.3 487.0 122.5 0.9985
577.0 113.0 13.1 16.8 581.6 119.1 587.4 119.3 584.8 122.8 581.8 126.0 586.4 126.1 0.9983
1004.5 238.7 15.3 19.4 1008.6 245.7 1015.5 245.2 1012.1 249.0 1009.6 253.3 1015.0 252.9 0.9980
793.1 86.2 12.9 16.3 795.7 92.2 801.5 91.6 798.4 94.6 796.8 98.5 801.6 97.9 0.9971
536.3 207.4 12.9 17.1 540.2 214.4 546.4 214.1 543.8 217.8 541.3 221.0 545.8 220.8 0.9965
856.4 88.6 11.7 15.0 859.1 94.5 864.6 94.2 861.9 97.4 859.9 100.1 864.5 99.8 0.9952
945.0 84.5 11.7 15.3 948.0 91.0 953.6 90.5 951.0 93.8 949.2 96.9 953.5 96.5 0.9951
460.0 144.1 13.5 16.5 463.3 150.7 469.6 149.6 466.9 153.4 465.0 157.0 470.0 156.1 0.9945
958.7 183.6 12.1 14.8 961.8 188.8 968.0 188.8 965.0 192.1 962.7 195.2 967.3 195.1 0.9920
707.2 13.2 11.8 14.4 709.8 17.4 715.1 17.3 712.0 20.4 710.3 23.7 714.5 23.6 0.9919
542.6 54.5 11.8 15.4 547.2 60.7 552.2 60.1 550.6 63.1 548.5 66.3 552.3 65.9 0.9913
424.4 107.4 13.3 16.9 428.5 114.7 434.3 115.1 431.5 118.3 428.9 120.9 433.4 121.2 0.9907
506.1 202.1 11.8 15.9 510.4 208.4 515.6 208.0 513.8 211.6 511.4 214.8 515.2 214.6 0.9895
471.5 30.8 11.8 15.8 475.4 36.7 480.9 36.9 478.5 40.2 476.0 43.2 480.0 43.4 0.9892
438.7 63.7 11.0 14.4 440.8 68.4 445.0 68.3 442.1 71.3 441.3 74.5 444.4 74.4 0.9872
903.7 81.9 13.2 16.5 908.0 86.6 914.3 87.1 911.5 89.7 908.2 93.5 913.8 93.9 0.9858
916.9 59.0 11.8 15.6 920.2 65.4 925.8 64.8 923.5 68.0 921.4 71.1 925.9 70.6 0.9848
406.8 56.4 12.3 16.0 411.0 62.8 416.8 62.7 414.4 66.4 411.9 69.5 416.1 69.5 0.9841
758.6 87.0 12.8 16.6 761.9 93.2 768.1 93.1 765.0 96.6 762.6 99.8 767.7 99.7 0.9839
819.8 171.4 13.5 17.4 825.1 178.9 830.5 178.8 828.4 182.1 825.6 185.2 829.8 185.3 0.9816
638.3 202.1 12.0 17.1 643.8 208.8 647.4 207.7 647.7 211.1 646.1 215.4 648.7 214.7 0.9782
495.9 55.1 10.5 12.3 499.2 59.0 504.0 59.1 501.8 61.9 499.7 64.5 503.3 64.6 0.9719
993.8 196.5 14.8 19.6 998.5 205.4 1004.9 205.0 1002.0 209.2 999.4 212.8 1004.3 212.6 0.9449
478.8 8.2 10.2 11.9 480.2 12.4 484.8 12.7 481.8 15.4 480.7 17.7 483.9 17.8 0.9132
931.2 199.9 12.9 18.5 935.1 206.8 941.3 206.9 938.5 210.8 935.6 214.3 940.5 214.4 0.9089
422.3 29.1 11.9 13.6 426.2 33.2 431.4 33.1 429.2 35.9 427.0 39.1 430.8 39.1 0.8856
916.9 130.0 13.4 16.8 923.8 135.0 929.0 135.3 927.4 138.8 923.4 142.2 927.1 142.6 0.8807
962.4 131.8 10.4 13.3 964.4 137.1 969.0 137.0 966.3 139.8 965.2 142.5 968.7 142.4 0.8294
789.9 7.0 10.6 14.0 792.2 12.2 796.3 12.1 793.7 14.8 792.9 17.7 796.1 17.5 0.8183
508.4 35.3 10.0 11.8 510.6 39.0 515.4 39.0 512.7 41.7 511.1 44.1 514.8 44.2 0.5793
