35--Basketball/35_Basketball_playingbasketball_35_861.jpg
14
376.0 406.5 92.0 116.6 390.8 447.4 428.7 446.9 393.2 454.7 384.7 488.3 415.9 488.2 0.9996
747.1 882.9 30.9 42.8 752.2 903.3 761.8 901.1 755.9 910.5 757.5 918.3 764.4 916.3 0.9982
839.8 875.1 30.5 39.8 847.8 891.8 860.3 891.8 853.4 899.4 849.1 906.6 859.1 906.5 0.9971
871.2 912.4 34.0 45.3 880.0 931.1 893.6 929.6 887.5 939.3 883.8 947.9 894.3 946.8 0.9872
628.0 844.0 29.6 40.1 634.4 860.1 648.0 860.2 640.6 868.7 636.6 876.4 646.2 876.4 0.9854
566.2 840.4 23.9 29.2 571.9 849.9 583.0 850.3 576.9 857.0 572.9 862.8 581.2 863.1 0.9766
911.5 770.1 29.7 38.2 917.6 785.0 931.1 786.1 922.5 793.7 917.9 800.9 928.4 801.5 0.9676
892.8 849.4 29.2 37.3 898.8 865.5 911.2 864.0 904.8 872.9 902.7 880.5 912.0 879.3 0.9272
888.4 777.9 25.9 39.1 899.6 793.3 911.0 793.2 907.0 801.3 900.0 808.8 908.9 809.0 0.9015
185.2 785.4 28.1 33.5 195.0 795.3 207.2 795.5 202.3 803.1 195.9 810.6 205.3 810.9 0.8695
866.1 667.7 20.2 22.4 871.2 675.5 880.6 675.2 875.7 680.3 872.6 685.2 879.9 685.0 0.8444
261.2 741.6 20.2 25.2 265.4 749.0 274.7 749.2 269.5 754.3 266.6 760.2 273.7 760.3 0.8129
702.3 617.1 19.1 25.8 716.7 625.8 719.3 626.6 719.7 632.1 714.2 636.3 716.1 637.3 0.7827
203.5 794.9 20.2 24.3 209.9 803.3 218.0 803.9 213.9 809.3 210.3 814.2 216.2 814.6 0.5747
