35--Basketball/35_Basketball_basketballgame_ball_35_835.jpg
100
153.3 664.9 47.5 57.9 171.5 682.3 190.9 690.9 178.0 697.6 164.9 704.6 179.6 711.5 0.9997
371.5 236.7 97.5 133.6 392.2 285.2 439.1 283.8 412.5 306.0 398.3 337.1 432.6 335.9 0.9993
950.6 548.8 32.7 41.7 953.5 563.7 962.8 562.5 954.2 572.4 957.7 582.0 964.0 580.5 0.9990
23.0 643.3 55.7 68.1 39.1 667.1 64.8 667.6 53.0 676.2 42.6 692.4 63.0 692.7 0.9988
0.0 450.1 27.4 37.8 4.9 465.3 18.8 462.7 13.5 471.1 9.2 479.8 19.9 477.8 0.9986
121.3 209.5 25.9 32.0 126.8 220.8 139.1 220.1 132.5 225.9 128.4 233.2 138.2 232.7 0.9984
601.2 141.4 90.5 115.7 612.9 187.8 652.0 180.1 626.4 206.4 623.2 233.1 652.4 226.8 0.9984
47.4 532.6 36.0 50.6 55.3 552.7 72.2 552.6 63.1 563.5 57.9 572.4 70.2 572.3 0.9981
72.4 592.7 40.8 53.5 85.0 617.2 103.5 614.3 96.4 625.6 89.9 635.8 103.4 633.6 0.9981
52.8 377.1 30.8 37.3 60.3 391.7 74.2 389.5 68.2 396.6 63.7 404.8 75.4 403.1 0.9978
490.9 238.1 22.4 30.2 496.7 248.7 507.9 248.0 502.8 253.9 498.2 260.4 507.7 259.9 0.9977
306.0 81.4 20.9 27.8 311.5 92.7 321.4 92.1 316.9 97.6 313.1 102.9 321.3 102.5 0.9976
346.9 103.5 22.5 28.8 355.6 113.8 365.7 113.7 362.4 118.9 357.1 124.9 365.3 124.8 0.9976
491.7 149.8 21.1 26.4 498.1 159.8 507.6 159.1 503.7 164.7 499.9 170.2 507.6 169.7 0.9975
896.7 496.3 33.0 43.5 908.3 514.1 922.6 513.0 917.6 521.2 911.6 529.9 922.2 529.0 0.9973
237.5 320.7 28.8 36.5 245.7 334.0 259.0 332.3 253.7 339.5 249.0 348.1 259.2 346.9 0.9971
914.8 445.4 28.4 33.7 921.9 456.8 934.6 455.4 928.8 462.6 924.5 470.6 934.8 469.5 0.9964
86.5 416.2 33.1 38.2 103.0 436.8 113.8 437.3 109.5 446.3 100.0 449.7 106.4 450.4 0.9961
553.7 244.3 23.1 30.4 558.4 255.4 568.7 254.7 563.1 260.9 560.0 267.0 568.4 266.4 0.9961
46.6 250.7 22.9 31.5 53.7 262.1 64.6 262.5 59.5 267.9 54.6 274.2 63.5 274.5 0.9959
271.2 223.6 22.7 31.2 275.9 235.2 286.5 234.6 280.9 241.2 277.6 247.4 286.3 246.9 0.9955
808.3 148.3 17.8 23.5 812.8 156.6 821.3 156.8 816.9 161.4 813.2 166.0 820.3 166.2 0.9955
557.3 100.2 19.2 25.4 562.9 109.8 571.8 109.6 567.8 114.3 564.2 119.3 571.1 119.3 0.9954
320.7 196.3 25.0 31.5 327.2 209.0 338.5 208.8 333.1 214.9 328.6 220.9 337.8 220.7 0.9954
521.3 95.3 20.1 26.7 527.4 106.5 536.9 106.8 532.3 112.5 528.0 116.8 535.0 117.1 0.9953
975.9 505.9 28.5 34.3 983.6 518.9 996.4 516.4 991.8 523.8 987.9 532.0 997.9 530.0 0.9950
79.7 269.9 27.2 35.9 87.2 282.4 100.4 282.1 94.1 289.7 89.1 297.2 99.1 297.0 0.9947
176.8 401.3 30.6 41.0 185.4 419.3 199.7 418.0 193.1 426.3 188.2 433.9 198.6 433.0 0.9943
285.4 57.2 17.5 22.5 291.6 65.5 299.6 65.4 296.7 69.8 292.8 74.3 299.0 74.3 0.9942
303.1 249.8 25.9 32.0 311.1 261.7 322.8 261.6 317.3 268.6 312.5 274.7 321.5 274.6 0.9940
392.4 83.3 20.0 25.4 399.2 93.1 408.7 93.6 404.4 98.4 399.8 102.9 407.0 103.4 0.9940
808.0 202.3 19.9 25.3 813.2 212.3 823.1 212.3 818.3 217.7 814.3 222.6 822.1 222.6 0.9939
50.0 204.1 24.4 31.0 60.3 215.2 70.8 216.0 66.9 222.3 60.9 227.7 68.7 228.5 0.9934
772.5 146.7 17.3 23.9 776.8 156.2 785.3 155.4 781.5 160.6 778.7 165.7 785.0 165.1 0.9933
787.6 173.7 18.1 23.4 793.2 183.2 801.2 183.1 797.6 187.7 794.1 192.0 800.4 192.0 0.9932
407.8 150.8 18.9 25.1 413.7 160.3 422.1 160.6 418.2 165.3 414.2 169.9 421.0 170.2 0.9930
172.5 30.4 21.9 29.4 180.4 42.1 190.3 40.3 187.8 46.0 183.7 53.1 191.1 51.9 0.9926
730.3 167.2 20.1 25.5 736.4 177.2 745.4 175.9 742.2 181.4 739.2 187.0 746.0 185.9 0.9923
303.7 319.2 21.6 29.7 308.4 330.7 318.2 329.4 313.7 336.5 310.9 342.4 318.7 341.3 0.9915
415.0 71.0 19.2 25.7 421.1 81.1 430.2 80.8 426.1 85.9 422.6 91.4 429.4 91.2 0.9912
299.1 158.5 23.3 28.6 304.8 167.4 316.0 167.7 310.0 173.0 305.8 179.4 314.6 179.6 0.9908
976.8 363.1 27.2 32.0 984.7 377.4 996.8 374.8 992.4 381.9 988.9 389.1 997.7 387.1 0.9906
159.7 336.1 28.7 36.9 167.3 350.3 180.9 349.5 174.7 357.7 169.2 364.4 180.6 363.8 0.9904
395.4 113.8 22.5 29.5 402.2 124.8 413.1 124.3 408.4 130.2 403.9 136.6 412.4 136.3 0.9885
358.2 61.4 19.0 23.9 362.1 69.9 371.6 69.9 366.5 74.8 363.0 79.8 370.8 79.8 0.9879
213.2 126.6 21.2 29.7 218.4 137.7 228.5 137.5 223.5 144.0 219.7 149.5 228.0 149.3 0.9867
539.7 177.8 20.1 24.9 545.3 187.7 554.2 187.1 550.5 192.5 547.1 197.3 554.1 196.9 0.9867
891.8 176.9 18.3 25.4 897.5 187.1 905.8 186.7 902.3 191.9 899.1 196.8 905.3 196.5 0.9865
868.5 209.5 19.0 25.7 873.9 219.8 882.7 219.6 878.7 224.6 874.9 229.4 882.0 229.3 0.9861
237.4 179.4 20.9 26.5 242.6 189.9 252.9 189.5 248.0 195.2 244.3 200.2 252.0 199.9 0.9860
175.5 206.8 22.2 30.9 182.0 218.6 192.8 218.8 187.4 225.1 182.8 230.7 191.2 230.8 0.9855
530.2 276.8 20.1 27.8 537.0 288.8 545.6 288.5 542.2 293.7 538.1 298.6 545.1 298.5 0.9848
219.6 235.1 21.1 27.9 224.3 245.7 234.1 245.7 228.6 251.4 225.4 256.8 232.7 256.8 0.9847
45.4 460.4 27.5 33.3 54.2 472.7 65.4 472.0 60.7 479.0 56.3 486.2 65.1 485.8 0.9843
885.7 104.8 17.4 22.2 890.6 112.8 899.1 112.6 895.3 117.0 891.9 121.9 898.4 121.8 0.9840
173.1 156.4 21.1 30.2 179.2 167.4 189.3 168.1 183.9 173.8 179.3 179.5 187.3 180.0 0.9839
243.5 209.4 19.3 28.2 250.1 220.5 256.8 218.7 255.6 225.2 253.9 231.7 258.7 230.4 0.9839
560.9 308.4 22.8 30.3 573.1 318.5 580.1 318.4 579.7 324.5 574.6 331.0 579.6 331.1 0.9837
961.5 451.7 28.3 36.9 972.4 466.7 983.8 466.1 979.9 473.6 974.2 480.5 983.0 480.2 0.9824
472.6 64.5 18.3 23.4 477.8 72.4 486.5 72.3 482.3 76.8 478.6 82.0 485.7 81.9 0.9813
233.1 110.7 20.4 28.2 239.7 120.3 248.5 119.8 244.7 125.5 241.1 131.9 248.2 131.5 0.9792
849.7 173.7 17.3 24.0 855.1 182.2 863.3 182.5 859.5 187.8 855.8 192.2 862.1 192.5 0.9788
952.5 112.3 17.4 23.9 958.5 121.3 966.6 121.4 963.3 126.2 959.2 130.8 965.5 130.9 0.9783
128.1 65.5 20.3 28.5 133.3 76.9 142.8 77.0 137.6 83.3 134.5 88.3 141.5 88.3 0.9743
933.8 363.9 24.0 31.4 940.9 376.2 952.0 376.7 946.6 383.2 941.9 388.8 950.0 389.2 0.9735
538.0 222.7 18.3 25.6 543.8 233.2 552.2 232.9 548.6 238.2 545.3 243.2 551.4 243.0 0.9723
471.6 298.6 25.0 33.7 478.1 312.3 489.3 312.5 483.1 319.9 479.5 325.5 487.6 325.6 0.9700
138.3 100.4 20.3 24.3 141.3 109.5 150.1 108.2 145.0 113.1 143.4 118.8 150.3 117.7 0.9699
532.7 336.2 21.7 29.1 539.1 348.5 548.8 347.7 544.9 353.9 541.3 359.5 548.5 358.9 0.9691
255.1 299.6 23.6 30.6 265.0 311.7 274.9 312.5 270.9 318.4 265.1 323.5 272.5 324.3 0.9691
554.4 620.3 31.7 36.8 563.3 636.4 577.1 634.2 571.9 642.5 568.1 649.8 577.9 648.1 0.9677
511.1 176.1 19.7 26.7 518.5 186.8 527.7 186.0 524.9 192.1 520.8 197.4 527.4 196.9 0.9670
148.6 246.7 23.1 31.5 157.5 259.4 167.6 258.9 163.7 266.0 159.0 272.0 166.5 271.8 0.9640
191.2 67.2 19.4 27.0 199.2 76.9 207.0 76.5 204.6 82.0 200.4 87.4 206.7 87.2 0.9616
244.5 67.8 20.2 27.2 251.7 77.8 261.0 76.8 258.0 82.6 254.0 88.8 261.2 88.1 0.9607
19.2 109.2 22.4 26.7 26.8 117.9 36.7 116.7 33.4 123.6 29.4 129.7 36.6 128.9 0.9593
390.9 197.9 21.4 26.2 395.8 208.1 406.1 207.8 400.6 213.0 397.2 218.6 405.0 218.2 0.9586
440.8 182.1 21.4 27.0 450.2 192.2 457.8 191.1 456.5 197.5 452.4 203.9 458.0 203.3 0.9565
350.1 324.0 24.9 31.0 354.6 337.5 366.2 337.6 359.4 344.1 356.5 349.3 364.6 349.1 0.9528
453.5 104.6 18.6 23.3 459.4 114.5 467.7 113.8 464.3 118.9 461.0 123.6 467.6 123.2 0.9512
356.5 141.4 20.1 26.8 364.4 152.1 372.4 151.4 370.1 157.0 366.1 162.5 372.2 162.1 0.9481
608.9 81.1 19.4 25.2 617.8 92.1 625.5 92.3 622.9 98.0 618.2 101.8 623.6 102.1 0.9480
145.4 440.5 31.5 42.1 162.3 456.4 171.0 456.1 171.0 462.7 164.6 471.8 170.6 472.0 0.9378
220.3 262.2 19.9 28.8 223.7 274.1 232.2 272.7 227.8 279.4 226.9 285.4 233.0 284.1 0.9335
911.8 239.0 23.0 29.2 920.3 251.4 930.2 250.5 926.7 257.8 921.9 262.9 929.3 262.4 0.9308
515.9 126.7 22.1 30.4 521.8 138.8 532.5 139.3 527.0 145.0 522.6 150.7 530.7 151.0 0.9302
337.0 297.4 16.3 20.0 342.4 305.4 349.1 304.5 346.9 309.1 344.2 313.3 349.5 312.7 0.9297
265.3 596.4 45.8 55.9 273.5 619.1 287.9 613.6 280.6 627.6 282.6 640.2 293.8 635.4 0.9262
108.0 467.3 28.0 35.4 117.5 481.5 129.3 479.0 126.5 487.4 122.1 495.4 131.2 493.6 0.9158
75.6 77.3 23.3 31.9 82.5 88.4 92.8 88.0 88.0 94.7 83.6 101.3 92.1 101.0 0.9113
155.7 302.1 24.2 29.4 162.8 315.9 174.2 313.0 170.8 321.1 167.6 327.1 175.9 324.9 0.9008
743.7 195.1 20.9 25.9 749.4 204.2 759.3 204.6 754.6 210.2 750.4 215.4 757.8 215.7 0.8871
959.2 397.0 27.3 36.0 968.5 411.2 978.1 408.4 976.6 416.0 973.8 424.5 980.6 422.4 0.8225
7.2 64.5 18.3 25.1 12.7 72.9 21.6 73.2 17.5 78.1 13.8 83.6 20.4 83.8 0.8044
562.7 151.9 21.1 26.1 566.1 163.3 575.5 161.5 570.9 168.0 569.6 173.6 576.3 172.0 0.8026
275.8 136.7 19.2 26.8 596.5 309.8 606.3 309.5 601.8 315.4 598.4 321.1 605.8 320.9 0.7453
513.7 79.1 18.7 21.9 281.4 145.1 291.3 145.7 286.5 151.0 281.8 156.9 289.6 157.4 0.6427
167.1 123.6 22.8 29.3 244.4 75.0 254.0 71.4 252.1 78.6 249.6 86.1 256.8 83.4 0.6256
985.2 140.4 19.3 27.0 702.6 177.0 711.2 178.3 707.6 183.5 701.8 188.5 709.7 189.6 0.6163
44.9 25.7 19.8 26.1 19.1 536.7 29.1 536.4 25.5 543.0 20.3 549.5 28.0 549.5 0.5118
