35--Basketball/35_Basketball_basketballgame_ball_35_805.jpg
108
903.8 498.2 21.5 27.4 908.1 509.8 918.1 508.7 913.5 514.3 910.6 519.4 918.9 518.6 0.9999
794.2 505.4 22.6 28.3 798.6 516.1 807.9 516.9 801.4 521.6 798.5 526.4 806.3 526.8 0.9996
881.9 427.8 13.4 16.8 885.6 433.9 892.0 433.9 888.8 437.1 886.1 440.3 891.4 440.3 0.9994
954.6 415.4 17.9 20.8 957.0 421.1 964.3 421.2 959.0 425.9 957.9 430.6 963.5 430.6 0.9993
554.7 475.3 13.5 16.9 558.8 481.9 564.9 481.5 562.3 484.9 559.8 488.2 564.8 487.9 0.9993
865.2 464.9 16.1 18.9 868.7 471.4 876.1 471.6 871.6 475.0 868.8 478.7 874.9 478.8 0.9992
492.1 474.6 13.6 17.8 496.1 481.7 502.3 481.7 499.3 485.1 496.6 488.2 501.6 488.3 0.9991
861.8 503.3 21.1 26.7 866.0 514.2 873.9 514.2 868.6 518.8 866.7 523.6 873.2 523.5 0.9991
544.3 506.9 18.9 24.1 547.7 516.7 555.7 516.2 551.0 521.3 549.4 525.8 555.6 525.4 0.9991
535.2 435.5 13.2 15.7 538.7 441.9 544.5 441.4 541.8 444.8 539.9 447.8 544.3 447.5 0.9991
491.7 509.3 17.6 22.2 494.8 518.1 501.4 516.8 497.7 522.6 497.4 527.2 502.3 526.0 0.9991
836.1 468.4 16.1 20.1 838.8 475.4 845.6 475.2 841.1 478.6 839.5 483.1 845.0 482.9 0.9990
896.8 434.1 15.0 17.4 900.9 440.4 908.0 439.8 904.8 443.3 902.2 447.3 907.7 446.8 0.9989
577.0 486.3 19.7 24.8 581.9 495.8 590.9 496.0 586.1 500.2 582.5 504.6 590.1 504.7 0.9987
916.9 371.9 12.8 15.7 920.5 377.3 926.5 376.9 923.9 380.3 921.7 383.7 926.4 383.4 0.9987
298.8 447.9 23.3 29.7 306.8 457.4 317.3 456.5 313.5 463.0 308.6 469.4 317.3 468.7 0.9986
944.4 529.9 24.5 31.3 949.5 543.6 960.2 541.1 955.4 549.1 953.1 554.8 962.0 552.9 0.9986
464.6 476.9 14.1 16.3 468.8 482.3 475.1 482.9 471.6 485.8 468.6 488.9 473.7 489.3 0.9985
165.6 492.8 15.4 19.2 169.0 501.1 175.8 500.4 172.3 504.2 170.6 508.1 175.6 507.5 0.9984
335.2 474.4 12.8 16.8 337.9 481.0 343.4 481.3 339.9 484.4 338.1 487.3 342.6 487.5 0.9983
807.5 469.7 17.3 20.6 812.0 476.7 819.5 476.9 815.3 480.7 812.5 485.1 818.2 485.3 0.9982
172.9 472.6 13.7 16.5 176.4 479.0 182.4 479.0 179.2 482.4 177.0 485.5 181.5 485.5 0.9981
188.7 503.4 14.1 18.2 192.4 510.5 198.5 510.5 195.3 514.6 193.3 517.7 197.8 517.7 0.9980
955.8 495.6 23.8 29.2 959.3 506.7 969.3 506.6 962.4 512.4 960.9 518.0 968.0 517.8 0.9980
409.6 465.6 48.6 59.7 421.4 486.4 443.4 481.7 435.2 495.6 430.5 511.0 446.4 507.0 0.9977
659.0 164.3 47.6 58.1 667.5 181.7 683.8 182.9 667.0 188.4 662.6 204.2 674.7 205.2 0.9972
961.3 457.4 16.3 20.1 964.6 464.7 972.0 463.1 968.7 468.1 966.6 472.8 972.8 471.5 0.9969
530.8 478.1 14.1 16.7 534.0 484.4 540.7 484.6 537.0 487.9 534.5 491.2 539.9 491.3 0.9968
592.4 471.7 13.7 18.3 595.5 478.8 601.5 479.0 597.9 482.5 595.9 485.9 600.5 486.0 0.9967
211.9 501.7 13.5 17.7 215.7 509.6 221.7 509.1 219.1 512.9 217.0 516.1 221.7 515.8 0.9962
49.2 451.8 13.1 16.9 52.9 457.9 58.9 458.8 55.3 461.4 52.7 464.4 57.2 465.1 0.9960
810.8 398.6 11.0 14.1 813.0 403.8 818.3 403.9 815.2 406.2 813.2 409.1 817.6 409.1 0.9958
778.6 406.2 11.0 12.9 781.0 411.4 786.0 410.9 783.5 413.5 782.1 416.3 785.9 415.8 0.9956
356.2 504.9 19.1 21.6 358.7 514.2 365.4 512.7 361.1 518.5 362.2 523.0 366.5 521.6 0.9953
4.7 447.1 12.7 17.2 8.2 453.2 13.9 453.5 10.9 457.0 8.5 460.3 12.8 460.5 0.9951
768.2 442.3 13.7 17.9 770.7 449.3 776.9 448.9 773.3 452.5 771.5 456.1 776.6 455.7 0.9949
979.9 377.1 12.2 16.8 981.9 383.8 987.6 383.8 984.1 387.3 982.7 390.6 987.1 390.5 0.9940
616.5 441.5 11.1 13.4 620.1 445.9 625.3 446.2 622.8 448.7 620.4 451.5 624.4 451.8 0.9936
883.1 382.6 11.5 14.4 885.6 387.6 891.1 387.6 888.1 390.8 886.3 393.7 890.5 393.6 0.9927
850.3 382.9 9.6 12.2 853.2 387.7 857.5 387.6 855.5 390.1 853.7 392.6 857.1 392.5 0.9918
555.5 417.4 9.4 12.1 557.8 421.4 562.5 421.5 560.1 423.8 558.3 426.4 561.9 426.6 0.9914
980.1 338.1 9.8 12.4 983.0 342.4 987.4 342.5 985.2 345.0 983.2 347.3 986.8 347.4 0.9911
228.6 496.3 15.2 19.7 231.9 504.8 238.3 503.3 235.5 508.1 234.3 512.4 239.1 511.2 0.9897
131.4 497.5 12.8 15.5 134.0 503.2 139.6 502.9 136.5 506.3 135.2 509.6 139.6 509.2 0.9893
475.2 446.7 11.3 15.6 477.5 452.8 483.1 453.0 480.0 456.4 478.1 459.3 482.2 459.4 0.9892
387.2 477.5 12.5 15.0 390.4 483.1 396.2 483.1 393.3 486.2 391.0 489.1 395.5 489.1 0.9889
858.7 419.4 12.6 16.1 861.6 424.8 867.2 425.3 863.9 428.2 861.6 431.2 866.1 431.5 0.9883
487.4 417.5 9.6 11.7 489.6 421.9 494.2 421.9 491.7 424.3 490.1 426.6 493.7 426.6 0.9879
252.5 472.5 10.0 12.6 254.5 477.8 259.0 477.5 256.7 480.2 255.4 482.8 259.0 482.5 0.9867
750.9 396.7 11.1 14.5 753.9 403.5 759.0 403.3 756.7 406.3 754.9 408.7 758.6 408.6 0.9864
406.4 450.8 12.6 14.6 409.3 455.9 415.0 456.1 411.7 459.1 409.7 462.0 413.8 462.1 0.9827
424.7 442.8 12.7 15.2 428.7 448.7 434.3 448.6 431.7 451.8 429.3 454.8 433.8 454.8 0.9807
518.3 420.7 9.5 12.5 521.1 425.7 525.2 425.3 523.5 428.0 522.0 430.5 525.1 430.3 0.9793
357.7 477.5 12.6 15.0 362.2 483.0 367.8 482.6 365.7 486.0 363.2 489.3 367.6 489.1 0.9778
765.1 391.4 11.1 12.2 767.5 396.0 772.0 396.0 769.2 398.5 768.0 400.9 771.5 400.8 0.9726
231.2 479.7 11.0 13.1 233.4 484.8 238.6 485.1 235.4 487.8 233.6 490.4 237.7 490.5 0.9710
914.7 419.2 12.6 16.0 917.9 424.8 924.2 424.9 921.0 428.0 918.5 431.3 923.5 431.4 0.9699
796.6 427.0 12.6 14.6 799.9 432.9 805.9 432.5 803.3 435.2 801.3 438.5 805.8 438.1 0.9681
826.1 389.6 10.2 12.3 829.5 394.2 834.0 394.1 832.1 396.5 830.1 399.0 833.7 398.9 0.9662
849.9 401.0 12.1 14.7 853.2 405.8 859.0 405.7 856.3 408.9 854.1 412.1 858.5 412.1 0.9660
537.3 421.0 10.5 12.6 540.9 425.6 545.6 425.5 543.7 428.1 541.5 430.7 545.3 430.6 0.9648
463.7 448.7 9.3 11.7 465.9 453.5 469.9 453.4 467.7 455.8 466.5 457.9 469.6 457.8 0.9647
216.1 472.3 11.7 13.6 220.0 476.8 225.3 477.7 222.3 480.0 219.7 482.5 223.7 483.2 0.9590
1010.0 332.0 9.1 10.7 1012.5 336.0 1016.8 336.1 1014.6 338.4 1012.9 340.5 1016.3 340.5 0.9540
811.1 376.0 9.9 12.0 814.5 380.5 818.9 380.5 816.9 383.0 814.8 385.3 818.3 385.4 0.9536
1000.2 356.6 10.7 13.8 1002.9 362.6 1007.8 362.5 1005.4 365.1 1003.6 367.6 1007.3 367.5 0.9444
911.0 358.6 10.1 13.0 913.1 363.5 917.8 363.9 914.9 366.3 913.2 368.7 916.8 369.0 0.9442
902.0 375.2 9.6 11.7 904.2 379.6 908.8 379.6 906.3 382.1 904.7 384.4 908.2 384.4 0.9441
956.5 369.0 10.3 13.2 958.5 374.2 963.4 373.9 960.9 376.9 959.5 379.6 963.2 379.4 0.9426
500.6 446.4 11.4 13.4 502.7 450.7 505.9 451.4 502.4 453.6 502.2 456.5 504.3 456.9 0.9416
106.4 495.4 13.5 17.8 111.0 501.5 117.1 502.0 114.2 505.6 111.0 508.9 115.8 509.3 0.9416
952.6 331.7 9.6 11.8 954.5 336.1 958.8 336.2 956.3 338.6 954.8 340.9 958.2 340.9 0.9415
823.2 403.9 11.7 14.2 826.2 409.7 832.0 410.5 828.7 413.3 826.1 415.5 830.3 416.0 0.9389
581.1 420.9 9.9 12.4 583.4 426.2 587.7 426.1 585.5 428.7 584.1 431.0 587.5 430.9 0.9328
867.5 362.6 9.2 11.6 870.7 367.0 874.4 366.8 873.0 369.1 871.2 371.3 874.2 371.3 0.9265
872.7 383.1 9.9 13.9 875.5 388.6 879.7 388.6 877.5 391.4 875.8 393.8 879.2 393.9 0.9208
932.6 359.5 9.3 11.7 935.2 363.4 939.7 363.2 937.7 365.7 935.9 368.2 939.5 368.1 0.9151
234.9 453.4 9.9 12.6 238.1 458.1 242.4 458.6 240.0 461.1 237.9 463.1 241.1 463.6 0.9151
115.2 446.4 10.5 12.5 118.5 451.4 122.7 451.7 120.4 454.1 118.6 456.3 121.8 456.6 0.9072
930.5 337.2 8.1 10.6 932.5 341.8 936.0 342.1 933.8 344.1 932.6 345.9 935.2 346.0 0.9040
582.1 442.3 12.2 14.5 585.6 447.3 591.7 447.4 588.6 450.7 586.1 453.8 590.9 453.9 0.8918
546.3 403.0 10.0 12.8 549.4 408.2 554.0 408.0 552.0 410.9 550.1 413.3 553.5 413.2 0.8905
385.6 443.8 10.0 12.4 389.9 448.1 393.7 447.8 392.7 450.5 390.6 453.3 393.6 453.1 0.8887
490.8 402.5 8.9 11.6 492.9 407.0 496.9 407.0 494.7 409.2 493.4 411.5 496.5 411.5 0.8817
772.8 371.9 9.6 13.3 775.2 376.5 779.8 376.3 777.6 379.3 775.8 382.2 779.5 382.1 0.8727
242.1 445.0 8.8 10.8 245.3 449.3 248.7 449.5 247.1 451.4 245.3 453.2 248.0 453.4 0.8694
886.8 335.6 10.0 12.0 889.1 340.2 893.8 340.4 891.2 342.8 889.4 345.1 893.1 345.2 0.8502
285.4 453.9 10.6 13.6 288.6 459.9 293.7 459.8 291.3 462.4 289.3 465.1 293.0 465.0 0.8486
805.7 448.0 14.4 16.0 810.6 454.4 816.6 455.1 813.3 458.2 810.3 460.9 814.8 461.5 0.8468
133.2 450.2 10.3 12.8 137.4 454.7 141.8 454.8 140.0 457.5 137.7 460.1 141.1 460.2 0.7976
949.6 360.2 10.3 13.1 953.1 364.4 957.4 364.5 955.4 367.1 953.5 369.9 956.8 370.0 0.7910
835.3 371.9 8.9 10.5 837.9 375.2 842.1 375.0 840.3 377.3 838.6 379.7 842.0 379.5 0.7848
596.9 453.2 11.4 13.0 599.9 457.9 604.8 457.9 602.2 460.5 600.4 463.0 604.4 463.0 0.7657
808.2 361.6 9.8 11.7 810.2 366.3 814.7 365.9 812.5 368.5 811.3 370.9 814.8 370.6 0.7615
504.2 402.0 7.2 9.2 506.3 405.3 509.2 405.4 507.7 407.2 506.6 409.0 508.9 409.0 0.7478
471.8 405.0 9.0 12.2 475.0 410.0 479.0 409.8 477.6 412.4 475.7 414.8 478.7 414.7 0.7233
829.0 431.1 11.3 14.2 832.3 437.6 837.1 437.5 834.7 440.6 833.0 443.4 836.6 443.3 0.7209
323.6 451.3 10.4 14.1 326.6 456.2 331.0 456.4 328.8 459.2 326.9 462.0 330.4 462.1 0.6862
792.2 377.6 9.8 11.7 794.7 381.2 799.5 381.4 797.1 384.0 795.1 386.6 798.7 386.7 0.6694
751.5 369.5 9.2 11.1 753.8 373.8 758.1 373.7 756.0 376.0 754.3 378.2 757.8 378.1 0.6671
512.7 400.7 8.4 11.2 515.0 404.9 518.8 404.9 516.9 407.1 515.3 409.4 518.4 409.4 0.6643
843.4 370.3 10.7 12.8 845.7 374.8 850.6 374.3 848.2 377.4 846.8 380.1 850.5 379.7 0.6537
885.2 360.0 9.6 11.6 888.3 365.0 892.8 364.9 890.8 367.4 888.9 369.5 892.4 369.5 0.6317
357.5 427.3 9.6 10.8 360.8 431.4 364.9 431.1 363.3 433.7 361.5 436.1 364.6 435.9 0.6189
622.1 375.0 7.9 10.7 625.0 379.2 628.5 379.2 627.2 381.4 625.4 383.4 628.1 383.4 0.6166
923.2 314.6 9.3 11.1 925.9 319.1 930.0 319.1 928.0 321.2 926.3 323.1 929.6 323.1 0.6108
787.5 360.2 8.3 11.2 789.4 365.0 793.1 364.9 791.0 367.2 789.8 369.2 792.7 369.2 0.5522
907.4 327.9 8.8 11.5 910.0 332.3 913.7 332.4 911.8 334.6 910.3 336.7 913.3 336.8 0.5445
