35--Basketball/35_Basketball_basketballgame_ball_35_363.jpg
41
474.6 297.0 49.5 51.4 487.8 313.7 510.6 315.4 498.8 317.2 488.2 330.3 507.9 331.6 0.9997
643.8 511.6 28.1 34.8 651.8 522.9 664.4 523.4 658.1 529.7 652.9 536.9 662.4 537.4 0.9993
277.2 488.2 37.1 46.8 287.9 502.0 305.1 500.5 298.7 507.7 291.8 520.4 306.2 519.0 0.9988
932.3 431.4 19.9 24.5 936.8 439.7 946.1 439.3 941.2 444.8 938.0 449.7 945.4 449.4 0.9958
786.2 399.7 19.3 23.3 790.6 406.9 799.6 406.8 794.7 412.2 791.7 417.3 798.5 417.2 0.9944
929.3 381.7 20.3 24.7 935.1 389.2 944.2 389.2 939.8 394.5 936.2 399.8 943.3 399.8 0.9935
365.5 467.5 34.6 50.7 380.4 482.4 392.7 481.8 391.4 491.1 384.3 503.6 393.9 503.3 0.9920
873.2 346.3 18.4 21.3 876.8 352.2 885.1 352.5 880.2 357.3 877.6 362.2 883.7 362.4 0.9904
853.5 383.6 19.5 24.6 858.1 390.3 866.7 391.4 861.2 396.3 857.8 401.4 864.4 402.3 0.9874
1004.1 434.0 19.5 29.6 1009.1 443.1 1018.4 443.1 1014.0 447.5 1010.2 455.0 1017.7 455.0 0.9872
941.7 276.1 15.9 19.9 945.1 283.9 952.4 283.5 948.3 287.3 946.1 291.5 951.6 291.2 0.9864
676.5 471.3 18.6 23.4 680.4 480.9 688.5 480.7 683.9 485.4 681.5 489.9 688.1 489.7 0.9858
731.1 421.8 18.7 23.3 735.6 431.8 744.2 430.0 741.1 435.8 738.8 440.6 745.2 439.2 0.9694
962.7 349.3 17.0 22.2 966.9 357.9 974.3 358.0 970.1 362.1 967.5 366.4 973.6 366.4 0.9646
1001.7 274.0 15.6 21.1 1005.5 281.4 1011.6 280.8 1008.5 285.8 1007.2 290.4 1011.6 289.9 0.9545
925.8 261.2 16.1 20.4 930.4 269.6 938.2 269.1 934.8 273.6 931.9 277.8 937.6 277.5 0.9442
733.0 466.7 17.2 20.0 736.7 472.9 743.7 473.5 739.2 477.9 737.4 481.7 742.8 482.0 0.9403
999.7 485.1 23.8 37.7 1007.4 500.8 1021.8 500.1 1014.5 507.9 1009.8 514.5 1020.8 513.9 0.9340
808.6 354.4 19.2 27.2 812.9 363.6 822.2 363.2 817.5 369.0 814.3 374.8 821.6 374.4 0.9240
671.8 428.5 19.3 24.1 676.5 438.3 685.6 437.3 681.4 442.3 678.5 447.6 685.4 446.8 0.9010
886.0 281.6 16.7 21.2 890.1 288.9 898.2 288.8 894.0 293.3 891.0 297.9 897.2 297.8 0.8885
914.7 340.9 14.4 18.2 917.7 346.7 923.9 347.1 919.9 350.4 917.8 354.4 922.6 354.6 0.8449
709.0 313.6 14.7 19.1 713.8 321.2 720.4 321.1 717.5 324.8 714.5 328.4 719.7 328.5 0.8434
285.2 434.8 12.7 14.9 288.7 440.2 294.6 440.6 291.5 443.8 288.9 446.6 293.3 446.9 0.8249
665.4 351.8 15.6 19.9 671.0 359.6 677.5 359.7 674.9 364.2 671.5 368.1 676.4 368.3 0.8167
751.5 297.0 16.9 21.7 756.7 305.3 763.5 305.2 760.2 309.3 757.4 313.6 763.0 313.5 0.8068
786.4 241.4 16.2 20.2 791.0 249.3 798.8 249.6 794.9 253.6 791.4 257.3 797.8 257.6 0.7681
325.5 527.0 21.3 23.5 333.4 537.5 342.9 538.5 338.6 543.0 333.6 546.7 340.4 547.6 0.7571
992.8 240.1 16.1 21.8 995.3 247.4 1001.0 247.8 996.3 252.3 995.9 256.8 1000.0 256.9 0.7178
880.7 234.2 15.4 19.3 885.0 241.6 891.9 241.4 888.6 245.4 885.9 249.2 891.4 249.1 0.6712
739.1 241.7 13.7 16.2 742.4 248.4 748.3 247.9 745.3 251.5 743.8 254.5 748.4 254.1 0.6660
872.1 317.3 14.2 17.5 876.0 323.8 882.0 323.7 878.8 327.3 876.8 330.9 881.6 330.8 0.6424
832.5 244.7 14.1 19.0 837.9 252.9 843.2 252.2 841.7 256.2 839.4 260.0 843.5 259.5 0.6331
906.4 194.8 14.2 18.4 909.6 202.3 916.3 202.0 913.0 206.1 910.8 209.8 916.0 209.5 0.6245
771.7 371.6 16.6 19.2 775.8 378.8 783.5 379.0 779.6 383.3 776.5 387.0 782.4 387.1 0.5831
1011.5 360.2 11.6 20.8 1014.8 368.3 1022.1 368.2 1017.5 372.4 1015.6 376.3 1021.6 376.1 0.5823
957.2 215.0 16.9 20.4 960.7 220.8 967.9 221.2 963.3 225.6 961.1 230.3 966.6 230.6 0.5772
655.5 269.7 14.3 17.5 659.8 276.0 666.3 275.7 663.5 279.5 660.9 283.3 666.0 283.1 0.5725
329.5 496.8 17.7 20.4 333.3 503.5 341.1 504.0 336.2 508.4 333.8 512.6 339.4 512.9 0.5684
872.3 264.9 15.1 18.5 876.8 270.8 883.7 270.7 880.4 274.8 877.6 278.8 882.9 278.8 0.5397
830.3 183.2 13.6 16.5 833.8 189.7 840.0 189.7 837.1 193.0 834.6 196.2 839.5 196.2 0.5324
