49--Greeting/49_Greeting_peoplegreeting_49_982.jpg
9
328.1 101.8 53.6 64.7 335.1 129.3 359.1 124.1 345.4 136.3 341.4 152.0 360.8 147.8 0.9995
810.8 107.2 65.7 110.6 822.4 142.9 827.3 143.0 811.8 164.0 826.2 186.6 831.6 185.8 0.9995
435.7 121.6 61.8 84.0 450.3 163.0 478.7 155.2 468.1 174.1 459.4 188.7 483.7 182.7 0.9994
286.1 109.8 38.4 50.6 290.5 132.9 305.5 131.3 294.3 140.8 294.8 150.5 305.9 148.9 0.9992
212.2 65.8 73.0 103.8 262.1 115.6 277.8 111.2 284.1 132.4 259.2 149.6 269.5 147.4 0.9991
586.5 86.9 63.3 91.4 601.5 124.6 625.3 118.6 611.6 133.4 608.1 155.0 626.5 150.0 0.9990
609.1 69.7 67.9 100.3 619.7 108.4 633.3 104.8 616.7 122.4 623.2 143.9 633.1 140.8 0.9988
396.8 104.3 46.7 65.2 404.1 128.4 418.1 129.5 402.5 138.8 402.5 153.2 412.7 153.6 0.9988
22.4 135.4 22.8 25.4 25.9 144.4 34.2 144.2 28.3 149.6 27.5 154.7 33.5 154.4 0.9971
