49--Greeting/49_Greeting_peoplegreeting_49_27.jpg
8
819.3 198.9 90.7 130.0 831.4 249.7 852.4 254.6 820.2 275.4 830.4 297.2 846.0 300.6 0.9999
463.3 206.6 115.8 166.4 480.1 287.5 492.6 274.3 484.6 321.0 526.3 341.3 536.1 328.6 0.9998
388.0 244.2 91.0 154.2 456.3 291.5 465.5 298.5 477.6 323.9 441.1 348.5 449.8 356.1 0.9997
46.3 205.8 73.9 90.6 76.9 238.1 110.0 243.7 96.6 259.4 73.9 272.3 99.9 277.2 0.9990
272.4 124.3 48.8 57.6 290.5 148.1 311.9 147.3 304.2 157.7 295.1 168.7 310.5 167.8 0.9989
770.5 258.7 32.1 39.2 788.7 274.3 799.0 274.2 798.0 282.0 789.1 288.8 796.6 289.1 0.9987
432.1 224.7 46.5 69.2 460.4 253.3 471.4 252.5 474.1 263.4 463.4 277.4 470.4 277.0 0.9963
952.7 299.6 43.0 73.7 959.2 328.2 960.2 328.8 957.4 344.7 968.5 356.7 968.8 356.9 0.9763
