49--Greeting/49_Greeting_peoplegreeting_49_834.jpg
14
227.6 815.8 62.4 73.3 236.1 852.0 257.7 848.7 244.2 866.4 248.6 876.4 264.2 873.3 0.9996
480.0 829.3 37.2 46.4 486.8 849.0 503.6 847.3 494.3 857.1 489.9 865.1 503.5 863.7 0.9994
593.7 809.0 42.4 51.4 602.9 830.1 622.0 827.4 612.5 837.8 607.3 848.7 622.2 846.5 0.9991
98.7 838.9 27.2 33.7 104.6 852.5 117.3 850.9 111.2 858.1 107.0 864.5 117.9 863.2 0.9988
854.7 842.0 57.7 61.9 874.4 863.9 900.7 866.3 888.6 874.0 875.2 886.3 895.8 888.2 0.9988
791.8 800.3 31.6 40.4 803.0 815.0 817.4 815.9 810.8 823.1 802.8 830.0 814.7 830.8 0.9986
167.7 849.0 33.0 39.5 184.8 861.2 197.1 860.3 195.2 870.2 184.9 877.6 194.8 877.2 0.9982
964.2 812.2 24.9 37.1 967.9 824.5 970.7 824.7 965.6 832.9 971.1 840.3 973.4 840.0 0.9969
425.1 813.8 18.8 23.7 430.5 820.7 439.3 820.6 435.2 825.2 431.4 830.7 438.4 830.7 0.9967
363.1 833.1 20.6 26.4 368.9 842.2 378.5 843.1 373.1 847.5 369.0 852.5 376.6 853.1 0.9954
399.5 899.0 26.6 35.2 409.6 911.0 421.9 910.5 417.9 918.6 410.9 925.6 421.0 925.4 0.9870
710.9 824.8 18.3 22.7 715.1 832.7 723.9 832.7 719.1 837.2 715.9 842.0 722.5 842.1 0.9666
547.5 836.7 14.3 20.6 550.2 845.1 556.9 844.8 553.2 849.1 551.4 853.2 556.4 852.9 0.8864
204.6 813.4 9.9 12.2 208.4 818.0 212.4 817.9 211.0 820.6 208.9 823.2 211.9 823.2 0.6543
