49--Greeting/49_Greeting_peoplegreeting_49_150.jpg
13
247.5 939.2 41.8 55.0 265.7 959.8 284.1 959.7 279.2 969.7 268.3 981.1 282.1 981.2 0.9997
451.2 856.9 39.9 52.4 464.5 878.4 483.0 879.9 474.0 889.8 464.1 896.0 479.6 897.3 0.9996
426.1 957.7 57.7 71.1 446.9 982.0 473.1 983.8 461.9 995.6 447.0 1007.7 469.6 1009.4 0.9995
70.3 827.0 34.8 39.9 80.7 842.7 96.5 842.1 89.4 850.0 82.7 857.2 95.7 856.8 0.9995
556.2 1010.0 51.9 66.3 586.7 1031.8 596.0 1029.0 605.8 1039.9 595.2 1057.3 602.1 1055.8 0.9993
197.2 1126.5 53.3 58.7 223.7 1155.8 243.6 1155.4 237.5 1169.9 220.9 1174.1 235.5 1174.4 0.9993
55.4 919.8 40.7 54.7 69.5 939.1 88.8 939.4 81.8 948.6 72.4 960.7 87.1 960.9 0.9991
252.0 795.4 43.4 50.4 258.7 813.6 276.5 816.2 261.5 823.4 257.4 833.2 270.3 835.1 0.9989
379.1 971.2 49.1 71.8 416.6 995.1 421.1 995.7 427.8 1009.1 416.3 1022.7 419.4 1024.2 0.9950
90.2 772.3 22.7 31.5 105.4 785.6 109.4 783.9 111.4 791.1 106.0 797.4 108.4 796.6 0.9822
0.0 911.9 22.4 65.8 -5.5 938.0 10.4 937.6 6.3 950.2 -3.4 961.0 10.5 961.1 0.9763
0.0 873.6 33.7 40.0 6.4 890.3 20.9 892.0 11.5 899.7 7.5 904.6 17.5 905.9 0.9674
106.4 914.6 37.3 49.2 116.6 930.0 130.9 932.1 121.7 939.4 114.6 948.7 126.7 950.3 0.9310
