49--Greeting/49_Greeting_peoplegreeting_49_410.jpg
21
718.3 245.9 43.1 55.8 733.9 270.2 753.3 268.2 747.5 277.9 738.0 288.7 753.9 287.2 0.9998
162.3 270.9 29.2 36.9 171.0 284.4 184.6 285.7 177.7 291.9 171.3 298.4 182.0 299.4 0.9995
636.6 319.4 26.6 32.2 643.9 331.7 656.6 331.8 650.5 337.6 644.9 343.2 655.6 343.3 0.9993
988.1 408.5 22.8 24.6 994.5 416.2 1004.6 416.3 999.5 420.7 995.5 426.2 1003.4 426.3 0.9987
896.3 359.5 19.0 21.8 906.1 365.9 912.7 365.5 912.3 369.9 907.8 374.9 912.8 374.7 0.9986
553.4 352.3 15.6 18.6 558.6 358.4 565.5 358.5 562.5 362.0 559.1 365.6 564.7 365.7 0.9983
248.7 321.1 16.5 21.9 252.9 329.6 260.4 329.9 256.1 333.5 253.2 337.5 259.1 337.9 0.9982
298.3 337.7 13.5 16.8 301.7 343.6 307.6 344.3 303.9 346.9 301.5 350.1 306.0 350.6 0.9979
33.0 318.5 14.5 16.5 36.3 326.3 42.7 326.1 39.3 330.3 37.7 332.5 42.1 332.4 0.9975
914.7 370.8 11.2 13.4 917.7 375.1 923.0 375.4 920.2 378.0 918.1 380.7 922.1 380.9 0.9975
216.0 352.1 10.3 12.9 218.7 356.4 223.3 356.8 220.5 358.9 218.7 361.6 222.2 361.9 0.9973
960.9 370.8 15.3 17.1 964.1 376.2 970.8 376.4 966.8 380.3 964.9 384.0 969.6 384.1 0.9968
59.4 329.2 13.5 16.5 64.0 335.1 70.0 335.7 67.1 338.9 64.1 341.8 68.6 342.3 0.9962
593.3 374.4 9.4 10.8 594.9 377.4 598.4 377.9 595.5 380.0 595.0 382.3 597.3 382.6 0.9823
469.5 384.9 7.4 8.4 472.2 387.8 475.5 388.0 474.0 389.8 472.2 391.4 474.7 391.5 0.9786
492.3 374.3 9.1 10.6 495.4 378.0 499.3 378.2 497.5 380.3 495.5 382.2 498.5 382.4 0.9623
517.9 378.2 9.9 10.9 521.1 382.4 525.6 382.4 523.5 384.9 521.6 387.1 525.1 387.1 0.9282
330.5 359.6 10.3 11.1 847.3 349.3 852.2 348.6 853.3 353.0 849.8 359.2 853.9 359.0 0.8696
106.7 337.7 9.2 11.4 332.3 364.3 336.5 364.1 334.0 366.9 333.4 368.7 336.2 368.6 0.8440
365.4 366.5 9.6 11.5 277.0 280.4 283.5 280.5 279.8 284.2 277.8 287.6 282.7 287.6 0.6589
384.0 375.1 7.0 7.9 109.2 342.2 113.7 342.1 111.5 344.7 109.9 346.8 113.2 346.7 0.6050
