49--Greeting/49_Greeting_peoplegreeting_49_742.jpg
10
205.7 2.9 77.1 87.3 245.1 33.0 273.2 43.5 262.8 56.8 236.3 64.0 258.9 73.1 0.9997
388.5 79.3 108.7 103.3 461.2 130.2 470.4 149.0 458.3 160.6 423.2 146.2 427.9 162.4 0.9997
603.4 438.6 67.6 60.7 633.8 454.7 636.7 459.4 615.5 459.4 612.8 476.9 615.2 479.4 0.9992
667.0 429.2 82.6 125.9 689.4 466.0 696.2 469.6 669.9 483.5 673.3 517.1 678.5 518.7 0.9968
538.5 352.9 56.0 74.3 555.5 373.7 578.3 377.6 564.1 387.4 553.4 401.9 570.3 405.1 0.9963
839.0 431.4 74.2 112.4 887.7 475.7 889.1 468.2 911.5 484.8 906.1 513.9 907.1 508.9 0.9963
35.4 35.9 79.7 67.8 88.4 65.9 95.2 74.4 86.5 84.2 66.5 83.0 69.1 89.5 0.9962
609.8 394.1 35.5 47.2 617.6 409.9 630.4 410.2 621.3 417.0 617.9 428.0 627.0 428.2 0.9887
376.7 321.1 27.3 33.0 389.7 334.1 399.3 333.8 397.6 339.2 392.3 345.2 399.5 345.0 0.9869
994.6 401.6 28.8 85.2 1015.7 432.1 1046.8 432.9 1029.4 450.5 1016.5 463.9 1040.6 464.6 0.5656
