17--Ceremony/17_Ceremony_Ceremony_17_626.jpg
37
679.1 245.9 22.6 29.9 685.0 255.8 695.5 256.9 689.5 261.9 684.8 267.2 693.8 268.0 0.9996
404.4 255.6 25.9 29.4 411.8 267.6 423.8 266.6 418.6 273.9 413.9 278.5 423.3 277.7 0.9996
513.0 163.1 13.0 18.0 522.2 169.8 524.6 169.1 526.3 172.8 523.2 176.6 524.7 176.3 0.9993
809.5 184.5 20.9 29.8 813.3 196.4 822.5 196.4 816.7 202.0 814.4 207.0 821.9 207.0 0.9993
925.2 344.3 28.9 36.8 937.5 354.7 949.6 358.7 943.8 363.2 934.9 368.2 945.2 371.5 0.9993
801.1 307.1 25.0 32.3 804.3 318.7 814.3 320.8 805.9 327.1 805.1 331.4 812.5 332.9 0.9992
641.1 275.2 31.8 46.2 660.2 296.1 669.3 294.6 670.9 303.4 660.9 311.7 667.5 310.9 0.9992
650.4 163.4 14.5 17.1 654.0 169.5 660.6 169.7 657.0 173.5 654.6 176.4 659.5 176.6 0.9991
597.0 248.8 23.5 31.1 605.1 261.9 615.7 262.1 611.0 268.1 605.9 272.9 614.1 273.2 0.9991
744.7 184.7 17.3 20.9 750.0 194.9 758.3 195.8 754.1 199.9 750.3 202.3 756.1 202.9 0.9990
348.1 306.6 30.8 40.4 352.1 323.4 361.2 324.0 353.4 332.2 355.6 338.4 362.2 338.4 0.9990
239.7 375.7 44.4 64.6 248.1 405.3 250.3 406.2 247.2 419.8 257.4 429.1 257.4 429.7 0.9989
304.7 245.5 25.9 37.0 307.1 260.9 315.7 261.3 308.4 268.8 310.4 274.3 317.0 274.3 0.9987
819.7 358.3 38.3 45.3 830.3 374.3 848.1 377.0 837.9 384.7 829.3 391.0 844.2 393.2 0.9987
454.0 175.4 13.8 16.3 458.1 181.1 464.6 180.4 462.1 183.7 459.6 187.8 464.4 187.3 0.9985
746.8 262.0 19.1 24.2 752.6 271.7 761.4 272.7 756.8 276.9 753.1 280.8 759.4 281.6 0.9983
702.0 234.3 15.1 20.6 710.4 242.5 714.4 241.2 715.6 245.1 712.6 249.9 715.4 249.2 0.9983
250.0 274.5 20.1 26.2 257.1 286.6 265.5 283.7 264.2 289.8 261.2 295.6 267.6 293.4 0.9981
179.9 317.6 31.6 40.2 187.9 335.1 202.1 332.3 196.2 341.9 191.7 348.7 203.7 346.3 0.9977
138.7 192.6 16.8 23.7 147.2 201.0 153.3 200.3 152.7 205.6 148.8 210.8 153.2 210.5 0.9977
333.2 177.0 14.2 19.2 340.0 184.3 344.7 183.5 344.7 187.5 341.9 191.7 345.3 191.2 0.9968
380.4 233.0 17.2 23.5 391.2 244.6 395.1 243.5 395.8 248.7 391.9 252.7 394.2 252.1 0.9965
549.6 170.1 12.3 17.4 551.5 176.9 557.1 176.3 553.8 179.8 552.6 183.6 556.9 183.1 0.9961
300.3 177.0 12.7 18.8 308.8 184.7 311.2 184.6 312.1 188.2 308.9 191.5 310.4 191.7 0.9952
580.5 163.8 11.9 16.3 582.3 170.0 584.9 170.3 581.7 173.5 582.8 176.6 584.5 176.6 0.9933
634.6 242.9 16.5 21.3 637.3 251.1 641.7 253.0 636.4 255.8 636.6 259.1 639.6 260.3 0.9932
426.3 174.8 12.7 16.6 434.1 180.5 436.8 180.1 438.2 183.4 435.7 187.2 437.4 187.1 0.9920
377.4 181.1 12.4 17.1 379.2 187.1 381.4 187.4 378.6 191.1 380.7 194.2 382.2 194.2 0.9912
231.9 203.0 14.6 20.9 233.8 210.2 236.1 210.4 232.6 215.0 235.2 219.1 236.8 218.9 0.9902
756.1 309.8 23.5 30.9 772.4 322.1 775.3 321.3 776.1 329.1 768.5 334.1 770.3 333.9 0.9887
863.1 146.1 10.0 12.6 865.5 151.0 870.2 150.6 868.0 153.4 866.4 155.9 870.1 155.7 0.9858
201.2 204.5 16.3 19.0 204.5 212.1 211.6 210.0 208.7 214.2 207.4 219.1 212.8 217.5 0.9828
584.2 226.9 18.7 23.3 423.5 182.2 430.0 182.0 427.0 185.7 424.4 189.4 429.6 189.2 0.9502
884.2 147.6 9.4 11.9 589.3 235.5 596.8 236.1 592.1 239.8 589.0 244.1 594.9 244.6 0.9400
262.9 321.2 26.9 32.7 887.9 152.1 891.9 151.7 890.7 154.5 888.8 157.1 892.0 156.9 0.9324
129.7 403.6 28.1 43.0 266.5 334.7 277.0 335.3 269.1 341.8 268.5 347.1 275.7 347.4 0.8862
763.3 200.2 13.4 19.2 140.2 419.9 142.9 418.5 144.1 427.7 146.5 436.5 148.3 435.5 0.7283
