17--Ceremony/17_Ceremony_Ceremony_17_152.jpg
10
173.1 647.5 89.1 143.2 202.3 711.8 207.3 706.2 212.2 732.0 223.2 756.8 228.3 752.2 0.9998
825.0 61.2 74.4 110.2 840.6 117.5 847.5 113.4 841.5 143.1 865.8 151.2 871.6 146.4 0.9997
595.1 892.8 68.3 87.1 609.8 927.8 639.7 922.8 625.0 940.2 617.0 956.1 645.1 951.4 0.9997
725.3 201.9 76.0 110.1 754.8 247.1 786.8 254.8 770.2 271.5 750.1 284.9 773.2 291.2 0.9996
837.1 793.7 70.3 101.3 854.6 833.4 885.8 837.7 865.5 855.3 851.8 864.9 881.1 868.5 0.9995
154.0 143.3 35.3 45.6 161.4 162.0 177.9 160.2 169.5 170.0 164.3 177.9 178.6 176.3 0.9992
561.7 128.5 64.4 107.2 607.1 170.9 612.9 169.7 625.2 189.4 603.7 207.0 609.9 207.4 0.9992
260.2 162.9 36.5 48.9 269.5 181.1 286.5 182.0 277.2 189.8 269.5 197.3 285.1 197.9 0.9989
129.6 678.3 101.8 111.8 187.3 722.0 190.4 714.7 219.5 724.7 217.7 757.3 219.6 753.8 0.9983
458.6 947.7 24.6 34.2 467.4 960.2 477.9 960.0 474.4 966.4 469.4 973.6 477.6 973.6 0.9255
