17--Ceremony/17_Ceremony_Ceremony_17_1.jpg
221
142.3 391.9 8.6 11.2 144.7 396.7 148.5 396.6 146.8 398.7 145.3 400.6 148.4 400.5 0.9992
389.7 385.7 8.4 10.5 391.2 389.7 395.2 389.8 392.9 391.8 391.5 393.8 394.8 393.8 0.9991
851.7 406.4 7.6 11.2 852.4 410.8 854.0 411.0 851.7 413.1 852.7 415.2 853.8 415.2 0.9990
421.5 392.8 8.8 10.7 424.0 396.6 428.0 396.9 425.8 398.9 423.9 400.8 427.2 401.0 0.9990
770.4 395.4 6.7 9.5 771.3 398.8 773.0 399.0 771.0 400.8 771.4 402.6 772.6 402.7 0.9989
795.5 401.7 8.3 11.0 796.5 406.5 799.6 406.3 797.5 408.7 797.4 410.8 799.7 410.6 0.9989
179.8 388.6 8.5 10.2 184.8 392.4 187.4 392.4 187.1 394.5 184.9 396.4 186.7 396.6 0.9987
615.7 410.2 8.4 10.7 617.4 414.6 620.8 414.5 618.7 416.7 618.1 418.6 620.7 418.5 0.9986
214.5 384.1 8.3 10.8 216.2 388.7 220.0 388.7 217.9 390.7 216.6 392.5 219.7 392.4 0.9985
354.8 388.8 8.0 9.6 356.8 392.7 360.4 392.6 358.6 394.5 357.3 396.3 360.2 396.2 0.9984
526.6 389.5 8.2 10.4 528.4 393.7 532.2 393.7 530.2 395.8 529.0 397.7 532.0 397.6 0.9983
521.3 81.9 6.6 8.3 523.2 85.0 526.3 85.0 524.7 86.5 523.4 88.1 525.9 88.1 0.9982
453.7 410.3 9.6 12.9 455.6 415.4 459.0 415.6 456.4 418.0 456.0 420.3 458.6 420.3 0.9982
941.8 442.0 10.3 12.7 944.8 446.6 949.6 446.3 947.5 449.1 945.6 451.7 949.3 451.5 0.9980
823.5 399.5 8.5 11.4 824.1 403.7 826.3 403.7 823.9 406.2 824.9 408.6 826.4 408.4 0.9978
558.5 81.3 6.9 8.6 560.2 84.9 563.2 84.8 561.7 86.6 560.7 88.2 563.0 88.1 0.9974
766.3 182.2 7.6 9.9 767.3 186.8 769.1 186.6 767.3 188.8 768.2 190.6 769.3 190.3 0.9974
551.3 411.9 9.6 12.1 552.9 416.4 556.8 416.7 554.0 418.9 553.1 421.1 556.1 421.3 0.9972
649.9 411.2 8.4 10.7 651.6 415.2 655.4 415.0 653.3 417.3 652.4 419.5 655.4 419.3 0.9972
943.0 176.8 8.0 10.6 944.1 180.6 947.1 180.8 944.7 182.8 944.3 184.9 946.5 185.0 0.9971
13.0 153.9 7.1 8.9 15.7 157.1 18.9 157.1 17.7 158.9 16.0 160.7 18.5 160.7 0.9969
686.6 409.2 7.8 10.3 687.7 412.9 690.0 413.0 687.7 415.0 688.1 417.0 689.8 417.0 0.9969
181.4 412.4 8.8 11.5 183.6 417.2 187.3 417.2 185.3 419.3 184.0 421.3 187.0 421.3 0.9964
597.8 385.6 8.9 9.9 599.7 389.2 603.6 389.0 601.5 391.1 600.4 393.1 603.5 392.9 0.9963
562.5 393.6 7.8 10.9 564.4 398.3 567.8 398.7 565.6 400.7 564.3 402.4 566.9 402.6 0.9960
31.6 420.0 9.3 10.6 34.4 423.6 38.8 423.7 36.7 426.0 34.7 428.1 38.3 428.2 0.9959
466.8 209.9 6.9 8.9 468.8 213.4 472.0 213.3 470.5 215.0 469.2 216.7 471.9 216.6 0.9958
1007.6 181.0 8.2 11.3 1008.7 185.5 1011.3 185.4 1009.2 187.7 1009.5 189.8 1011.4 189.6 0.9955
607.4 107.3 7.3 8.9 609.6 110.6 612.9 110.4 611.5 112.2 610.1 114.0 612.8 113.9 0.9954
307.2 209.8 7.3 9.7 309.0 214.0 312.3 213.9 310.6 215.7 309.3 217.4 312.1 217.3 0.9954
199.1 83.4 6.6 8.4 201.2 86.7 204.1 86.7 202.9 88.3 201.5 89.8 203.9 89.8 0.9952
264.0 413.1 7.9 10.0 265.7 416.7 269.3 416.8 267.2 418.7 265.9 420.6 268.9 420.6 0.9951
543.8 242.1 7.6 10.0 546.1 246.0 549.6 246.2 547.8 247.9 546.2 249.6 549.1 249.7 0.9951
854.6 433.9 10.4 12.9 855.8 439.0 858.7 439.4 855.8 442.1 856.5 444.3 858.4 444.5 0.9950
351.9 213.4 7.3 9.6 353.3 217.5 356.3 217.3 354.6 219.2 354.0 221.1 356.4 220.8 0.9950
896.6 182.9 8.4 10.5 898.1 187.3 901.3 187.1 899.2 189.2 898.8 191.1 901.3 190.9 0.9948
90.5 399.7 7.7 9.2 92.7 402.9 96.2 402.9 94.6 404.8 93.1 406.6 96.0 406.6 0.9944
230.3 410.0 9.4 10.6 232.9 413.6 237.1 413.5 235.0 415.8 233.4 417.9 236.8 417.8 0.9939
317.9 390.2 7.4 8.7 319.4 393.3 322.3 393.3 320.4 395.0 319.8 396.8 322.0 396.8 0.9938
337.7 432.6 10.4 11.9 339.2 436.8 343.6 436.9 340.6 439.2 339.7 441.6 343.1 441.5 0.9935
583.4 82.7 7.0 7.7 585.1 85.5 588.4 85.6 586.7 87.3 585.5 88.8 588.0 88.8 0.9933
879.1 185.7 7.9 10.1 880.5 189.7 883.3 189.8 881.1 191.7 880.8 193.6 883.1 193.6 0.9925
154.6 415.5 9.3 11.0 158.8 419.7 162.3 419.8 161.2 422.1 159.0 424.1 161.6 424.2 0.9921
588.3 108.4 6.6 8.3 590.5 111.5 593.3 111.6 592.0 113.2 590.5 114.7 592.8 114.8 0.9921
322.3 78.8 6.7 8.4 324.3 82.1 327.2 81.9 325.9 83.5 324.7 85.2 327.2 85.0 0.9920
253.7 388.6 7.4 9.6 255.1 392.1 258.2 392.5 255.9 394.1 254.9 395.8 257.4 396.1 0.9919
497.2 102.6 6.9 9.1 498.9 105.9 502.1 105.7 500.5 107.4 499.3 109.2 502.0 109.1 0.9917
419.9 156.9 6.7 8.9 421.5 160.3 424.7 160.3 423.1 162.0 421.7 163.7 424.3 163.7 0.9912
720.8 387.1 8.4 11.3 722.2 391.5 725.6 391.8 723.2 393.9 722.4 396.0 725.0 396.1 0.9912
513.6 187.5 7.5 8.8 515.9 190.6 519.3 190.6 517.7 192.4 516.2 194.2 518.9 194.2 0.9907
491.9 389.7 9.0 10.1 494.1 393.4 498.1 393.4 496.0 395.6 494.7 397.5 497.8 397.4 0.9904
67.4 129.0 7.1 8.7 70.1 132.5 73.0 132.2 72.1 134.0 70.8 135.7 73.1 135.5 0.9902
234.8 79.8 7.6 8.7 236.6 83.1 239.8 83.1 237.9 84.7 236.9 86.4 239.4 86.4 0.9894
628.3 78.6 7.1 9.0 630.1 82.0 633.4 82.2 631.6 83.9 630.2 85.5 632.8 85.7 0.9892
44.7 179.2 8.0 10.0 48.6 183.0 51.6 183.2 50.6 185.0 48.6 186.8 51.0 187.0 0.9891
175.0 83.2 6.3 7.8 176.6 86.1 179.4 86.1 177.9 87.7 176.9 89.2 179.2 89.2 0.9886
345.3 77.8 6.8 8.7 347.1 81.2 350.3 81.4 348.5 83.0 347.1 84.5 349.7 84.6 0.9886
355.6 411.0 9.0 10.4 357.1 414.3 361.0 414.5 358.4 416.7 357.3 418.8 360.5 418.9 0.9884
285.1 391.3 8.0 9.4 286.9 395.0 290.5 394.8 288.7 396.8 287.6 398.6 290.5 398.4 0.9884
566.8 106.7 6.7 8.4 568.8 109.7 572.0 109.7 570.5 111.4 569.0 113.1 571.6 113.1 0.9882
275.8 157.4 7.1 8.9 277.5 160.5 281.0 160.5 279.2 162.3 277.8 164.2 280.6 164.2 0.9879
603.0 81.2 7.3 8.9 604.9 84.3 608.1 84.3 606.4 86.1 605.2 87.8 607.8 87.8 0.9879
833.8 183.5 6.4 8.8 834.8 187.3 836.8 187.2 835.2 189.0 835.3 190.6 836.8 190.5 0.9876
536.8 79.2 7.3 9.1 538.5 83.6 541.6 83.2 540.2 85.2 539.4 86.7 541.9 86.4 0.9872
967.8 179.3 8.4 10.1 969.3 183.8 972.3 183.5 970.3 185.7 970.2 187.6 972.4 187.4 0.9868
377.0 130.4 7.1 9.3 379.1 134.2 382.2 134.0 380.8 135.8 379.6 137.5 382.1 137.4 0.9866
295.4 413.1 8.0 9.5 297.3 416.4 301.1 416.4 299.0 418.5 297.6 420.5 300.6 420.5 0.9864
496.6 82.4 6.6 7.7 497.8 85.7 500.8 85.4 499.3 87.2 498.6 88.8 500.9 88.6 0.9863
316.9 103.8 7.7 9.3 319.1 107.2 322.6 107.4 320.7 109.1 319.1 110.8 322.0 111.0 0.9851
35.0 211.5 7.8 9.5 37.8 215.0 40.9 214.7 39.8 216.6 38.3 218.6 40.9 218.4 0.9841
469.8 243.2 7.1 8.9 471.3 246.5 474.6 246.4 472.9 248.3 471.8 250.0 474.4 250.0 0.9841
534.5 187.2 7.3 9.1 536.4 190.5 539.8 190.5 538.1 192.4 536.7 194.1 539.5 194.1 0.9837
817.2 180.4 7.5 10.3 818.5 184.8 821.3 184.6 819.4 186.8 819.2 188.9 821.4 188.6 0.9834
585.9 181.9 8.6 11.2 587.5 186.4 591.0 186.5 588.7 188.7 587.9 190.7 590.6 190.7 0.9830
797.8 183.4 8.2 10.6 799.9 187.3 803.4 187.6 801.3 189.6 799.9 191.6 802.8 191.7 0.9823
387.6 410.1 8.4 10.9 389.6 414.5 393.3 414.3 391.3 416.6 390.3 418.7 393.2 418.5 0.9819
296.9 157.7 6.6 8.5 298.7 160.9 301.8 160.7 300.4 162.5 299.3 164.3 301.8 164.1 0.9817
1012.7 212.5 10.0 13.1 1014.0 217.6 1017.7 217.6 1015.0 220.6 1015.0 223.1 1017.7 222.9 0.9817
282.5 78.4 7.2 8.3 284.2 81.3 287.4 81.1 285.9 83.0 284.8 84.7 287.3 84.6 0.9815
933.5 242.7 7.2 10.2 934.6 246.1 936.6 246.4 934.5 248.2 934.7 250.2 936.2 250.3 0.9811
340.5 102.6 7.1 9.6 342.3 106.2 345.7 106.2 344.0 108.0 342.6 109.9 345.4 109.8 0.9806
857.3 185.4 6.5 9.1 858.3 188.9 860.1 189.0 858.3 190.9 858.6 192.6 859.9 192.5 0.9805
58.4 150.2 7.4 9.5 61.5 154.0 64.4 153.8 63.6 155.7 62.0 157.4 64.2 157.4 0.9804
911.2 244.1 9.1 12.4 912.6 248.5 915.4 248.8 912.8 251.0 912.7 253.5 914.9 253.6 0.9797
24.1 126.1 7.6 8.3 26.6 129.1 29.8 129.0 28.4 130.8 26.9 132.4 29.5 132.4 0.9791
542.9 133.5 7.5 9.4 544.4 136.8 547.7 136.8 545.8 138.7 544.9 140.7 547.5 140.6 0.9791
298.8 241.7 7.5 9.4 300.6 245.2 304.1 245.2 302.3 247.0 300.9 248.8 303.7 248.8 0.9790
560.4 182.3 8.1 10.8 562.5 186.5 566.1 186.5 564.2 188.6 562.9 190.6 565.9 190.6 0.9789
216.6 80.0 7.1 8.7 219.1 83.3 222.2 83.1 221.0 84.9 219.6 86.7 222.1 86.5 0.9783
492.0 208.5 7.4 9.4 494.3 212.3 497.7 212.2 496.1 214.1 494.6 215.8 497.3 215.8 0.9781
610.0 211.3 8.0 10.1 611.2 215.3 614.6 215.3 612.3 217.3 611.6 219.2 614.3 219.2 0.9776
284.8 210.6 6.3 8.3 286.8 214.1 289.6 213.8 288.6 215.5 287.4 217.1 289.6 217.0 0.9776
364.1 80.9 6.8 8.4 365.9 83.8 369.2 83.9 367.6 85.6 366.2 87.2 368.8 87.3 0.9772
729.5 410.7 7.9 9.8 731.2 414.1 734.4 414.4 732.0 416.2 731.2 418.1 733.7 418.3 0.9772
821.1 209.2 7.8 9.8 822.7 213.2 826.1 213.2 824.0 215.2 823.1 217.1 825.8 217.0 0.9769
749.9 415.9 8.8 12.0 750.9 421.2 753.5 421.4 750.9 423.7 751.2 425.8 753.0 425.8 0.9766
707.0 131.5 7.5 9.3 708.6 135.1 711.5 135.4 709.4 137.0 708.6 138.6 710.8 138.8 0.9766
340.1 183.9 7.1 8.5 342.2 186.8 345.5 186.8 344.0 188.5 342.6 190.4 345.3 190.3 0.9764
639.0 393.4 8.3 9.1 641.5 396.4 645.2 396.5 643.3 398.4 641.7 400.2 644.7 400.3 0.9749
545.6 207.8 7.6 10.3 547.4 211.5 551.0 211.5 549.2 213.6 547.7 215.6 550.7 215.6 0.9749
397.9 190.1 7.6 8.5 400.2 193.7 403.3 193.6 401.8 195.4 400.7 196.9 403.1 196.8 0.9738
380.2 207.7 7.2 9.0 381.6 211.0 385.1 211.0 383.0 212.8 381.9 214.6 384.7 214.6 0.9737
918.1 183.1 9.0 10.4 920.5 186.9 924.7 187.1 922.6 189.1 920.7 191.1 924.1 191.2 0.9737
307.6 125.9 7.3 9.1 309.5 129.6 312.9 129.3 311.4 131.2 310.1 133.1 312.9 132.9 0.9717
385.3 79.4 7.0 8.4 387.1 82.9 390.1 82.8 388.7 84.5 387.6 86.0 390.0 86.0 0.9714
463.1 155.6 6.9 8.4 464.9 158.5 468.3 158.5 466.6 160.2 465.2 162.0 468.0 162.0 0.9713
944.4 215.4 7.8 9.5 946.1 218.9 949.5 218.9 947.5 220.8 946.4 222.7 949.1 222.7 0.9710
764.9 209.2 8.3 9.8 766.5 213.2 770.1 213.1 768.1 215.2 767.1 217.0 769.8 216.9 0.9695
586.6 414.3 10.4 10.8 589.2 418.2 594.0 418.3 591.5 420.7 589.8 422.6 593.4 422.7 0.9694
320.2 158.6 7.1 8.6 322.1 161.6 325.2 161.6 323.6 163.3 322.5 165.1 325.0 165.0 0.9673
0.0 434.9 7.0 10.3 -0.1 438.6 3.3 438.7 0.9 440.7 0.3 442.8 2.9 442.8 0.9667
124.3 183.6 7.8 9.7 126.8 187.8 130.3 187.9 128.6 189.8 127.0 191.4 129.7 191.5 0.9666
448.3 131.7 7.3 9.0 450.0 135.2 453.2 135.2 451.5 136.9 450.3 138.6 452.9 138.5 0.9661
19.7 182.5 7.6 10.2 23.5 186.5 26.2 186.6 25.5 188.7 23.6 190.5 25.5 190.7 0.9661
406.4 103.9 7.2 9.5 408.4 107.2 411.9 107.4 410.0 109.1 408.5 110.9 411.3 111.1 0.9646
745.0 398.9 7.9 8.7 747.1 402.4 750.2 402.2 748.6 404.2 747.7 405.9 750.1 405.7 0.9645
362.0 104.8 7.0 8.8 364.1 108.0 367.2 108.1 365.6 109.7 364.2 111.4 366.8 111.4 0.9643
116.9 401.8 7.1 8.0 120.5 405.3 122.7 405.6 121.9 407.3 120.1 408.5 121.7 408.8 0.9640
101.7 241.0 9.6 12.0 103.9 245.5 108.4 245.6 105.9 248.1 104.3 250.5 107.9 250.5 0.9640
655.4 106.2 6.2 8.7 657.1 109.4 660.0 109.4 658.5 111.1 657.4 112.8 659.7 112.8 0.9637
523.4 411.7 8.2 9.8 525.5 415.9 529.2 415.9 527.3 418.0 526.0 419.7 528.8 419.7 0.9613
456.2 78.6 6.7 8.6 458.1 82.0 461.1 82.1 459.6 83.6 458.3 85.2 460.7 85.3 0.9610
986.9 592.4 11.6 17.2 988.9 598.9 990.7 599.7 987.9 602.5 988.6 605.6 989.9 605.9 0.9610
777.8 239.6 8.5 11.1 778.9 243.8 782.2 244.2 779.5 246.3 779.0 248.5 781.5 248.7 0.9609
368.5 185.2 7.3 9.2 370.7 188.3 374.2 188.3 372.5 190.2 370.9 192.1 373.8 192.1 0.9579
317.6 413.1 9.6 11.6 319.4 417.2 323.5 417.2 320.9 419.7 320.0 422.0 322.9 421.9 0.9574
247.5 184.9 7.0 8.5 249.1 188.2 252.3 188.0 250.6 189.8 249.6 191.5 252.3 191.4 0.9546
441.4 161.7 7.0 8.2 443.1 164.7 446.2 164.8 444.6 166.4 443.3 168.0 445.8 168.1 0.9543
327.1 240.6 7.5 9.1 329.2 243.8 332.9 243.9 331.1 245.7 329.5 247.5 332.5 247.6 0.9499
496.2 238.1 8.3 11.1 499.3 243.0 503.0 242.7 501.8 245.2 500.1 247.3 503.0 247.1 0.9498
354.6 131.5 6.5 8.3 356.3 134.6 359.5 134.4 358.0 136.2 356.8 137.9 359.4 137.8 0.9494
516.9 212.3 7.3 9.1 518.5 215.4 522.0 215.3 520.2 217.2 519.0 219.2 521.9 219.1 0.9490
476.8 80.0 6.4 7.8 478.7 83.2 481.6 83.3 480.1 84.9 478.8 86.3 481.1 86.4 0.9489
345.5 153.9 7.6 9.2 347.7 157.2 351.2 157.2 349.5 159.0 347.9 160.8 350.8 160.8 0.9487
382.1 101.3 7.2 8.8 383.9 104.8 387.3 104.8 385.5 106.4 384.1 108.1 386.9 108.1 0.9485
227.0 162.3 7.0 9.1 228.8 166.1 231.9 166.1 230.3 167.9 229.1 169.5 231.6 169.5 0.9473
425.5 242.0 7.4 9.3 427.6 246.2 431.0 246.2 429.4 248.1 428.0 249.7 430.7 249.7 0.9457
286.2 132.3 7.3 8.8 288.0 135.5 291.5 135.4 289.9 137.3 288.5 139.1 291.3 139.0 0.9455
590.3 130.8 7.1 8.6 592.3 133.8 595.7 134.0 593.9 135.7 592.3 137.3 595.0 137.5 0.9443
331.0 211.3 7.0 8.9 332.6 214.6 335.7 214.5 334.1 216.3 333.1 218.0 335.7 217.9 0.9439
106.3 183.9 6.9 8.7 109.4 187.5 112.1 187.3 111.3 189.2 109.8 190.8 111.8 190.8 0.9416
828.0 241.5 7.3 9.2 829.3 244.6 832.6 244.5 830.8 246.5 829.9 248.5 832.6 248.3 0.9370
412.5 431.6 9.6 10.5 415.0 435.3 419.2 435.5 416.9 437.6 415.3 439.6 418.6 439.7 0.9360
190.5 132.7 7.5 9.2 192.6 136.8 196.0 136.8 194.3 138.7 192.9 140.3 195.5 140.3 0.9353
316.3 686.4 13.6 23.5 327.2 695.2 327.1 694.7 329.8 699.3 327.0 704.2 326.9 704.1 0.9352
522.1 105.0 8.0 9.7 524.0 108.5 527.0 108.5 525.2 110.3 524.3 112.2 526.7 112.2 0.9348
208.6 102.8 6.3 8.6 210.3 106.1 213.3 106.0 211.9 107.7 210.6 109.4 213.1 109.3 0.9325
481.4 184.5 7.1 9.2 483.1 187.9 486.5 188.1 484.6 189.8 483.2 191.6 486.0 191.7 0.9304
59.4 239.0 9.5 12.7 63.3 244.3 67.3 244.3 65.9 246.9 63.8 249.1 66.6 249.2 0.9298
89.5 128.0 7.0 8.8 91.7 131.5 94.8 131.3 93.5 133.1 92.1 134.8 94.6 134.7 0.9281
447.4 239.4 7.4 9.5 450.1 242.8 453.5 242.7 452.2 244.7 450.5 246.6 453.2 246.6 0.9278
676.1 390.4 7.0 8.4 678.0 393.4 680.7 393.7 679.0 395.2 678.0 396.8 680.1 397.0 0.9265
957.2 250.0 7.8 11.0 958.7 254.5 961.1 254.8 958.9 256.7 958.8 258.7 960.6 258.8 0.9261
811.1 250.2 7.4 9.6 812.8 253.6 815.9 253.7 814.0 255.5 813.1 257.4 815.5 257.4 0.9236
271.1 188.9 6.1 7.3 272.6 191.7 275.5 191.7 274.0 193.2 272.8 194.6 275.2 194.7 0.9210
520.7 241.6 8.0 10.0 522.8 245.4 526.5 245.3 524.8 247.3 523.4 249.4 526.3 249.3 0.9209
86.6 242.0 7.4 9.7 89.3 245.5 92.6 245.4 91.3 247.4 89.7 249.4 92.3 249.4 0.9206
348.1 244.1 8.2 9.5 350.4 247.8 354.1 247.4 352.5 249.7 351.3 251.7 354.2 251.4 0.9202
394.9 158.5 7.0 8.4 396.5 161.4 399.7 161.3 398.0 163.1 396.9 164.9 399.4 164.9 0.9185
99.9 208.4 7.7 9.0 102.8 211.4 106.0 211.5 104.6 213.3 102.9 215.1 105.4 215.2 0.9157
759.3 74.3 7.6 9.6 761.1 77.8 764.4 77.9 762.5 79.7 761.3 81.5 763.9 81.6 0.9113
36.3 241.3 7.9 10.5 39.4 245.6 42.5 245.3 41.7 247.4 40.1 249.6 42.6 249.4 0.9086
452.9 107.0 6.0 7.5 454.4 109.8 457.0 109.8 455.7 111.3 454.7 112.7 456.8 112.7 0.9066
487.0 159.5 6.7 8.4 488.7 162.6 491.9 162.7 490.3 164.3 489.0 166.0 491.6 166.0 0.9029
570.5 238.8 8.3 10.7 573.5 242.7 577.1 242.9 575.5 245.0 573.6 247.0 576.4 247.2 0.8997
519.1 132.4 6.7 8.2 521.0 135.7 524.2 135.6 522.7 137.4 521.5 138.9 524.0 138.8 0.8995
844.0 239.1 9.1 11.3 845.0 242.8 847.9 242.9 845.2 245.4 845.7 248.0 847.6 247.9 0.8988
510.7 158.3 6.9 8.6 512.7 161.6 515.8 161.5 514.2 163.3 513.1 165.0 515.6 165.0 0.8949
150.2 236.8 7.6 9.6 153.5 240.7 156.4 240.6 155.5 242.5 153.7 244.3 156.0 244.3 0.8930
298.3 184.2 6.7 8.5 299.9 187.4 303.0 187.3 301.4 189.1 300.5 191.0 303.0 190.8 0.8927
51.9 127.9 6.9 8.9 53.8 131.3 57.1 131.2 55.6 133.1 54.3 134.8 56.9 134.7 0.8903
427.3 101.7 7.0 8.5 429.1 105.0 432.1 105.0 430.4 106.7 429.3 108.4 431.7 108.4 0.8892
633.9 132.9 6.8 8.6 585.0 598.1 585.9 598.8 582.7 602.0 584.5 605.7 584.8 606.1 0.8867
778.5 214.8 7.3 9.0 635.8 136.1 639.0 136.0 637.4 137.7 636.2 139.5 638.8 139.4 0.8746
207.1 159.2 6.8 8.9 780.0 217.9 783.3 217.7 781.5 219.7 780.6 221.6 783.2 221.5 0.8740
69.6 182.1 6.9 8.7 208.7 162.7 211.9 162.7 210.3 164.5 209.1 166.2 211.6 166.2 0.8714
371.0 246.9 8.6 9.7 71.3 184.9 74.5 185.0 72.7 186.7 71.5 188.6 74.1 188.6 0.8687
262.9 131.7 7.4 9.3 373.2 250.9 377.3 251.0 375.3 252.9 373.6 254.7 376.9 254.8 0.8655
257.2 77.4 7.3 8.9 264.1 135.2 267.3 135.3 265.1 137.2 264.3 139.1 266.8 139.2 0.8639
923.7 215.3 8.4 9.6 259.7 81.2 262.7 80.9 261.5 83.0 260.4 84.7 262.7 84.5 0.8627
16.4 241.2 9.1 11.2 926.0 219.2 929.8 219.1 928.0 221.1 926.7 223.0 929.7 222.9 0.8624
427.3 130.7 7.3 9.1 19.7 245.2 23.7 245.4 22.0 247.6 19.8 249.7 23.0 249.9 0.8554
474.7 131.0 7.4 8.8 429.2 134.4 432.6 134.3 430.8 136.2 429.8 137.9 432.4 137.8 0.8537
676.2 108.5 6.7 8.4 476.7 133.9 480.4 134.1 478.4 136.0 476.8 137.8 479.7 138.0 0.8508
698.7 162.7 6.3 7.6 677.4 111.5 680.0 111.4 678.4 113.1 677.9 114.9 679.9 114.8 0.8491
980.5 210.8 8.9 12.0 700.2 165.8 703.2 165.6 701.7 167.4 700.8 169.0 703.2 168.8 0.8461
235.0 206.9 7.8 9.5 982.2 215.9 985.8 215.7 983.9 218.1 983.2 220.3 985.9 220.1 0.8399
396.6 243.1 8.1 9.5 237.0 210.2 240.5 210.2 238.7 212.1 237.3 213.9 240.2 213.9 0.8393
409.2 79.2 7.1 8.6 398.7 246.4 402.2 246.4 400.5 248.4 399.2 250.3 401.9 250.3 0.8370
989.3 180.0 7.4 8.9 411.3 83.0 414.5 82.9 413.0 84.7 411.7 86.3 414.2 86.3 0.8365
722.9 111.1 7.5 8.8 990.9 183.1 994.2 183.3 992.2 185.0 990.9 186.7 993.6 186.9 0.8332
835.8 140.5 6.8 8.9 724.8 114.6 728.1 114.6 726.4 116.4 725.1 118.0 727.7 118.0 0.8222
431.1 82.5 6.4 7.5 837.1 143.9 839.6 144.0 837.7 145.8 837.3 147.4 839.3 147.5 0.8185
682.0 130.0 7.1 8.9 801.5 217.4 804.6 217.2 802.8 219.1 802.1 221.0 804.5 220.9 0.8084
275.3 101.0 7.3 9.3 432.9 85.5 435.9 85.3 434.6 87.1 433.6 88.7 435.9 88.5 0.8058
890.7 247.8 9.2 10.6 683.8 133.6 687.1 133.6 685.4 135.3 684.1 136.9 686.8 137.0 0.7946
970.7 580.8 12.4 16.4 277.3 105.1 280.8 105.0 279.2 106.9 277.8 108.5 280.6 108.5 0.7887
259.0 212.5 7.0 8.7 893.6 251.4 897.5 251.3 895.8 253.6 894.2 255.8 897.3 255.7 0.7839
123.3 238.1 7.2 9.5 972.5 587.5 974.1 587.6 971.8 591.3 974.3 594.0 975.1 593.9 0.7790
231.5 105.4 6.6 8.0 146.6 594.3 147.5 594.2 148.7 597.5 146.7 600.7 147.3 600.8 0.7759
490.5 411.3 10.8 12.2 260.6 215.8 263.5 215.7 261.8 217.4 261.0 219.2 263.4 219.1 0.7713
474.8 101.7 6.6 8.0 126.0 241.7 128.9 241.5 128.0 243.3 126.6 245.4 128.9 245.2 0.7658
612.9 133.4 7.2 9.0 233.0 108.2 236.4 108.2 234.7 109.8 233.3 111.6 236.1 111.6 0.7440
597.0 244.0 8.7 10.5 493.1 414.5 498.5 414.3 495.8 417.2 493.7 420.1 498.1 420.0 0.7359
898.7 214.6 7.5 9.1 707.1 566.9 707.7 567.3 705.2 570.3 707.3 573.9 707.9 574.0 0.7269
872.5 245.0 9.0 11.1 476.6 104.5 480.0 104.5 478.5 106.1 476.9 107.9 479.7 107.9 0.7259
659.7 130.9 7.3 9.1 614.8 136.8 618.0 136.9 616.2 138.5 614.9 140.2 617.5 140.3 0.7248
34.4 153.6 7.5 9.2 598.9 247.7 603.2 247.9 600.8 250.0 599.1 252.2 602.6 252.3 0.7124
648.2 240.3 7.8 9.7 899.9 217.9 902.9 217.8 901.1 219.8 900.6 221.6 902.9 221.5 0.6936
924.3 251.9 8.7 9.7 875.1 248.8 879.5 248.9 877.4 251.2 875.4 253.4 878.8 253.5 0.6865
712.3 85.7 6.4 8.4 661.2 134.2 664.2 134.1 662.3 136.0 661.8 138.0 664.1 137.8 0.6775
143.3 211.2 7.4 9.0 37.5 156.7 40.5 156.6 39.5 158.6 38.0 160.5 40.3 160.5 0.6651
622.0 242.3 7.2 9.1 320.3 398.8 324.7 398.5 322.5 401.2 321.1 403.6 324.6 403.4 0.6643
591.0 209.3 7.4 8.8 650.5 244.0 654.1 244.1 652.4 245.9 650.8 247.7 653.7 247.8 0.6407
10.7 208.8 8.4 10.1 286.7 648.2 294.4 648.7 290.1 652.2 287.0 654.5 292.6 654.8 0.6132
866.8 215.2 7.0 9.6 926.5 255.3 930.7 255.3 928.5 257.6 927.0 259.8 930.3 259.8 0.6000
278.9 244.1 7.9 8.7 377.4 607.0 379.8 606.6 380.0 610.4 377.4 613.2 378.9 613.0 0.5995
418.8 415.3 10.3 12.0 527.3 216.6 530.6 216.8 528.6 218.6 527.4 220.3 530.0 220.4 0.5767
668.5 80.3 7.3 8.4 714.0 88.8 716.8 88.8 715.4 90.4 714.3 92.1 716.6 92.0 0.5664
246.3 154.5 7.6 8.9 146.3 214.7 149.1 214.9 147.9 216.6 146.1 218.1 148.3 218.3 0.5508
56.6 212.0 7.4 8.6 624.2 246.2 627.4 246.0 626.0 247.8 624.7 249.6 627.3 249.5 0.5361
