17--Ceremony/17_Ceremony_Ceremony_17_94.jpg
39
924.8 31.6 24.6 30.2 930.1 43.1 941.4 42.6 935.7 48.4 931.8 54.2 941.3 53.7 0.9997
297.2 42.5 23.1 29.3 302.6 54.4 313.3 54.1 307.8 59.8 304.1 65.0 312.9 64.7 0.9996
398.2 61.9 23.0 27.5 404.5 71.5 415.2 71.9 409.7 77.4 404.6 81.3 414.3 81.6 0.9996
668.9 42.4 22.9 28.9 675.4 52.3 685.9 55.1 679.0 59.7 673.9 64.1 681.5 66.2 0.9995
827.6 29.0 21.7 28.5 831.3 39.5 841.0 40.2 834.5 45.2 831.3 50.5 839.3 50.9 0.9995
169.1 43.3 22.3 25.9 174.6 53.4 184.9 52.1 180.3 57.9 176.8 63.0 185.6 61.9 0.9995
259.1 21.6 21.5 26.6 265.1 30.9 275.7 30.9 270.9 35.8 265.9 41.0 274.9 41.1 0.9995
436.0 20.0 21.0 25.2 441.8 28.6 452.0 29.7 446.0 34.1 441.2 38.5 449.6 39.4 0.9994
953.0 76.4 25.9 30.8 962.0 87.1 973.2 89.9 966.6 94.6 959.9 97.9 969.5 100.2 0.9994
644.1 34.8 21.9 29.2 648.7 47.5 658.4 47.3 653.0 52.5 649.7 57.4 657.9 57.2 0.9993
774.5 72.9 23.1 28.6 779.9 86.7 790.4 86.3 785.0 92.9 782.0 96.8 789.8 96.5 0.9993
891.8 88.2 25.5 31.6 900.3 97.9 911.9 101.9 904.4 105.8 897.5 109.8 907.0 113.0 0.9993
139.3 15.1 21.7 27.5 144.7 26.7 154.4 25.3 150.0 31.1 146.8 36.3 154.7 35.2 0.9992
612.9 72.9 25.5 28.0 618.1 82.7 629.7 82.0 623.4 88.4 620.2 94.3 628.6 93.8 0.9991
380.1 0.0 21.8 23.4 385.8 6.6 396.1 7.5 390.4 11.0 386.3 16.5 394.0 17.2 0.9991
849.2 0.0 23.6 27.6 854.1 10.1 864.9 10.4 858.7 15.9 854.9 20.3 863.7 20.5 0.9991
506.5 50.7 19.9 24.0 511.4 58.8 520.9 58.7 516.0 63.6 512.5 68.5 520.2 68.4 0.9990
350.2 62.8 24.7 30.1 356.7 74.2 368.8 74.7 362.3 79.8 357.1 85.3 366.9 85.8 0.9990
987.4 21.9 20.3 27.3 991.8 31.9 1001.3 33.1 995.4 37.9 991.6 41.7 999.6 42.7 0.9989
76.2 60.9 22.5 28.5 83.5 72.4 94.1 72.9 89.2 77.8 84.0 82.6 92.5 83.0 0.9988
94.5 39.0 23.4 30.1 103.3 50.5 113.5 50.8 109.4 56.6 103.4 61.4 111.6 61.8 0.9988
575.1 31.1 20.8 24.0 579.8 39.9 589.4 38.5 585.0 43.9 581.7 48.7 590.1 47.7 0.9988
895.8 16.5 22.0 30.1 900.6 29.1 910.5 29.5 904.6 35.0 901.3 40.2 909.4 40.3 0.9988
947.9 4.5 21.0 22.6 953.3 11.8 962.9 12.8 957.4 16.5 953.5 20.8 961.0 21.5 0.9985
475.6 6.4 20.4 26.4 480.9 16.9 490.5 17.0 485.5 21.9 481.5 26.6 489.7 26.6 0.9985
739.7 0.0 21.3 19.2 745.9 3.5 756.0 4.4 751.0 7.7 746.5 12.7 754.2 13.4 0.9982
753.9 42.9 18.6 25.0 757.4 53.8 766.1 53.7 761.1 59.0 758.9 63.4 764.9 63.3 0.9976
662.2 306.7 29.5 35.8 679.8 319.7 687.8 317.7 690.1 325.5 683.1 334.1 688.5 332.9 0.9974
182.9 9.3 20.0 26.6 189.0 20.5 198.3 21.4 193.3 25.9 188.9 29.7 196.2 30.5 0.9969
463.9 42.4 18.1 19.8 467.0 50.8 474.0 49.0 470.5 54.5 470.2 58.7 475.0 57.3 0.9965
218.6 76.1 21.8 24.0 224.8 84.9 235.3 84.5 230.9 89.8 227.0 94.8 234.5 94.6 0.9962
75.5 0.0 22.0 21.3 83.2 3.5 93.3 5.0 88.3 8.9 82.0 12.5 91.7 13.7 0.9951
721.4 38.2 24.7 25.9 730.7 48.6 739.9 50.9 734.2 55.4 728.5 58.1 734.9 60.1 0.9942
184.1 210.3 22.7 28.0 197.0 220.1 196.1 217.4 203.2 219.4 204.8 228.5 204.1 226.8 0.9940
30.1 25.5 18.6 25.2 35.1 36.3 43.4 36.0 39.4 40.7 36.2 45.3 43.1 45.1 0.9923
1015.4 100.9 7.8 30.9 12.0 8.6 22.1 10.0 16.1 15.2 11.8 19.9 19.3 21.0 0.8964
765.4 63.9 17.4 23.1 1020.3 112.7 1030.9 112.4 1024.9 118.1 1021.4 124.0 1029.9 123.8 0.8774
103.9 0.0 17.2 12.7 769.5 72.6 777.3 72.7 772.5 77.6 770.0 82.2 775.7 82.2 0.7738
343.1 0.0 21.4 14.6 110.5 -1.7 118.0 -1.2 114.9 2.6 110.8 6.9 116.5 7.3 0.5946
