17--Ceremony/17_Ceremony_Ceremony_17_98.jpg
17
621.0 158.9 13.3 19.9 622.4 166.7 625.3 166.8 621.5 170.7 623.2 174.5 625.1 174.3 0.9988
737.7 145.2 12.6 21.0 739.4 153.2 740.7 153.4 737.4 157.3 739.9 161.3 740.5 161.2 0.9976
676.9 154.2 11.0 17.7 678.6 160.7 679.8 161.4 676.6 164.1 678.3 167.4 679.0 167.6 0.9966
532.8 182.3 12.4 13.7 535.4 189.2 537.9 188.9 536.5 192.5 538.9 194.2 540.0 193.9 0.9891
849.6 201.9 14.3 22.5 853.5 210.9 854.7 211.0 851.0 214.9 853.1 219.4 853.6 219.2 0.9852
286.5 169.4 13.9 20.1 296.5 177.1 298.8 176.8 300.6 180.4 297.5 184.6 299.1 184.7 0.9836
105.3 214.5 16.1 24.6 115.7 222.8 117.3 222.3 120.2 226.9 117.2 232.6 118.5 232.5 0.9810
48.7 164.5 24.1 36.1 66.2 176.7 68.6 176.4 71.9 183.1 67.0 191.3 68.6 191.2 0.9778
809.5 158.9 11.9 18.7 812.3 164.5 813.8 165.1 810.3 168.2 811.2 172.5 812.3 172.6 0.9702
163.5 191.2 19.5 30.8 177.5 203.3 178.8 201.4 183.0 208.1 179.4 215.1 180.0 214.0 0.9497
217.7 169.0 13.3 17.9 226.6 175.6 229.0 175.6 229.5 179.4 225.9 182.5 227.7 182.7 0.9075
931.7 129.0 34.5 51.8 941.0 146.2 946.8 148.7 935.1 155.0 934.9 166.3 938.9 167.8 0.8928
292.7 173.1 12.2 17.6 299.7 179.9 302.7 180.1 302.4 183.4 299.5 186.3 301.6 186.7 0.8636
488.2 201.9 9.9 12.2 493.5 206.9 496.1 207.6 494.8 210.0 492.2 211.6 493.8 212.2 0.8472
217.0 184.4 16.1 24.8 226.8 193.5 228.9 192.3 231.6 197.1 229.9 202.9 231.2 202.1 0.7609
783.5 184.7 14.7 26.5 786.5 194.1 787.9 194.3 784.3 199.1 786.3 205.0 787.7 204.9 0.6053
169.3 170.6 12.9 19.6 177.8 178.2 180.1 178.1 181.2 182.0 178.2 185.6 179.9 185.7 0.5588
