17--Ceremony/17_Ceremony_Ceremony_17_288.jpg
27
143.5 124.0 72.6 110.9 195.1 168.1 205.6 165.7 218.2 186.5 196.2 208.0 205.0 206.7 0.9999
374.4 73.8 21.4 33.4 377.2 86.9 379.4 87.6 374.3 94.5 380.4 100.2 381.6 100.2 0.9998
520.4 43.7 22.7 30.0 525.7 55.8 536.0 55.0 530.9 60.5 527.4 66.0 536.3 65.4 0.9997
202.3 62.8 26.3 34.6 209.7 79.0 220.9 75.7 217.2 83.6 213.8 89.9 223.1 87.3 0.9996
443.8 110.6 39.2 46.8 452.5 128.9 470.1 123.2 463.9 137.1 460.4 148.0 474.0 143.5 0.9995
382.3 39.3 22.7 27.7 388.8 50.6 399.1 49.9 394.7 55.5 390.6 60.8 399.0 60.3 0.9995
286.6 72.9 23.2 28.1 290.7 86.7 296.2 86.0 292.1 92.8 295.6 96.7 298.7 95.9 0.9995
313.8 115.4 33.4 39.5 322.3 132.9 338.0 131.1 331.0 141.0 326.3 147.9 337.4 146.5 0.9995
575.7 205.7 67.2 101.1 588.1 247.0 617.9 245.1 599.8 269.1 591.2 277.8 623.1 275.8 0.9995
901.1 0.0 49.4 53.0 913.6 15.3 935.7 16.7 923.1 27.4 914.7 37.8 931.4 39.1 0.9995
584.7 56.1 21.5 28.9 590.3 66.0 600.2 66.7 594.7 71.8 590.3 76.3 599.5 76.8 0.9993
493.9 21.6 20.0 26.0 502.3 30.6 510.3 30.7 507.4 35.3 503.0 40.4 509.5 40.5 0.9990
320.0 43.1 21.4 26.5 330.1 56.0 336.1 52.6 337.8 58.8 335.5 64.9 339.6 62.4 0.9990
710.2 92.4 31.7 39.6 715.7 109.5 729.5 107.0 722.1 115.4 719.7 123.5 730.2 121.5 0.9989
254.6 111.5 28.8 33.3 262.0 123.2 275.7 122.7 268.9 130.8 264.1 137.4 274.4 137.1 0.9989
568.4 148.8 34.1 42.7 575.2 167.8 590.3 168.7 581.0 177.7 577.5 183.9 587.3 184.6 0.9982
643.9 56.5 27.3 29.5 649.2 71.6 656.8 70.2 652.6 77.9 656.0 82.0 660.3 80.6 0.9977
740.3 56.8 24.0 29.7 747.2 68.1 757.7 68.0 752.6 73.7 748.3 79.1 756.8 79.1 0.9974
429.3 28.7 18.3 24.1 435.4 38.6 442.7 36.3 441.4 42.3 439.4 47.9 444.4 46.2 0.9969
572.1 34.0 19.6 21.9 481.3 108.2 488.9 107.5 483.5 115.1 484.7 121.0 490.3 120.2 0.9955
189.7 105.1 26.9 40.0 578.0 44.7 586.6 43.0 583.5 49.3 581.2 53.1 586.6 51.9 0.9952
627.6 31.2 22.1 26.4 198.9 119.5 211.4 120.4 206.1 128.3 199.4 135.0 208.5 135.8 0.9944
546.9 90.4 22.3 33.4 631.8 40.6 641.7 41.6 635.2 47.4 632.3 52.0 639.3 52.6 0.9935
687.5 59.2 19.9 21.3 549.5 103.9 558.4 102.8 552.4 110.1 552.0 116.4 559.0 115.4 0.9898
827.8 0.0 31.0 21.7 691.7 68.2 699.9 68.1 695.3 73.6 694.1 77.2 699.3 77.0 0.9731
616.4 94.6 15.8 28.4 748.2 43.4 756.5 43.8 750.4 49.3 750.7 54.1 756.3 54.3 0.8502
389.7 131.4 28.9 35.0 839.9 -1.3 853.7 -1.5 849.2 5.5 841.6 12.9 852.1 12.9 0.7435
