17--Ceremony/17_Ceremony_Ceremony_17_50.jpg
49
401.7 585.6 17.0 18.7 412.1 593.7 416.4 594.6 414.9 599.0 409.3 600.6 411.9 601.6 0.9992
740.0 651.5 16.9 17.6 751.5 659.7 753.4 660.4 752.4 664.6 746.8 665.7 747.5 666.5 0.9984
252.1 557.4 14.1 19.8 261.4 566.1 264.0 565.4 265.6 569.3 262.5 573.0 264.0 572.7 0.9966
328.3 619.6 16.1 20.0 336.6 629.1 342.4 628.8 340.7 633.7 336.4 636.6 340.2 636.6 0.9954
72.2 595.1 14.5 17.4 81.2 602.4 85.1 602.9 84.7 606.6 80.6 609.1 83.0 609.8 0.9951
965.6 543.4 11.9 13.1 972.9 548.5 975.3 549.1 974.5 552.1 971.1 553.7 972.2 554.3 0.9946
940.8 552.6 10.5 14.8 948.5 558.7 949.9 558.8 950.9 561.8 948.2 564.3 948.7 564.6 0.9941
167.4 617.3 15.7 20.6 175.4 626.4 181.5 625.0 180.8 630.1 177.1 634.3 181.4 633.4 0.9937
406.6 717.1 16.9 23.3 417.7 727.8 420.8 725.8 423.2 731.2 420.2 736.3 422.0 735.1 0.9936
395.6 448.7 10.3 14.6 402.2 455.0 404.1 454.6 404.7 457.6 402.5 460.4 403.8 460.2 0.9923
611.4 715.6 17.4 22.0 623.2 724.9 626.7 724.2 626.8 729.6 622.2 733.5 624.2 733.2 0.9901
153.5 406.0 11.6 14.7 159.4 412.0 162.5 410.9 163.1 414.1 161.5 417.5 163.4 416.9 0.9898
877.9 521.3 12.1 13.3 883.8 526.4 888.3 526.5 886.7 529.8 883.7 532.1 886.7 532.3 0.9883
836.1 521.7 12.0 15.4 842.1 527.9 846.3 527.8 845.1 531.2 842.2 533.8 845.3 533.9 0.9834
543.2 520.3 11.4 16.0 549.4 527.8 553.1 527.5 552.2 531.3 549.4 533.9 551.7 533.8 0.9789
325.5 505.2 10.9 14.2 332.5 512.3 334.2 511.8 334.4 515.0 331.1 517.0 332.1 516.8 0.9780
18.1 421.0 11.1 14.6 24.3 427.0 27.0 425.8 28.2 429.1 26.1 432.3 28.0 431.7 0.9741
793.0 482.9 10.9 12.4 797.2 488.0 802.1 488.4 799.9 491.1 797.3 493.0 800.6 493.3 0.9740
166.7 448.9 11.9 16.2 173.8 456.1 176.6 455.2 177.4 458.4 175.5 461.8 177.3 461.3 0.9727
367.6 469.3 11.4 13.5 373.9 475.6 377.4 475.9 376.3 479.1 373.4 480.6 375.4 481.0 0.9640
101.9 369.7 8.7 11.8 106.1 374.6 109.1 374.2 108.6 376.7 106.8 378.9 109.0 378.8 0.9637
102.0 391.5 10.4 13.5 109.1 397.4 110.7 397.4 110.8 400.5 108.0 402.5 108.7 402.7 0.9524
129.5 656.9 16.9 20.5 138.5 667.5 143.8 665.4 144.0 670.5 141.5 674.5 144.7 673.2 0.9507
585.6 380.1 9.0 11.3 589.5 385.0 593.0 384.7 592.1 387.1 590.2 389.2 592.8 389.1 0.9447
158.3 530.6 14.6 18.1 163.1 539.9 169.2 537.6 167.7 542.6 166.4 546.2 170.6 544.5 0.9298
230.3 387.3 10.8 12.8 233.3 392.0 238.1 392.9 235.2 395.1 233.1 396.9 236.7 397.5 0.9288
202.8 433.7 9.1 12.1 206.9 438.7 210.3 438.6 209.3 440.9 207.4 443.1 210.0 443.1 0.9281
150.4 371.8 8.3 10.5 154.4 375.8 156.9 375.6 156.5 377.8 154.9 379.9 156.7 379.8 0.9257
49.9 474.2 13.4 14.4 58.3 481.2 60.7 481.2 60.1 484.8 56.6 486.3 57.7 486.6 0.9174
345.2 487.4 11.1 14.4 351.7 494.4 354.2 494.2 353.8 497.6 351.2 499.5 352.4 499.5 0.9140
542.8 372.3 7.5 10.7 546.9 376.7 549.1 376.5 549.0 378.7 547.3 380.8 549.0 380.7 0.9138
81.6 333.5 9.0 10.8 86.3 337.7 89.0 337.7 88.6 340.2 86.5 342.2 88.2 342.3 0.9097
766.6 493.2 10.1 12.7 771.8 498.8 774.9 499.1 773.8 501.7 771.2 503.4 773.2 503.7 0.9067
837.2 474.1 10.9 11.6 841.5 478.7 846.0 479.2 844.0 481.9 841.6 483.4 844.5 483.9 0.8836
633.8 433.1 10.1 12.7 637.6 438.3 642.2 438.2 640.5 441.2 638.1 443.6 641.5 443.6 0.8753
219.2 591.4 13.9 19.9 227.0 600.6 229.5 598.3 231.6 602.6 230.5 607.1 232.4 605.4 0.8727
235.4 412.1 9.5 13.2 239.7 418.1 243.0 417.4 242.6 420.3 240.9 423.1 243.1 422.7 0.8706
8.6 539.0 13.0 16.0 14.5 547.5 19.2 546.1 18.6 550.3 16.6 553.1 19.4 552.2 0.8370
48.7 335.8 8.7 11.1 52.6 340.5 55.6 340.0 55.2 342.4 53.5 344.6 55.9 344.3 0.7153
549.6 535.5 13.3 18.1 556.9 542.9 560.2 541.6 561.1 545.0 559.4 549.5 561.7 548.6 0.7152
900.6 408.0 9.0 11.2 904.9 412.5 907.6 411.9 907.5 414.3 905.9 416.8 907.9 416.4 0.6764
137.3 473.1 13.1 16.6 145.0 480.5 148.2 480.2 147.3 484.4 143.7 486.9 145.7 486.8 0.6571
394.0 551.3 11.2 16.1 401.2 557.4 403.7 556.9 404.5 560.7 401.9 564.0 403.5 563.9 0.6534
447.4 532.8 11.5 14.4 451.5 538.5 456.2 538.7 454.1 541.5 451.6 544.0 455.3 544.2 0.6154
851.8 457.7 9.7 11.1 855.3 462.6 859.0 462.3 857.8 465.0 856.2 467.1 858.8 466.9 0.6133
287.6 691.2 14.9 20.0 296.5 698.9 299.6 697.8 300.5 702.5 297.4 706.7 299.6 706.2 0.5995
244.6 404.6 10.8 14.4 247.9 411.7 252.4 410.6 251.2 414.4 250.4 417.2 253.5 416.4 0.5563
42.0 315.2 9.6 11.6 44.5 319.5 48.6 319.6 46.4 321.9 44.9 324.2 48.0 324.2 0.5075
900.0 727.6 15.4 16.3 905.2 733.9 910.3 734.9 906.8 738.2 904.0 740.2 907.4 740.9 0.5029
