17--Ceremony/17_Ceremony_Ceremony_17_96.jpg
58
962.6 508.7 13.1 16.1 964.3 514.2 967.0 514.6 963.6 518.1 965.4 521.1 967.0 521.3 0.9995
181.8 499.4 10.7 13.0 187.8 504.5 191.3 504.2 190.8 507.4 188.1 509.9 190.2 509.8 0.9991
248.4 512.3 13.5 17.4 256.5 518.9 260.1 518.1 260.9 522.0 257.8 525.8 260.3 525.4 0.9989
206.5 505.8 12.9 14.8 212.0 510.9 217.5 511.3 215.4 514.9 212.3 517.4 216.1 517.7 0.9989
529.2 510.2 15.4 18.7 538.8 516.9 542.9 516.1 543.2 520.6 539.5 524.7 542.2 524.3 0.9987
899.1 526.7 15.7 20.4 901.6 534.8 903.6 535.0 900.7 539.5 904.6 542.9 905.7 542.7 0.9987
225.5 492.3 11.2 12.6 229.4 497.5 234.3 497.3 232.2 500.4 230.1 502.6 233.6 502.4 0.9985
578.7 528.4 17.9 20.2 589.8 537.2 594.7 536.0 594.7 541.7 589.5 545.1 592.4 544.5 0.9983
445.1 179.8 10.7 12.4 448.4 185.8 453.1 184.1 451.9 187.6 450.7 190.4 454.1 189.1 0.9977
119.6 535.3 13.0 19.3 127.7 541.8 129.8 541.4 131.8 545.1 128.9 549.6 130.4 549.6 0.9977
153.8 512.5 10.6 14.4 159.6 518.0 163.1 517.8 162.5 521.1 159.4 523.7 162.0 523.6 0.9975
539.8 466.8 9.0 11.2 545.0 470.9 547.7 470.4 547.8 472.9 545.7 475.4 547.8 475.2 0.9975
490.9 185.5 11.0 12.1 493.2 192.4 496.9 190.3 495.9 193.7 496.6 196.2 498.9 194.6 0.9962
338.9 174.0 8.5 10.6 340.7 178.4 344.9 178.1 342.8 180.4 341.6 182.5 344.9 182.3 0.9962
82.7 514.0 10.5 15.4 88.3 519.6 92.0 519.5 91.6 522.7 88.7 525.8 91.5 525.8 0.9962
487.3 500.8 9.9 15.1 489.0 506.5 489.6 506.8 487.5 509.7 489.7 512.7 490.0 512.7 0.9958
900.3 436.2 8.7 11.2 901.9 440.5 905.4 440.6 903.0 442.7 902.3 444.8 904.9 444.8 0.9954
922.2 481.0 12.7 14.7 925.2 485.2 929.0 487.1 924.4 488.7 923.3 491.2 925.7 492.6 0.9949
510.6 553.6 15.8 21.0 513.4 561.9 520.4 559.9 517.7 565.2 516.2 569.6 522.3 568.0 0.9942
320.9 508.5 10.6 16.5 328.8 514.5 330.0 514.1 331.2 518.1 328.0 521.2 328.9 521.1 0.9940
190.8 526.8 11.7 15.6 195.7 532.7 200.1 531.5 199.5 535.1 197.5 538.8 200.9 538.0 0.9934
619.0 480.5 8.5 10.8 621.6 484.8 625.5 484.7 623.7 486.7 622.1 488.7 625.3 488.6 0.9932
382.4 169.6 9.0 10.8 383.9 173.9 387.5 173.7 385.2 176.0 384.6 178.2 387.4 178.0 0.9931
161.6 215.2 12.7 10.9 164.3 222.0 167.0 220.2 166.4 223.9 169.0 225.2 170.3 223.6 0.9928
315.4 479.5 8.2 9.8 318.0 483.7 321.7 483.6 320.1 485.7 318.5 487.3 321.3 487.3 0.9922
624.9 509.4 10.3 17.2 632.4 515.6 632.9 515.3 635.1 518.7 632.9 522.4 633.2 522.5 0.9919
408.0 182.3 9.6 11.7 410.2 186.5 414.6 186.4 412.3 188.9 410.8 191.4 414.4 191.3 0.9914
302.7 493.6 10.2 12.3 307.9 498.4 311.2 498.1 310.6 501.0 308.5 503.3 310.8 503.2 0.9911
312.3 179.9 8.4 9.9 314.4 183.6 318.4 183.5 316.4 185.7 315.0 187.8 318.2 187.7 0.9895
949.4 492.4 10.0 12.8 951.2 496.9 953.9 497.4 950.7 499.3 950.6 501.9 952.5 502.2 0.9883
332.9 444.6 7.9 9.7 334.8 448.3 338.2 448.7 336.0 450.3 334.7 452.0 337.4 452.3 0.9881
286.9 501.3 9.6 12.0 292.9 505.5 295.1 505.5 294.9 508.4 292.4 510.5 293.7 510.7 0.9876
355.7 498.2 11.2 11.4 359.4 502.4 363.8 502.8 361.4 505.2 359.2 507.1 362.6 507.4 0.9859
652.3 491.5 8.1 9.8 655.2 495.2 658.8 495.3 657.2 497.2 655.4 499.0 658.3 499.1 0.9831
299.7 191.1 9.7 11.1 302.1 195.4 306.5 195.2 304.3 197.7 302.9 199.8 306.3 199.7 0.9827
657.9 514.0 11.1 11.2 662.9 517.9 666.8 518.4 665.0 520.7 662.5 522.6 665.3 523.1 0.9753
696.5 477.6 8.2 10.1 699.8 481.3 703.0 481.0 702.1 483.1 700.4 485.2 703.0 485.0 0.9748
596.9 505.5 12.3 15.9 603.1 511.6 606.8 511.2 606.4 514.7 603.9 518.2 606.5 518.0 0.9739
286.4 177.7 8.6 10.0 287.9 182.0 291.7 181.6 289.7 184.1 289.1 186.1 292.0 185.8 0.9736
274.8 454.2 5.5 7.1 276.3 457.0 279.0 457.0 277.7 458.5 276.5 459.8 278.7 459.8 0.9729
336.0 509.3 10.0 13.3 341.1 513.9 344.2 513.2 344.3 516.3 342.1 519.3 344.4 518.9 0.9614
133.4 524.4 11.1 14.7 139.8 530.6 142.7 529.7 142.7 533.5 140.0 536.4 141.9 535.9 0.9605
250.4 463.3 7.3 9.2 254.3 466.7 256.6 466.6 256.3 468.6 254.7 470.4 256.4 470.4 0.9583
265.1 479.8 8.0 9.7 267.9 483.6 271.4 483.3 270.4 485.5 268.8 487.6 271.5 487.4 0.9434
36.2 482.3 10.4 17.2 42.7 488.3 44.6 487.6 46.3 491.0 44.1 495.1 45.5 494.8 0.9226
549.5 435.7 9.0 10.8 552.5 438.9 556.9 439.0 555.0 441.2 552.9 443.5 556.5 443.6 0.9212
870.7 495.6 10.1 12.9 872.9 500.5 877.4 500.4 874.9 503.5 873.6 506.0 876.9 505.9 0.9155
301.1 436.6 7.9 10.0 303.9 440.5 307.1 440.4 305.8 442.4 304.3 444.4 306.9 444.3 0.9138
259.9 160.1 8.6 9.9 262.2 164.1 266.2 163.9 264.4 166.2 263.0 168.3 266.1 168.1 0.9106
410.1 487.9 7.7 10.3 411.7 491.0 413.7 491.4 411.5 493.3 411.5 495.5 412.9 495.8 0.8933
369.6 182.0 9.0 11.3 371.9 187.0 375.9 186.4 374.2 188.8 373.2 190.9 376.3 190.4 0.8652
203.7 184.4 8.4 9.6 205.7 188.6 209.6 188.6 207.5 190.8 206.2 192.7 209.2 192.6 0.8396
130.4 504.2 9.1 13.2 136.1 508.9 137.6 508.3 138.4 511.4 136.4 514.4 137.5 514.1 0.8096
186.5 551.4 18.0 26.4 193.5 560.7 198.9 559.2 198.2 565.2 195.7 571.3 200.2 570.2 0.8016
338.6 197.9 10.7 12.9 341.7 203.7 346.7 203.1 344.9 206.2 343.1 209.0 347.1 208.5 0.7197
244.8 491.0 8.5 9.8 248.7 495.1 251.8 494.7 251.3 497.1 249.5 499.3 251.8 499.0 0.6469
182.4 169.4 7.9 10.0 184.8 172.7 188.0 172.8 186.3 174.8 185.0 176.8 187.5 176.9 0.6317
257.8 501.8 8.6 12.3 263.1 506.2 265.2 505.9 265.3 508.8 263.1 511.4 264.7 511.3 0.5480
