17--Ceremony/17_Ceremony_Ceremony_17_115.jpg
10
821.8 114.6 98.6 166.0 846.4 173.8 846.2 176.5 820.3 205.7 844.0 241.8 840.8 243.0 1.0000
77.4 235.0 42.3 53.0 89.1 257.1 106.6 256.9 97.4 265.7 91.8 275.7 105.0 275.3 0.9993
783.1 273.7 66.1 108.4 800.9 303.4 806.2 305.6 786.3 326.8 800.0 350.6 804.3 351.1 0.9967
396.9 227.2 27.5 35.9 401.6 239.5 412.9 239.7 405.0 246.3 402.5 253.7 410.8 253.8 0.9889
232.6 257.7 23.8 31.6 237.4 272.9 245.8 271.5 241.8 279.2 241.8 284.5 247.7 283.3 0.9838
416.7 204.2 24.9 29.3 424.2 216.1 434.0 216.0 429.5 221.6 426.0 226.5 433.4 226.4 0.9716
238.9 223.7 21.5 29.5 243.2 237.0 251.9 237.1 246.4 242.7 244.4 247.9 251.1 247.7 0.9445
518.3 198.6 20.9 24.6 523.7 203.6 533.1 203.8 527.8 208.2 524.0 214.6 531.7 214.8 0.9440
492.8 200.6 15.3 20.5 496.7 208.1 502.5 208.1 499.2 212.6 497.5 217.1 501.9 217.0 0.8543
452.0 186.9 17.4 21.0 456.0 194.5 462.3 194.4 458.3 199.3 457.2 203.7 461.8 203.5 0.7355
