17--Ceremony/17_Ceremony_Ceremony_17_360.jpg
24
874.7 132.0 8.2 10.9 875.6 136.1 877.5 136.5 875.0 138.5 875.8 140.6 877.0 140.7 0.9996
773.9 125.0 8.0 11.1 774.8 129.3 776.6 129.3 774.4 131.5 775.4 133.6 776.7 133.5 0.9992
728.9 131.7 8.4 12.0 729.7 136.4 731.9 136.6 729.4 138.9 730.2 141.2 731.7 141.1 0.9989
511.5 134.3 6.6 9.7 512.3 137.7 513.5 138.0 511.4 139.7 512.3 141.6 513.0 141.7 0.9984
581.1 129.7 9.5 12.1 583.6 134.8 587.9 134.6 585.9 136.8 584.3 139.1 587.6 139.0 0.9983
617.1 133.3 7.3 11.0 617.8 137.2 618.8 137.4 616.7 139.4 618.1 141.8 618.7 141.7 0.9981
810.7 131.0 7.8 10.3 811.7 134.8 814.1 135.0 811.8 136.9 811.9 138.9 813.7 139.0 0.9979
659.9 138.4 7.6 10.4 660.9 142.9 663.0 142.8 661.1 144.9 661.6 146.7 663.0 146.6 0.9979
261.3 141.2 7.6 10.0 265.1 145.0 267.7 145.0 267.1 146.9 265.3 148.7 267.3 148.8 0.9953
200.5 140.2 7.5 10.6 205.0 144.9 207.0 144.7 207.1 146.9 205.4 148.7 206.8 148.7 0.9950
840.8 131.8 8.7 11.7 842.1 136.7 844.5 136.9 842.1 139.0 842.5 141.1 844.2 141.1 0.9931
698.3 132.7 8.3 11.2 699.6 137.3 702.5 137.3 700.4 139.6 700.1 141.6 702.4 141.6 0.9922
497.2 135.7 7.5 10.2 499.3 140.1 502.7 140.1 500.9 142.0 499.6 143.7 502.4 143.7 0.9917
174.3 139.2 7.3 9.6 178.6 143.4 180.5 143.3 180.6 145.2 178.9 146.8 180.1 146.9 0.9911
372.4 139.7 7.5 10.4 376.4 144.2 378.7 144.4 378.2 146.2 376.3 147.8 378.0 148.0 0.9903
233.5 137.9 7.6 10.2 237.5 142.2 240.0 142.1 239.5 144.2 237.7 146.0 239.5 146.0 0.9884
148.7 130.8 7.1 10.1 153.0 134.4 154.7 134.1 155.1 136.2 153.4 138.4 154.7 138.2 0.9788
481.2 137.7 6.5 9.1 485.1 141.4 486.6 141.1 487.0 142.9 485.6 144.7 486.5 144.5 0.9644
53.5 139.9 8.6 10.8 56.7 144.9 60.7 144.6 59.2 146.8 57.5 148.8 60.6 148.5 0.9513
292.0 140.5 8.0 11.7 296.8 145.2 298.5 144.8 299.0 147.2 297.3 149.5 298.5 149.3 0.9088
900.7 188.5 14.6 18.2 906.9 192.8 907.8 194.3 902.9 195.3 901.9 199.6 902.4 200.7 0.9057
342.3 145.2 6.5 9.3 480.0 142.9 483.2 142.5 482.0 144.8 481.0 146.5 483.3 146.3 0.8486
871.4 178.7 11.9 19.9 345.4 149.2 347.6 149.0 347.2 150.9 345.8 152.6 347.4 152.6 0.8472
318.4 146.3 6.3 6.9 879.9 186.3 881.1 186.4 881.7 190.5 878.8 194.3 879.7 194.6 0.8198
