17--Ceremony/17_Ceremony_Ceremony_17_44.jpg
73
142.8 355.8 14.9 18.9 146.0 363.2 152.5 363.0 148.9 366.5 146.7 369.9 152.2 369.8 0.9997
738.4 305.4 14.3 17.8 742.7 311.9 749.6 312.0 746.4 315.4 743.1 318.8 749.0 318.9 0.9997
417.3 271.1 12.7 18.4 419.0 277.5 421.4 278.4 417.4 281.2 418.6 284.6 420.3 285.0 0.9997
521.6 320.7 17.1 21.0 527.3 328.7 535.1 326.8 533.3 331.5 530.1 336.7 536.3 335.2 0.9997
852.0 161.2 13.4 18.4 853.8 168.7 858.8 168.8 854.9 172.2 854.4 175.5 858.4 175.4 0.9996
955.5 106.3 13.2 16.6 962.2 113.0 966.5 111.9 967.0 115.5 964.5 119.3 967.4 118.7 0.9996
595.8 418.1 16.0 19.0 598.1 424.5 605.0 425.3 599.8 428.9 598.3 432.3 603.5 432.7 0.9996
816.3 354.0 17.3 23.6 821.8 364.0 829.5 364.0 825.9 368.5 822.5 372.3 828.6 372.3 0.9996
482.2 384.1 14.8 19.9 489.9 391.7 494.7 391.3 494.8 395.3 491.1 399.3 494.7 399.3 0.9996
510.9 351.3 16.4 21.3 515.2 359.6 522.9 359.3 519.3 363.4 516.0 367.4 522.6 367.3 0.9995
763.1 317.2 15.6 19.5 766.5 324.6 774.1 324.5 769.8 327.8 767.1 331.6 773.5 331.6 0.9995
721.4 325.4 15.0 21.0 728.5 334.2 734.5 333.8 733.0 338.0 729.3 341.6 734.1 341.3 0.9995
223.0 346.0 16.0 20.1 229.2 353.4 236.2 352.5 234.1 356.9 230.8 361.0 236.5 360.4 0.9995
238.7 395.2 15.0 20.4 246.8 403.1 251.6 402.4 252.1 406.2 248.6 410.6 252.3 410.2 0.9995
173.5 299.9 12.7 20.9 176.1 307.4 176.5 307.6 174.1 311.9 177.6 315.9 178.0 315.8 0.9994
718.1 260.7 15.8 20.7 721.7 269.3 729.4 269.3 725.7 273.6 722.6 277.5 728.7 277.4 0.9994
583.1 213.5 11.3 17.8 586.1 220.2 586.7 220.6 583.7 223.2 585.5 226.7 586.0 226.9 0.9994
739.4 189.9 13.7 18.2 746.2 197.4 751.6 197.1 750.5 200.9 746.8 204.1 750.9 204.0 0.9994
621.7 314.2 16.9 22.4 625.7 323.1 633.8 323.5 629.3 327.6 625.9 331.6 632.7 331.9 0.9994
278.1 364.4 15.4 20.3 284.5 372.4 291.2 372.4 289.1 376.2 285.3 379.8 290.5 379.9 0.9994
473.9 322.7 14.2 20.1 483.3 330.9 486.4 330.3 487.5 334.3 484.1 338.5 486.1 338.3 0.9994
373.2 481.2 18.3 23.6 380.2 490.4 388.4 490.0 385.6 494.4 380.6 498.3 388.1 498.1 0.9994
339.7 358.6 15.8 20.3 342.9 367.2 350.1 367.4 345.9 371.4 343.4 374.2 349.5 374.3 0.9994
441.8 348.5 16.8 21.7 446.2 356.6 453.9 357.6 449.4 361.8 446.0 364.7 452.2 365.5 0.9994
600.5 361.3 17.9 21.6 606.6 369.8 615.2 369.3 611.9 374.0 607.9 378.0 614.7 377.7 0.9993
695.3 312.3 15.1 18.9 701.9 319.4 708.4 319.9 706.3 323.0 702.0 326.1 707.6 326.6 0.9993
694.6 453.9 17.8 23.1 698.6 463.2 707.1 462.9 702.7 467.8 699.4 471.2 707.0 470.9 0.9992
494.0 227.1 14.4 19.9 497.7 234.2 504.7 233.9 501.4 237.9 498.5 241.8 504.6 241.5 0.9992
403.0 238.9 14.4 18.7 408.7 246.3 414.8 246.0 412.8 249.8 409.6 253.2 414.5 253.1 0.9992
246.2 285.8 13.8 19.2 248.0 292.9 252.6 293.3 248.4 296.5 248.2 299.9 251.9 300.0 0.9992
623.9 168.5 12.3 16.2 625.5 174.7 629.7 174.7 626.1 177.8 626.2 180.9 629.5 180.7 0.9992
784.2 146.9 14.9 19.2 789.1 153.9 795.7 154.4 792.5 158.0 789.0 160.8 794.8 161.2 0.9992
799.1 268.7 13.4 19.7 800.9 276.5 804.9 276.5 801.4 280.4 802.1 283.9 805.3 283.7 0.9992
323.9 419.2 15.9 20.2 326.8 426.8 333.7 426.5 329.7 430.6 327.5 433.9 333.9 433.6 0.9992
367.6 344.2 16.6 21.0 372.2 352.3 380.1 352.2 376.3 356.4 373.1 359.9 379.5 359.8 0.9991
682.0 406.6 15.7 20.6 685.0 414.1 692.3 414.8 687.5 418.2 685.0 421.8 690.8 422.3 0.9991
526.4 437.5 17.0 20.8 530.0 443.9 537.3 444.6 532.2 447.1 529.4 451.5 535.6 452.0 0.9991
428.7 221.1 12.5 17.5 430.4 228.0 435.5 228.1 431.8 231.4 430.9 234.5 435.0 234.5 0.9991
635.2 291.8 15.0 19.4 642.2 299.3 648.2 298.9 646.9 302.5 643.0 306.1 648.1 306.0 0.9990
635.2 236.3 13.6 18.0 636.9 242.5 641.0 243.6 636.2 246.3 636.1 249.6 639.2 250.2 0.9990
164.4 393.5 15.7 20.3 169.5 401.6 176.8 401.6 173.7 405.2 170.2 409.0 176.1 409.0 0.9990
102.8 313.3 11.4 17.9 104.4 319.9 105.3 320.3 102.2 323.4 104.6 326.9 104.8 326.9 0.9990
779.7 396.8 16.9 23.7 783.2 406.4 790.7 406.9 786.2 411.0 783.6 414.2 790.2 414.5 0.9990
503.5 389.8 16.6 23.3 511.9 399.6 517.8 398.9 517.0 403.6 512.6 407.7 517.1 407.3 0.9990
648.7 361.3 16.2 20.7 651.1 368.7 657.8 368.5 653.3 372.7 652.2 376.9 657.2 376.7 0.9990
872.7 113.3 11.2 15.8 873.8 119.7 876.3 120.0 873.5 123.1 875.3 125.8 876.9 125.8 0.9989
563.1 331.7 15.7 21.5 572.2 341.2 576.8 340.2 577.1 344.5 573.1 348.5 576.6 348.0 0.9989
898.3 113.1 13.0 14.7 900.8 120.4 904.5 118.7 902.9 123.0 904.4 125.7 906.8 124.3 0.9989
956.9 290.0 13.4 18.3 964.1 297.1 966.9 295.8 968.9 299.2 967.4 303.9 969.4 303.0 0.9988
489.9 276.0 12.9 17.6 492.3 282.6 497.5 282.8 493.9 285.9 492.5 289.3 496.8 289.4 0.9987
946.9 159.0 12.1 15.8 950.1 165.3 956.0 164.4 953.7 167.6 951.3 170.9 956.4 170.3 0.9987
228.5 252.8 12.4 19.4 231.6 259.3 232.5 260.1 228.5 263.0 230.4 267.0 231.0 267.3 0.9987
476.6 308.7 14.4 14.5 480.4 316.1 486.6 316.0 483.5 319.6 481.5 321.1 485.7 320.9 0.9986
645.5 334.2 15.2 20.1 649.8 342.9 657.0 343.3 653.4 347.4 650.5 350.3 655.6 350.6 0.9985
307.8 398.1 15.6 21.0 314.4 406.3 321.2 405.9 319.3 409.6 315.4 413.7 321.2 413.4 0.9985
254.2 428.8 16.0 19.3 257.5 435.6 264.8 436.2 260.2 438.8 257.7 442.8 263.3 443.2 0.9984
950.9 135.0 12.8 16.5 952.8 142.1 958.2 141.5 954.9 144.6 954.0 147.9 958.2 147.3 0.9982
675.4 360.9 14.5 19.8 681.5 368.3 687.5 368.2 685.6 371.9 682.1 375.7 687.1 375.7 0.9981
841.9 113.3 12.4 14.7 847.0 120.1 852.5 120.1 850.5 123.4 847.5 125.4 851.7 125.5 0.9979
478.6 202.2 12.4 15.7 482.3 208.1 488.0 208.2 485.2 211.2 482.7 214.1 487.3 214.2 0.9979
333.1 264.9 11.8 18.3 334.7 272.4 336.4 272.7 333.9 276.4 336.4 279.4 337.6 279.4 0.9977
187.3 338.5 15.4 19.4 192.2 347.2 199.0 347.4 195.8 351.4 192.8 354.1 198.0 354.2 0.9974
779.3 210.1 11.9 16.8 786.9 216.9 789.7 216.4 790.3 219.8 787.5 223.1 789.5 223.0 0.9973
304.3 283.3 13.6 18.0 307.7 290.3 313.8 290.9 310.2 294.1 307.6 297.0 312.6 297.4 0.9972
753.1 356.4 16.5 21.7 756.2 365.0 763.6 365.5 759.0 369.8 756.6 372.9 762.7 373.2 0.9972
672.9 345.9 13.9 16.5 676.2 353.0 682.8 353.3 679.1 355.7 676.7 358.9 681.6 359.1 0.9968
302.1 245.0 11.9 15.0 304.8 251.3 309.7 251.3 306.7 254.4 305.5 257.1 309.2 257.1 0.9935
654.8 225.0 12.5 16.8 657.0 232.4 661.0 232.3 658.0 235.6 658.0 238.7 660.9 238.4 0.9935
342.5 279.1 12.2 18.3 344.6 285.0 347.2 286.1 343.2 288.9 344.0 292.5 345.9 293.1 0.9924
568.7 380.0 15.3 19.4 572.5 387.2 579.9 387.1 576.3 391.1 573.3 395.1 579.3 395.0 0.9915
494.9 195.5 10.0 17.1 496.6 201.6 497.5 201.9 495.2 204.9 496.5 208.4 497.3 208.5 0.9861
551.6 180.0 11.3 18.0 553.5 186.9 558.4 187.1 555.2 190.8 554.1 194.2 557.6 194.3 0.9785
941.9 113.2 10.0 14.0 945.4 118.7 949.7 118.7 947.8 121.6 945.8 124.1 949.1 124.1 0.9338
