17--Ceremony/17_Ceremony_Ceremony_17_9.jpg
24
685.3 452.6 42.0 48.9 695.4 473.2 714.2 468.2 706.7 479.4 701.7 490.6 717.1 486.5 0.9991
776.0 130.7 13.8 18.8 779.6 137.9 786.0 137.9 782.7 141.1 780.1 144.5 785.6 144.5 0.9989
750.5 104.3 11.7 14.9 753.2 109.6 758.7 109.8 755.6 112.7 753.6 115.6 757.9 115.7 0.9988
881.0 145.3 15.0 17.7 885.3 152.4 892.0 152.8 888.6 156.7 885.8 159.2 890.8 159.5 0.9986
954.4 119.9 15.3 19.0 958.7 127.6 966.1 127.2 962.7 130.8 959.8 134.7 965.5 134.4 0.9985
847.3 32.3 9.7 12.8 849.6 38.1 854.1 38.2 851.7 40.7 850.1 42.7 853.4 42.9 0.9984
799.3 100.2 12.1 13.7 802.2 104.5 807.5 104.6 804.5 106.9 802.7 110.1 806.8 110.2 0.9983
918.1 140.0 12.4 16.0 919.9 147.3 924.5 146.4 921.8 150.5 922.1 153.4 925.5 152.6 0.9973
844.3 101.2 12.4 15.2 848.0 107.0 853.7 107.1 850.9 109.9 848.3 112.7 853.0 112.8 0.9958
37.7 94.9 11.8 16.6 41.6 102.1 46.9 101.9 44.7 105.0 42.4 108.1 46.6 107.9 0.9953
164.3 78.8 10.4 13.4 167.3 84.6 172.1 84.3 170.0 87.2 168.1 89.6 171.7 89.4 0.9952
510.4 142.2 15.8 19.4 514.1 152.9 521.0 152.6 517.5 156.7 515.7 159.0 520.4 158.8 0.9948
897.3 43.2 8.9 11.7 899.2 47.8 903.2 47.9 900.9 50.0 899.5 52.1 902.6 52.1 0.9944
653.4 28.3 10.9 14.0 656.0 33.9 661.1 34.0 658.3 36.5 656.5 39.1 660.2 39.2 0.9941
438.7 35.6 7.8 10.7 440.7 39.8 444.4 39.8 442.5 41.9 441.0 44.0 444.0 44.0 0.9932
284.9 75.1 10.7 13.8 290.3 81.0 294.2 80.6 293.8 83.7 291.5 86.5 294.1 86.3 0.9829
762.8 137.6 12.5 15.0 767.1 143.7 772.5 143.4 770.3 146.4 767.7 149.1 772.1 149.0 0.9794
412.5 9.8 7.8 10.1 414.1 13.7 417.1 13.8 415.0 15.8 414.5 17.8 416.7 17.8 0.9723
473.2 36.8 7.3 9.7 1020.7 30.9 1025.3 30.7 1023.4 34.1 1021.4 36.5 1024.7 36.4 0.9613
381.2 284.7 18.0 26.8 513.8 142.8 519.7 142.6 516.4 145.7 514.7 148.8 519.4 148.6 0.8383
131.4 65.9 9.1 11.4 474.8 40.5 477.9 40.6 476.1 42.5 475.0 44.3 477.6 44.3 0.8329
244.6 63.3 8.3 10.8 384.3 294.8 385.2 295.1 383.0 300.8 386.8 305.4 387.5 305.3 0.7657
779.7 14.2 9.3 11.5 133.7 70.7 137.9 71.0 135.4 73.3 133.7 75.3 137.1 75.5 0.7095
124.2 1.9 10.5 14.0 949.4 578.4 949.8 578.9 948.5 591.9 955.4 602.3 955.3 602.9 0.5616
