17--Ceremony/17_Ceremony_Ceremony_17_754.jpg
46
908.5 165.0 22.9 34.6 913.5 176.2 915.9 178.2 908.2 183.4 912.5 190.3 913.9 191.1 0.9989
771.4 162.3 22.2 27.9 774.8 172.7 784.0 172.6 777.4 178.1 776.2 183.4 783.1 183.2 0.9979
823.1 628.7 13.0 16.4 826.5 634.6 832.4 634.8 829.3 637.9 827.0 641.1 831.5 641.2 0.9976
38.1 641.3 12.8 13.6 40.7 647.1 46.0 646.7 43.2 650.0 42.0 652.5 46.0 652.2 0.9970
943.1 137.7 21.8 24.6 948.7 147.8 958.7 147.7 953.7 153.2 950.8 157.7 957.5 157.6 0.9969
855.2 162.2 25.4 31.8 862.4 174.8 874.6 174.4 869.0 182.5 864.4 187.5 873.2 187.2 0.9969
776.7 648.2 11.8 15.0 779.1 654.2 784.3 654.6 781.0 657.2 779.4 659.7 783.2 660.0 0.9960
472.8 167.4 22.2 29.6 479.3 178.7 489.1 178.7 484.3 185.7 480.5 190.8 487.8 190.8 0.9960
776.5 691.8 13.3 17.1 781.1 696.7 787.0 696.9 784.5 700.5 781.4 704.1 786.2 704.3 0.9957
397.6 165.4 21.7 27.3 400.6 175.8 409.4 175.3 403.6 181.0 402.6 186.7 409.0 186.2 0.9955
965.4 565.7 12.7 15.5 969.3 572.4 974.7 572.2 972.1 575.8 970.2 578.3 973.9 578.2 0.9936
270.9 685.5 13.0 16.5 273.7 693.5 278.8 692.8 276.4 696.5 275.6 699.2 279.2 698.6 0.9930
833.6 565.0 11.8 15.0 839.1 570.5 843.5 570.0 842.7 573.3 840.1 576.4 843.5 576.2 0.9929
12.4 166.4 22.2 27.3 15.8 177.4 25.0 177.0 19.1 182.6 17.9 187.6 24.8 187.1 0.9929
342.9 651.5 12.8 16.3 346.5 659.8 352.0 658.3 350.1 662.2 348.8 665.2 352.8 664.1 0.9928
106.5 728.0 15.5 18.2 108.3 734.4 114.7 734.0 110.4 738.6 109.9 742.4 114.4 741.9 0.9927
735.2 619.6 10.8 14.5 738.4 626.0 743.3 626.0 741.0 629.2 739.1 631.4 742.7 631.4 0.9872
542.4 609.2 10.4 13.0 544.9 615.0 549.5 614.4 547.3 617.4 546.1 620.0 549.3 619.6 0.9867
367.7 622.8 11.5 14.6 371.2 629.1 376.4 629.2 373.9 632.2 371.8 634.6 375.4 634.8 0.9862
910.6 597.7 12.7 15.3 913.4 604.4 918.8 603.8 916.0 607.7 915.1 610.7 918.8 610.2 0.9858
664.1 638.7 11.6 13.7 667.3 643.3 672.6 643.2 670.0 646.2 667.9 649.0 672.1 649.0 0.9830
624.6 610.2 10.7 13.9 627.1 615.6 631.9 615.6 629.4 618.4 627.8 621.0 631.5 620.9 0.9823
171.7 146.1 16.8 20.6 178.7 154.3 185.7 154.8 183.1 159.4 179.2 162.7 183.9 163.1 0.9789
522.3 170.4 20.4 30.3 526.1 181.9 529.0 182.9 523.0 187.9 525.8 193.6 527.6 193.8 0.9778
738.6 138.2 17.2 21.8 746.5 145.6 753.0 145.4 751.3 150.0 747.9 154.5 752.7 154.4 0.9744
40.2 684.5 11.5 14.1 45.0 690.0 49.4 689.5 48.5 692.6 46.1 695.6 49.4 695.3 0.9706
796.7 119.0 10.6 15.1 798.5 124.1 800.6 124.4 797.3 127.0 798.1 130.2 799.8 130.3 0.9700
1011.6 117.2 12.1 17.0 1015.4 124.2 1022.3 123.2 1019.3 127.1 1017.2 130.9 1022.1 130.2 0.9695
29.0 597.2 11.9 15.4 32.3 603.6 37.7 603.5 35.1 606.6 33.0 609.4 37.3 609.3 0.9682
274.4 616.4 10.2 12.7 276.7 621.5 281.5 621.4 278.9 624.2 277.4 626.6 281.1 626.5 0.9652
176.9 614.8 12.3 14.9 182.4 620.1 187.4 619.8 186.2 623.1 183.3 626.3 187.1 626.2 0.9602
239.5 652.0 11.7 15.5 244.6 658.2 248.7 657.2 248.3 660.7 246.3 664.1 249.4 663.4 0.9591
371.0 141.7 15.1 20.3 378.7 149.3 383.4 148.0 383.2 152.5 380.6 157.3 383.9 156.4 0.9563
418.6 123.1 10.6 14.5 419.9 128.0 422.9 128.0 419.9 130.9 420.4 134.0 422.7 133.7 0.9543
233.9 126.9 14.1 16.9 237.9 133.0 244.7 132.8 241.7 136.1 239.0 139.8 244.0 139.7 0.9499
606.8 123.8 15.3 20.5 610.3 131.8 617.5 131.9 613.6 135.7 610.7 139.5 616.6 139.5 0.9020
439.6 717.3 13.2 17.5 441.6 722.9 446.0 722.9 442.3 726.6 442.4 730.4 445.7 730.2 0.8826
353.0 746.3 15.2 16.7 356.8 754.2 362.3 752.0 360.9 756.1 360.4 759.8 364.5 758.1 0.8261
995.5 92.5 10.2 12.4 998.0 97.3 1002.6 97.0 1000.3 99.7 999.0 102.3 1002.6 102.0 0.8174
358.5 106.6 12.1 14.1 361.7 111.4 367.2 111.8 364.2 114.7 361.8 117.3 366.0 117.6 0.8118
455.4 654.0 12.0 15.4 459.8 659.9 465.0 659.5 463.4 662.8 460.9 666.2 465.1 665.9 0.7769
485.0 122.5 13.5 15.4 487.4 128.3 492.1 127.7 489.2 131.8 489.3 134.9 492.6 134.2 0.7429
811.8 141.3 19.1 21.3 814.1 148.1 821.1 148.6 815.4 153.4 814.8 157.4 819.7 157.6 0.6092
32.8 126.0 10.1 15.3 34.9 131.0 36.2 131.0 34.0 134.0 35.3 137.3 36.4 137.2 0.6043
472.0 110.5 10.2 13.5 475.3 115.0 479.6 115.3 477.4 118.2 475.5 121.1 478.7 121.2 0.5736
49.2 144.6 24.0 27.7 61.1 152.1 69.0 152.9 67.1 157.6 61.8 163.4 68.0 164.2 0.5161
