17--Ceremony/17_Ceremony_Ceremony_17_192.jpg
19
643.5 92.7 36.9 49.6 652.5 112.4 670.5 113.2 660.7 122.3 653.0 129.2 668.6 129.8 0.9997
555.3 117.3 34.6 49.8 564.8 137.4 581.6 137.5 573.5 147.7 566.3 155.1 579.8 155.1 0.9996
220.2 100.1 37.6 49.0 232.8 117.8 250.4 119.6 242.3 128.4 233.8 136.8 247.0 138.3 0.9996
308.9 98.3 37.6 46.3 320.9 115.5 338.3 116.4 330.1 125.3 321.2 131.6 336.3 132.4 0.9996
873.2 118.9 40.2 53.3 882.6 139.1 900.2 141.6 888.5 150.0 881.2 157.9 895.6 160.0 0.9995
683.9 231.7 42.0 59.8 695.6 256.2 714.6 255.9 705.2 267.7 696.7 275.8 713.5 275.6 0.9995
535.3 239.6 42.2 59.3 545.1 262.1 565.4 262.8 554.2 273.2 545.1 281.4 564.6 282.0 0.9995
804.0 126.3 35.8 45.9 810.8 144.7 827.3 144.1 817.7 152.8 812.3 160.2 826.6 159.7 0.9994
385.2 72.9 35.6 49.2 394.0 92.8 410.7 92.3 402.1 102.3 396.0 110.3 409.6 109.9 0.9994
470.4 104.3 33.3 42.9 478.9 120.0 495.1 120.5 486.6 128.7 480.0 136.0 493.0 136.5 0.9994
128.0 120.4 39.9 53.0 141.1 141.8 158.6 141.9 151.1 150.1 142.1 159.0 157.5 159.2 0.9994
806.4 239.5 44.1 55.4 817.2 264.0 837.4 260.9 828.7 272.9 821.4 281.6 839.8 278.8 0.9994
302.3 232.9 43.6 58.4 314.3 256.0 333.9 255.9 324.1 268.5 315.5 276.1 332.3 276.1 0.9994
50.0 105.1 42.3 56.0 64.2 126.7 83.8 126.4 76.3 135.9 65.9 146.2 82.9 146.1 0.9994
164.6 240.8 45.0 60.5 174.8 266.6 196.0 265.2 185.6 276.5 178.1 286.6 196.1 285.5 0.9993
438.1 152.6 43.2 59.3 451.0 174.2 470.6 174.0 461.2 185.3 452.3 195.5 468.9 195.4 0.9989
415.5 255.5 46.1 58.6 426.8 280.5 448.2 278.7 438.1 288.8 430.3 299.5 448.7 297.8 0.9988
737.2 71.9 34.2 48.3 745.4 91.6 761.6 91.7 752.9 100.9 747.0 108.8 759.7 108.9 0.9987
984.0 116.1 29.5 45.7 989.8 131.2 992.5 131.5 984.3 139.7 989.5 149.9 991.3 149.7 0.9984
