17--Ceremony/17_Ceremony_Ceremony_17_1002.jpg
41
754.0 233.3 42.2 51.0 767.6 253.3 786.6 251.7 779.5 262.8 771.3 271.7 786.4 270.4 0.9998
720.0 349.6 42.7 59.2 726.2 373.2 744.8 375.6 730.4 385.0 726.3 393.1 742.5 394.8 0.9997
77.7 232.9 40.0 54.4 88.1 254.9 106.3 254.7 97.3 265.8 88.6 270.9 106.9 270.6 0.9996
229.8 146.1 40.0 53.0 244.3 165.2 262.4 166.4 254.8 175.4 243.3 182.7 260.2 183.8 0.9996
103.0 391.4 43.8 52.2 118.7 409.7 138.0 411.0 129.4 421.6 119.0 429.8 134.2 431.1 0.9995
936.9 167.5 40.2 54.6 948.4 189.5 967.3 188.5 959.2 198.6 951.9 209.8 966.1 209.1 0.9995
419.7 301.7 43.0 54.9 429.4 321.7 449.6 319.2 440.3 327.7 434.1 341.8 450.6 339.6 0.9994
458.8 158.5 38.0 49.2 469.3 177.7 487.2 176.3 480.1 183.6 473.4 195.0 487.9 193.7 0.9992
314.4 201.2 36.8 52.3 335.8 221.1 347.9 221.0 347.0 230.8 337.2 241.2 346.0 241.1 0.9992
607.5 237.2 38.3 50.7 617.2 255.9 635.3 256.2 625.5 264.4 618.7 274.9 632.8 275.3 0.9990
910.1 41.2 32.9 48.1 914.3 57.7 927.5 58.4 915.5 66.0 913.8 76.7 923.8 77.0 0.9988
26.5 163.5 31.0 54.6 52.5 185.0 51.5 184.1 55.7 194.3 48.7 205.1 49.0 204.7 0.9986
559.9 217.5 37.7 46.3 566.6 234.6 583.1 235.6 570.7 241.7 566.0 251.3 579.3 252.3 0.9986
428.2 113.5 36.0 49.3 446.2 132.4 459.9 130.0 458.9 141.0 449.6 150.9 460.3 149.3 0.9984
469.4 72.7 39.1 44.2 481.4 90.0 498.0 88.2 491.7 94.4 485.4 105.0 498.7 103.5 0.9980
714.9 502.4 17.2 25.2 719.4 512.3 727.6 512.2 723.4 517.1 720.0 521.3 726.9 521.3 0.9978
736.7 484.1 16.2 22.5 743.5 494.7 750.4 492.8 749.1 498.4 745.6 502.4 750.9 501.2 0.9978
740.8 524.6 20.1 27.7 745.5 536.5 755.1 537.2 749.6 542.5 745.9 546.5 753.4 547.0 0.9973
714.0 547.9 21.5 29.7 718.5 557.6 727.5 558.7 720.7 561.8 717.5 568.3 725.1 569.1 0.9973
485.5 139.1 32.0 47.2 496.0 157.8 509.6 158.2 503.3 167.3 497.3 175.2 508.3 175.6 0.9967
822.0 30.5 31.9 40.7 830.6 45.1 845.6 46.3 837.6 54.5 830.8 61.1 842.8 62.0 0.9964
712.3 89.0 35.5 44.0 717.2 104.8 731.2 106.4 719.6 113.1 716.5 121.7 727.0 122.8 0.9955
754.7 570.4 17.4 25.5 758.9 577.2 762.8 579.4 756.6 583.1 756.6 588.2 759.5 589.6 0.9905
757.5 117.5 34.7 46.7 765.8 138.5 783.4 137.9 774.9 148.2 768.8 156.1 781.7 155.6 0.9905
696.1 538.2 20.9 30.1 700.8 548.7 709.4 550.8 702.7 555.1 699.3 560.0 706.6 561.5 0.9901
764.3 476.3 16.2 24.0 768.1 485.2 775.6 486.4 770.6 490.5 767.8 494.3 773.5 495.1 0.9899
582.5 182.8 40.5 49.0 591.4 204.7 609.9 200.7 601.6 211.6 597.8 222.3 611.4 219.2 0.9826
766.7 525.3 17.7 29.5 770.4 537.0 777.4 537.2 773.0 543.0 771.8 548.4 777.4 548.3 0.9737
723.9 584.0 19.0 15.6 729.6 593.2 738.3 594.0 733.7 598.2 729.9 602.1 736.2 602.8 0.9668
671.8 547.5 21.2 33.3 680.4 561.7 689.5 561.3 686.4 568.1 681.6 574.1 688.3 574.0 0.9495
721.5 455.0 12.7 15.4 724.5 461.0 730.6 460.0 728.1 463.4 726.4 467.2 730.8 466.5 0.9439
707.0 474.3 16.4 20.8 710.9 482.4 719.0 482.2 715.1 487.1 712.1 490.8 718.4 490.7 0.9432
336.0 76.5 30.8 36.4 340.9 87.2 351.2 87.3 340.2 92.8 339.5 102.5 347.2 102.2 0.9386
752.9 164.4 34.0 42.4 759.0 182.2 773.0 182.2 764.2 191.4 761.8 197.4 772.1 197.3 0.8934
780.0 446.8 11.2 14.6 782.5 451.9 788.0 452.4 784.8 455.0 782.5 457.7 786.9 458.1 0.8880
692.5 458.0 10.8 16.0 694.6 463.8 699.0 463.6 696.1 467.0 695.1 470.4 698.5 470.2 0.8712
819.8 4.7 28.5 34.3 827.5 18.8 840.0 18.9 833.1 24.9 828.5 30.8 838.1 30.9 0.8682
724.7 111.3 36.0 50.0 738.1 134.0 752.9 134.3 746.1 143.2 738.3 149.7 750.6 150.0 0.7705
731.1 464.1 12.2 15.5 733.4 469.4 738.6 469.7 735.1 472.8 733.7 476.0 737.6 476.2 0.7579
754.0 445.1 14.4 15.5 758.3 450.1 764.9 450.8 761.5 452.9 758.4 456.2 763.7 456.7 0.6025
764.7 458.8 11.4 12.5 767.2 462.6 772.9 462.8 769.7 465.6 767.6 468.2 772.0 468.3 0.5335
