17--Ceremony/17_Ceremony_Ceremony_17_625.jpg
9
437.9 294.0 14.5 20.5 447.0 302.7 450.7 301.8 451.7 306.0 448.3 310.0 451.0 309.6 0.9997
588.6 289.2 13.6 17.8 590.6 295.5 594.2 296.3 589.8 299.1 590.3 302.4 592.8 302.9 0.9995
633.8 284.9 13.4 19.1 636.1 291.6 638.9 292.1 634.7 295.4 636.1 299.3 637.9 299.4 0.9995
507.4 272.8 14.8 19.2 515.1 280.8 520.1 280.3 519.5 283.9 515.9 287.4 520.0 287.3 0.9994
362.6 291.8 13.3 18.4 370.1 299.4 373.5 298.8 374.4 302.3 371.7 306.2 374.0 305.9 0.9985
267.7 288.9 13.1 17.9 275.8 296.0 278.8 295.6 279.5 299.4 276.6 303.0 278.4 302.8 0.9979
311.4 299.5 12.2 15.1 317.6 304.9 321.5 304.1 321.7 307.5 319.5 311.2 322.1 310.7 0.9978
559.2 289.1 15.0 20.7 561.6 298.2 563.9 297.8 561.4 302.6 564.9 305.9 566.3 305.4 0.9830
238.7 287.5 10.7 17.5 245.2 294.4 246.9 293.5 248.1 297.3 246.0 301.1 247.1 300.7 0.9437
