17--Ceremony/17_Ceremony_Ceremony_17_129.jpg
23
733.1 368.5 40.5 43.0 743.7 388.0 761.8 384.3 755.0 396.1 749.8 403.0 763.9 400.1 0.9996
240.9 278.7 33.2 36.1 250.5 289.5 265.7 288.9 258.8 296.3 252.9 305.1 264.5 304.6 0.9996
349.2 309.3 36.8 40.2 358.9 321.6 375.7 321.1 367.5 330.4 361.2 338.9 374.1 338.6 0.9995
939.2 299.4 22.9 30.1 946.0 311.1 956.5 310.3 952.1 316.3 947.7 322.0 956.3 321.4 0.9995
522.2 242.1 38.3 50.5 532.9 260.9 550.6 260.9 542.4 268.9 535.2 279.1 549.5 279.1 0.9995
650.8 321.3 21.8 26.6 656.1 331.1 666.1 331.4 660.7 336.5 657.2 341.2 664.8 341.4 0.9995
544.0 444.3 38.7 40.5 554.0 461.7 571.4 461.9 562.3 471.8 556.7 476.9 568.8 477.1 0.9995
95.8 316.9 20.2 27.4 99.4 327.4 103.5 328.3 97.9 332.7 99.4 337.8 102.5 338.3 0.9991
765.0 312.0 24.4 31.7 772.4 323.6 783.2 323.9 778.0 330.4 773.4 336.0 781.7 336.2 0.9990
626.7 309.9 21.7 27.6 631.6 320.5 640.6 319.4 636.2 326.0 633.7 331.0 641.4 330.1 0.9986
980.6 327.5 19.3 25.1 984.0 337.1 991.3 335.9 986.5 340.4 985.2 346.3 991.3 345.3 0.9984
570.4 288.9 35.4 35.6 582.5 300.3 597.8 300.6 590.8 308.9 584.1 316.0 595.2 316.1 0.9983
459.4 272.8 33.2 37.5 469.7 284.7 483.7 284.1 477.2 292.3 471.9 300.0 482.4 299.5 0.9981
801.5 321.9 18.3 25.0 811.4 333.0 818.1 333.7 816.4 338.5 811.0 341.8 816.1 342.5 0.9980
43.7 344.2 21.1 26.6 51.8 355.0 60.6 353.9 58.3 359.2 54.3 364.9 60.7 364.1 0.9974
820.0 325.5 16.4 24.0 821.8 335.3 827.5 335.9 822.3 340.1 822.5 344.4 826.6 344.6 0.9971
694.2 336.4 19.0 21.0 698.6 343.4 707.2 343.0 702.8 348.4 700.6 352.6 706.9 352.2 0.9869
882.6 342.9 14.1 18.7 886.0 350.0 892.9 349.3 889.9 352.9 887.6 357.3 892.8 356.8 0.9705
163.3 314.1 18.1 24.4 165.0 324.7 171.3 325.0 166.2 329.7 166.4 333.8 171.0 333.8 0.9691
862.3 330.1 14.9 19.0 867.7 337.2 874.2 337.3 871.5 341.6 867.8 345.1 872.6 345.3 0.9672
68.5 346.6 18.8 20.8 71.9 354.1 79.6 352.7 75.9 357.5 74.8 362.6 80.4 361.4 0.8826
710.4 338.3 16.9 21.5 96.0 331.3 98.8 331.2 99.2 335.5 97.1 339.7 99.3 339.8 0.7286
50.3 327.1 18.3 20.8 715.1 347.3 722.9 347.1 719.1 351.4 716.0 355.6 721.6 355.5 0.6354
