17--Ceremony/17_Ceremony_Ceremony_17_985.jpg
10
736.6 330.6 33.8 43.7 750.9 345.9 765.5 349.4 759.5 354.9 748.8 360.7 761.6 363.6 0.9996
125.5 63.5 41.3 55.8 151.7 85.0 161.4 85.3 164.3 94.7 153.3 105.4 160.1 106.0 0.9996
990.2 43.1 24.0 35.2 1005.9 57.8 1011.9 57.7 1012.0 65.3 1003.1 70.1 1007.8 70.4 0.9996
262.3 96.6 47.9 58.4 271.5 117.8 284.0 119.3 266.9 126.3 265.3 139.3 274.4 140.2 0.9996
590.2 345.8 14.5 24.3 600.1 355.6 602.4 355.3 603.9 360.1 599.8 364.6 601.6 364.6 0.9990
890.0 70.0 24.3 28.9 897.3 84.1 908.1 81.9 904.0 89.9 900.0 93.0 908.7 91.3 0.9990
470.2 351.8 15.2 21.0 472.0 359.9 475.7 360.1 471.8 364.5 473.9 368.1 476.6 368.0 0.9987
889.6 369.2 36.5 48.0 896.7 387.0 911.2 394.8 897.4 400.7 893.8 401.7 906.4 407.7 0.9951
738.3 113.5 12.9 15.9 740.1 119.3 745.0 119.5 741.4 123.0 741.0 125.8 744.6 125.9 0.9887
723.9 116.1 10.2 12.3 729.7 120.9 732.6 121.3 731.7 123.9 729.1 125.8 731.1 126.3 0.8843
