10--People_Marching/10_People_Marching_People_Marching_2_565.jpg
29
340.5 265.2 31.1 33.6 348.9 274.9 362.7 275.3 355.3 280.5 349.2 287.7 360.9 288.1 0.9997
381.1 386.5 35.8 37.7 390.4 398.8 406.0 397.7 398.3 404.3 392.4 412.9 405.5 412.0 0.9997
709.1 196.5 22.7 25.3 715.3 204.7 726.1 204.4 721.0 209.7 716.7 214.9 725.4 214.7 0.9995
609.6 183.6 24.0 26.2 616.5 192.6 627.6 192.2 622.6 197.4 618.4 202.8 627.0 202.4 0.9995
220.4 269.6 29.7 33.5 228.3 279.5 241.8 279.8 234.8 286.0 228.9 292.2 241.1 292.4 0.9995
848.6 386.7 34.3 45.1 857.3 404.3 874.1 404.8 865.2 411.8 858.5 420.6 871.6 421.0 0.9995
144.1 371.1 35.6 45.6 154.4 389.8 170.9 389.7 163.0 397.6 155.5 405.1 169.6 405.1 0.9995
409.3 185.8 26.3 28.5 416.1 194.6 428.5 194.4 422.2 200.0 417.1 206.1 427.1 206.0 0.9994
639.2 384.8 33.6 36.5 647.1 396.1 663.4 395.9 655.2 403.6 647.9 409.5 663.6 409.2 0.9994
867.8 267.9 27.1 36.7 874.3 283.9 886.8 284.3 880.1 290.8 875.1 295.9 885.6 296.3 0.9994
253.9 373.6 37.2 41.4 263.7 386.8 280.5 386.8 271.7 396.3 265.2 404.1 278.3 404.1 0.9994
446.8 274.1 29.6 34.3 455.5 285.1 468.6 284.8 462.6 291.4 457.2 298.7 467.8 298.4 0.9994
769.3 280.4 26.5 30.0 778.6 289.1 790.0 289.1 785.6 295.1 779.5 301.1 789.6 301.2 0.9993
146.4 158.8 21.1 24.5 151.5 167.4 161.4 167.8 156.0 172.1 152.0 176.7 160.3 177.0 0.9992
462.6 176.8 21.0 23.8 468.5 185.0 478.5 184.6 474.0 188.6 470.2 194.3 478.0 194.0 0.9991
746.7 405.4 32.1 36.5 756.0 417.4 770.5 417.3 763.4 424.8 756.7 430.9 769.6 430.9 0.9991
92.2 216.8 22.0 28.1 101.9 226.8 110.5 227.3 107.3 232.0 101.7 237.0 108.9 237.5 0.9991
291.6 185.7 24.0 26.4 297.1 193.5 309.4 193.9 302.9 198.7 297.2 203.6 308.4 204.0 0.9991
664.5 183.0 20.2 23.3 670.9 190.9 679.9 190.7 675.9 195.2 671.7 199.6 679.3 199.4 0.9990
553.2 262.2 30.6 35.6 563.0 274.3 578.0 272.9 572.6 280.8 566.5 288.9 578.0 287.8 0.9990
502.9 381.6 33.2 39.2 512.4 394.2 527.5 393.8 520.2 402.6 513.8 409.8 526.8 409.5 0.9990
813.5 193.5 23.0 30.9 821.3 206.9 831.4 205.9 827.6 211.6 822.4 216.3 831.8 215.6 0.9989
115.0 271.6 32.6 40.1 123.4 288.3 138.8 286.7 131.9 294.4 125.2 300.7 139.8 299.4 0.9988
374.2 166.5 21.5 24.7 380.3 175.0 390.2 174.9 385.5 179.7 381.4 184.8 389.5 184.7 0.9987
177.9 182.4 25.7 29.2 185.1 191.3 197.1 192.1 190.6 196.8 185.2 202.6 195.2 203.3 0.9984
743.9 182.8 19.9 22.8 752.2 190.2 760.2 190.3 758.1 194.5 754.0 199.5 759.9 199.6 0.9984
506.9 188.7 22.5 26.2 512.9 197.7 522.9 197.2 518.0 203.1 514.8 208.6 522.0 208.2 0.9977
266.4 172.0 20.4 23.2 271.8 179.8 281.0 179.7 276.4 184.6 272.6 188.7 280.4 188.6 0.9955
665.8 269.7 28.3 31.2 673.6 278.0 687.6 278.3 680.6 284.6 674.8 291.8 686.3 291.9 0.9752
