10--People_Marching/10_People_Marching_People_Marching_2_388.jpg
9
901.5 245.2 29.3 36.1 906.6 259.1 918.9 260.6 910.2 267.9 908.0 273.1 916.7 274.1 0.9992
514.8 154.9 19.1 24.7 523.0 164.5 530.6 164.8 527.8 169.0 523.0 173.1 529.3 173.4 0.9991
378.3 155.7 17.0 22.0 382.4 163.9 390.2 164.3 385.9 168.6 382.9 172.2 389.3 172.5 0.9987
213.5 588.6 39.7 47.7 226.2 604.4 245.3 605.2 236.8 613.6 227.8 623.9 242.4 624.5 0.9984
830.7 204.6 29.5 36.8 836.5 218.8 850.1 220.7 841.3 227.7 836.8 232.8 847.0 234.2 0.9983
981.3 266.4 33.1 39.1 986.4 284.1 995.2 285.6 988.7 294.5 994.0 298.8 999.3 299.3 0.9982
104.1 601.3 39.6 44.1 114.1 614.9 131.4 616.6 121.1 625.7 114.3 632.9 128.2 634.1 0.9976
602.7 153.8 17.9 21.2 608.4 161.2 616.2 160.5 613.3 165.2 610.3 170.1 616.2 169.5 0.9927
444.0 156.2 16.3 20.2 447.2 163.4 453.1 164.2 448.2 167.5 446.9 171.3 451.6 171.7 0.9901
