10--People_Marching/10_People_Marching_People_Marching_2_747.jpg
12
485.5 475.6 198.9 271.1 601.2 579.2 665.2 582.4 672.3 623.4 605.8 675.1 657.2 678.9 0.9999
235.0 400.0 147.4 208.5 292.4 478.6 357.1 481.8 337.0 512.8 297.9 552.3 352.7 554.4 0.9997
745.1 547.0 73.2 99.5 771.8 586.2 804.5 584.4 794.5 601.5 779.1 621.9 805.2 620.2 0.9992
664.0 570.0 107.7 152.5 699.0 632.4 749.9 630.0 733.3 653.0 709.5 687.7 748.1 685.7 0.9988
35.0 488.2 53.7 75.7 39.7 516.3 59.5 516.3 42.4 528.7 42.6 544.8 57.9 544.5 0.9966
76.2 548.4 53.0 66.2 101.0 575.2 120.1 570.0 119.6 584.0 109.4 600.0 123.5 596.7 0.9934
0.0 513.1 31.3 55.9 3.7 537.3 23.3 537.1 16.0 547.4 7.2 557.9 20.7 558.0 0.9892
130.0 498.3 60.5 80.6 147.8 529.6 174.0 528.8 161.3 543.5 151.6 559.7 171.6 559.1 0.9795
967.0 583.0 35.7 37.3 979.4 595.4 994.5 594.1 990.0 600.4 983.9 610.1 994.9 609.2 0.9733
864.1 614.0 45.2 59.9 885.9 639.5 902.2 640.8 896.6 651.5 886.9 660.7 898.6 662.1 0.9129
895.2 669.4 59.8 74.1 922.3 700.4 945.9 698.2 939.9 715.2 927.9 728.5 944.8 727.3 0.9077
882.0 564.3 33.7 39.4 896.0 577.1 910.6 578.3 905.2 586.8 897.5 594.5 907.4 595.6 0.7527
