10--People_Marching/10_People_Marching_People_Marching_2_39.jpg
55
551.4 232.8 30.3 34.5 561.8 243.6 575.3 243.0 571.1 249.0 565.1 257.9 575.5 257.5 0.9997
210.5 224.4 27.6 32.7 221.0 234.0 233.3 234.7 228.3 241.9 221.6 248.1 231.3 248.7 0.9993
350.5 195.8 26.5 29.5 360.3 205.6 371.7 206.4 366.7 212.6 360.7 217.8 369.1 218.5 0.9993
416.7 248.3 26.4 31.0 427.5 259.4 439.4 258.6 435.3 266.9 429.2 272.5 437.5 272.1 0.9992
145.3 226.5 23.8 29.3 155.3 235.5 165.1 234.9 162.4 241.6 157.1 248.1 164.5 247.7 0.9989
597.9 227.7 24.0 26.3 605.7 236.6 616.9 236.0 612.4 243.2 607.6 248.1 615.9 247.6 0.9987
791.1 235.1 17.3 21.3 796.7 242.3 804.5 242.6 800.8 246.6 797.2 250.7 803.3 251.0 0.9986
627.7 216.3 13.6 17.3 634.9 224.1 639.3 223.0 639.2 226.7 636.0 229.9 639.3 229.3 0.9982
718.9 248.1 15.0 23.8 730.0 258.0 731.5 257.5 733.2 262.5 729.4 266.9 730.4 266.8 0.9981
746.6 247.3 16.9 19.1 751.5 253.1 759.0 252.8 755.6 256.8 752.4 260.9 758.6 260.6 0.9977
771.6 219.1 12.4 15.0 775.9 223.5 781.3 224.5 778.3 226.6 775.3 229.2 779.8 230.0 0.9977
419.0 189.3 22.3 25.6 422.0 197.6 431.1 197.4 424.5 202.5 422.9 208.3 429.8 208.1 0.9976
69.3 226.8 13.3 16.1 75.2 231.6 80.7 231.4 79.1 234.9 75.9 238.3 80.3 238.3 0.9974
665.5 213.5 10.8 13.8 669.7 218.4 674.6 218.1 672.8 221.3 670.2 224.1 674.0 223.9 0.9969
107.2 133.1 11.9 15.6 111.4 140.1 116.7 140.5 114.2 143.2 111.6 145.6 115.5 146.0 0.9969
209.8 142.5 12.8 15.5 213.3 146.9 219.1 146.8 216.4 150.2 214.1 153.5 218.8 153.4 0.9941
127.8 227.1 12.4 15.2 132.0 231.3 137.9 231.2 135.5 234.4 132.8 238.0 137.6 238.0 0.9937
287.3 217.0 14.1 18.7 291.2 223.7 297.3 223.7 294.2 227.8 291.8 231.2 296.8 231.2 0.9935
0.0 239.5 16.6 25.4 5.7 251.4 13.5 251.7 10.6 256.6 5.4 259.8 11.4 260.3 0.9926
681.4 183.2 10.3 12.7 685.8 187.3 690.1 186.6 689.4 189.5 687.5 192.8 690.4 192.3 0.9925
518.8 211.7 16.7 21.2 526.3 218.4 532.9 218.5 531.1 222.5 527.3 227.3 532.3 227.4 0.9925
484.3 214.4 13.6 18.0 489.1 220.5 494.8 221.4 491.9 224.8 488.7 227.7 493.3 228.5 0.9920
104.9 239.5 14.3 18.3 114.3 245.8 117.4 246.0 117.3 250.1 113.1 253.4 115.2 253.8 0.9920
697.1 211.6 13.1 14.9 701.1 216.8 706.9 216.5 704.4 219.8 702.1 222.9 706.6 222.7 0.9920
122.3 211.1 12.0 13.5 126.5 215.9 131.6 215.6 129.7 218.5 127.4 221.3 131.4 221.2 0.9892
712.7 168.5 9.5 11.1 714.7 172.3 718.6 172.3 716.3 174.7 715.3 176.8 718.2 176.8 0.9887
131.4 199.5 11.8 13.2 134.8 203.9 140.2 203.5 137.8 206.7 135.8 209.7 140.0 209.4 0.9882
32.7 127.3 8.9 9.7 34.3 130.9 37.2 130.9 35.1 133.0 35.0 134.9 37.1 134.7 0.9879
675.2 256.0 16.8 15.9 678.6 264.1 684.8 260.8 683.0 265.8 683.6 269.8 687.9 267.2 0.9871
169.7 183.8 9.4 12.2 172.6 188.7 176.9 188.7 174.9 191.0 173.0 193.2 176.5 193.2 0.9845
630.1 175.0 9.2 10.9 632.7 178.9 636.9 179.1 634.7 181.8 633.0 183.7 636.1 183.8 0.9803
198.7 126.6 8.3 9.5 200.4 130.1 203.9 130.0 201.9 132.2 201.1 134.0 203.7 133.9 0.9758
194.2 220.7 14.5 18.8 197.2 229.1 203.9 227.7 200.9 232.4 199.9 236.4 204.8 235.3 0.9702
810.4 214.7 12.7 19.1 819.5 222.1 821.5 221.8 822.1 225.9 818.6 229.4 820.0 229.4 0.9585
152.8 136.0 9.5 11.4 154.6 141.1 158.7 140.7 156.5 143.6 156.0 145.7 158.9 145.3 0.9562
664.9 157.6 7.7 10.5 805.9 220.3 812.5 220.0 808.6 224.2 807.0 227.9 812.1 227.6 0.9406
171.0 159.6 9.1 11.2 666.7 161.7 670.3 161.8 668.4 163.9 667.0 165.9 669.9 165.9 0.9403
14.4 207.7 10.5 11.9 174.4 164.2 178.4 163.7 177.2 166.5 175.4 168.8 178.2 168.5 0.9311
467.8 221.3 14.7 16.9 19.1 211.8 23.0 211.5 22.0 214.2 19.8 216.8 22.8 216.7 0.9202
41.9 211.6 9.5 11.6 718.0 260.7 725.4 261.2 722.0 265.5 717.9 269.6 723.7 270.1 0.9161
731.1 184.2 9.8 11.6 768.0 211.6 772.8 211.9 770.2 214.4 768.2 216.9 771.9 217.0 0.9148
218.9 185.4 10.3 13.1 472.4 227.4 479.5 227.3 476.5 231.1 473.7 234.7 478.9 234.7 0.9119
585.4 240.8 14.6 19.9 45.2 216.2 49.5 216.3 47.6 218.7 45.5 220.8 48.8 220.9 0.9091
763.1 157.9 9.4 11.2 733.1 188.2 737.0 188.4 734.4 190.9 733.5 193.3 736.4 193.3 0.8972
696.8 184.3 9.4 11.3 223.8 189.5 227.6 189.5 226.6 192.1 224.1 194.8 227.1 194.9 0.8837
26.1 244.9 16.2 17.3 93.7 210.0 97.7 209.5 97.2 212.8 94.8 216.2 97.7 215.9 0.8582
679.7 220.5 9.4 11.9 589.5 249.2 596.1 249.5 592.6 253.3 590.0 256.5 595.0 256.8 0.8405
503.0 163.9 9.1 11.2 0.7 271.8 8.0 271.5 5.6 276.4 1.7 280.8 7.6 280.7 0.8361
794.0 142.3 11.7 14.7 764.9 161.5 769.2 161.6 766.8 164.2 765.6 166.4 768.8 166.4 0.8131
979.4 177.6 11.0 12.1 677.6 163.1 681.2 162.9 679.7 165.0 678.2 167.0 681.0 166.9 0.8062
989.9 119.6 8.1 10.1 699.0 189.6 703.4 189.1 701.4 192.0 700.2 194.1 703.3 193.7 0.8021
582.2 211.0 11.7 16.7 17.3 215.5 24.9 215.6 21.3 219.5 18.0 223.5 24.0 223.5 0.7871
746.3 171.2 8.8 10.5 33.6 251.1 39.4 250.3 38.3 254.4 35.1 258.3 39.5 258.0 0.6956
651.8 173.3 9.3 11.3 682.1 225.4 686.3 225.3 684.1 227.7 682.5 230.0 685.9 230.0 0.5477
132.2 131.7 7.7 8.8 505.3 169.2 509.6 169.3 507.3 171.7 505.6 173.6 508.9 173.7 0.5392
