10--People_Marching/10_People_Marching_People_Marching_10_People_Marching_People_Marching_10_73.jpg
24
800.6 326.8 63.4 78.3 809.1 358.6 834.4 355.2 816.8 372.4 814.8 386.4 835.8 383.6 0.9997
496.5 313.1 36.7 50.6 501.4 330.9 511.4 331.1 498.8 338.9 500.9 350.1 508.5 349.9 0.9995
322.0 347.1 26.9 35.7 325.2 360.7 331.2 361.1 322.6 367.7 326.4 374.6 330.5 374.5 0.9995
430.5 318.7 37.1 48.4 433.8 336.0 445.6 335.8 433.0 344.6 435.7 355.1 444.6 354.6 0.9994
70.4 346.5 32.6 39.1 89.9 360.9 99.7 359.8 100.9 367.5 92.5 376.2 99.1 375.8 0.9991
581.9 333.0 21.5 28.0 585.3 342.1 594.7 341.7 588.2 346.4 585.7 352.7 593.9 352.3 0.9989
362.0 367.0 28.7 35.4 365.6 377.3 372.0 377.7 362.9 384.4 366.2 392.2 371.4 392.0 0.9989
13.9 341.9 15.4 19.7 15.6 349.9 19.2 349.5 15.7 354.3 18.5 357.7 21.0 357.1 0.9988
218.0 322.2 17.1 21.9 220.3 329.6 225.0 329.9 219.6 333.7 220.5 338.5 223.9 338.5 0.9982
123.2 333.0 13.3 18.0 124.0 339.3 127.7 339.4 123.5 343.4 125.0 347.3 127.4 347.1 0.9982
684.5 307.9 57.7 63.1 695.3 325.6 713.7 324.8 699.1 337.6 696.1 352.0 710.3 351.0 0.9979
936.8 325.8 44.0 49.5 946.0 341.7 968.5 341.7 956.2 351.5 947.1 360.9 967.4 361.0 0.9974
789.6 305.2 22.7 30.7 792.7 316.2 802.5 316.2 795.6 321.6 793.5 328.1 801.5 327.9 0.9969
893.5 331.5 28.2 32.9 897.0 343.2 907.8 342.4 899.4 348.8 899.0 356.5 907.0 355.6 0.9936
127.0 371.7 18.0 24.0 129.3 380.4 136.2 380.5 131.1 384.8 130.3 390.0 135.4 389.8 0.9838
157.4 347.0 16.0 18.7 159.3 352.2 163.8 352.4 158.8 356.1 159.2 360.5 162.4 360.5 0.9814
381.8 329.5 18.4 21.9 387.9 336.8 395.2 337.1 391.5 341.9 388.4 346.4 393.8 346.6 0.9639
240.4 370.8 21.7 30.4 242.9 382.4 250.8 381.4 245.5 388.2 245.8 394.4 252.0 393.3 0.9566
973.2 283.8 12.5 14.8 976.5 289.7 982.2 289.9 979.0 292.9 976.8 295.7 981.3 295.8 0.9509
118.2 355.0 12.7 18.0 119.5 362.4 124.0 362.7 120.4 366.4 120.4 369.8 123.4 369.9 0.9006
250.8 335.9 11.6 13.5 255.0 341.9 260.1 341.2 258.4 344.5 256.3 347.2 259.9 346.8 0.8268
1.6 346.8 12.4 15.9 5.3 355.0 8.3 354.5 7.0 358.0 7.2 360.7 9.0 360.3 0.8201
274.0 342.3 19.1 26.1 277.5 351.4 284.2 351.3 279.1 357.3 278.9 363.3 283.8 362.9 0.5540
396.2 347.9 21.6 24.5 399.5 356.4 407.1 356.5 400.8 360.5 400.1 366.3 405.6 366.1 0.5458
