10--People_Marching/10_People_Marching_People_Marching_10_People_Marching_People_Marching_10_People_Marching_People_Marching_10_618.jpg
32
803.8 1028.5 16.2 20.5 807.7 1035.8 815.1 1035.8 811.1 1039.6 808.1 1043.3 814.6 1043.3 0.9996
669.1 1011.4 18.3 23.5 671.6 1019.5 679.0 1019.5 673.6 1024.4 672.7 1029.3 678.6 1029.1 0.9995
934.3 1034.1 19.9 22.0 940.6 1041.6 949.0 1040.0 946.2 1044.9 943.0 1050.4 949.7 1049.1 0.9995
15.9 1043.4 14.7 20.9 22.9 1051.4 28.3 1051.0 27.4 1055.0 23.7 1059.4 28.0 1059.2 0.9994
562.9 1012.4 16.8 23.0 569.0 1021.3 575.6 1021.0 573.2 1025.2 569.8 1029.4 575.4 1029.3 0.9994
162.2 1019.7 17.0 22.5 164.4 1027.8 169.7 1027.8 164.6 1032.0 165.0 1036.7 169.0 1036.6 0.9994
99.5 1033.8 17.5 23.1 102.9 1042.2 111.0 1042.8 106.1 1046.8 102.9 1051.1 109.5 1051.5 0.9992
64.5 1037.8 16.5 21.0 69.1 1045.6 76.2 1046.7 71.7 1049.4 68.7 1053.0 74.2 1053.9 0.9991
738.0 1003.7 18.1 22.8 744.1 1012.0 752.4 1011.8 749.1 1016.3 745.4 1021.0 751.6 1020.9 0.9990
485.3 1025.4 17.0 23.1 490.0 1033.1 497.5 1033.1 493.7 1037.4 490.7 1042.2 496.7 1042.3 0.9990
284.4 1022.7 14.6 19.1 287.4 1029.4 293.7 1029.7 289.9 1033.2 287.7 1037.1 292.8 1037.2 0.9989
846.6 1013.9 18.5 24.5 853.7 1023.3 861.7 1022.8 858.9 1027.6 854.9 1032.3 861.4 1032.0 0.9988
338.1 1029.8 16.1 23.1 341.6 1037.8 349.1 1038.3 344.5 1042.4 341.7 1047.0 347.8 1047.3 0.9984
400.9 1017.8 13.5 17.8 404.6 1025.0 410.4 1024.9 407.6 1028.3 405.3 1031.5 410.0 1031.4 0.9983
209.0 1033.9 15.3 20.2 211.7 1040.7 217.1 1041.1 212.7 1044.5 211.9 1048.5 216.3 1048.6 0.9981
521.4 1045.0 15.3 20.2 524.5 1053.0 531.6 1051.9 528.1 1056.2 526.1 1060.7 531.9 1059.9 0.9978
317.8 1042.6 13.9 17.6 321.4 1048.9 328.0 1049.0 324.6 1052.4 322.0 1055.9 327.1 1056.0 0.9975
583.9 1011.9 12.2 15.6 588.3 1017.6 593.6 1017.6 591.5 1020.4 588.6 1023.2 593.1 1023.3 0.9970
327.7 1020.1 11.6 14.8 330.4 1026.0 335.7 1026.0 333.0 1028.9 331.0 1031.7 335.3 1031.6 0.9969
689.4 1014.5 14.4 19.8 692.7 1021.2 699.9 1021.3 696.3 1025.5 693.7 1029.6 699.2 1029.7 0.9968
264.2 1029.0 14.1 18.6 269.6 1036.1 275.5 1036.6 272.8 1040.3 269.7 1043.7 274.0 1044.1 0.9965
989.0 1027.0 12.1 18.0 997.1 1034.3 999.6 1034.1 1000.5 1037.8 997.5 1041.3 999.1 1041.4 0.9955
413.0 1026.9 17.5 23.5 414.8 1036.0 420.9 1035.7 416.1 1040.6 416.1 1045.3 420.7 1044.9 0.9955
235.5 1035.7 15.3 20.1 239.7 1043.8 246.8 1043.6 243.6 1047.5 240.6 1051.4 246.5 1051.2 0.9954
532.1 1025.3 16.6 21.1 535.8 1034.1 543.2 1035.6 538.1 1039.3 535.5 1042.2 540.6 1043.3 0.9954
1009.8 1029.4 13.5 21.9 1012.4 1037.1 1016.9 1037.3 1012.0 1041.4 1012.7 1045.8 1016.1 1045.7 0.9938
145.3 1042.3 15.5 18.7 148.7 1050.4 155.3 1050.5 151.4 1054.3 149.5 1057.4 154.6 1057.4 0.9904
29.5 1044.3 13.4 19.0 29.5 1051.2 34.1 1051.2 29.9 1054.7 30.5 1058.8 34.2 1058.6 0.9324
611.8 1002.3 15.2 18.0 468.4 1015.2 473.5 1016.6 468.6 1019.4 467.5 1022.6 471.2 1023.6 0.8076
80.6 1037.3 13.9 17.7 614.8 1027.7 623.7 1027.3 620.3 1032.9 616.2 1038.3 623.1 1038.1 0.8060
186.6 1029.4 11.7 14.8 613.9 1007.9 620.2 1008.2 615.6 1011.6 614.3 1015.7 619.0 1015.8 0.6896
358.2 1033.7 11.3 13.0 84.4 1045.8 90.5 1046.0 87.2 1049.8 85.0 1052.4 89.3 1052.5 0.5759
