10--People_Marching/10_People_Marching_People_Marching_2_124.jpg
21
162.4 202.2 39.4 47.7 168.3 215.5 181.5 217.1 166.8 223.5 165.6 235.4 175.4 236.4 0.9998
283.6 217.6 40.8 47.2 288.8 234.0 304.7 234.1 291.2 242.5 289.7 253.0 301.7 252.8 0.9997
774.5 246.6 44.9 51.5 789.7 266.1 810.6 266.9 801.5 276.6 789.8 283.8 808.4 284.5 0.9997
562.2 213.9 29.6 35.4 568.2 225.2 579.7 227.7 568.8 230.3 565.5 238.5 574.0 240.5 0.9997
456.2 213.6 41.7 48.9 461.5 228.7 478.2 231.7 463.2 239.5 459.9 247.8 473.5 249.8 0.9996
91.5 241.0 35.1 37.2 97.5 254.3 113.3 253.4 103.4 259.7 99.1 268.7 111.6 268.0 0.9996
917.0 242.6 26.3 28.4 924.2 251.7 936.2 251.2 930.3 256.5 926.0 263.4 935.0 263.0 0.9995
3.7 223.7 36.3 46.0 7.8 240.7 20.7 241.6 8.3 249.2 7.2 258.0 17.1 258.4 0.9995
645.1 164.7 50.2 51.7 655.3 180.1 678.9 178.0 666.8 186.2 659.1 200.3 679.2 198.6 0.9994
974.8 223.9 48.8 61.3 987.3 244.4 1012.9 244.5 999.6 254.5 989.0 267.4 1011.5 267.4 0.9994
233.4 210.4 29.7 33.7 238.0 220.7 249.8 221.5 239.9 226.8 237.3 234.5 246.5 235.1 0.9994
604.7 190.0 40.5 48.2 612.6 207.7 631.4 205.8 621.2 214.9 615.1 225.2 631.7 223.7 0.9989
836.2 231.1 39.4 43.9 841.0 243.3 854.6 244.0 841.9 252.0 841.1 262.3 851.4 262.6 0.9985
737.8 206.0 34.1 34.7 744.2 216.5 759.3 216.5 749.0 220.9 744.7 230.5 755.8 230.5 0.9951
961.9 254.7 23.8 30.2 972.3 265.6 979.7 263.9 979.1 269.5 976.1 276.2 981.9 275.0 0.9908
817.1 216.4 23.2 26.5 823.4 226.4 834.4 225.7 829.4 231.5 825.3 237.3 833.4 236.8 0.9830
149.0 217.4 12.6 15.2 152.3 223.9 157.5 223.6 155.0 226.7 153.3 229.4 157.3 229.3 0.9794
881.7 240.2 15.6 18.1 883.9 245.6 890.5 246.4 885.1 249.0 883.4 253.2 888.4 253.8 0.9781
143.2 255.5 27.3 33.6 148.3 270.7 160.0 269.2 153.6 276.2 151.4 282.3 160.0 281.0 0.9594
541.5 93.2 11.6 15.9 543.1 99.2 547.6 99.4 544.0 102.5 543.6 105.6 547.1 105.5 0.9530
50.2 266.9 15.2 17.9 55.0 273.5 62.1 273.8 58.8 276.9 55.6 280.6 61.1 280.9 0.8713
