10--People_Marching/10_People_Marching_People_Marching_2_94.jpg
9
441.4 301.1 44.3 53.3 464.3 320.4 479.9 317.3 479.8 328.3 470.3 341.4 482.2 338.9 0.9996
275.5 271.7 45.8 53.3 294.7 289.8 313.5 289.6 306.9 302.0 296.0 310.3 310.9 310.0 0.9984
959.6 302.9 22.4 28.2 973.7 312.5 979.7 312.5 980.2 318.9 973.3 324.1 977.9 324.5 0.9962
734.6 311.2 40.1 43.3 751.9 329.2 767.9 326.8 763.4 337.8 755.4 346.2 766.2 344.4 0.9918
556.0 326.1 24.8 26.6 571.7 336.3 578.6 335.4 578.6 342.6 572.0 347.5 576.2 347.3 0.9908
877.5 276.4 30.5 37.4 896.6 290.1 903.3 288.9 903.2 297.6 895.4 305.3 899.8 304.6 0.9903
685.5 320.2 17.1 19.0 696.2 326.8 700.6 327.5 700.1 331.3 694.6 334.4 697.6 335.1 0.9890
165.5 344.1 26.0 23.8 173.6 355.4 185.9 355.8 179.7 362.6 174.5 365.5 182.7 365.9 0.6493
621.1 312.5 11.7 15.5 622.9 319.3 627.7 319.2 624.5 322.7 623.9 325.8 627.5 325.6 0.5631
