10--People_Marching/10_People_Marching_People_Marching_2_877.jpg
35
126.7 392.0 86.0 103.5 156.4 426.6 194.9 420.6 184.2 450.9 165.2 468.2 197.5 462.9 0.9998
404.1 382.7 65.1 76.4 418.5 407.0 448.1 407.9 430.4 423.8 420.0 438.3 443.3 439.1 0.9997
252.5 447.0 106.4 135.1 295.7 497.6 341.6 495.7 330.1 526.2 302.2 550.0 338.9 548.4 0.9997
594.3 270.8 140.1 195.5 667.8 342.1 716.9 343.4 716.0 379.4 674.2 416.5 712.7 417.8 0.9996
33.3 352.3 67.3 82.7 72.4 377.4 93.3 376.8 93.8 393.2 74.9 411.2 90.4 411.0 0.9996
988.6 119.6 31.8 31.2 996.3 139.3 1005.9 136.8 1002.4 145.7 1005.8 148.3 1010.9 146.1 0.9994
816.2 229.7 41.9 75.1 823.0 257.0 823.9 257.1 818.6 271.5 829.7 285.0 831.2 284.7 0.9979
336.0 274.6 29.8 42.4 339.6 289.4 352.1 290.0 342.3 298.1 340.6 306.5 350.2 306.7 0.9959
161.0 244.3 16.1 19.4 164.1 249.7 171.0 250.2 166.5 254.5 164.4 258.6 169.5 259.0 0.9959
212.9 227.1 15.4 21.1 215.0 235.7 221.6 236.6 216.7 240.3 215.1 243.6 219.9 244.2 0.9954
197.1 306.4 21.4 30.8 201.1 317.0 204.2 318.4 197.7 323.6 200.7 329.9 202.4 330.6 0.9950
727.7 102.9 19.3 24.6 729.8 113.5 736.6 113.0 731.5 118.6 731.9 123.0 736.4 122.4 0.9948
645.1 118.5 17.1 21.3 647.2 126.2 652.2 126.8 646.9 130.9 647.6 134.9 650.7 135.1 0.9934
306.9 300.6 21.8 27.6 312.4 309.6 322.1 310.0 316.4 315.8 312.8 320.9 320.2 321.3 0.9934
439.1 282.7 24.6 34.4 443.6 296.1 452.8 295.0 447.3 303.2 446.7 309.9 453.6 309.0 0.9930
339.9 211.4 14.3 17.8 343.8 219.1 350.2 218.9 347.1 222.5 344.8 225.9 349.5 225.7 0.9918
311.3 263.8 17.0 20.9 313.9 270.5 320.2 271.0 315.5 275.4 315.0 279.8 319.4 280.0 0.9897
715.1 95.6 15.9 24.2 717.3 105.4 722.0 105.5 717.4 110.1 718.0 114.7 721.3 114.6 0.9876
416.4 236.0 16.3 22.4 418.9 245.5 423.6 245.7 419.4 250.7 421.0 254.7 424.1 254.6 0.9783
266.4 290.7 17.9 26.9 269.3 299.8 272.4 300.1 268.5 306.3 271.3 311.6 273.2 311.5 0.9765
480.0 246.5 19.4 26.6 483.2 256.3 490.0 257.0 484.4 262.5 484.1 267.3 488.9 267.6 0.9738
375.0 330.8 42.2 57.1 386.2 355.1 402.5 354.3 393.5 367.2 388.7 376.6 401.5 375.8 0.9681
962.7 72.8 24.6 29.6 969.6 87.5 979.5 85.2 975.4 92.2 973.0 97.3 980.1 95.4 0.9658
432.6 232.8 30.0 32.2 450.1 244.5 459.5 246.6 456.1 253.7 446.3 257.5 452.7 259.3 0.9570
352.2 339.2 29.6 36.4 374.1 355.4 383.4 352.9 378.8 364.5 378.7 374.0 385.9 371.9 0.9302
355.1 242.4 17.2 22.3 362.0 355.6 373.6 352.2 370.9 361.9 368.9 370.2 376.6 367.6 0.9253
641.8 152.7 22.2 27.8 523.4 258.2 529.3 257.9 524.6 264.1 525.2 269.8 530.1 269.4 0.9166
153.7 319.3 16.4 18.1 360.0 252.7 367.9 252.4 364.0 257.3 361.3 260.9 367.0 260.7 0.9023
956.5 51.7 21.8 27.2 644.1 164.1 651.3 164.5 644.8 170.0 645.3 175.3 649.9 175.3 0.8679
227.2 241.2 16.3 23.1 156.2 325.1 162.3 325.3 157.9 329.4 157.3 333.3 161.7 333.3 0.8421
881.4 95.2 31.4 51.4 266.1 249.8 271.6 250.9 268.3 253.6 265.6 255.8 269.6 256.7 0.8208
131.4 268.0 13.2 17.2 959.0 61.2 966.0 61.6 959.5 67.2 959.8 72.5 964.8 72.5 0.7928
634.2 143.1 16.0 19.5 1054.2 741.7 1077.7 757.2 1099.9 805.1 1027.4 844.2 1037.8 858.6 0.7395
494.9 214.8 13.7 19.4 230.9 251.0 237.1 250.7 233.4 255.5 232.0 259.6 236.8 259.2 0.6583
384.9 245.2 14.8 18.7 886.1 112.8 889.9 114.4 883.5 123.7 886.9 133.5 889.5 134.6 0.5020
