10--People_Marching/10_People_Marching_People_Marching_2_33.jpg
33
378.6 150.4 11.1 13.3 381.7 155.2 386.6 155.4 384.0 157.6 381.8 160.0 386.0 160.1 0.9998
392.7 145.7 10.8 13.8 395.2 151.2 400.2 151.0 397.7 153.6 396.0 156.2 400.2 156.0 0.9996
613.3 185.6 11.2 13.7 618.2 190.4 622.6 190.7 620.9 193.0 618.1 195.5 621.7 195.8 0.9995
461.2 147.4 13.4 15.9 463.4 153.4 468.7 153.5 464.8 156.3 463.7 159.2 468.0 159.1 0.9993
441.7 153.1 11.5 14.4 443.9 160.3 448.8 159.0 446.7 162.9 446.2 165.6 449.7 164.5 0.9992
938.5 196.2 21.3 25.4 942.2 208.1 950.1 206.3 945.8 211.8 945.2 216.4 951.6 214.9 0.9992
317.0 148.3 12.1 16.9 321.1 155.0 326.6 155.2 324.1 158.3 321.3 161.3 325.7 161.4 0.9992
526.4 161.0 12.8 15.9 528.3 167.1 533.9 167.7 529.9 170.4 528.4 173.1 532.7 173.5 0.9992
576.1 173.2 11.6 13.9 578.4 178.4 583.6 178.6 580.5 181.6 578.9 183.9 582.9 184.1 0.9991
265.6 147.4 12.2 16.2 267.5 154.0 272.8 154.0 269.1 156.8 267.9 159.6 272.3 159.5 0.9991
412.6 154.6 13.0 16.0 414.6 160.0 419.2 160.7 415.2 163.3 414.4 166.2 418.0 166.6 0.9990
351.7 149.8 12.2 15.2 354.4 155.4 360.1 155.1 357.1 158.1 355.2 161.3 359.7 161.1 0.9987
645.3 164.6 9.7 13.0 648.3 169.7 652.9 170.1 650.6 172.7 648.3 174.7 651.9 175.0 0.9982
624.2 178.1 11.1 14.6 626.0 183.6 630.3 183.8 627.1 186.6 626.4 189.4 629.8 189.4 0.9980
653.9 168.5 10.8 14.9 655.4 173.9 657.7 174.3 654.4 176.9 655.4 179.7 657.1 179.8 0.9977
609.8 167.7 10.3 13.0 612.9 173.1 617.7 173.2 615.3 175.7 613.4 178.1 616.9 178.2 0.9976
819.7 203.1 12.2 17.2 821.3 209.7 826.4 209.7 822.8 213.4 821.8 216.5 825.9 216.4 0.9961
277.0 144.0 10.5 15.3 280.4 150.5 285.3 150.6 283.1 153.4 280.8 155.9 284.8 156.0 0.9956
601.9 180.3 10.2 13.7 604.2 185.2 608.4 186.0 605.5 188.2 603.8 190.4 607.2 191.0 0.9954
765.3 188.1 11.3 15.9 767.0 193.9 770.9 194.0 767.8 196.9 767.5 199.9 770.8 199.9 0.9930
700.7 191.7 11.4 13.1 703.7 196.2 709.1 196.4 706.3 199.2 704.0 201.8 708.3 201.9 0.9887
844.5 194.9 12.5 17.4 846.4 201.0 849.4 202.1 845.0 204.7 845.8 208.0 847.7 208.6 0.9883
921.7 192.4 17.3 24.5 927.6 204.3 934.4 203.5 931.8 208.8 929.3 212.9 934.2 212.3 0.9834
792.2 188.2 11.8 16.3 800.0 193.3 802.5 193.1 803.2 196.4 800.3 200.0 802.4 200.0 0.9798
982.8 199.7 16.4 21.6 986.3 207.4 993.6 208.3 988.5 211.5 986.0 215.8 991.4 216.5 0.9762
433.4 159.8 9.4 12.1 437.9 164.2 441.3 163.9 440.7 166.6 438.5 169.1 441.1 169.0 0.9645
724.9 184.3 10.7 13.6 726.9 188.7 731.4 188.8 728.4 191.0 726.8 193.8 730.8 193.9 0.9330
701.3 176.2 10.3 12.4 703.7 180.8 708.1 181.0 705.4 183.4 703.8 185.8 707.5 186.0 0.8616
728.6 174.6 9.2 10.8 731.6 178.8 735.6 178.9 733.7 181.1 732.0 183.1 735.0 183.2 0.7985
308.0 147.6 7.6 9.2 309.9 150.8 313.3 151.1 311.3 152.8 309.9 154.5 312.6 154.7 0.7644
27.2 133.4 8.3 9.7 30.2 137.1 33.7 136.9 32.5 139.0 30.8 141.0 33.5 140.9 0.6971
998.9 196.7 16.1 19.1 1003.8 202.5 1010.8 202.1 1007.7 206.1 1004.8 210.2 1010.4 209.8 0.6428
512.1 157.5 11.8 14.2 515.0 162.0 520.9 162.0 518.0 165.2 515.6 168.4 520.2 168.4 0.5530
