10--People_Marching/10_People_Marching_People_Marching_2_990.jpg
15
631.6 235.1 125.3 177.3 685.9 292.3 737.4 308.2 716.2 326.1 676.6 356.9 719.5 370.1 0.9998
146.5 227.9 52.6 70.7 160.7 250.3 185.8 248.3 175.7 257.6 166.7 277.0 186.8 275.2 0.9997
504.7 220.2 50.5 65.2 524.4 243.7 546.2 242.6 541.7 250.0 531.7 267.2 549.0 265.9 0.9995
296.8 274.3 72.5 89.9 312.8 301.6 344.2 298.7 328.7 319.1 321.2 340.5 343.1 338.2 0.9995
361.2 219.7 52.1 70.1 377.1 245.9 400.5 243.0 392.2 254.1 383.9 272.3 401.1 269.8 0.9991
292.3 220.1 47.3 54.0 305.9 241.6 327.4 240.2 318.1 249.5 310.5 260.2 326.9 259.1 0.9989
34.6 187.1 38.2 47.4 44.1 207.9 60.7 204.7 54.0 214.4 50.0 224.7 62.3 222.1 0.9989
91.1 222.5 48.4 56.7 101.0 239.1 122.6 239.3 109.5 251.2 103.0 262.7 119.3 262.9 0.9979
741.5 252.1 71.6 122.6 779.7 298.0 803.7 297.4 804.8 317.6 785.3 345.3 802.9 345.3 0.9940
86.3 182.1 41.8 48.3 93.6 199.7 112.5 198.2 101.3 208.2 96.5 219.2 110.5 217.9 0.9935
268.5 188.7 33.7 41.8 279.5 207.5 293.8 207.0 287.9 214.9 282.5 222.1 293.1 221.6 0.9866
0.0 196.3 16.8 39.9 -6.8 210.9 5.9 211.5 -2.1 217.5 -6.5 225.3 3.2 225.7 0.9774
548.9 211.3 31.2 41.7 561.3 225.7 573.6 226.4 568.8 232.2 562.3 241.6 571.5 242.2 0.9682
452.0 214.8 37.1 48.2 465.5 229.1 479.3 230.0 473.2 237.6 466.9 248.4 477.5 249.0 0.9337
178.3 206.0 31.9 41.9 189.3 221.8 203.5 222.6 196.6 229.8 189.5 237.4 200.3 238.1 0.8198
