10--People_Marching/10_People_Marching_People_Marching_2_593.jpg
16
325.6 217.5 26.9 38.8 343.5 232.8 349.4 232.7 352.2 239.3 342.9 245.6 348.2 245.9 0.9995
952.4 245.1 22.0 33.2 967.0 257.5 969.0 256.8 974.0 261.7 969.7 269.5 971.2 269.4 0.9992
381.4 275.7 12.9 18.7 389.3 283.0 392.7 282.7 393.1 286.6 389.8 290.2 392.3 290.2 0.9991
697.5 208.0 26.2 41.0 716.9 222.3 719.0 221.9 723.4 229.9 716.0 237.8 717.9 238.1 0.9991
463.0 256.5 17.8 27.8 474.8 267.4 477.6 267.0 480.4 271.6 476.0 277.3 478.2 277.3 0.9990
736.3 234.8 17.3 27.0 747.9 244.9 750.4 244.8 753.6 249.2 749.6 255.0 751.1 255.3 0.9988
544.8 285.5 13.4 22.1 553.8 293.4 555.2 292.9 557.8 297.1 554.7 301.8 555.9 301.8 0.9986
626.8 300.7 10.0 14.4 632.3 306.4 634.2 305.5 635.6 308.3 633.9 311.8 635.2 311.3 0.9979
119.5 259.9 16.7 18.4 128.5 266.5 133.2 265.6 134.1 269.3 131.3 273.9 134.4 273.3 0.9976
1007.4 285.4 11.7 17.2 1015.3 291.9 1015.5 291.4 1018.4 294.5 1016.7 298.3 1016.7 298.1 0.9971
237.6 263.1 19.1 24.1 246.8 273.5 254.1 272.4 253.7 276.8 249.9 282.4 255.2 281.6 0.9966
884.7 290.4 11.3 15.9 891.2 296.3 892.6 295.6 894.8 298.4 893.4 302.3 894.2 301.9 0.9901
173.0 262.8 14.4 18.9 181.4 269.6 184.2 268.5 186.1 272.4 183.9 277.0 185.8 276.3 0.9833
488.2 295.1 11.5 16.3 494.1 302.1 498.0 301.5 497.9 304.7 495.5 308.1 498.4 307.7 0.9781
48.4 241.6 17.8 23.5 57.7 250.7 61.6 248.9 63.4 254.1 61.3 259.7 64.0 258.6 0.9305
587.9 312.2 8.9 11.5 590.8 316.7 594.9 316.4 593.2 319.0 591.4 321.4 594.5 321.3 0.5859
