10--People_Marching/10_People_Marching_People_Marching_10_People_Marching_People_Marching_10_People_Marching_People_Marching_10_838.jpg
12
418.6 490.1 44.2 52.0 433.8 506.1 453.6 506.4 446.0 515.2 436.1 526.9 452.3 527.2 0.9996
652.9 557.0 38.9 47.9 663.5 571.6 681.6 573.2 671.7 581.7 663.2 590.8 678.6 592.0 0.9994
748.6 585.7 36.7 47.4 753.2 605.6 768.3 606.7 757.0 616.6 755.8 623.6 766.1 624.2 0.9990
750.5 756.4 35.3 37.8 758.2 772.9 773.7 772.6 765.3 781.6 760.9 786.6 772.4 786.2 0.9989
757.6 510.8 31.7 36.5 766.3 523.7 781.0 523.3 774.0 529.9 767.9 537.2 780.3 536.9 0.9989
35.4 617.0 39.7 45.1 41.4 631.9 59.4 631.7 47.8 641.1 43.2 649.5 58.4 649.3 0.9985
818.2 533.8 33.7 42.8 829.7 547.7 845.3 547.4 839.3 555.6 831.0 563.9 844.7 563.8 0.9979
588.8 497.1 23.6 29.3 595.2 506.0 606.2 505.8 600.9 511.0 596.4 517.7 605.4 517.6 0.9970
468.8 511.4 25.3 34.1 483.6 524.2 490.9 524.3 491.5 529.6 485.0 536.9 490.6 537.3 0.9967
487.9 554.5 35.2 42.4 495.9 568.5 511.8 569.3 502.8 578.5 497.8 586.6 509.2 587.2 0.9965
907.1 551.9 36.4 44.6 924.2 567.5 937.1 566.0 934.5 576.3 926.3 585.5 936.1 584.6 0.9785
526.6 531.1 16.7 21.1 529.7 538.3 534.5 538.7 530.0 542.9 530.3 547.3 533.6 547.4 0.9561
