10--People_Marching/10_People_Marching_People_Marching_10_People_Marching_People_Marching_10_People_Marching_People_Marching_10_142.jpg
8
548.7 270.1 33.4 43.7 559.4 286.1 574.3 285.8 567.8 293.8 560.0 300.2 574.1 299.9 0.9996
651.0 277.3 30.3 40.4 660.0 293.1 674.0 294.1 666.9 302.0 659.5 305.8 672.6 306.6 0.9995
699.7 316.7 33.7 45.2 710.1 333.8 726.4 334.5 718.7 342.4 710.4 349.8 724.3 350.3 0.9995
609.1 258.8 25.4 32.8 617.1 271.4 628.7 272.2 623.1 277.7 617.2 282.5 627.2 283.2 0.9995
376.9 220.2 35.4 43.4 386.8 237.3 402.8 237.6 394.8 245.1 387.4 251.7 401.8 251.9 0.9994
495.8 248.4 30.2 35.9 504.4 260.6 518.1 259.7 512.2 266.1 505.9 272.9 518.7 272.3 0.9994
766.0 303.8 29.0 35.3 773.7 316.5 787.7 317.8 780.1 323.2 773.0 328.2 786.1 329.2 0.9994
449.8 307.5 31.6 41.2 458.8 324.0 474.4 323.6 467.4 332.4 460.0 338.4 473.6 338.2 0.9993
