10--People_Marching/10_People_Marching_People_Marching_10_People_Marching_People_Marching_10_216.jpg
34
322.7 238.2 25.8 29.5 328.7 247.0 340.4 247.7 333.8 254.7 329.5 260.3 338.6 260.8 0.9987
689.4 236.8 24.7 27.8 694.6 246.2 705.4 245.6 699.4 251.5 696.4 257.6 704.7 257.1 0.9985
795.9 232.8 23.7 29.9 801.0 244.0 811.3 242.9 805.8 250.1 803.4 256.0 811.4 255.2 0.9984
473.6 236.1 24.9 29.2 481.5 245.5 492.7 244.4 488.5 251.6 484.0 258.1 492.7 257.2 0.9979
871.0 250.6 21.3 24.0 875.3 258.9 884.9 258.4 879.6 264.5 877.1 269.2 884.3 268.7 0.9977
981.0 347.3 26.9 30.3 986.5 358.0 998.5 357.6 991.5 364.4 988.4 370.4 997.1 370.1 0.9968
916.4 240.0 19.2 26.5 921.5 251.6 930.3 250.9 926.2 256.2 923.0 260.9 930.1 260.3 0.9968
525.6 231.5 20.3 24.6 532.4 241.0 541.5 240.2 537.9 246.4 534.2 251.1 540.9 250.5 0.9965
77.5 253.2 26.8 33.7 84.1 265.5 96.1 265.6 89.6 273.0 85.6 278.8 95.0 278.8 0.9951
364.4 245.9 21.9 25.4 374.0 254.2 382.6 253.2 380.4 259.7 375.9 265.3 382.2 264.7 0.9945
545.3 227.8 14.5 20.7 547.3 235.2 552.1 235.4 547.9 240.0 547.9 244.1 551.3 244.1 0.9944
614.4 240.2 19.8 23.0 617.1 248.2 625.5 248.5 619.8 253.7 618.3 258.3 624.2 258.4 0.9934
571.9 219.2 22.4 28.1 576.2 228.3 586.0 227.9 580.3 234.2 577.6 240.1 585.7 239.6 0.9914
407.8 240.4 18.7 23.5 415.0 248.6 423.4 248.3 420.4 254.1 416.3 258.7 422.6 258.6 0.9909
495.6 235.6 17.7 22.6 497.7 243.6 504.7 243.1 499.9 248.6 499.5 253.2 504.6 252.6 0.9879
734.3 229.5 15.3 19.3 736.9 236.0 743.5 235.6 739.4 239.2 737.7 243.6 743.1 243.2 0.9847
441.9 252.9 17.2 20.4 444.7 261.9 452.0 261.7 447.4 266.4 446.4 270.2 451.1 269.9 0.9828
90.8 195.5 12.5 15.5 98.5 201.2 101.8 200.8 101.6 204.8 98.5 207.8 100.5 207.7 0.9754
217.7 252.4 23.3 29.8 228.0 262.6 237.7 262.5 234.1 269.0 228.3 274.6 236.1 274.8 0.9747
973.2 242.2 12.3 15.8 975.5 246.6 980.5 247.6 976.6 250.4 975.1 253.6 978.9 254.2 0.9514
37.2 206.8 15.2 21.8 45.5 215.5 50.3 215.6 49.6 220.2 45.7 224.1 48.7 224.4 0.9437
712.5 234.3 15.3 19.9 714.9 242.1 720.2 241.9 716.7 246.3 716.2 250.3 720.0 250.0 0.9098
309.6 219.1 11.9 13.9 313.3 224.1 318.6 223.8 316.5 227.0 314.3 230.2 318.3 230.0 0.8935
39.7 251.1 19.0 25.0 53.2 259.5 56.1 258.9 57.4 265.1 52.5 270.1 54.1 270.0 0.8507
63.3 203.5 12.7 16.2 65.9 209.4 71.7 209.3 68.3 213.1 66.7 216.5 71.0 216.4 0.8266
751.7 235.6 18.8 23.9 755.7 244.1 765.0 244.3 759.9 249.4 756.5 254.3 763.9 254.4 0.8207
273.6 262.3 19.2 21.0 276.7 271.2 285.6 270.3 280.9 276.3 279.6 280.3 285.9 279.5 0.8184
620.5 219.8 15.7 18.4 626.0 226.8 632.9 226.8 630.4 230.5 627.2 234.1 632.1 234.1 0.7820
287.5 211.1 11.9 14.7 290.6 216.4 296.0 216.4 293.1 219.6 291.2 222.7 295.3 222.7 0.7720
233.7 247.8 16.2 21.6 229.0 249.0 243.9 252.2 234.4 259.1 226.7 266.0 238.8 268.5 0.7231
444.5 169.4 15.2 18.1 581.6 227.6 587.1 227.7 582.7 231.4 582.1 234.6 585.9 234.7 0.6966
989.2 268.5 14.9 16.1 237.1 254.8 243.3 255.5 239.4 260.2 237.2 264.4 241.7 264.9 0.6901
292.6 247.4 16.3 22.1 449.3 176.1 455.7 175.6 452.8 180.4 450.5 183.9 455.3 183.6 0.5591
636.2 222.5 20.2 28.6 993.6 273.9 999.8 273.7 997.1 277.7 994.7 281.0 999.1 280.8 0.5459
