10--People_Marching/10_People_Marching_People_Marching_2_505.jpg
31
962.7 324.5 44.0 50.3 981.1 339.5 998.3 338.1 994.0 348.5 983.4 359.3 998.3 358.3 0.9998
179.3 284.8 32.7 35.6 190.1 295.1 205.2 295.3 198.9 302.6 191.5 310.1 203.7 310.2 0.9998
305.4 270.5 41.3 48.9 325.6 283.7 341.4 282.6 338.2 293.8 328.1 305.5 340.3 304.7 0.9997
80.2 276.0 29.9 34.5 92.9 285.1 105.3 285.8 101.6 292.6 94.1 299.8 104.1 300.5 0.9997
491.1 315.1 48.5 59.5 508.8 335.2 530.4 335.1 523.1 342.0 512.1 356.4 529.8 356.1 0.9997
767.3 405.6 59.5 74.2 796.3 431.8 819.9 433.0 814.7 444.6 799.9 460.6 817.6 461.2 0.9996
683.9 267.0 24.3 27.8 695.9 274.2 705.3 274.7 703.6 280.3 697.0 286.4 704.3 287.0 0.9996
724.6 313.7 36.1 42.1 740.6 326.2 754.9 325.4 751.8 334.7 744.2 344.6 754.6 344.0 0.9995
357.7 281.2 27.7 31.6 368.7 291.6 380.4 291.5 376.3 298.3 370.0 304.6 379.2 304.7 0.9994
840.4 297.7 26.0 31.0 851.2 307.4 862.4 306.4 859.7 313.8 853.7 320.6 862.5 319.9 0.9993
242.1 259.8 25.4 29.0 254.6 270.0 263.6 270.4 261.3 276.0 254.9 281.3 261.6 281.9 0.9991
58.9 258.3 12.2 18.3 64.9 265.2 68.9 264.4 69.4 267.9 66.7 272.1 69.7 271.7 0.9990
436.9 271.9 14.5 19.4 445.2 279.4 449.6 279.5 449.0 283.3 444.8 286.7 448.2 286.9 0.9989
6.6 268.8 13.5 19.4 13.0 277.3 18.2 276.8 16.9 280.6 13.8 284.2 17.9 284.0 0.9987
755.9 254.5 12.9 16.1 762.0 259.8 767.4 260.0 766.0 263.6 762.6 266.8 766.5 267.1 0.9984
537.0 267.4 23.2 25.7 547.9 276.9 557.0 274.9 555.7 282.7 550.0 288.2 556.1 286.8 0.9982
57.1 183.5 10.0 14.4 58.5 189.5 61.2 189.5 58.8 192.4 59.4 195.0 61.3 194.9 0.9982
798.8 269.3 18.6 22.7 801.7 276.9 807.5 277.0 802.5 281.6 802.9 286.3 807.2 286.0 0.9980
887.3 258.5 14.1 17.1 893.6 264.0 898.8 263.4 898.2 266.8 895.3 270.9 899.2 270.5 0.9978
788.2 245.6 10.8 13.8 792.0 251.0 796.9 251.1 795.0 253.4 792.7 256.2 796.3 256.3 0.9975
731.6 244.6 11.2 13.3 736.0 249.0 740.9 249.0 739.1 251.9 736.7 254.7 740.3 254.8 0.9935
113.1 253.1 10.9 13.7 115.5 259.1 120.2 259.0 117.6 261.6 116.2 264.0 119.9 263.9 0.9903
136.7 276.8 11.3 16.6 144.5 282.8 145.6 282.4 147.6 285.7 145.4 289.5 146.1 289.4 0.9890
776.0 280.6 11.7 18.3 778.3 287.5 780.5 288.2 776.7 291.1 777.8 294.6 779.2 294.9 0.9885
19.1 262.8 11.9 18.4 26.7 270.1 28.7 269.5 30.0 273.2 27.4 277.0 28.9 276.8 0.9874
145.7 249.1 9.8 13.3 147.5 253.6 150.2 254.6 146.8 256.4 146.6 259.0 148.4 259.6 0.9870
2.8 191.4 9.4 13.4 5.3 195.9 7.1 196.5 4.1 198.5 4.3 201.3 5.5 201.6 0.9784
0.0 271.3 7.9 19.4 -0.4 279.3 4.3 278.3 3.5 282.5 1.7 286.6 5.3 285.9 0.9755
583.0 252.2 17.0 21.2 591.9 259.7 596.6 258.8 596.9 263.5 593.4 268.2 596.9 267.7 0.9711
720.5 266.7 13.1 15.8 722.7 270.6 726.8 272.0 722.7 274.6 721.9 277.8 725.0 278.7 0.9057
838.0 231.4 11.0 11.6 840.4 235.9 844.2 235.5 842.1 238.5 841.8 240.9 844.5 240.5 0.7064
