10--People_Marching/10_People_Marching_People_Marching_2_251.jpg
25
134.2 34.6 46.7 51.7 150.0 53.2 169.7 51.6 162.6 61.2 155.5 73.4 169.6 71.9 0.9997
513.7 60.9 32.8 38.8 520.8 73.7 535.2 74.0 526.3 81.5 521.8 89.9 532.6 90.1 0.9997
639.7 73.5 26.2 30.4 645.7 83.8 657.4 82.6 651.7 88.8 648.2 96.1 657.3 95.1 0.9996
728.3 82.6 22.2 28.1 736.0 91.8 745.8 92.0 741.7 97.1 737.2 103.2 744.6 103.4 0.9994
348.2 46.1 38.0 42.3 356.0 60.1 372.7 59.8 362.5 66.0 357.4 76.8 370.5 76.6 0.9994
265.8 82.2 29.7 33.4 270.6 92.5 282.7 92.7 273.1 97.3 270.1 106.0 279.5 106.1 0.9993
77.8 71.9 37.8 40.1 92.4 85.4 107.8 85.1 102.8 91.3 95.6 100.7 107.0 100.5 0.9993
863.1 95.8 17.8 25.2 870.0 105.2 877.5 105.5 874.9 109.5 870.8 114.6 876.7 114.9 0.9991
404.9 80.5 24.9 29.0 413.3 90.2 424.7 90.9 419.4 95.9 414.1 102.0 422.7 102.5 0.9990
906.9 104.4 16.5 19.6 912.2 110.5 919.7 110.8 916.2 114.8 912.9 118.9 918.6 119.2 0.9989
812.8 84.2 19.5 25.0 821.5 91.3 829.2 91.4 827.8 95.6 823.4 101.8 829.2 102.0 0.9989
197.5 85.2 28.3 30.4 204.0 95.9 215.6 95.6 208.8 100.9 205.4 107.8 214.0 107.5 0.9987
748.2 100.0 17.4 22.6 754.2 107.7 761.8 108.4 758.2 112.2 754.2 116.5 760.1 117.1 0.9981
611.7 97.9 20.9 24.2 619.9 105.9 628.6 106.0 625.2 111.6 620.8 116.4 627.0 116.5 0.9975
942.9 106.3 17.9 19.2 949.5 112.8 956.9 113.4 953.6 116.5 949.9 120.4 955.5 120.9 0.9970
317.7 99.5 22.0 23.9 324.2 107.2 333.8 107.9 328.5 111.5 324.4 116.6 331.4 117.2 0.9964
973.7 113.0 13.6 18.4 978.4 119.4 984.2 119.6 981.4 123.4 978.5 126.9 982.9 127.1 0.9961
55.4 76.4 25.8 32.4 65.2 87.7 75.8 87.2 72.6 93.3 67.8 100.5 75.8 100.2 0.9942
444.0 108.4 15.0 18.0 448.1 114.4 454.5 114.5 451.0 117.7 448.8 121.8 453.6 121.8 0.9904
796.4 107.0 14.8 17.4 802.1 113.5 808.6 113.1 806.5 117.1 803.3 120.6 808.1 120.4 0.9583
36.0 92.9 22.1 32.6 49.9 104.1 54.5 103.0 56.9 109.7 51.8 117.3 55.1 116.6 0.9289
686.9 95.0 19.8 22.8 694.3 101.8 702.9 102.0 699.4 106.0 695.3 111.2 702.0 111.3 0.9236
509.5 91.7 15.0 18.7 515.9 98.3 521.9 98.6 519.9 102.5 516.4 106.1 520.7 106.5 0.7762
233.4 118.4 20.7 23.8 239.0 127.3 247.8 127.2 243.1 131.7 240.2 136.6 246.4 136.6 0.6513
26.3 97.3 24.1 32.9 38.7 109.0 45.2 107.3 45.2 114.3 42.0 122.2 46.9 121.2 0.5809
