10--People_Marching/10_People_Marching_People_Marching_2_785.jpg
20
869.7 606.9 19.8 25.3 881.3 616.2 887.5 615.8 887.4 621.4 882.2 626.5 886.5 626.5 0.9997
607.5 581.0 14.7 19.4 617.2 588.9 620.4 588.6 621.2 592.6 617.6 596.1 619.7 596.2 0.9982
957.3 581.8 15.4 19.2 965.0 589.0 970.0 588.7 969.3 592.8 965.8 596.5 969.5 596.4 0.9969
650.4 557.5 14.1 18.5 656.3 565.1 662.0 565.0 659.9 569.1 656.7 572.2 661.1 572.2 0.9958
434.5 617.4 15.8 21.5 441.4 626.2 448.1 625.7 446.2 630.8 442.9 635.1 447.6 634.9 0.9900
444.5 590.9 11.7 15.1 447.9 597.1 452.6 596.7 450.5 599.7 448.9 602.6 452.6 602.3 0.9899
810.4 603.4 13.7 16.2 812.9 609.4 819.1 609.0 815.7 612.6 814.2 616.1 819.0 615.7 0.9874
610.3 555.0 12.0 14.1 614.6 560.6 619.7 560.3 617.8 563.4 615.5 566.2 619.4 566.1 0.9848
425.8 578.2 10.5 12.8 429.7 582.9 434.2 582.7 432.8 585.5 430.5 588.1 433.9 588.0 0.9841
505.3 594.1 14.4 16.6 509.2 600.4 516.1 599.9 513.2 603.7 510.6 607.3 516.0 606.9 0.9781
326.3 592.8 15.0 18.6 330.2 599.1 337.5 599.2 333.8 603.3 330.8 607.1 336.6 607.2 0.9772
225.8 570.8 12.4 15.9 230.1 577.5 235.6 577.5 233.1 581.0 230.7 583.8 234.9 583.8 0.9760
383.8 582.9 11.5 13.1 387.3 588.1 392.2 588.2 389.8 590.9 387.6 593.1 391.4 593.2 0.9691
294.3 609.4 12.9 15.7 297.8 615.8 304.2 615.9 301.1 619.5 298.4 622.4 303.3 622.5 0.9690
559.1 579.8 13.1 16.9 562.8 587.5 568.7 587.9 565.6 590.9 563.1 593.5 567.3 593.8 0.9671
757.0 601.4 11.5 16.0 763.9 607.3 766.9 606.8 767.4 610.3 764.7 613.7 766.7 613.6 0.9364
750.5 633.6 13.7 15.9 756.0 640.5 761.2 640.2 759.1 644.2 756.4 646.9 760.1 646.7 0.9270
247.2 602.9 13.3 15.7 250.7 608.7 257.0 609.4 253.5 612.3 250.6 615.2 255.5 615.7 0.8789
516.9 569.9 13.5 16.0 520.1 576.0 525.5 576.1 522.7 579.7 521.5 582.4 525.6 582.3 0.8657
694.0 581.7 13.1 15.4 696.5 588.2 701.8 588.5 698.0 591.8 697.0 594.7 701.0 594.8 0.8124
