10--People_Marching/10_People_Marching_People_Marching_10_People_Marching_People_Marching_10_88.jpg
600
107.8 675.3 15.6 20.4 110.5 683.1 117.2 683.0 112.8 687.0 111.5 691.1 116.8 690.9 0.9998
721.8 626.1 14.8 19.4 728.4 634.1 734.0 633.3 732.9 637.0 729.8 640.8 734.4 640.3 0.9998
664.8 749.4 17.4 21.1 667.1 758.7 672.8 757.5 669.2 762.9 670.4 766.5 674.6 765.4 0.9997
532.6 578.3 14.8 18.5 539.4 584.9 545.4 585.3 543.2 588.7 539.2 592.0 544.1 592.4 0.9997
148.1 677.4 14.7 19.8 152.2 685.3 159.3 684.9 155.9 688.9 153.2 692.8 159.2 692.6 0.9997
98.5 973.6 24.9 31.8 107.9 987.4 118.8 985.1 116.4 991.4 111.6 998.3 120.1 996.6 0.9997
419.2 758.4 18.2 20.9 422.5 765.8 430.9 765.6 426.2 771.1 424.4 774.9 430.3 774.6 0.9997
202.3 1210.8 29.3 35.9 214.2 1226.5 226.9 1223.0 224.2 1232.8 218.0 1239.9 227.4 1237.2 0.9997
529.1 645.8 14.7 19.4 532.2 653.6 539.1 653.2 535.3 656.9 533.3 661.0 538.4 660.8 0.9996
128.1 948.1 21.4 27.4 140.5 959.6 146.1 957.0 148.7 962.7 144.5 969.3 148.4 967.5 0.9996
709.8 726.0 14.7 19.6 711.1 733.4 715.2 733.7 710.8 737.5 711.8 741.3 714.8 741.2 0.9996
652.2 980.1 23.0 31.4 666.0 993.8 672.1 992.6 673.4 999.1 667.8 1005.0 671.9 1004.5 0.9996
55.1 1122.0 29.7 34.1 60.2 1138.0 73.1 1132.9 68.1 1143.4 67.4 1150.6 77.0 1146.4 0.9996
647.7 772.3 16.2 19.2 649.8 780.0 655.7 779.4 651.7 783.9 651.8 787.8 656.2 787.1 0.9996
478.7 1173.2 29.4 34.1 486.0 1187.4 499.9 1185.7 493.7 1194.8 489.0 1200.0 500.5 1198.7 0.9995
881.1 751.0 18.5 22.8 888.8 759.3 896.5 759.9 893.3 764.4 888.3 767.4 895.0 768.0 0.9995
338.9 1054.1 26.3 32.5 347.4 1068.8 360.2 1066.2 356.4 1073.4 351.9 1080.5 361.1 1078.5 0.9995
519.6 614.0 14.1 17.6 527.2 620.9 531.8 620.1 531.9 624.0 528.7 627.8 532.1 627.3 0.9995
780.0 872.6 22.9 25.8 789.6 881.7 799.5 880.5 796.8 886.8 792.1 892.4 799.2 891.7 0.9995
618.7 1352.2 30.8 34.5 628.1 1367.3 643.1 1369.1 635.1 1377.5 628.2 1380.6 638.6 1382.0 0.9995
128.9 638.2 15.0 19.1 133.0 645.5 140.1 645.2 136.9 648.7 133.9 652.3 140.0 652.1 0.9995
200.8 1294.7 31.0 32.9 206.7 1307.8 221.6 1307.8 213.2 1316.5 208.8 1320.8 220.1 1320.7 0.9995
589.4 877.9 21.3 28.4 600.8 891.0 606.2 888.5 608.5 894.5 604.5 900.5 608.1 899.0 0.9994
92.0 637.3 14.3 18.2 95.6 644.8 102.5 644.4 99.5 648.3 96.8 652.0 102.4 651.7 0.9994
351.8 800.2 16.6 19.8 358.6 807.7 365.7 808.0 362.8 812.0 358.7 815.5 364.3 815.9 0.9994
392.7 689.5 12.8 18.8 399.9 696.9 403.9 696.4 403.9 700.3 400.6 704.1 403.7 704.0 0.9994
725.3 756.8 16.8 21.8 730.4 765.4 738.2 765.0 735.0 769.1 731.5 773.3 738.1 773.0 0.9994
721.0 519.8 12.1 15.9 724.1 526.2 729.8 526.1 727.0 529.3 724.7 532.3 729.3 532.3 0.9994
737.0 916.3 18.2 25.3 743.7 926.3 751.4 925.8 748.8 930.6 744.9 935.4 751.4 935.1 0.9994
87.8 819.0 17.2 23.0 91.7 828.5 100.1 827.9 96.0 833.1 93.2 837.0 100.1 836.4 0.9994
809.5 607.9 16.5 19.6 812.9 614.9 819.6 616.0 814.5 618.3 812.3 621.9 817.5 622.7 0.9994
529.8 727.7 16.8 21.7 536.9 735.6 543.8 735.6 541.7 739.9 537.4 744.3 543.0 744.4 0.9994
726.8 974.4 21.0 27.2 731.8 985.3 741.4 985.0 736.6 990.0 733.0 994.8 741.2 994.5 0.9994
720.6 687.9 17.0 17.2 724.0 696.4 731.0 695.3 727.5 700.5 727.1 703.0 731.4 702.1 0.9994
174.7 707.9 17.5 22.2 179.6 716.3 188.0 716.2 183.9 720.9 180.4 724.8 187.1 724.8 0.9994
542.7 609.9 15.9 18.9 548.5 616.9 555.0 616.2 552.9 619.8 549.7 623.6 555.3 623.2 0.9994
582.7 1284.6 26.1 31.7 590.3 1298.0 603.1 1297.2 597.7 1305.3 592.7 1310.2 602.3 1309.7 0.9994
474.2 894.8 18.6 26.7 485.5 905.8 490.5 904.7 492.1 910.4 487.6 915.8 490.9 915.3 0.9994
840.8 897.5 19.9 26.0 847.9 907.5 857.1 907.1 853.6 912.1 849.0 917.1 856.8 917.0 0.9994
555.4 1221.5 28.8 37.8 567.0 1239.2 579.3 1235.5 577.5 1243.9 571.9 1252.1 581.1 1249.4 0.9994
787.7 1063.4 28.4 33.3 797.5 1078.1 808.8 1074.4 807.3 1081.0 803.8 1089.6 812.2 1086.8 0.9994
175.8 906.9 20.3 26.1 182.0 917.1 191.8 916.7 187.6 921.8 183.2 926.9 191.5 926.7 0.9994
156.4 1034.4 26.4 32.8 165.5 1048.0 177.8 1046.9 173.1 1054.6 167.2 1060.1 177.0 1059.3 0.9994
602.5 1014.1 26.1 32.1 616.1 1027.6 625.4 1027.5 623.1 1034.2 616.4 1039.5 623.0 1039.7 0.9994
537.7 943.7 22.1 28.4 544.7 955.7 555.0 954.1 551.3 960.3 547.1 966.0 555.3 964.8 0.9994
743.0 541.5 11.9 14.7 745.5 547.4 750.8 547.4 747.7 550.2 746.0 552.7 750.3 552.7 0.9993
70.5 459.1 11.9 15.0 75.2 464.8 80.2 464.8 78.4 467.6 75.7 470.4 79.8 470.4 0.9993
689.7 637.9 15.3 19.9 694.4 646.2 701.4 646.2 698.1 649.9 695.1 653.4 700.8 653.4 0.9993
239.7 1083.4 24.1 31.1 248.7 1096.5 259.4 1093.4 257.0 1101.7 252.6 1108.4 260.6 1106.2 0.9993
441.2 972.7 25.5 33.5 447.9 986.6 459.9 986.5 453.9 993.3 449.3 998.9 458.6 998.8 0.9993
452.4 1237.5 32.5 37.2 465.9 1250.4 480.4 1251.5 474.6 1260.7 465.9 1266.6 475.9 1267.6 0.9993
584.5 1178.9 29.8 37.4 593.2 1195.5 606.6 1192.3 602.0 1201.5 597.5 1208.4 608.4 1205.9 0.9993
572.5 990.8 17.2 23.7 583.2 1000.2 587.2 999.3 588.2 1004.1 584.4 1008.9 587.2 1008.5 0.9993
770.1 716.4 16.3 19.3 779.5 723.8 784.8 724.3 783.8 728.2 779.2 731.4 782.9 732.0 0.9993
615.4 839.5 21.0 26.6 622.0 849.7 631.6 850.6 626.3 854.9 621.6 859.3 629.7 860.0 0.9993
592.1 679.9 17.5 18.9 595.4 687.9 602.4 684.7 600.0 690.2 599.3 694.9 604.8 692.3 0.9993
609.5 803.9 19.4 25.3 616.7 814.0 625.3 814.0 621.8 819.1 617.3 823.2 624.3 823.3 0.9993
783.0 766.6 15.2 18.2 788.0 773.4 795.2 772.9 792.3 777.0 789.3 781.0 795.0 780.7 0.9993
621.8 474.9 10.0 12.1 624.2 479.3 628.8 479.3 626.3 481.5 624.6 483.8 628.4 483.7 0.9993
768.7 667.9 14.5 20.3 770.3 676.0 774.3 675.7 770.7 680.2 771.9 683.7 775.2 683.2 0.9993
854.1 853.1 21.4 25.7 858.9 862.0 868.7 863.0 862.6 867.7 859.2 872.4 866.5 873.1 0.9993
340.7 932.8 22.9 29.9 347.8 946.7 358.2 943.7 355.3 950.6 351.8 956.8 360.0 954.6 0.9992
27.3 1307.0 32.9 36.9 38.0 1324.1 53.0 1323.9 46.3 1332.9 38.7 1336.1 51.2 1336.1 0.9992
614.2 940.3 18.4 24.3 625.6 950.6 630.4 950.2 630.8 955.3 625.7 959.4 629.0 959.4 0.9992
183.8 1180.4 26.1 29.9 193.2 1193.8 203.3 1189.4 202.7 1195.8 200.2 1204.5 206.9 1201.0 0.9992
474.0 750.2 17.6 21.7 478.0 759.8 485.6 757.8 482.6 762.7 480.7 767.2 486.9 765.5 0.9992
59.8 673.6 15.5 19.8 63.0 681.3 69.9 681.3 65.8 685.0 63.6 688.6 69.3 688.6 0.9992
435.3 1315.2 33.8 40.1 446.6 1327.6 462.7 1330.2 454.2 1339.9 445.3 1344.9 458.1 1346.9 0.9992
380.0 950.0 19.8 25.4 386.6 960.5 395.4 960.6 391.3 964.9 387.2 969.2 394.5 969.4 0.9992
840.2 790.4 18.5 22.3 846.4 798.0 854.5 798.3 850.8 802.2 846.7 806.3 853.6 806.6 0.9992
345.4 667.5 14.7 18.3 350.1 674.7 356.6 674.5 353.8 677.8 350.9 681.1 356.4 681.0 0.9992
700.7 913.4 22.1 25.1 707.5 922.3 717.8 922.3 713.1 926.9 708.7 932.2 716.7 932.2 0.9992
156.8 594.9 14.1 18.1 160.6 601.7 166.9 601.9 163.5 604.8 160.8 608.0 166.3 608.1 0.9992
361.8 874.9 20.7 27.6 371.1 886.7 379.8 885.0 378.4 890.9 373.7 896.5 380.7 895.3 0.9992
405.4 1264.8 29.6 40.2 423.6 1279.8 431.5 1279.9 432.8 1288.0 425.0 1295.8 430.5 1296.2 0.9992
413.6 802.0 19.3 24.8 422.4 812.8 430.3 812.7 427.9 817.9 423.2 822.0 428.9 822.0 0.9992
63.0 1179.9 27.6 34.9 71.6 1194.9 84.7 1192.1 80.3 1201.4 75.8 1208.5 85.4 1206.5 0.9992
35.7 750.4 14.9 21.0 37.6 757.8 40.9 758.8 36.2 762.4 37.3 766.4 39.6 766.8 0.9992
575.6 601.0 13.4 15.6 578.4 606.4 584.9 606.0 581.6 609.6 579.7 613.0 584.8 612.7 0.9992
148.1 1235.8 31.4 41.6 161.5 1251.8 175.3 1250.5 172.4 1259.1 164.7 1267.8 175.2 1266.9 0.9992
549.9 1044.6 25.4 35.0 558.2 1059.5 570.7 1058.7 565.8 1065.5 560.3 1072.0 570.1 1071.5 0.9991
190.5 867.0 19.9 22.6 198.4 875.3 206.8 873.3 205.4 878.7 201.5 884.4 207.7 883.0 0.9991
54.3 712.4 15.8 19.5 61.7 719.3 67.8 718.6 66.8 722.7 63.1 726.9 68.1 726.5 0.9991
419.2 964.2 20.3 26.9 422.6 974.3 432.9 974.1 426.9 979.9 424.0 985.0 432.3 984.7 0.9991
407.5 847.8 20.0 24.7 412.0 856.7 421.5 855.7 416.9 861.1 413.7 866.4 421.4 865.6 0.9991
314.4 413.9 10.8 13.7 316.6 419.4 321.5 419.1 319.1 421.9 317.5 424.5 321.6 424.2 0.9991
263.4 691.6 16.9 18.5 267.5 700.5 274.9 699.5 271.4 704.9 269.8 707.4 274.9 706.7 0.9991
638.6 523.8 12.9 14.6 645.2 528.6 649.5 527.9 649.2 531.3 646.5 534.8 649.7 534.4 0.9991
898.4 1082.1 27.1 34.0 907.4 1095.3 920.1 1094.3 915.1 1102.0 909.4 1108.7 919.1 1108.0 0.9991
753.8 797.0 19.0 21.1 758.8 803.6 768.0 803.7 763.4 807.7 759.8 812.6 766.7 812.6 0.9991
367.7 992.2 22.8 27.0 373.9 1006.4 384.5 1004.8 380.0 1011.8 376.9 1015.6 384.4 1014.4 0.9991
853.1 567.7 14.5 19.5 857.5 575.3 864.3 575.2 861.3 578.7 858.5 582.6 863.7 582.5 0.9991
32.7 652.9 15.7 19.8 39.9 662.0 44.4 659.4 45.7 663.6 43.9 668.5 47.0 666.7 0.9991
162.6 881.2 21.3 25.8 165.6 891.4 174.7 891.4 168.4 897.2 166.9 901.8 173.5 901.7 0.9991
902.8 605.0 15.6 20.1 906.9 612.7 913.8 613.4 909.8 616.5 906.9 619.8 912.5 620.3 0.9991
613.1 593.5 12.3 16.5 617.6 600.0 623.4 600.2 620.8 603.4 617.8 606.5 622.5 606.7 0.9991
738.2 1092.5 29.3 37.6 749.5 1108.2 762.3 1105.7 759.3 1114.3 753.7 1122.2 763.3 1120.4 0.9991
45.1 811.6 19.1 24.8 53.3 822.7 60.7 820.2 60.2 825.6 57.0 831.2 62.7 829.4 0.9991
707.8 534.3 13.6 16.0 712.5 540.2 718.5 540.0 716.0 543.1 713.2 546.2 718.0 546.1 0.9991
53.2 974.3 26.3 32.0 62.3 988.4 74.4 985.0 72.0 991.1 67.5 999.5 76.8 996.8 0.9991
296.1 906.8 24.1 24.3 305.8 914.9 315.1 914.9 311.6 919.7 306.7 924.3 314.1 924.4 0.9991
328.7 617.4 16.0 19.8 332.4 625.4 340.1 625.3 336.2 629.5 333.7 633.3 339.3 633.2 0.9991
218.5 729.8 16.0 20.7 222.5 738.5 230.0 738.4 226.3 742.2 223.4 745.9 229.6 745.7 0.9991
322.4 1176.7 26.0 31.1 329.0 1185.8 341.4 1186.0 334.9 1193.4 330.3 1199.7 339.9 1199.8 0.9990
669.3 591.6 15.0 18.5 673.4 598.0 680.1 599.0 675.9 602.1 673.0 605.2 678.1 606.0 0.9990
828.4 697.5 15.4 19.1 832.2 704.9 839.2 705.1 835.4 708.8 832.6 712.3 838.3 712.4 0.9990
230.1 782.9 15.3 23.1 241.0 792.1 243.0 791.9 244.2 796.3 240.3 800.7 241.8 800.9 0.9990
150.9 849.2 17.4 25.2 162.4 858.0 164.2 857.6 167.5 862.2 164.2 867.9 165.2 867.8 0.9990
465.9 1007.9 24.2 30.3 476.9 1021.0 486.2 1018.1 485.8 1025.3 481.3 1032.0 488.5 1030.0 0.9990
278.3 588.2 13.6 17.9 284.2 595.8 289.8 595.9 287.8 599.6 284.2 602.1 288.6 602.3 0.9990
779.3 1005.8 23.3 27.1 785.2 1016.6 795.8 1017.5 789.7 1023.8 785.7 1027.3 793.5 1028.0 0.9990
330.8 584.3 13.9 16.8 334.3 591.3 340.8 590.6 337.9 593.7 336.0 597.5 340.7 596.9 0.9989
673.5 1019.2 22.3 26.8 685.4 1030.4 693.2 1030.9 691.0 1036.4 684.9 1040.6 690.7 1041.3 0.9989
864.9 976.5 22.0 28.2 867.7 988.1 877.2 988.9 870.1 994.1 868.3 998.7 875.3 999.1 0.9989
406.5 1188.6 27.1 34.4 419.0 1202.8 430.0 1200.3 428.9 1207.8 423.0 1216.1 430.9 1214.3 0.9989
0.0 1137.3 27.7 38.0 7.1 1155.8 21.5 1154.9 15.2 1163.5 9.4 1169.3 19.8 1168.8 0.9989
308.0 381.8 9.8 12.8 311.0 386.6 315.5 386.8 313.3 389.0 311.0 391.1 314.8 391.4 0.9989
873.1 820.8 20.5 27.0 879.1 833.2 888.2 831.4 885.0 837.3 881.9 842.4 888.8 841.1 0.9989
190.3 759.5 15.3 19.7 197.3 767.9 203.1 767.7 201.5 771.4 198.0 774.8 202.6 774.8 0.9989
104.3 760.5 20.4 24.3 116.4 770.9 122.2 769.2 122.9 775.1 118.2 779.9 121.9 778.9 0.9989
550.1 522.2 11.2 15.1 554.1 528.5 558.7 527.7 557.4 530.8 555.5 533.8 559.2 533.3 0.9988
384.7 719.3 15.8 21.0 387.4 727.7 394.4 728.2 389.8 732.2 387.8 735.8 393.3 736.0 0.9988
460.9 942.6 19.9 25.3 469.2 952.6 477.7 951.0 476.4 956.1 472.2 962.1 478.6 961.0 0.9988
559.4 766.4 17.8 25.4 566.6 775.8 575.1 776.0 572.3 781.2 567.4 786.2 573.7 786.4 0.9988
207.8 985.1 21.1 29.4 216.8 996.8 226.3 996.8 223.2 1002.6 217.4 1007.6 225.0 1007.8 0.9988
264.8 748.7 15.4 18.4 268.5 755.2 275.3 755.5 271.3 759.0 268.7 762.4 274.4 762.5 0.9988
275.1 1221.4 29.6 38.1 286.5 1238.5 300.0 1237.8 295.4 1246.2 288.7 1252.4 298.4 1252.0 0.9988
524.7 1305.7 27.7 35.7 535.3 1320.4 547.7 1317.1 545.4 1325.2 539.6 1333.7 549.0 1331.2 0.9988
334.2 861.0 19.3 23.5 338.7 870.3 347.3 869.6 343.2 873.9 340.5 878.7 347.2 878.1 0.9987
298.5 751.1 19.2 21.0 302.7 760.0 311.0 759.7 306.6 765.0 304.6 768.4 310.4 768.1 0.9987
596.6 925.9 19.3 22.6 602.0 936.0 610.6 935.6 606.3 940.1 603.1 944.0 609.3 943.7 0.9987
852.8 682.1 15.0 18.6 859.0 688.9 865.6 689.0 863.1 692.9 859.4 696.4 864.5 696.6 0.9987
469.1 529.8 12.0 14.7 473.3 535.4 478.7 534.9 476.8 538.0 474.4 541.1 478.7 540.8 0.9987
447.4 862.0 19.7 22.6 451.1 871.0 459.6 870.8 454.6 876.5 453.2 880.4 459.0 880.2 0.9987
401.9 664.1 13.2 17.1 405.5 670.6 411.4 670.1 408.8 673.4 406.7 677.1 411.4 676.7 0.9987
373.7 1153.5 26.2 32.7 382.9 1166.3 394.4 1165.3 390.1 1172.3 384.6 1178.5 393.6 1177.8 0.9987
677.2 508.0 12.1 14.1 682.0 512.6 686.9 512.8 684.9 515.8 682.1 518.6 686.0 518.8 0.9987
136.2 619.0 14.8 19.6 138.3 627.8 143.3 628.0 139.4 632.0 139.7 635.1 143.3 635.0 0.9987
279.1 1171.3 23.4 26.4 290.2 1182.1 299.6 1182.6 296.5 1189.0 290.4 1192.4 296.8 1193.1 0.9987
831.3 755.3 16.1 19.5 838.8 762.1 845.1 761.4 843.9 765.8 840.1 770.2 844.9 769.9 0.9986
781.3 811.2 18.8 24.3 789.2 821.0 797.6 820.9 794.7 826.6 789.8 830.2 796.4 830.3 0.9986
290.7 991.2 20.7 25.5 298.2 999.9 308.0 999.3 304.3 1005.7 299.4 1011.0 306.8 1010.7 0.9986
468.5 621.6 14.8 18.4 472.1 627.5 478.1 629.1 473.2 631.3 470.8 634.7 475.5 635.9 0.9986
865.5 442.5 11.9 15.7 869.3 449.0 874.7 449.1 872.2 451.9 869.6 454.4 874.1 454.5 0.9986
288.4 663.8 14.5 19.6 296.4 671.6 300.6 671.2 300.7 675.3 297.2 678.8 300.2 678.8 0.9986
894.8 908.0 22.2 25.0 899.4 917.4 909.0 915.9 904.4 922.6 902.3 927.7 909.5 926.5 0.9986
186.3 1018.0 23.0 28.2 192.8 1029.7 203.4 1027.2 200.1 1032.6 196.4 1039.6 204.7 1037.8 0.9986
516.1 530.3 11.3 15.1 518.1 536.0 522.0 536.4 518.7 539.2 518.2 541.9 521.3 542.1 0.9986
624.6 792.8 16.6 22.2 631.3 801.1 639.0 800.2 637.0 805.2 632.9 810.1 638.8 809.6 0.9986
10.4 1225.0 27.5 28.0 18.9 1232.5 31.0 1233.3 25.3 1239.7 19.4 1244.4 29.4 1245.0 0.9986
757.9 928.6 21.2 26.4 767.0 939.8 775.5 940.5 772.1 945.5 766.8 949.6 773.4 950.3 0.9985
571.1 532.1 11.2 13.6 574.0 536.8 579.2 536.9 576.6 539.5 574.4 542.2 578.6 542.3 0.9985
666.9 929.6 21.3 28.0 674.1 941.1 684.4 941.4 679.9 947.3 675.0 951.8 682.6 952.1 0.9985
166.0 1098.0 23.7 27.9 171.2 1109.2 182.4 1110.3 175.5 1115.3 171.2 1119.4 179.9 1120.2 0.9985
365.9 832.0 17.6 23.5 371.3 842.9 379.6 840.8 377.2 846.7 374.4 851.2 380.4 849.6 0.9985
249.1 774.2 15.9 20.4 253.9 783.3 261.6 782.0 258.8 787.0 256.0 790.8 261.9 789.8 0.9985
520.1 996.7 22.0 24.2 529.5 1005.6 538.2 1004.2 536.4 1009.6 531.9 1015.1 538.2 1014.1 0.9985
175.6 787.7 18.4 22.4 183.2 795.8 191.1 796.5 188.1 799.9 183.3 803.7 190.2 804.3 0.9985
684.0 568.4 13.7 17.2 687.0 574.5 693.4 575.1 689.5 577.6 686.9 580.8 692.2 581.3 0.9984
558.7 584.2 14.1 17.7 561.8 590.8 568.0 589.5 565.2 593.9 563.7 598.0 568.5 597.0 0.9984
89.3 1086.8 25.6 32.9 94.5 1100.6 106.6 1100.8 99.8 1107.7 96.1 1112.9 105.2 1112.9 0.9984
597.1 549.7 12.7 16.6 600.7 556.1 606.6 555.9 603.9 559.3 601.5 562.4 606.2 562.3 0.9984
18.7 680.4 16.2 20.8 25.8 688.9 31.1 687.0 31.4 691.4 28.7 696.3 32.7 695.0 0.9984
349.4 846.2 18.0 20.8 355.6 854.5 364.2 853.9 360.8 859.2 357.2 863.1 363.2 862.7 0.9983
166.0 573.6 11.6 15.5 170.2 579.8 175.6 579.8 173.4 582.8 170.8 585.8 175.1 585.8 0.9983
762.3 1062.7 23.4 32.5 775.8 1074.5 781.7 1073.1 783.7 1079.8 778.9 1087.2 783.0 1086.5 0.9983
680.3 533.5 12.5 14.7 684.2 538.3 689.9 538.5 687.0 541.4 684.5 544.4 689.1 544.5 0.9983
747.3 1182.2 25.6 27.9 753.0 1190.8 764.8 1191.1 758.2 1197.4 753.7 1201.8 764.1 1201.9 0.9983
628.2 670.7 15.4 18.2 634.9 676.7 641.2 676.7 639.1 680.9 635.5 684.4 640.0 684.5 0.9983
102.9 453.5 11.1 14.0 105.0 459.2 110.2 458.9 107.4 461.9 105.9 464.7 110.1 464.5 0.9983
481.1 556.4 11.8 16.3 482.9 562.9 487.8 562.7 484.8 565.9 483.8 569.1 487.8 568.9 0.9983
683.9 823.7 19.4 16.8 689.7 833.8 697.6 833.4 693.9 838.6 691.5 839.0 696.5 838.7 0.9983
289.4 1113.5 25.8 36.8 291.6 1130.1 301.8 1130.4 293.8 1137.5 293.4 1143.4 301.0 1143.2 0.9983
715.7 870.6 18.7 25.6 723.2 881.7 731.3 879.9 730.0 885.5 726.7 891.4 732.1 890.1 0.9982
720.5 842.4 19.3 22.9 726.3 850.6 735.7 849.6 732.0 855.0 728.4 860.2 735.3 859.5 0.9982
320.3 1083.9 24.6 32.2 328.7 1099.0 339.9 1096.8 336.4 1103.1 332.1 1109.5 340.6 1107.9 0.9982
272.1 1047.0 25.7 36.0 279.2 1065.6 291.6 1063.1 286.8 1071.9 282.6 1077.2 292.5 1075.4 0.9982
550.1 910.8 19.6 25.4 556.4 923.1 565.5 921.1 562.5 926.9 559.3 931.9 566.2 930.4 0.9982
415.4 385.2 9.2 11.9 418.0 390.0 422.1 389.9 420.2 392.3 418.6 394.5 421.8 394.4 0.9982
715.0 550.7 12.5 16.2 721.0 557.1 725.2 556.1 725.1 559.7 722.7 563.3 725.9 562.7 0.9981
850.3 467.4 11.0 13.4 853.1 472.3 858.5 472.1 856.1 474.9 853.9 477.7 858.3 477.6 0.9981
509.7 662.3 14.7 18.1 512.4 667.8 518.6 668.3 514.3 671.3 512.5 675.2 517.4 675.5 0.9981
819.8 398.5 9.7 11.7 822.7 402.6 827.2 402.4 825.3 404.8 823.5 407.4 827.1 407.2 0.9981
701.6 504.5 11.6 15.0 705.1 510.2 710.8 510.2 708.2 513.1 705.5 516.0 710.3 516.0 0.9981
568.4 689.6 14.1 18.1 571.9 696.8 578.7 696.2 575.6 700.2 573.3 703.9 578.8 703.5 0.9980
528.4 1047.5 21.7 29.5 539.8 1060.7 547.5 1060.2 545.9 1066.5 540.1 1071.5 545.6 1071.4 0.9980
868.8 655.9 15.6 17.2 871.6 664.2 873.6 663.9 872.0 668.4 876.6 670.2 877.3 669.7 0.9980
27.4 991.0 25.7 28.1 34.3 1001.2 46.8 1001.2 40.8 1005.4 36.1 1011.8 45.6 1011.8 0.9980
486.4 667.3 14.7 18.4 488.6 675.9 492.4 675.2 489.7 679.7 491.5 682.8 493.9 682.0 0.9980
261.7 940.5 23.6 23.6 267.6 949.6 278.3 949.9 272.6 955.3 268.8 958.9 276.4 959.1 0.9980
173.2 953.5 19.4 22.4 179.2 959.9 188.0 960.1 183.9 964.2 180.2 969.5 187.0 969.7 0.9980
329.6 448.9 9.6 12.0 330.9 453.4 333.9 454.0 330.8 456.0 330.8 458.1 332.9 458.4 0.9980
646.5 1287.2 27.4 37.3 654.4 1303.8 666.9 1300.4 662.8 1309.9 659.5 1317.9 668.0 1315.3 0.9980
293.1 1355.5 37.6 33.3 306.6 1371.8 323.1 1368.3 319.0 1378.8 312.4 1388.9 324.9 1386.3 0.9980
694.6 448.2 10.5 13.3 697.6 452.8 702.7 453.0 700.2 455.5 697.8 458.1 702.0 458.2 0.9980
663.9 528.3 12.2 15.6 667.9 534.5 673.3 534.5 670.9 537.4 668.4 540.2 672.9 540.2 0.9980
580.4 760.3 15.3 18.8 587.0 768.8 593.4 768.5 591.4 772.8 587.9 776.1 592.8 776.0 0.9979
541.5 785.3 16.7 20.5 546.7 792.5 554.1 792.3 550.9 796.3 547.4 800.4 553.6 800.4 0.9979
560.9 505.7 10.5 13.8 564.5 511.3 569.2 511.0 567.3 513.8 565.2 516.5 569.0 516.3 0.9979
300.0 402.1 9.2 10.9 302.4 406.0 306.9 405.7 304.8 408.1 303.2 410.5 306.8 410.3 0.9979
860.2 522.0 12.9 16.8 862.2 528.3 866.7 528.8 862.8 531.8 862.2 535.0 865.8 535.2 0.9979
670.1 693.0 16.7 21.4 676.8 704.1 683.7 702.0 682.3 707.3 679.9 711.4 684.6 710.0 0.9979
185.8 657.7 15.8 18.1 190.0 663.8 197.4 663.6 193.8 668.1 191.2 671.7 196.5 671.6 0.9978
191.6 694.0 16.1 21.6 197.1 703.6 204.2 703.0 201.6 707.9 198.6 711.7 203.8 711.3 0.9978
229.1 453.6 11.6 14.6 232.0 459.2 237.5 459.5 234.4 462.1 232.1 464.7 236.6 464.9 0.9978
883.4 483.6 11.2 14.9 886.9 489.6 892.3 489.9 889.6 492.7 887.0 495.2 891.4 495.4 0.9977
443.4 931.3 18.3 24.7 447.8 942.5 456.0 941.6 452.0 946.4 449.4 951.0 455.8 950.3 0.9977
209.6 332.9 8.4 11.1 212.7 337.0 216.2 336.9 214.9 339.1 213.1 341.3 215.9 341.3 0.9977
81.6 508.7 12.0 15.0 84.7 514.2 90.1 513.9 87.5 516.9 85.5 519.9 90.0 519.7 0.9977
268.3 444.5 11.0 14.2 270.9 449.9 275.8 450.0 273.1 452.5 271.2 455.1 275.3 455.2 0.9977
446.6 1074.6 22.2 31.4 451.5 1088.2 461.9 1086.9 457.0 1093.6 453.8 1099.3 462.4 1098.2 0.9976
101.3 1269.5 30.7 34.9 112.8 1281.6 126.1 1279.6 122.2 1289.7 116.3 1297.2 125.5 1295.6 0.9976
445.4 433.8 10.1 12.9 446.8 438.8 451.0 438.7 448.1 441.4 447.4 444.1 450.8 443.9 0.9976
53.6 622.8 16.4 21.1 59.0 631.2 66.0 631.2 62.9 635.2 59.7 639.1 65.3 639.1 0.9976
105.3 910.6 18.6 22.9 111.7 919.2 120.3 919.2 116.6 923.5 112.5 927.9 119.6 928.0 0.9976
608.8 980.5 20.0 23.0 620.8 988.9 626.4 987.3 627.5 992.8 622.8 998.0 626.2 997.1 0.9976
190.2 431.5 10.0 11.9 193.2 435.9 197.9 436.0 195.6 438.2 193.5 440.4 197.3 440.5 0.9975
585.5 1084.1 24.0 26.1 592.9 1095.8 604.3 1094.6 599.6 1101.4 595.3 1105.6 603.4 1104.7 0.9975
733.5 613.5 14.1 16.9 737.2 620.0 743.6 619.7 740.4 622.9 738.2 626.3 743.1 626.1 0.9975
756.8 663.5 13.2 18.8 760.0 671.4 766.2 671.4 762.8 675.0 760.5 678.4 765.7 678.4 0.9975
527.0 397.7 9.7 12.6 529.7 402.5 534.5 402.6 532.1 405.0 529.9 407.4 533.9 407.5 0.9975
123.1 568.0 13.1 17.0 130.2 575.0 134.2 573.8 134.6 577.7 132.2 581.5 134.9 580.8 0.9975
850.9 722.7 13.4 17.9 855.1 730.6 861.2 730.4 858.3 734.0 855.7 737.2 860.7 737.1 0.9975
78.5 1045.1 20.8 30.3 83.6 1057.8 93.8 1056.2 89.7 1063.5 86.2 1068.7 94.6 1067.4 0.9975
293.4 420.4 9.3 11.8 295.6 424.9 299.9 424.6 297.8 426.9 296.2 429.1 299.8 429.0 0.9975
297.4 699.5 14.3 17.1 302.8 705.5 309.2 704.6 307.2 709.0 304.1 712.6 309.0 712.1 0.9975
718.7 472.1 10.4 13.8 720.5 477.2 724.8 477.6 721.8 479.9 720.6 482.5 724.0 482.7 0.9974
707.6 1226.9 25.7 29.7 720.0 1236.1 729.7 1235.2 728.2 1241.0 722.3 1248.0 730.0 1247.4 0.9974
205.2 417.4 9.8 12.2 207.4 422.5 211.9 422.0 209.8 424.6 208.4 427.0 212.0 426.6 0.9974
519.9 915.0 20.5 22.0 526.7 921.7 535.5 921.4 531.7 926.5 528.0 931.2 534.8 931.0 0.9973
570.9 735.8 17.3 21.2 576.2 744.6 584.2 743.9 581.1 747.7 577.9 752.0 584.1 751.5 0.9973
816.4 729.7 19.0 22.4 822.7 738.8 831.3 737.7 828.1 742.1 824.6 747.0 831.1 746.3 0.9973
616.9 767.5 15.9 17.6 622.5 775.8 629.7 776.1 626.5 780.4 623.2 782.5 627.7 782.7 0.9972
206.7 786.7 15.1 21.6 211.3 795.5 218.2 795.5 214.9 800.1 212.0 803.8 217.4 803.8 0.9972
462.2 415.6 8.6 10.9 464.6 419.9 468.5 419.6 466.9 421.8 465.3 424.2 468.5 423.9 0.9972
101.8 716.0 17.3 19.1 106.5 724.8 114.8 724.5 110.8 728.4 108.0 731.9 113.9 731.6 0.9972
751.0 586.5 13.2 16.4 753.2 592.9 758.7 592.5 755.5 596.2 754.6 599.6 758.8 599.2 0.9972
837.6 1331.9 35.5 46.3 850.7 1352.2 865.6 1347.2 863.1 1357.8 857.5 1368.7 868.4 1364.8 0.9972
659.7 895.8 17.3 21.9 664.3 904.2 672.0 904.3 667.9 908.8 664.7 912.8 670.7 912.9 0.9972
881.6 592.1 13.2 17.5 887.5 598.9 892.3 598.9 890.9 602.1 887.8 605.2 891.6 605.4 0.9971
487.7 422.5 9.4 11.8 490.5 427.4 495.0 427.7 492.6 429.9 490.5 431.9 494.1 432.2 0.9970
41.7 492.4 12.4 16.0 44.0 498.6 49.4 498.6 46.1 501.7 44.6 504.9 49.0 504.8 0.9970
596.3 491.7 11.1 14.7 598.8 497.4 603.4 497.8 600.4 500.6 599.0 503.4 602.6 503.6 0.9970
595.7 653.1 12.5 15.5 601.8 658.7 606.2 658.2 605.5 661.5 602.8 664.8 606.2 664.6 0.9970
540.2 407.2 10.4 13.8 545.2 412.4 549.1 412.3 548.1 415.1 545.6 417.9 548.6 417.9 0.9970
143.9 781.2 17.4 20.2 148.5 787.6 157.0 787.3 153.1 791.9 149.6 796.1 156.4 795.9 0.9970
269.4 1017.4 22.9 25.8 274.3 1029.0 284.1 1026.0 280.4 1032.9 278.6 1038.3 285.9 1036.0 0.9970
859.0 1127.0 23.9 35.9 864.6 1141.4 875.7 1139.9 870.5 1148.3 867.2 1155.0 876.2 1153.8 0.9970
774.1 560.6 14.4 17.2 781.2 567.7 785.7 566.7 785.4 570.3 782.9 573.9 785.9 573.3 0.9969
807.2 778.7 16.9 20.8 810.9 787.4 819.0 786.9 815.0 790.7 812.0 794.4 819.1 794.0 0.9969
557.2 669.6 14.1 18.4 559.9 675.6 565.5 676.1 561.5 679.5 559.9 683.3 564.4 683.5 0.9968
175.3 635.5 13.9 17.2 179.3 642.3 185.9 641.9 183.1 645.5 180.4 649.1 185.7 648.9 0.9967
326.6 430.0 11.4 13.9 329.1 435.1 334.2 435.0 331.4 437.8 329.8 440.6 334.0 440.4 0.9966
901.0 465.1 11.9 14.9 905.3 471.0 910.6 471.1 908.3 474.2 905.7 476.8 909.9 476.9 0.9966
365.1 1218.8 26.2 25.9 373.1 1228.9 385.0 1229.8 378.8 1236.2 373.0 1238.2 382.5 1239.1 0.9965
687.1 783.5 14.8 15.8 691.1 790.2 698.4 790.1 694.9 793.9 692.1 796.3 697.6 796.2 0.9965
802.8 391.3 9.6 10.8 805.1 394.9 809.6 395.1 807.2 397.3 805.5 399.5 809.0 399.6 0.9964
657.5 964.2 21.2 25.3 662.6 974.9 672.6 974.7 667.7 979.5 664.6 984.4 671.7 984.2 0.9964
494.4 445.2 11.1 14.0 497.2 450.1 501.9 450.3 499.1 452.9 497.4 455.6 501.2 455.7 0.9962
253.3 455.4 11.3 12.2 256.5 460.2 261.7 459.7 259.4 462.8 257.8 465.5 261.7 465.2 0.9962
485.5 615.6 12.4 15.4 488.2 621.3 493.3 620.9 490.5 623.9 489.4 627.2 493.4 626.8 0.9962
848.8 1311.1 30.6 40.2 863.8 1325.8 874.6 1324.4 873.3 1333.7 866.0 1341.6 874.2 1340.8 0.9962
239.7 339.8 8.3 10.8 242.3 344.3 246.1 344.0 244.5 346.1 243.0 348.2 246.2 348.0 0.9962
716.2 455.3 10.9 12.8 719.4 459.9 724.3 460.0 721.8 462.5 719.8 465.0 723.7 465.1 0.9962
258.8 1270.8 31.6 34.6 265.8 1285.1 278.8 1282.8 272.5 1290.6 269.6 1297.9 279.1 1296.0 0.9961
92.5 731.2 15.8 22.0 94.3 740.2 98.9 740.7 94.0 744.7 94.9 748.7 97.9 748.8 0.9961
505.5 886.4 22.7 22.6 515.8 896.5 524.5 894.6 522.6 900.9 518.1 905.3 523.8 904.0 0.9960
665.3 635.2 13.1 14.8 671.0 640.1 676.2 639.5 675.0 642.9 672.1 646.3 676.2 646.0 0.9960
661.8 476.8 9.8 12.1 664.2 481.0 668.7 481.3 666.1 483.5 664.2 485.8 667.9 486.0 0.9959
785.0 640.3 15.3 16.6 789.2 646.6 796.6 647.1 792.6 650.9 789.3 654.0 795.0 654.4 0.9959
221.7 349.4 11.3 14.1 224.3 354.8 229.6 354.6 226.9 357.4 225.0 360.1 229.4 360.0 0.9958
778.7 389.9 10.8 12.7 781.0 394.9 785.8 395.1 783.0 397.6 781.4 399.9 785.1 400.0 0.9957
389.3 387.2 9.1 11.6 392.4 391.5 396.5 391.3 394.9 393.7 393.0 396.0 396.3 395.9 0.9956
47.7 459.5 11.7 14.9 51.9 465.7 56.9 465.2 55.2 468.4 53.0 471.4 56.9 471.1 0.9956
203.2 456.9 9.7 12.1 206.8 461.7 210.7 461.4 209.4 463.9 207.4 466.2 210.6 466.0 0.9955
72.6 735.2 16.2 17.6 77.0 743.2 83.8 740.7 81.8 745.4 80.3 749.4 85.6 747.4 0.9954
20.0 858.5 22.4 22.4 28.3 866.2 37.4 865.3 34.9 869.3 31.0 874.9 37.8 874.2 0.9954
542.2 683.7 13.7 15.5 546.1 689.0 552.4 689.5 548.8 692.8 546.1 695.7 550.9 696.1 0.9954
855.5 1097.0 28.1 33.2 866.6 1109.7 877.6 1107.8 876.3 1113.4 872.0 1122.1 879.6 1120.6 0.9954
471.2 461.6 10.0 13.4 474.6 467.0 479.0 466.9 477.2 469.3 475.1 471.7 478.7 471.7 0.9953
273.5 1117.9 21.0 31.5 283.8 1131.6 291.8 1130.5 290.2 1137.7 284.9 1143.5 290.5 1143.0 0.9953
915.0 461.1 10.4 13.9 917.9 466.4 922.3 466.3 920.1 468.8 918.4 471.4 922.2 471.3 0.9953
424.5 901.3 15.5 22.1 433.0 909.0 435.1 907.8 438.4 911.6 436.4 917.2 437.9 916.6 0.9953
370.5 799.0 15.0 16.1 374.0 805.2 381.3 804.6 377.8 808.9 375.5 811.9 381.1 811.4 0.9950
96.2 1326.7 27.4 36.3 99.1 1340.4 105.8 1342.0 97.2 1348.7 101.0 1354.7 105.4 1355.4 0.9949
352.1 438.2 10.1 12.2 355.4 442.7 359.8 442.6 357.9 445.0 356.0 447.5 359.5 447.4 0.9948
455.5 781.9 14.9 21.3 457.4 789.8 462.9 790.5 458.7 794.5 458.0 798.1 462.3 798.5 0.9948
111.0 740.2 18.3 21.2 117.2 749.8 125.1 747.8 122.9 753.4 120.6 757.9 126.2 756.5 0.9947
200.7 641.0 14.4 19.1 203.0 648.3 207.5 649.5 203.0 652.7 202.9 655.7 206.1 656.4 0.9947
194.5 601.7 11.6 13.9 197.1 606.5 202.7 606.4 199.8 609.1 197.7 612.0 202.4 611.9 0.9946
467.2 549.4 11.4 15.5 469.7 555.6 474.6 555.8 471.6 558.5 469.9 561.2 473.9 561.4 0.9945
620.7 554.2 12.8 14.9 625.4 559.1 630.9 559.6 628.2 562.4 625.2 565.3 629.7 565.7 0.9944
434.0 446.7 10.2 13.5 436.8 451.8 440.8 452.0 438.4 454.5 436.9 457.1 440.1 457.3 0.9944
151.6 426.4 9.5 11.8 153.5 430.8 157.8 430.9 155.2 433.4 153.9 435.8 157.2 435.8 0.9944
426.9 351.7 9.0 11.2 429.7 355.9 434.0 355.7 432.3 358.1 430.4 360.5 433.7 360.4 0.9940
582.0 551.5 10.9 13.8 585.0 557.5 590.0 557.0 587.9 560.0 586.2 562.8 590.1 562.4 0.9940
557.3 393.1 9.9 12.6 559.6 397.7 564.5 397.7 562.0 400.2 560.0 402.5 564.0 402.6 0.9939
803.6 414.6 9.0 11.9 805.8 419.4 810.2 419.4 807.9 421.6 806.2 423.8 809.8 423.8 0.9936
873.5 426.4 10.3 13.0 875.4 431.0 879.9 431.2 877.0 433.7 875.8 436.3 879.3 436.4 0.9935
122.5 419.4 10.4 14.3 126.5 425.2 130.6 424.8 129.5 427.8 127.4 430.6 130.7 430.4 0.9935
404.1 638.0 14.3 16.1 406.9 645.0 413.5 644.0 410.5 648.5 409.2 651.5 413.8 650.7 0.9935
695.8 874.9 17.4 25.5 708.1 885.1 710.6 884.5 712.6 889.9 708.8 895.2 710.2 895.0 0.9933
269.7 395.3 10.1 11.5 272.0 399.0 276.7 399.0 274.2 401.5 272.5 404.0 276.3 404.0 0.9933
250.6 417.0 10.3 12.3 253.4 421.5 258.1 421.6 255.7 424.3 253.8 426.8 257.4 426.9 0.9933
224.9 433.8 9.2 11.7 227.8 438.6 231.8 438.2 230.2 440.6 228.6 443.0 231.9 442.7 0.9932
145.2 815.3 17.9 22.3 148.1 823.2 155.4 823.9 149.9 828.2 148.3 832.3 153.6 832.8 0.9931
81.6 612.4 12.8 16.7 83.6 619.1 89.0 619.4 85.4 622.4 84.2 625.3 88.3 625.4 0.9931
752.9 506.9 12.9 18.8 758.2 515.7 763.5 515.1 761.9 518.7 759.5 522.2 763.4 521.8 0.9931
62.4 484.7 11.4 14.0 65.9 490.0 71.0 489.5 69.2 492.4 67.0 495.2 71.2 494.9 0.9928
199.5 385.3 10.8 13.2 202.7 390.4 207.3 390.3 205.1 392.8 203.2 395.3 206.9 395.3 0.9928
423.6 1060.7 21.0 25.5 428.2 1071.0 437.3 1073.5 430.9 1078.3 427.8 1080.7 434.6 1082.4 0.9926
506.7 424.3 10.0 12.1 509.1 429.3 513.1 429.5 510.7 431.6 509.4 433.7 512.6 433.8 0.9926
180.1 1366.8 33.4 22.9 189.4 1386.9 204.9 1383.9 198.9 1394.1 194.0 1401.6 205.6 1399.3 0.9925
585.5 579.9 11.3 12.8 588.2 584.4 593.5 584.3 590.8 586.9 588.8 589.6 593.1 589.5 0.9924
470.3 511.0 11.8 14.3 472.7 515.9 477.4 516.2 474.2 518.8 472.9 521.5 476.6 521.7 0.9922
317.5 387.9 9.4 12.7 319.1 392.7 322.4 392.8 319.8 395.3 319.5 397.8 322.0 397.7 0.9922
381.4 409.7 8.9 12.6 385.5 414.5 388.5 414.2 388.0 416.8 386.1 419.5 388.4 419.4 0.9922
781.3 589.9 12.5 16.7 783.4 597.5 785.3 597.8 783.0 601.4 785.6 603.7 786.5 603.8 0.9921
345.3 398.6 8.9 10.6 348.4 402.3 352.3 402.1 350.8 404.3 348.9 406.5 352.0 406.4 0.9921
646.7 455.1 9.6 12.7 650.1 460.2 654.3 460.0 652.7 462.6 650.6 464.9 654.0 464.8 0.9921
747.6 495.5 10.6 14.1 753.0 501.1 756.6 500.7 756.2 503.6 753.7 506.5 756.4 506.3 0.9920
876.9 374.4 10.9 13.7 878.5 379.8 882.6 379.8 879.7 382.5 879.2 385.2 882.4 385.1 0.9918
847.0 609.2 14.3 16.8 849.1 614.2 854.3 614.4 850.2 617.9 849.6 621.7 853.5 621.7 0.9917
123.3 1191.3 26.8 25.4 131.6 1200.3 143.6 1201.0 137.9 1207.4 132.5 1210.6 141.6 1211.1 0.9917
510.3 767.2 15.4 17.0 517.4 775.5 522.8 776.5 520.1 780.1 515.7 781.3 519.2 782.3 0.9916
568.1 449.6 9.4 12.3 571.8 454.1 575.8 454.1 574.4 456.5 572.1 458.9 575.3 459.0 0.9916
549.0 562.1 13.0 15.5 553.6 568.1 559.3 568.0 557.0 571.6 554.3 574.2 558.6 574.3 0.9915
713.7 436.7 10.6 12.8 715.5 441.2 719.8 441.5 716.7 444.0 715.8 446.5 719.1 446.7 0.9914
767.4 530.6 11.6 13.4 771.2 534.7 776.2 535.0 773.7 537.8 771.4 540.6 775.2 540.8 0.9910
559.8 493.7 10.1 11.8 562.1 498.3 566.6 498.1 564.4 500.6 563.0 503.0 566.5 502.8 0.9909
782.2 695.5 14.0 18.5 785.1 702.6 790.0 702.9 786.3 706.3 785.5 709.6 789.2 709.8 0.9908
100.8 470.9 11.2 14.2 106.3 475.9 110.3 475.8 109.3 478.8 106.6 481.7 109.7 481.8 0.9904
361.4 567.3 13.9 16.2 365.4 572.8 372.0 573.1 368.6 576.5 365.6 579.8 371.0 580.0 0.9904
646.7 641.6 13.2 15.2 651.2 647.8 657.5 647.9 654.6 651.3 651.6 654.2 656.6 654.3 0.9901
586.6 1054.4 19.0 27.0 589.2 1064.9 593.6 1065.7 587.7 1070.1 589.2 1075.1 592.2 1075.5 0.9901
166.7 395.4 9.3 12.4 169.3 400.7 173.6 400.9 171.2 403.3 169.3 405.4 172.8 405.6 0.9898
813.2 535.3 11.3 14.1 816.0 540.8 821.3 540.4 818.9 543.5 817.1 546.3 821.4 546.0 0.9897
663.0 718.0 15.0 17.1 668.1 723.1 674.7 723.0 671.9 726.7 668.7 730.3 674.0 730.3 0.9896
231.2 397.4 9.0 11.2 233.7 401.7 237.8 401.4 235.9 403.7 234.4 406.0 237.7 405.8 0.9896
458.1 454.0 11.3 14.4 460.1 458.7 465.0 459.0 461.4 462.0 460.3 465.0 464.1 465.2 0.9895
333.1 411.4 8.9 11.1 336.0 415.9 340.0 415.8 338.3 418.2 336.6 420.2 339.6 420.2 0.9895
467.3 485.0 10.2 12.3 470.4 489.5 475.2 489.6 473.0 491.9 470.6 494.3 474.6 494.4 0.9894
142.8 553.1 12.9 16.1 146.6 559.0 152.6 559.7 149.4 562.3 146.5 564.9 151.4 565.4 0.9892
299.8 359.6 9.4 11.5 303.6 364.0 307.3 363.5 306.3 366.1 304.6 368.6 307.4 368.3 0.9891
530.3 536.7 10.7 14.0 533.5 542.6 538.5 542.7 536.2 545.5 533.8 547.9 537.8 548.0 0.9890
314.2 628.4 12.8 15.9 317.0 635.1 322.8 635.1 319.5 638.3 317.7 641.1 322.0 641.0 0.9886
919.0 495.3 10.4 14.2 922.8 500.7 927.0 500.7 925.4 503.5 923.3 506.3 926.5 506.4 0.9884
253.5 582.4 11.9 14.0 254.8 586.8 258.8 586.7 255.3 590.0 255.8 593.5 258.7 593.2 0.9883
402.3 379.9 9.3 12.1 404.8 384.7 409.0 384.3 407.2 386.9 405.8 389.3 409.1 389.0 0.9883
705.9 475.1 9.6 12.8 710.6 480.1 714.1 480.0 713.3 482.6 711.0 485.1 713.6 485.1 0.9883
750.9 471.4 11.0 13.6 757.2 476.4 760.5 475.8 760.6 479.1 758.2 482.1 760.5 481.9 0.9880
499.8 411.4 10.1 11.4 502.0 415.2 507.2 415.2 504.5 417.8 502.5 420.3 506.7 420.3 0.9880
771.3 1168.2 22.8 33.0 780.8 1179.6 791.2 1180.0 787.7 1187.0 781.3 1193.2 789.5 1193.7 0.9878
153.4 457.0 9.6 12.5 155.4 462.4 159.6 462.4 157.2 464.9 155.9 467.2 159.3 467.1 0.9878
138.1 418.6 11.1 14.5 141.7 424.1 146.3 424.1 144.1 426.6 142.0 429.4 145.9 429.4 0.9873
189.1 448.3 9.9 11.5 192.4 452.5 196.9 452.4 195.0 454.9 193.0 457.3 196.5 457.3 0.9872
207.2 377.7 8.9 11.4 210.1 381.9 214.1 381.8 212.4 384.0 210.7 386.2 214.0 386.1 0.9872
24.6 1366.5 35.5 23.2 29.3 1385.2 45.1 1385.1 34.4 1393.9 31.4 1401.6 42.9 1401.4 0.9871
403.4 352.8 8.9 11.4 405.8 357.4 409.4 357.2 407.6 359.5 406.4 361.8 409.3 361.6 0.9870
467.0 394.4 10.4 13.9 468.7 399.6 472.3 399.6 469.7 402.4 469.4 405.1 472.1 404.9 0.9866
582.2 509.5 10.4 14.0 586.3 515.1 590.7 515.0 589.0 517.9 586.7 520.5 590.2 520.5 0.9866
51.7 583.7 12.9 15.9 59.5 589.7 63.4 589.4 63.1 593.3 59.9 596.3 62.4 596.3 0.9866
624.4 630.3 14.4 16.4 629.6 636.8 636.2 636.5 633.8 640.2 630.7 643.3 635.7 643.2 0.9864
186.3 473.0 11.7 14.6 190.4 479.0 195.4 478.9 193.4 481.9 191.0 484.6 194.9 484.6 0.9864
369.5 1016.3 22.2 25.1 375.5 1025.4 386.0 1024.4 381.5 1028.4 377.8 1034.6 385.9 1033.7 0.9863
883.7 392.7 10.5 13.7 885.9 398.5 890.7 398.4 888.0 401.3 886.6 404.0 890.4 403.9 0.9862
255.4 339.2 10.1 11.8 258.5 344.0 263.0 343.5 261.3 346.1 259.6 348.6 263.1 348.3 0.9859
592.0 460.3 10.9 13.6 598.2 465.3 601.3 465.0 601.2 467.6 598.9 470.4 601.1 470.4 0.9857
224.7 383.8 9.6 12.2 230.0 388.5 233.1 388.3 232.8 391.0 230.4 393.5 232.6 393.6 0.9855
312.2 451.2 10.0 11.9 316.2 455.9 320.5 455.4 319.3 458.2 317.2 460.8 320.5 460.5 0.9851
106.2 494.0 11.0 13.0 109.7 498.6 114.6 499.1 111.9 501.6 109.5 503.8 113.3 504.2 0.9851
441.6 751.6 13.0 16.0 445.3 757.8 451.7 758.1 448.6 761.3 445.5 764.2 450.6 764.5 0.9850
448.2 416.8 8.8 11.0 449.4 420.2 452.9 420.4 450.2 422.8 449.7 425.2 452.4 425.2 0.9850
56.4 440.6 9.8 13.1 57.8 445.3 60.7 445.8 57.8 448.2 57.9 450.7 60.0 450.8 0.9841
838.1 637.0 14.6 15.9 840.7 644.6 847.0 643.7 843.7 648.3 843.4 650.7 847.4 650.0 0.9840
637.8 856.9 16.3 22.0 642.8 865.8 651.0 864.9 647.9 870.2 644.7 874.7 650.8 874.1 0.9835
361.6 432.7 10.1 12.7 364.0 437.7 368.6 437.8 366.1 440.3 364.3 442.7 368.0 442.7 0.9835
441.3 362.5 8.9 12.0 444.8 366.8 448.4 366.8 447.0 369.2 445.0 371.4 447.8 371.6 0.9832
605.3 481.3 10.1 12.7 607.3 486.0 611.2 486.1 608.6 488.4 607.6 490.8 610.8 490.8 0.9832
704.2 590.3 13.2 16.3 709.0 597.2 715.1 597.4 712.5 601.0 709.3 604.1 714.0 604.3 0.9823
258.8 323.8 8.8 11.0 261.6 328.3 265.1 328.4 263.3 330.4 261.8 332.3 264.6 332.4 0.9820
376.8 626.2 15.4 17.5 380.8 632.7 387.8 632.5 384.3 636.1 381.7 639.7 387.4 639.6 0.9820
435.5 433.5 10.2 12.6 438.2 438.9 443.0 439.0 440.5 441.7 438.7 444.0 442.3 444.0 0.9817
454.5 593.9 15.9 18.2 458.8 600.5 466.1 600.0 462.8 604.6 460.1 608.0 465.8 607.6 0.9810
66.6 506.1 11.1 14.8 68.7 511.1 73.0 511.5 69.7 514.2 68.8 517.2 72.1 517.5 0.9795
917.7 1297.3 24.2 32.1 924.0 1311.1 934.7 1311.1 929.1 1318.5 925.5 1323.6 933.0 1323.5 0.9794
176.7 414.9 10.3 12.4 181.3 418.7 185.4 418.8 184.1 421.4 181.5 424.1 184.6 424.3 0.9793
624.1 519.5 12.7 14.8 629.4 524.5 634.2 524.3 632.7 527.4 630.0 530.5 633.8 530.5 0.9778
165.2 332.0 8.1 10.3 167.4 336.1 171.4 336.1 169.5 338.2 167.7 340.1 171.0 340.2 0.9773
307.5 318.1 8.0 9.8 310.2 321.8 313.9 321.7 312.4 323.9 310.8 325.9 313.6 325.8 0.9771
14.5 728.6 15.0 20.6 22.7 736.1 27.4 735.8 27.4 739.9 24.1 744.1 27.6 744.1 0.9770
654.8 732.2 15.7 19.0 663.0 738.6 668.1 738.3 667.7 742.4 664.2 746.4 667.7 746.4 0.9762
471.7 356.4 7.4 9.4 473.6 360.3 476.9 360.2 475.3 362.0 474.0 363.7 476.7 363.7 0.9760
250.4 322.5 7.4 9.9 252.8 326.6 256.0 326.3 254.9 328.4 253.5 330.4 256.0 330.2 0.9760
262.8 351.9 9.1 11.5 265.7 356.6 269.6 356.4 268.1 358.7 266.4 360.9 269.5 360.8 0.9760
371.3 350.7 8.7 10.9 373.5 354.5 377.4 354.9 375.0 357.0 373.4 359.1 376.5 359.4 0.9759
395.7 739.4 15.7 18.0 400.0 745.9 407.2 746.7 403.1 749.9 400.1 752.9 405.8 753.5 0.9752
355.7 419.3 9.2 11.2 358.5 423.0 362.8 423.0 360.9 425.3 359.0 427.8 362.4 427.8 0.9751
239.5 371.2 11.2 13.4 243.6 376.3 248.3 375.7 246.9 378.6 244.8 381.5 248.6 381.1 0.9745
570.7 366.8 8.7 11.2 572.9 371.3 577.0 371.5 574.8 373.5 573.1 375.5 576.5 375.6 0.9731
408.9 570.8 12.4 14.4 412.9 576.1 418.6 575.7 416.4 579.0 414.0 582.1 418.4 581.8 0.9729
269.2 273.9 7.1 9.2 271.2 277.4 274.5 277.4 272.9 279.1 271.6 280.8 274.3 280.8 0.9725
592.4 430.6 9.6 11.3 593.9 434.2 598.1 434.2 595.4 436.9 594.6 439.3 597.8 439.2 0.9723
752.0 867.9 15.5 21.9 762.1 876.2 764.8 875.0 766.7 879.8 763.9 884.7 765.5 884.1 0.9717
545.7 293.6 8.1 9.9 548.0 297.5 551.9 297.2 550.2 299.4 548.7 301.4 551.8 301.2 0.9715
475.4 330.6 8.3 10.9 478.4 335.0 481.9 334.8 480.7 337.1 479.0 339.3 481.7 339.1 0.9705
390.7 351.6 9.3 12.4 394.1 357.0 398.2 356.4 396.9 359.2 395.2 361.8 398.5 361.4 0.9695
483.6 396.7 9.4 11.8 487.2 401.1 491.0 400.7 489.8 403.4 488.0 405.8 490.9 405.7 0.9690
269.2 664.6 11.5 13.6 273.0 669.6 278.5 669.5 276.2 672.4 273.6 675.4 278.1 675.3 0.9687
347.7 365.0 9.7 11.2 349.8 368.4 354.3 368.4 351.8 370.9 350.3 373.4 353.8 373.4 0.9683
789.5 364.8 9.1 10.7 792.9 368.6 796.7 368.2 795.7 370.7 793.9 373.0 796.9 372.8 0.9673
552.2 478.0 11.3 12.7 556.0 482.9 560.8 482.9 558.6 485.6 556.5 488.1 560.2 488.0 0.9668
695.6 721.9 16.2 24.6 703.1 733.4 708.5 733.1 706.9 738.1 704.5 742.5 708.3 742.4 0.9665
475.7 413.7 9.3 10.9 478.3 417.2 482.7 417.5 480.4 419.6 478.4 421.7 481.9 421.9 0.9657
231.5 882.1 16.3 24.5 234.1 891.7 237.3 892.3 233.5 897.0 235.6 901.0 237.8 901.2 0.9645
555.2 364.8 9.0 11.0 558.1 368.7 562.3 368.7 560.6 371.0 558.6 373.3 561.9 373.3 0.9644
475.1 315.2 8.2 10.0 477.3 319.4 481.1 319.0 479.5 321.1 478.3 323.2 481.2 322.9 0.9642
152.8 313.1 9.2 11.9 155.3 317.8 159.4 318.0 157.2 320.2 155.4 322.3 158.8 322.4 0.9640
913.2 410.7 10.5 13.6 915.6 416.5 920.5 416.6 917.7 419.4 916.1 422.0 920.0 422.0 0.9638
270.5 377.4 10.9 13.2 273.2 382.3 278.3 382.2 275.7 385.0 274.0 387.6 278.0 387.5 0.9637
191.6 341.3 8.7 11.0 193.6 345.4 197.8 345.3 195.6 347.7 194.2 350.0 197.5 350.0 0.9636
87.8 451.1 9.5 12.4 90.1 455.5 94.1 455.8 91.6 458.2 90.2 460.7 93.3 460.8 0.9629
605.9 413.1 9.2 10.7 608.5 417.6 612.8 417.3 611.0 419.8 609.4 421.9 612.7 421.7 0.9629
344.8 611.6 12.1 16.1 348.4 616.9 353.8 617.2 351.0 620.1 348.6 623.3 353.0 623.5 0.9626
127.6 406.0 10.3 12.7 129.4 410.4 134.1 410.5 131.2 413.2 129.9 415.8 133.6 415.8 0.9625
84.3 661.7 13.7 16.2 89.4 668.1 95.4 667.5 93.3 671.3 90.7 674.8 95.3 674.5 0.9614
818.8 656.7 16.9 18.7 823.3 664.7 831.2 663.7 827.8 668.1 824.9 671.3 831.5 670.5 0.9614
648.3 521.0 11.5 14.3 650.6 525.9 655.9 525.8 653.0 528.8 651.1 531.8 655.3 531.8 0.9598
422.6 452.3 11.1 14.7 426.8 458.0 431.4 458.0 429.6 461.1 427.3 463.9 430.8 463.9 0.9595
763.5 460.4 11.3 14.2 766.0 466.0 770.8 466.2 767.9 468.9 766.3 471.5 770.0 471.7 0.9587
791.2 378.5 8.9 11.6 793.3 382.6 796.7 382.8 794.4 385.0 793.4 387.3 796.1 387.4 0.9584
276.0 344.0 9.2 11.2 278.7 347.8 282.8 348.0 280.7 350.3 278.9 352.5 282.2 352.6 0.9551
673.3 489.6 10.7 11.8 676.7 493.6 681.6 493.3 679.6 496.1 677.5 498.7 681.3 498.5 0.9548
318.4 325.0 8.3 10.6 321.8 329.3 325.0 328.8 324.2 331.2 322.7 333.3 325.1 333.1 0.9545
518.7 713.1 15.4 17.8 526.0 719.4 531.7 718.3 530.8 722.9 527.7 726.7 531.7 726.1 0.9539
558.6 318.2 7.2 9.2 560.7 321.9 564.0 321.7 562.4 323.6 561.1 325.4 563.8 325.3 0.9538
690.9 556.3 11.4 14.7 695.9 561.9 700.0 561.8 698.9 564.6 696.3 567.2 699.6 567.3 0.9532
393.9 425.5 10.8 12.7 397.2 431.0 401.9 430.8 399.9 433.6 398.1 435.9 401.6 435.8 0.9530
236.2 314.5 8.3 10.1 239.3 318.1 242.7 318.2 241.3 320.2 239.5 322.1 242.2 322.2 0.9528
887.6 679.8 13.4 17.9 890.1 686.2 895.2 686.6 891.2 690.4 890.5 693.9 894.0 694.0 0.9523
282.5 380.1 7.9 11.2 284.0 384.1 286.8 384.4 284.6 386.5 284.0 388.7 286.2 388.8 0.9520
65.8 867.5 18.7 21.0 68.0 875.2 74.8 875.5 69.6 880.0 69.2 883.9 73.7 884.0 0.9515
378.0 328.4 8.1 10.1 380.5 332.2 383.9 332.0 382.4 334.2 381.0 336.4 383.6 336.3 0.9512
503.9 435.8 10.5 12.5 506.9 440.5 511.5 440.8 509.1 443.1 506.9 445.3 510.7 445.5 0.9511
156.4 344.4 8.2 10.4 158.5 348.4 162.5 348.3 160.6 350.5 159.0 352.5 162.2 352.4 0.9488
898.3 866.2 16.9 17.8 904.5 874.0 911.9 874.2 908.6 878.4 905.1 880.7 910.2 881.0 0.9487
146.0 376.3 8.9 11.4 147.7 381.3 151.1 381.2 149.0 383.5 148.4 385.7 151.0 385.5 0.9456
645.5 1185.9 22.2 29.1 653.5 1196.7 661.8 1196.2 658.5 1202.2 655.3 1208.3 661.5 1207.9 0.9454
456.0 385.0 8.9 11.4 459.7 389.6 463.2 389.4 462.2 392.0 460.3 394.3 462.9 394.3 0.9452
104.0 550.8 11.2 13.8 107.6 556.1 112.7 556.0 110.5 558.9 108.1 561.7 112.2 561.6 0.9432
315.5 285.1 7.1 8.7 317.5 288.5 320.8 288.6 319.0 290.3 317.7 291.9 320.4 291.9 0.9431
251.6 287.1 7.5 9.7 253.6 290.6 257.3 290.7 255.5 292.6 253.9 294.5 256.9 294.6 0.9427
209.6 312.7 8.7 10.6 211.7 316.8 216.0 316.7 213.9 319.0 212.3 321.1 215.7 321.0 0.9417
170.6 452.2 10.5 12.4 173.4 456.7 178.3 456.5 175.9 459.2 174.2 461.8 178.0 461.7 0.9408
442.8 567.4 12.1 13.6 446.6 572.0 452.0 572.0 449.5 574.9 447.1 577.8 451.4 577.8 0.9406
286.5 457.3 10.4 13.4 289.6 462.5 294.2 462.7 291.8 465.2 289.8 467.8 293.5 468.0 0.9405
787.3 614.8 14.4 16.4 789.9 620.1 795.4 620.2 791.5 623.6 790.6 627.0 794.7 627.0 0.9401
410.6 313.2 8.5 9.8 414.0 316.6 417.5 316.3 416.5 318.6 414.7 320.8 417.4 320.6 0.9392
640.5 496.8 10.7 12.1 643.5 500.9 648.5 500.5 646.2 503.4 644.5 506.2 648.5 505.9 0.9392
575.7 667.2 13.8 16.6 582.8 673.8 587.5 674.7 585.6 678.1 581.6 680.4 584.9 681.2 0.9386
432.3 377.1 9.5 12.5 436.3 381.6 440.0 381.3 439.0 384.1 437.0 386.7 439.9 386.6 0.9372
368.0 404.8 9.7 12.5 370.7 410.4 375.1 410.6 372.8 413.0 370.9 415.1 374.3 415.2 0.9361
87.4 594.1 11.8 14.1 90.3 599.7 95.5 599.8 92.7 602.8 90.8 605.4 94.8 605.4 0.9359
280.7 365.3 8.1 10.0 282.6 368.8 286.3 369.1 284.1 371.2 282.6 373.1 285.5 373.3 0.9337
303.9 294.2 7.5 9.4 305.8 297.8 309.1 297.9 307.2 299.7 306.0 301.5 308.6 301.6 0.9336
848.7 376.0 8.9 10.8 853.1 380.2 856.4 380.1 855.6 382.5 853.3 384.6 855.9 384.7 0.9324
332.5 384.7 9.5 12.4 334.8 389.1 338.7 389.0 336.6 391.4 335.4 393.9 338.5 393.8 0.9284
575.6 412.2 8.8 10.7 579.1 416.2 582.8 416.4 581.3 418.7 579.1 420.6 581.9 420.8 0.9257
178.7 320.0 9.5 11.3 181.5 323.5 186.1 323.3 184.1 325.9 182.2 328.5 185.8 328.3 0.9238
363.8 310.7 8.5 11.5 366.8 315.0 370.2 315.1 368.7 317.3 366.9 319.4 369.6 319.5 0.9217
618.8 507.0 12.2 14.3 621.6 513.6 626.7 513.3 624.0 516.5 622.7 519.2 626.5 518.9 0.9208
387.3 671.4 13.1 15.8 391.2 679.3 396.6 679.0 394.3 682.5 392.3 685.3 396.3 685.1 0.9193
385.0 439.6 10.9 11.7 389.7 444.1 393.9 443.7 392.9 446.4 390.7 449.0 393.8 448.8 0.9190
188.0 365.2 10.1 11.9 190.6 369.3 195.6 369.6 192.8 372.0 190.6 374.3 194.6 374.6 0.9179
248.1 867.8 16.8 22.3 250.9 875.3 256.0 875.4 251.8 880.1 251.9 884.5 255.8 884.5 0.9156
848.0 420.1 9.4 12.8 849.1 424.9 852.3 425.1 849.6 427.7 849.7 430.4 852.0 430.4 0.9154
534.6 303.8 7.2 9.3 536.6 307.6 539.9 307.3 538.4 309.3 537.2 311.3 539.9 311.1 0.9146
591.3 531.7 11.0 11.9 593.7 536.3 598.7 536.1 596.0 539.0 594.5 541.4 598.4 541.2 0.9137
42.7 560.4 10.3 14.9 44.5 565.9 46.5 566.4 43.7 568.8 44.6 571.6 45.9 571.7 0.9117
539.0 271.1 8.1 9.5 541.0 274.7 545.1 274.7 543.1 276.7 541.5 278.6 544.7 278.6 0.9113
410.1 417.4 9.3 10.2 412.7 420.7 417.0 420.6 414.9 423.1 413.3 425.3 416.6 425.3 0.9112
185.8 419.5 7.9 9.4 187.6 422.7 191.0 423.1 188.8 424.8 187.5 426.6 190.2 426.8 0.9106
697.1 1303.7 25.7 20.7 705.5 1316.2 715.8 1315.0 711.8 1321.5 708.5 1322.9 715.0 1322.0 0.9095
272.7 301.7 7.9 10.2 276.5 305.4 279.4 305.4 278.7 307.6 276.8 309.7 279.0 309.7 0.9033
691.7 623.2 14.3 16.3 694.4 630.8 700.7 631.3 696.8 634.1 694.8 636.6 699.3 637.0 0.8993
482.9 431.6 9.1 12.2 487.0 436.0 490.3 435.6 489.6 438.2 487.7 441.0 490.4 440.7 0.8944
797.4 359.0 8.4 11.2 798.7 363.7 802.1 363.5 800.0 365.9 799.6 368.1 802.1 367.9 0.8913
240.3 285.1 7.1 8.5 243.0 288.4 245.9 288.2 245.1 290.1 243.6 291.9 245.8 291.8 0.8880
138.0 479.6 13.0 15.9 141.1 485.7 147.0 486.0 143.6 489.1 141.4 491.8 145.8 492.1 0.8861
95.3 426.7 10.3 11.1 98.9 430.9 103.4 431.2 101.2 433.7 98.9 435.7 102.2 436.1 0.8829
399.6 433.9 12.6 16.3 404.0 439.7 409.6 438.8 407.9 442.2 405.7 446.1 410.2 445.4 0.8822
140.4 361.7 8.3 10.9 142.5 365.9 146.6 366.0 144.5 368.1 142.8 370.2 146.2 370.2 0.8821
692.4 494.9 9.9 12.8 695.1 499.7 699.2 499.7 696.9 502.2 695.4 504.7 698.7 504.7 0.8817
865.8 618.6 12.7 16.1 868.1 625.0 874.2 624.9 870.6 628.4 869.0 631.7 873.8 631.6 0.8762
208.0 358.3 10.4 11.8 210.5 361.6 215.6 361.7 213.0 364.4 211.0 367.0 215.1 367.0 0.8748
416.7 351.0 8.4 10.3 419.8 354.4 423.4 354.3 422.2 356.6 420.4 358.9 423.1 358.9 0.8724
430.1 612.3 10.8 14.3 431.8 616.8 435.0 617.2 431.9 620.0 431.9 623.2 434.3 623.4 0.8723
815.9 1250.5 29.2 37.8 824.7 1265.6 837.2 1263.7 832.7 1271.5 827.9 1278.7 838.8 1277.3 0.8721
726.8 561.2 12.1 17.5 728.9 568.2 732.4 568.3 729.2 571.7 729.5 575.2 732.0 575.0 0.8603
28.8 631.6 12.0 14.1 31.5 636.5 36.9 636.5 33.8 639.4 32.1 642.2 36.3 642.2 0.8602
137.0 299.5 7.6 9.8 139.6 303.4 142.8 303.3 141.5 305.2 140.1 307.2 142.6 307.1 0.8585
781.8 525.3 13.6 15.7 784.8 529.8 789.6 530.2 786.1 533.2 785.2 536.3 788.7 536.5 0.8525
441.0 393.4 9.6 11.4 444.1 398.5 448.6 398.5 446.6 401.1 444.6 403.2 448.1 403.2 0.8507
331.1 293.9 8.1 9.8 333.6 297.5 337.0 297.5 335.5 299.5 334.0 301.5 336.7 301.5 0.8501
139.7 347.5 9.3 11.6 142.0 352.8 146.2 352.3 144.4 354.9 143.1 357.3 146.4 357.0 0.8456
166.4 1139.4 22.6 31.4 170.0 1150.9 177.3 1152.1 171.7 1158.1 171.2 1163.6 176.9 1164.2 0.8423
539.7 369.1 9.7 10.5 544.2 372.8 547.6 372.9 546.3 375.3 544.3 377.2 546.7 377.4 0.8421
767.8 646.2 12.3 16.8 773.6 653.3 778.2 653.2 777.1 656.8 774.4 659.7 777.5 659.7 0.8418
496.2 556.0 13.5 18.3 500.8 562.9 506.1 562.6 503.9 566.0 501.7 569.4 506.3 569.2 0.8418
848.6 405.1 10.0 12.5 851.0 410.4 856.1 410.3 853.5 413.1 851.6 415.7 855.7 415.6 0.8393
199.5 657.3 11.1 16.7 204.2 663.6 208.6 663.7 207.1 667.2 204.4 670.5 207.8 670.6 0.8381
660.8 595.3 9.4 12.9 664.2 600.4 668.2 600.0 666.7 602.7 664.9 605.3 668.1 605.2 0.8334
307.9 894.1 17.5 23.8 315.3 904.4 322.3 903.9 320.7 908.2 317.2 913.1 322.3 912.8 0.8289
389.1 332.8 7.8 9.7 390.6 336.4 393.7 336.3 391.7 338.4 391.1 340.4 393.5 340.3 0.8250
760.5 613.4 10.7 14.6 766.0 618.5 769.5 618.2 769.1 621.3 766.5 624.4 769.1 624.4 0.8235
62.1 605.4 13.3 15.1 65.7 610.2 71.9 610.1 68.9 613.4 66.5 616.8 71.5 616.7 0.8218
449.4 407.1 9.0 11.1 451.6 411.4 455.7 411.6 453.5 413.9 451.9 415.9 455.0 416.0 0.8215
317.0 339.5 8.7 11.5 320.8 343.5 324.0 343.4 323.1 345.9 321.2 348.4 323.7 348.3 0.8206
602.1 274.5 7.4 9.1 605.1 277.9 608.2 277.7 607.2 279.8 605.6 281.8 608.0 281.7 0.8197
537.7 553.2 13.4 15.9 542.1 557.9 547.4 559.2 543.8 561.6 541.0 564.3 545.1 565.3 0.8162
892.4 407.9 9.4 11.6 894.2 411.6 898.3 411.8 895.6 414.3 894.6 416.8 897.7 416.9 0.8149
18.3 646.0 13.7 15.6 23.4 651.0 28.6 650.5 26.8 653.6 24.5 657.1 28.5 656.7 0.8072
531.6 513.5 11.0 11.3 534.8 517.9 539.5 517.9 537.2 520.5 535.4 522.7 538.9 522.6 0.8003
777.4 554.2 14.3 18.4 782.0 563.1 787.6 562.5 785.7 566.6 783.4 569.7 787.6 569.3 0.7991
268.2 624.3 14.3 16.5 274.7 630.4 280.4 630.0 278.7 634.1 275.5 637.4 279.4 637.2 0.7977
457.0 328.5 8.2 9.5 460.0 332.0 463.5 331.9 462.3 334.1 460.5 336.2 463.2 336.2 0.7963
330.2 333.3 9.3 11.0 332.3 337.5 336.7 337.7 334.2 340.0 332.6 342.1 336.0 342.2 0.7946
230.8 593.4 9.7 13.9 232.5 598.6 235.0 598.6 232.8 601.5 233.4 604.1 235.0 603.9 0.7944
467.3 341.9 8.4 10.3 469.5 346.4 473.6 346.4 471.6 348.7 470.0 350.6 473.1 350.6 0.7860
188.7 300.8 9.3 12.3 191.6 305.6 195.8 305.0 194.3 307.9 192.8 310.6 196.1 310.2 0.7830
159.9 364.6 10.1 11.8 163.5 369.3 167.7 369.0 166.3 371.6 164.4 374.0 167.6 373.8 0.7769
212.5 297.7 8.2 10.1 214.5 301.6 218.0 301.6 216.1 303.6 215.1 305.6 217.8 305.5 0.7760
641.8 432.5 8.4 12.1 646.1 437.3 648.3 437.2 648.1 439.7 646.4 442.0 648.0 442.0 0.7721
416.0 618.2 10.6 13.4 417.6 622.9 421.6 623.4 418.3 625.9 417.7 628.7 420.7 628.9 0.7719
625.1 1120.2 22.2 26.0 628.8 1130.8 637.7 1131.5 631.4 1136.6 629.9 1140.7 635.9 1141.0 0.7690
492.2 240.3 6.9 8.9 494.1 244.0 497.3 244.0 495.7 245.8 494.4 247.4 496.9 247.4 0.7688
674.7 555.5 9.6 13.2 678.3 560.7 682.3 560.7 680.7 563.4 678.7 566.0 681.7 566.1 0.7640
914.3 392.9 9.4 11.5 917.3 397.1 921.7 397.1 919.7 399.6 917.6 402.0 921.2 402.0 0.7621
274.2 241.1 7.4 9.1 276.3 244.7 279.7 244.6 278.2 246.5 276.8 248.4 279.5 248.3 0.7539
291.6 338.3 8.4 10.1 293.6 342.6 297.6 342.4 295.7 344.7 294.3 346.8 297.4 346.6 0.7463
443.0 216.3 6.6 8.2 444.8 219.6 447.6 219.5 446.2 221.1 445.1 222.6 447.5 222.5 0.7420
817.0 361.9 9.5 11.8 819.8 367.2 823.8 366.9 822.0 369.3 820.6 371.5 823.8 371.3 0.7417
294.8 275.8 8.1 10.1 297.1 280.3 300.6 280.0 299.1 282.1 297.9 284.0 300.7 283.7 0.7375
741.6 1043.2 22.6 26.4 746.0 1052.4 754.5 1053.6 748.0 1058.5 745.5 1062.5 751.8 1063.4 0.7361
90.7 558.9 13.2 15.9 93.9 565.2 99.7 564.3 97.1 567.6 95.5 571.0 100.1 570.2 0.7353
435.8 316.8 9.2 10.5 438.0 320.7 442.6 320.5 440.4 323.0 438.9 325.4 442.5 325.2 0.7350
185.7 350.7 8.9 11.3 189.3 355.4 193.1 355.3 191.9 357.9 189.8 360.2 192.6 360.2 0.7341
597.6 461.8 9.4 12.4 601.7 466.7 605.0 466.4 604.4 469.1 602.3 471.6 604.8 471.5 0.7253
582.6 634.7 11.0 13.6 586.7 640.5 591.0 639.9 589.9 643.0 587.9 646.1 591.2 645.7 0.7223
536.2 323.6 8.4 9.4 538.8 326.8 542.5 326.8 541.0 329.0 539.2 331.1 542.2 331.1 0.7184
42.8 421.5 8.9 11.9 45.2 426.1 49.0 426.0 47.1 428.5 45.7 431.0 48.8 430.9 0.7168
337.3 382.5 8.3 11.1 339.0 386.7 342.5 386.4 340.8 388.8 339.8 391.1 342.4 390.9 0.7132
141.0 278.0 7.4 10.0 143.2 281.7 146.1 281.6 144.7 283.7 143.6 285.8 145.9 285.7 0.7032
492.2 327.0 7.9 10.2 495.4 330.8 498.4 330.7 497.4 332.7 495.8 334.8 498.1 334.8 0.6988
522.4 318.6 7.9 9.9 525.0 322.6 528.5 322.3 527.2 324.5 525.7 326.7 528.5 326.5 0.6890
312.8 368.4 8.6 10.5 315.6 372.6 319.3 372.6 317.6 374.8 315.9 376.8 318.8 376.9 0.6848
604.1 310.2 7.8 9.2 606.4 313.8 610.1 313.8 608.3 315.7 606.8 317.5 609.7 317.5 0.6831
615.6 1016.6 15.5 26.2 619.9 1028.0 627.3 1028.2 624.1 1034.1 620.2 1038.8 625.5 1039.0 0.6819
465.6 280.1 7.2 9.1 467.8 283.5 470.6 283.4 469.3 285.3 468.2 287.3 470.5 287.1 0.6803
622.9 282.3 7.3 9.3 624.6 286.0 627.9 286.0 626.2 287.8 624.9 289.6 627.7 289.5 0.6802
357.4 268.9 9.4 10.4 360.7 272.3 364.8 272.3 363.2 274.6 361.2 276.7 364.4 276.7 0.6770
621.8 750.3 15.6 19.7 626.3 758.1 633.1 758.5 629.6 762.0 626.9 765.2 632.1 765.6 0.6705
328.1 374.6 9.0 10.8 330.5 378.5 334.6 378.5 332.6 381.0 330.9 383.2 334.1 383.3 0.6682
293.4 302.2 7.5 9.5 295.2 305.8 298.6 305.8 296.8 307.7 295.6 309.7 298.4 309.6 0.6676
503.6 393.7 8.8 11.3 507.9 398.3 510.9 398.3 510.3 400.7 508.0 402.9 510.3 403.0 0.6654
220.8 452.3 9.9 13.2 224.0 457.4 228.4 457.6 226.3 460.1 224.2 462.6 227.7 462.7 0.6447
832.1 375.8 9.5 11.0 835.1 380.0 838.6 379.7 837.2 382.1 836.0 384.5 838.7 384.3 0.6399
259.1 370.4 8.0 9.6 260.7 373.5 264.1 373.6 262.0 375.7 261.0 377.8 263.6 377.9 0.6360
404.6 405.0 9.4 12.2 408.0 410.0 412.0 409.5 410.8 412.1 408.9 414.7 412.1 414.4 0.6342
232.1 297.9 7.4 9.2 234.6 301.6 237.7 301.3 236.6 303.3 235.3 305.3 237.7 305.1 0.6337
368.5 256.0 6.9 9.1 370.2 259.6 373.6 259.6 371.7 261.5 370.4 263.2 373.2 263.3 0.6317
331.5 279.7 8.7 10.2 333.4 283.6 337.3 283.5 335.1 285.6 333.9 287.8 337.0 287.7 0.6231
355.9 245.7 7.3 9.0 358.2 249.2 361.6 249.3 360.1 251.1 358.5 252.9 361.2 253.0 0.6110
889.7 425.6 8.6 12.4 891.4 429.7 894.9 429.9 892.5 432.4 891.5 435.2 894.3 435.3 0.6087
175.1 382.7 10.3 13.0 177.3 387.2 181.6 387.5 178.8 390.1 177.6 392.8 180.8 392.9 0.6078
17.4 893.0 21.6 24.1 28.4 901.3 35.6 902.1 33.9 906.0 28.5 910.3 34.4 911.2 0.6045
903.4 580.9 11.3 16.1 905.2 586.5 909.1 587.1 905.6 590.1 905.1 593.4 908.1 593.7 0.6044
826.7 1002.3 19.8 24.9 833.1 1010.6 836.7 1013.4 829.9 1014.8 828.1 1019.4 830.4 1021.4 0.6035
443.7 661.8 15.8 18.3 449.1 669.3 454.8 668.5 452.5 673.1 450.7 676.4 454.6 675.8 0.5930
429.6 337.2 9.0 10.2 431.7 341.3 436.1 340.9 434.1 343.5 432.8 345.7 436.2 345.4 0.5794
351.1 321.7 8.3 10.3 354.6 325.6 357.9 325.6 356.8 327.8 354.8 329.8 357.3 329.9 0.5768
607.9 579.0 14.4 14.8 612.6 585.0 618.3 585.6 615.3 588.9 612.5 590.6 616.3 591.0 0.5676
906.9 744.0 11.8 15.9 909.3 750.2 913.1 749.9 910.6 753.4 910.5 756.7 913.3 756.3 0.5665
33.9 531.6 12.2 16.1 39.9 537.7 43.8 537.4 43.2 540.7 40.6 544.0 43.5 543.9 0.5619
571.1 434.2 10.4 12.3 575.0 438.7 579.4 438.7 577.8 441.2 575.5 443.7 579.0 443.7 0.5492
481.8 355.1 7.7 10.1 484.5 358.6 487.5 358.5 486.4 360.6 485.1 362.7 487.3 362.6 0.5446
415.5 239.9 6.9 8.5 417.2 243.0 420.3 243.0 418.7 244.7 417.6 246.3 420.0 246.3 0.5414
505.1 316.4 8.8 11.1 507.9 320.8 512.0 320.5 510.5 323.1 508.7 325.5 511.8 325.3 0.5380
142.2 326.2 8.8 10.7 144.5 329.6 148.1 329.4 146.2 331.8 145.3 334.1 148.0 334.0 0.5335
236.4 245.1 8.2 10.4 238.8 248.9 242.7 249.0 240.8 251.1 239.0 253.2 242.1 253.3 0.5256
376.5 264.6 7.7 9.8 379.7 268.5 382.7 268.5 381.7 270.5 380.0 272.4 382.4 272.4 0.5220
798.2 500.5 11.6 13.5 801.7 504.8 806.9 505.0 804.4 507.7 802.0 510.5 806.2 510.6 0.5126
505.2 266.5 6.8 8.3 507.0 270.0 510.3 270.0 508.7 271.7 507.4 273.3 510.0 273.3 0.5124
532.3 333.4 8.5 10.2 534.7 337.2 538.7 337.4 536.7 339.4 534.9 341.4 538.1 341.5 0.5121
283.1 332.5 8.2 10.1 285.6 336.1 289.2 336.2 287.4 338.3 285.8 340.6 288.6 340.7 0.5116
17.4 1098.3 23.6 16.8 24.5 1107.4 32.9 1107.5 28.1 1112.1 25.2 1113.3 30.3 1113.3 0.5079
248.8 377.1 8.0 10.2 250.9 381.4 254.3 381.7 252.2 383.6 250.8 385.4 253.5 385.6 0.5042
288.3 260.3 6.8 8.3 290.4 263.7 293.4 263.5 292.1 265.2 291.0 266.9 293.3 266.7 0.5040
742.7 342.5 9.2 11.6 746.3 347.0 749.8 347.1 748.4 349.3 746.6 351.5 749.2 351.6 0.5031
220.4 231.5 6.9 8.3 222.2 234.9 225.2 234.7 223.7 236.5 222.8 238.2 225.1 238.1 0.5007
