10--People_Marching/10_People_Marching_People_Marching_10_People_Marching_People_Marching_10_462.jpg
23
225.4 290.7 13.9 18.0 232.3 298.6 236.2 296.4 237.9 300.6 235.7 305.1 238.3 303.6 0.9996
275.7 283.4 15.7 19.9 281.9 291.2 288.5 290.6 286.5 294.6 283.3 298.8 288.5 298.4 0.9995
339.8 275.1 19.6 25.2 349.1 285.2 356.7 284.7 355.8 289.0 350.6 294.2 356.6 293.9 0.9994
961.3 292.7 22.5 26.0 964.7 301.2 974.9 302.0 967.9 307.5 965.0 311.8 973.4 312.3 0.9994
852.3 315.9 16.3 22.2 854.3 323.7 857.7 324.6 852.7 328.3 854.8 332.7 857.1 333.1 0.9994
613.3 296.6 12.3 15.7 615.3 302.1 616.9 302.6 613.6 305.5 615.5 308.5 616.3 308.7 0.9993
999.9 243.4 17.4 22.5 1002.2 250.2 1006.4 250.3 1001.0 254.9 1002.8 260.1 1005.7 259.8 0.9993
481.8 267.7 25.1 32.5 494.8 281.6 504.2 280.2 503.8 286.8 497.0 293.4 503.9 292.5 0.9993
188.2 295.4 13.5 15.8 191.4 303.6 196.9 301.4 195.1 305.6 194.4 308.8 198.4 307.1 0.9993
163.5 295.5 11.1 13.9 167.8 300.6 173.0 300.8 171.0 303.2 168.1 305.8 172.3 306.0 0.9991
538.2 311.6 12.4 14.0 542.6 316.1 548.4 316.5 545.8 319.7 542.9 322.2 547.1 322.5 0.9991
764.1 263.9 33.4 47.8 787.0 284.2 793.4 283.4 796.6 291.8 786.3 299.9 791.3 299.8 0.9990
682.6 308.0 12.6 16.4 685.9 313.9 691.5 314.2 688.4 316.9 686.1 320.1 690.5 320.3 0.9986
800.2 282.2 11.4 17.1 801.7 288.4 804.2 288.9 800.8 291.9 801.7 295.2 803.5 295.3 0.9982
1003.1 353.8 20.4 30.2 1006.8 365.0 1017.1 365.4 1010.1 371.1 1007.7 376.9 1015.5 377.2 0.9981
147.9 298.2 9.3 12.5 153.3 303.3 155.9 303.1 155.9 306.0 153.3 308.1 155.1 308.2 0.9981
613.3 249.7 11.7 15.0 617.5 255.7 622.9 255.2 621.0 258.9 618.5 261.7 622.5 261.3 0.9968
562.4 304.5 11.1 16.8 564.7 310.3 567.0 310.6 564.0 313.7 564.8 317.0 566.7 317.0 0.9963
596.9 308.1 10.5 11.8 599.4 311.5 604.5 312.0 601.6 314.5 599.3 316.6 603.6 317.0 0.9954
504.8 307.2 9.7 12.3 506.9 312.2 511.0 311.9 508.9 314.7 507.9 317.3 511.0 317.0 0.9892
248.4 308.6 6.7 8.7 250.8 312.5 253.6 312.4 252.6 314.1 251.2 315.7 253.4 315.6 0.9522
894.4 275.6 10.9 16.2 895.9 281.3 898.5 281.5 895.4 284.9 896.6 288.2 898.4 288.2 0.8997
296.1 306.3 9.3 10.5 300.4 309.5 303.8 309.5 303.0 311.4 300.9 313.7 303.4 313.8 0.8840
