10--People_Marching/10_People_Marching_People_Marching_2_640.jpg
65
758.1 503.6 34.4 39.4 760.8 516.6 769.3 517.0 758.3 525.0 762.6 533.5 768.3 533.2 0.9997
207.0 267.4 24.5 27.2 209.5 275.8 216.5 275.7 209.1 281.6 210.8 287.4 215.9 287.0 0.9997
128.2 299.5 25.1 30.5 131.2 309.1 136.8 309.1 129.6 316.1 133.5 322.7 137.1 322.3 0.9997
148.4 589.5 38.3 43.9 153.3 603.9 163.2 604.0 151.7 613.0 154.8 622.2 161.3 621.7 0.9997
466.2 262.3 21.8 26.3 469.0 270.0 473.9 270.4 467.5 275.8 469.4 281.5 473.0 281.5 0.9996
706.9 347.0 29.2 34.3 708.9 357.5 716.8 357.0 708.3 364.9 711.9 371.7 718.6 370.9 0.9996
60.9 504.5 34.1 39.7 65.0 516.8 74.0 516.8 63.1 525.6 65.8 534.3 71.7 533.8 0.9996
512.3 517.8 37.7 43.4 516.6 531.0 526.9 532.0 515.4 541.2 518.4 550.1 525.4 550.4 0.9996
221.8 548.5 36.1 43.0 225.6 562.5 235.5 562.6 224.3 571.3 226.9 581.0 234.1 580.7 0.9996
240.4 478.3 31.8 34.8 243.0 489.0 253.3 489.3 243.7 497.4 245.5 504.4 252.8 504.2 0.9996
329.3 265.5 22.3 25.8 332.0 273.2 336.9 273.5 330.8 279.3 334.0 284.7 337.5 284.6 0.9996
0.0 477.4 34.1 41.6 3.5 491.2 12.1 490.3 1.9 499.2 5.6 508.7 12.0 507.5 0.9995
608.9 531.6 35.1 40.4 613.5 543.0 621.5 543.8 610.1 551.1 613.1 560.8 618.8 560.9 0.9995
126.6 511.3 37.3 42.1 130.7 525.7 141.8 525.1 131.4 534.3 133.8 543.0 141.4 542.1 0.9995
295.0 420.5 30.8 37.2 299.9 430.2 306.2 431.1 295.7 437.2 299.3 446.0 304.4 446.2 0.9995
946.6 65.9 17.3 20.4 948.3 73.0 953.7 72.6 948.8 77.5 950.1 81.9 953.6 81.4 0.9995
134.6 383.4 29.2 34.9 138.1 393.6 146.1 394.3 136.3 400.7 138.3 408.8 143.9 409.1 0.9994
327.5 577.9 36.7 41.3 332.4 589.8 340.4 590.3 329.0 598.3 333.3 607.9 338.2 607.5 0.9994
74.0 288.1 22.8 25.3 76.1 295.8 82.9 296.2 75.8 301.6 77.4 306.9 82.1 306.9 0.9993
802.1 380.2 31.4 35.2 806.7 390.9 815.7 391.4 805.3 397.8 805.8 406.0 812.2 406.1 0.9993
717.3 433.6 32.6 36.5 721.6 445.8 732.3 445.5 722.6 453.0 723.0 460.8 731.1 460.2 0.9993
332.2 494.5 32.9 37.0 336.3 505.7 345.4 505.3 335.3 513.0 338.0 521.5 344.5 520.9 0.9993
842.2 517.9 38.2 41.6 846.1 531.1 857.6 530.8 846.9 541.1 850.4 549.5 858.2 548.8 0.9993
452.6 445.7 36.5 40.6 457.5 457.4 464.7 457.6 453.7 465.4 458.5 475.0 463.7 474.7 0.9993
421.0 566.1 37.8 40.3 425.4 579.5 435.6 578.9 424.7 588.3 428.3 596.8 435.1 595.8 0.9992
531.1 395.6 30.9 35.0 534.2 406.3 542.4 406.8 532.7 414.1 535.6 421.5 541.0 421.5 0.9992
964.1 400.7 28.8 32.0 967.7 410.8 974.9 411.3 965.8 417.6 968.5 424.5 973.2 424.4 0.9992
984.8 488.8 34.5 41.2 988.3 502.2 997.4 501.7 987.5 510.9 991.1 519.6 997.9 518.8 0.9992
866.2 335.6 28.5 34.5 868.9 345.7 875.8 346.1 866.8 353.4 870.2 360.4 875.7 360.3 0.9991
524.3 275.7 21.1 24.3 527.5 283.6 532.0 283.5 526.0 288.4 527.7 293.9 530.7 293.6 0.9991
641.8 369.5 29.2 31.9 645.1 379.0 651.8 379.1 643.2 386.0 646.6 393.1 651.3 392.7 0.9991
388.8 290.3 24.2 27.7 391.5 299.4 398.5 299.4 390.7 305.1 392.2 311.3 396.7 311.0 0.9990
603.2 410.4 29.6 34.1 608.7 420.9 617.3 421.0 609.0 426.6 608.0 434.5 614.2 434.6 0.9989
64.4 439.1 32.6 39.7 67.9 451.0 73.6 450.9 65.1 460.2 72.5 468.8 76.3 468.3 0.9989
259.9 298.2 26.4 29.7 263.1 306.8 268.9 306.6 261.3 312.9 264.2 320.2 268.3 319.5 0.9989
913.1 404.8 31.6 35.3 916.5 414.8 927.2 414.5 917.7 422.7 919.4 430.9 927.3 430.4 0.9988
809.1 442.3 33.5 37.9 813.1 454.2 822.4 454.3 812.0 462.4 814.7 470.9 821.1 470.5 0.9987
410.1 519.5 35.3 39.1 415.1 529.2 423.4 529.2 412.1 536.8 415.2 547.3 421.2 546.9 0.9986
649.8 481.5 34.5 38.6 656.2 492.9 662.6 493.6 651.8 499.7 654.7 509.3 658.8 509.4 0.9986
657.8 251.4 23.9 27.1 661.5 259.8 667.6 260.2 660.9 265.8 663.0 271.3 667.2 271.3 0.9985
359.3 446.7 33.8 38.7 363.8 459.1 371.6 459.0 361.1 466.8 364.6 476.0 369.3 475.6 0.9982
209.6 398.3 29.3 35.8 214.3 409.5 221.4 410.0 212.8 415.7 213.6 424.0 218.4 424.2 0.9980
877.1 58.6 16.0 19.2 879.3 64.5 882.7 64.8 878.4 68.9 880.2 73.0 882.5 72.9 0.9980
417.0 246.6 22.5 25.7 419.7 255.9 425.1 256.0 418.5 261.2 421.2 266.5 424.7 266.3 0.9979
730.4 383.8 29.8 33.3 734.4 393.2 740.9 393.2 732.2 399.8 735.9 407.3 741.0 406.9 0.9978
0.0 304.5 19.4 29.9 1.1 314.2 4.8 314.4 -1.3 320.2 1.5 327.0 3.9 326.7 0.9975
364.5 242.6 18.8 25.4 367.3 250.7 369.9 251.0 365.3 256.3 367.9 261.7 369.9 261.7 0.9970
950.0 349.8 29.1 33.0 955.3 359.3 960.8 360.0 952.2 365.5 954.7 373.1 958.5 373.3 0.9969
880.9 473.3 32.7 36.7 884.8 485.5 892.6 485.1 884.1 493.2 887.0 500.8 892.9 500.1 0.9967
134.1 198.5 23.3 26.4 136.3 206.7 143.4 206.9 135.8 212.3 136.7 218.4 141.8 218.4 0.9966
553.7 465.5 35.6 40.2 559.8 478.4 567.2 478.2 557.0 484.7 558.6 494.4 563.9 494.0 0.9963
1006.8 41.6 14.2 17.6 1008.6 47.0 1011.9 47.1 1008.1 51.0 1009.6 54.8 1012.1 54.6 0.9954
829.1 66.1 17.4 20.3 831.9 73.9 835.7 73.6 833.0 79.1 836.0 82.3 838.4 81.8 0.9946
92.4 253.1 22.4 25.4 95.4 260.2 101.1 261.1 93.8 265.9 95.1 271.4 99.2 271.8 0.9905
153.1 266.8 22.1 28.5 157.3 274.0 162.4 275.0 155.6 278.4 155.0 285.4 158.7 286.0 0.9872
0.0 429.5 23.3 37.4 -4.3 441.0 4.1 441.4 -4.9 449.4 -3.4 457.2 2.5 457.2 0.9866
360.2 371.9 29.4 34.5 365.5 381.8 373.2 382.8 364.5 388.7 363.9 396.1 369.7 396.7 0.9842
95.1 194.2 20.1 27.4 99.5 202.4 103.4 203.4 97.1 208.0 97.8 213.9 100.6 214.4 0.9665
33.6 250.0 23.3 27.3 37.3 259.4 43.8 259.8 37.1 264.1 37.1 269.8 41.6 269.9 0.9626
185.5 211.3 20.9 23.6 188.8 218.3 196.7 218.4 190.8 223.6 189.5 228.4 195.5 228.4 0.9505
0.0 219.5 13.9 19.2 1.5 226.1 4.0 226.4 -0.0 230.2 1.8 234.5 3.2 234.4 0.9479
1011.7 439.0 11.8 30.9 1015.1 448.2 1021.1 448.2 1013.1 454.2 1016.2 461.3 1020.7 460.9 0.9384
253.5 234.2 19.0 23.7 256.8 242.1 261.8 242.3 256.4 246.0 256.2 251.6 259.8 251.5 0.8984
218.6 193.2 18.9 28.1 222.1 201.6 225.7 202.5 220.0 207.5 220.5 213.6 223.3 214.0 0.8597
879.4 371.9 30.0 35.0 884.3 384.5 892.1 384.3 884.4 390.5 884.9 397.6 890.9 397.1 0.8254
