10--People_Marching/10_People_Marching_People_Marching_10_People_Marching_People_Marching_10_People_Marching_People_Marching_10_108.jpg
10
672.3 111.6 52.3 66.8 680.8 131.6 694.4 133.9 675.9 143.8 677.0 158.9 686.9 160.6 0.9998
933.7 168.4 57.3 70.4 941.0 191.7 960.4 194.9 939.2 205.4 938.0 219.6 952.2 222.2 0.9998
412.0 128.0 76.1 89.8 428.9 160.4 464.5 161.6 443.8 181.8 430.6 193.8 461.0 194.5 0.9996
210.0 106.3 29.2 39.5 227.2 121.4 235.7 120.8 237.4 128.2 229.9 136.7 235.4 136.5 0.9993
267.8 119.9 32.8 41.1 275.1 130.9 282.2 135.0 269.0 139.6 269.7 147.8 274.8 150.6 0.9992
780.4 159.8 27.7 32.9 785.0 171.3 797.0 173.0 787.4 177.6 784.5 184.3 793.0 185.5 0.9984
633.5 173.8 25.2 32.8 640.0 186.0 651.7 187.6 644.8 192.5 639.7 197.8 649.0 199.1 0.9943
508.1 160.1 27.5 34.2 514.6 171.0 527.1 172.0 519.8 178.2 515.1 184.9 525.1 185.5 0.9919
135.8 197.2 19.5 28.8 150.5 208.7 152.5 207.5 155.4 213.6 150.0 219.4 151.5 218.9 0.9808
255.9 95.3 20.0 25.4 259.5 105.4 268.8 105.6 263.2 110.8 260.7 115.6 267.1 115.7 0.8684
