10--People_Marching/10_People_Marching_People_Marching_10_People_Marching_People_Marching_10_People_Marching_People_Marching_10_543.jpg
21
759.6 235.6 28.2 36.3 764.4 250.2 777.7 249.4 769.9 256.2 766.2 262.7 777.3 262.1 0.9997
657.1 271.6 24.4 32.0 660.9 284.6 672.4 283.4 666.1 290.4 663.5 296.2 672.9 295.1 0.9990
901.3 264.0 11.3 14.7 902.7 269.8 905.6 270.0 902.5 273.1 903.9 275.8 905.7 275.7 0.9980
516.5 270.3 20.8 29.5 520.6 279.7 525.6 281.2 518.7 286.3 520.3 292.0 524.1 292.7 0.9980
410.4 297.3 13.1 18.7 413.2 304.1 419.6 304.0 416.2 307.9 413.8 311.2 419.3 311.1 0.9969
104.4 293.2 16.2 22.0 107.0 300.9 114.3 302.4 108.6 305.5 106.5 309.4 111.8 310.4 0.9965
49.0 298.4 12.5 15.3 50.6 304.9 56.1 304.1 52.9 307.3 52.0 310.5 56.2 309.8 0.9964
368.3 304.5 12.2 17.1 372.5 311.1 378.0 311.6 375.4 314.7 372.6 317.6 376.7 318.0 0.9953
709.4 295.9 12.2 17.0 711.2 302.6 712.7 302.6 710.4 306.4 713.2 309.5 714.0 309.2 0.9902
311.3 298.9 14.6 17.2 316.9 305.4 323.0 305.5 320.5 309.3 317.3 312.5 321.8 312.7 0.9883
875.2 263.0 10.1 12.2 876.9 267.6 881.4 267.8 878.6 270.5 877.4 272.7 880.7 272.8 0.9862
172.0 305.9 13.1 15.9 176.2 311.3 182.4 311.3 179.7 314.9 176.9 318.1 181.6 318.2 0.9839
205.9 351.2 10.4 12.5 210.3 355.9 214.4 355.8 213.1 358.2 210.8 360.6 214.1 360.6 0.9811
584.7 300.4 11.3 15.0 586.0 305.5 590.0 305.2 587.0 309.0 587.2 312.3 590.1 311.9 0.9694
956.3 269.7 11.0 14.7 958.7 274.3 963.6 275.8 959.6 277.7 957.6 280.3 961.2 281.5 0.9692
11.2 308.0 16.5 23.0 20.5 315.8 24.9 315.1 25.6 320.0 22.3 325.1 25.5 324.7 0.9687
455.1 270.5 10.7 13.8 458.4 275.3 463.3 275.1 461.3 277.9 459.3 281.0 463.0 280.9 0.9569
853.9 265.1 9.7 13.1 856.0 269.8 860.3 269.8 857.8 272.5 856.5 275.2 859.9 275.2 0.9326
447.9 292.2 10.6 13.2 452.1 296.1 456.8 296.4 455.1 299.2 452.6 302.0 456.2 302.2 0.9180
626.8 290.7 9.8 12.5 631.4 295.3 635.1 295.0 634.3 297.9 631.9 300.5 634.7 300.5 0.8579
969.9 266.4 9.0 11.7 429.6 284.6 433.5 284.5 431.8 286.9 430.2 288.9 433.2 288.8 0.5298
