10--People_Marching/10_People_Marching_People_Marching_2_893.jpg
33
943.5 226.7 35.7 40.2 960.4 241.2 973.0 239.2 972.9 245.6 965.9 256.2 975.4 254.7 0.9997
359.5 242.5 17.1 21.6 365.7 250.5 373.5 251.3 370.0 254.9 365.5 258.2 372.2 258.8 0.9996
62.1 227.7 23.1 29.2 73.0 238.9 81.5 240.1 78.0 244.8 72.0 249.2 78.7 250.3 0.9995
88.6 230.6 18.1 24.4 93.9 239.8 102.1 240.4 97.7 244.6 93.8 248.9 100.8 249.4 0.9995
547.3 243.1 20.6 27.0 555.1 254.1 563.4 254.1 560.1 258.9 555.6 263.4 562.5 263.5 0.9994
586.9 240.0 34.5 40.9 601.7 252.2 616.3 252.5 612.5 261.1 604.2 270.2 614.8 270.4 0.9991
662.9 256.8 14.6 20.6 669.6 265.1 675.7 264.9 674.2 268.6 670.5 272.7 675.2 272.6 0.9991
464.2 256.2 15.5 20.0 470.4 263.8 477.2 264.2 474.6 267.8 470.6 271.1 476.2 271.5 0.9989
305.3 249.9 14.4 18.3 310.4 257.0 316.7 257.4 313.9 260.7 310.6 263.6 315.8 264.0 0.9988
252.3 221.3 16.9 21.4 257.5 229.3 265.3 229.3 261.7 233.0 257.9 236.9 264.7 236.9 0.9986
978.7 89.2 10.3 14.2 979.9 94.1 982.0 94.5 978.8 97.1 980.0 100.1 981.4 100.1 0.9986
131.5 237.5 15.0 18.9 136.0 245.7 142.9 244.7 140.3 248.8 137.4 252.2 143.3 251.4 0.9985
493.3 256.7 12.3 16.1 498.3 263.1 503.4 263.3 501.4 266.2 498.4 268.9 502.5 269.1 0.9981
322.4 246.4 12.3 16.0 327.8 253.0 332.7 253.2 330.8 256.2 327.9 259.0 331.8 259.2 0.9979
211.7 244.2 12.2 15.9 215.6 250.1 221.0 249.9 218.8 253.0 216.5 256.3 220.7 256.2 0.9961
830.8 132.2 8.8 10.7 832.2 136.5 834.6 136.3 832.6 138.8 833.4 140.9 834.9 140.6 0.9941
736.2 263.2 11.3 15.2 739.3 269.5 744.5 269.8 741.8 272.9 739.6 275.4 743.5 275.7 0.9918
429.2 250.2 11.6 15.2 432.8 256.5 437.6 256.0 435.9 259.3 433.9 262.2 437.7 261.9 0.9910
759.4 287.7 8.8 10.6 760.6 291.3 763.1 291.5 760.5 293.6 760.9 295.9 762.6 295.9 0.9871
906.0 95.3 9.3 12.4 906.8 100.0 908.3 100.0 906.8 102.9 908.7 105.1 909.8 104.9 0.9857
788.2 272.2 8.1 10.4 789.6 275.6 791.5 276.0 789.3 277.8 789.6 279.7 791.0 279.9 0.9857
815.3 258.9 11.1 14.5 817.1 265.1 821.2 264.7 818.3 268.1 818.3 270.9 821.4 270.6 0.9789
1015.0 55.8 8.5 17.7 1016.8 63.7 1020.0 63.2 1016.9 67.0 1018.2 70.3 1020.3 69.7 0.9697
715.5 249.7 9.1 12.2 716.8 254.1 719.8 254.1 717.4 256.6 717.4 259.1 719.6 258.9 0.9470
651.6 265.9 11.6 15.3 347.1 249.7 351.3 249.8 348.9 252.4 347.5 254.9 350.7 255.0 0.8877
3.9 221.5 11.6 14.6 240.0 245.4 245.3 245.4 242.7 248.6 240.7 251.1 244.4 251.2 0.8692
771.8 154.5 8.3 10.0 656.9 272.6 661.2 272.8 659.7 276.0 657.0 278.7 660.1 279.0 0.7865
691.3 253.9 8.6 10.8 7.8 226.3 12.7 226.3 10.5 229.5 8.2 232.7 12.0 232.7 0.7819
801.5 156.2 7.3 8.4 773.6 158.9 776.6 158.8 774.7 161.0 774.3 162.8 776.4 162.7 0.7674
747.3 153.1 8.5 9.7 692.9 258.3 696.1 258.3 693.9 260.8 693.5 262.9 695.9 262.8 0.7486
854.4 138.7 8.3 10.9 802.8 159.4 805.4 159.4 803.6 161.4 803.4 163.1 805.2 163.0 0.6578
730.2 170.1 8.1 9.1 748.3 156.4 751.0 156.3 748.7 158.6 749.1 160.9 751.0 160.7 0.5763
1.6 241.6 8.4 10.8 857.3 143.2 859.8 143.4 858.3 145.8 857.4 147.9 859.1 148.0 0.5302
