10--People_Marching/10_People_Marching_People_Marching_2_262.jpg
91
34.6 397.6 22.9 28.8 41.2 410.1 51.9 409.6 47.1 415.7 43.2 421.0 51.0 420.7 0.9983
32.7 437.0 24.8 28.6 41.0 450.4 51.6 447.5 48.9 453.9 45.3 460.0 53.5 457.9 0.9980
97.3 390.9 20.1 26.5 105.9 401.6 114.2 401.4 111.4 406.6 106.8 411.5 113.1 411.5 0.9955
476.0 648.6 23.7 27.8 485.6 660.1 495.4 659.6 492.4 665.4 487.8 670.6 494.8 670.3 0.9932
123.1 535.9 26.2 30.9 129.6 550.7 141.3 548.8 136.3 557.4 133.3 562.5 141.4 561.0 0.9908
312.3 436.2 18.3 22.4 317.3 444.6 325.6 445.3 321.1 449.2 317.8 453.2 324.2 453.7 0.9900
28.7 322.9 18.3 22.4 32.0 332.5 39.6 332.4 35.0 337.7 33.7 341.6 38.8 341.3 0.9885
35.9 531.1 24.0 30.2 38.3 544.0 45.0 545.3 38.2 550.9 40.2 555.6 44.4 556.2 0.9836
877.9 513.2 16.9 20.9 889.0 521.2 893.0 521.3 892.5 526.2 887.4 529.6 890.1 529.9 0.9836
736.5 683.7 23.7 35.6 751.1 699.8 757.1 699.4 757.9 706.8 751.6 713.0 755.3 713.1 0.9824
99.6 332.3 17.7 21.9 104.7 339.7 113.0 339.1 109.2 343.6 106.0 348.7 112.6 348.3 0.9816
196.5 534.4 23.8 30.0 201.9 547.7 212.0 547.2 206.7 553.5 203.8 558.8 211.6 558.3 0.9810
65.2 261.2 14.2 18.3 70.5 268.9 76.1 268.0 74.5 272.2 72.3 275.9 76.3 275.3 0.9783
914.0 630.4 26.7 21.9 926.4 642.1 934.5 641.8 930.4 648.2 924.8 649.6 929.0 649.4 0.9758
798.3 626.0 22.0 33.5 812.2 639.9 816.6 639.8 818.2 646.4 812.9 652.4 815.4 652.7 0.9745
484.0 574.6 21.1 30.0 487.2 586.6 493.4 588.6 486.6 593.3 486.9 598.2 491.0 599.3 0.9739
128.5 632.7 26.3 32.5 133.8 647.6 146.8 647.1 140.0 655.0 136.7 660.3 145.3 659.9 0.9733
270.4 364.4 16.0 23.2 280.3 372.6 284.6 373.3 284.6 377.9 280.0 382.2 283.2 383.0 0.9729
316.3 510.3 20.9 28.9 324.9 522.5 333.9 521.9 330.7 528.5 326.0 533.9 332.7 533.6 0.9705
281.1 399.4 19.3 25.2 287.3 411.0 295.3 409.9 292.5 415.3 289.6 419.7 295.5 418.9 0.9603
524.7 462.4 20.6 22.6 531.6 473.9 540.2 474.7 535.6 479.6 531.5 481.9 537.3 482.7 0.9561
287.7 341.7 16.3 21.2 290.9 349.8 298.3 350.6 293.5 354.1 291.2 358.0 296.5 358.5 0.9560
542.6 620.4 20.8 26.9 551.6 631.7 560.0 632.7 556.2 638.0 551.0 642.0 557.0 642.9 0.9527
372.9 324.0 14.1 17.5 378.4 331.6 384.4 331.8 381.9 335.2 378.9 338.2 383.3 338.3 0.9510
526.2 411.0 19.8 24.1 533.1 422.5 542.0 422.5 538.1 427.7 534.0 430.8 540.6 430.9 0.9493
677.6 330.8 12.3 15.5 682.5 337.6 687.6 337.5 685.6 341.2 683.0 343.7 686.3 343.7 0.9491
856.1 665.1 22.0 31.6 869.0 679.3 875.2 678.9 874.9 685.7 869.3 690.9 873.5 690.9 0.9473
908.4 313.0 11.5 13.3 914.7 317.5 918.1 317.5 917.5 320.6 915.0 323.1 917.3 323.3 0.9458
122.4 314.9 15.6 21.8 128.3 323.5 135.3 323.6 132.5 328.2 128.6 332.0 133.8 332.1 0.9414
401.8 397.2 18.6 23.5 406.9 407.8 415.4 408.0 410.9 412.8 407.7 416.4 414.0 416.6 0.9375
111.9 455.7 20.5 25.5 116.9 467.0 126.0 464.4 122.6 471.3 120.7 476.9 127.3 474.9 0.9333
726.0 329.3 13.8 18.5 730.7 337.4 736.7 338.0 733.6 341.5 730.6 344.4 735.1 344.9 0.9328
989.2 630.4 22.5 30.6 1001.1 643.0 1007.7 642.3 1007.4 648.8 1002.8 654.6 1007.3 654.5 0.9213
220.2 309.4 14.8 20.4 224.6 318.2 231.4 318.1 228.4 322.0 225.4 325.7 230.9 325.7 0.9130
414.2 374.4 16.2 21.9 420.8 382.4 427.5 382.3 425.2 387.2 421.8 391.5 426.7 391.5 0.9123
576.4 575.6 22.1 24.2 581.0 588.3 588.0 587.7 583.6 593.3 583.8 595.8 588.6 595.2 0.9122
208.7 346.3 16.2 19.4 213.3 354.5 220.4 353.1 218.1 357.7 215.8 361.9 221.1 360.8 0.9118
27.4 289.2 17.5 19.5 33.8 298.2 40.6 295.7 39.6 300.7 37.9 305.2 42.5 303.3 0.9093
221.5 495.2 22.4 28.7 224.6 508.2 233.7 508.1 227.8 514.5 226.4 519.5 232.6 519.2 0.9081
644.9 344.5 15.2 19.9 652.4 352.1 657.2 351.4 656.9 355.6 654.4 360.1 657.8 359.8 0.9036
209.9 406.0 22.6 28.3 217.2 414.7 226.6 414.2 222.6 420.4 218.7 426.5 226.4 426.1 0.8993
170.8 454.8 21.3 27.4 177.6 468.3 186.9 466.2 184.2 473.2 181.6 478.0 187.6 476.4 0.8879
387.2 297.2 14.5 18.3 393.9 304.5 399.0 303.5 398.8 307.2 396.2 311.4 399.9 310.8 0.8855
165.2 299.3 18.3 23.5 168.4 308.7 176.4 308.5 171.4 313.6 169.7 317.9 175.8 317.6 0.8684
46.4 211.4 15.5 21.4 54.1 217.8 59.6 217.4 58.8 221.8 55.3 226.8 59.7 226.6 0.8676
655.0 606.0 21.8 28.5 663.2 617.8 672.9 616.5 669.9 623.5 665.6 629.2 672.9 628.3 0.8656
339.3 391.1 16.0 19.7 343.5 400.2 350.0 397.8 348.1 403.2 347.4 407.6 351.9 405.8 0.8638
184.2 279.2 14.0 16.5 188.0 285.2 194.8 285.0 191.5 288.8 188.9 292.4 194.3 292.3 0.8583
730.4 374.5 15.5 19.4 735.6 382.5 742.6 382.7 739.4 386.8 736.1 390.0 741.5 390.2 0.8574
612.1 445.7 17.6 22.4 622.4 454.5 627.3 453.9 627.0 459.6 622.5 463.8 625.7 463.6 0.8460
472.8 351.4 16.3 19.7 475.6 361.3 481.7 360.2 478.3 365.4 478.6 368.9 482.7 367.9 0.8338
707.1 255.6 10.8 15.2 713.4 261.5 716.7 261.6 716.4 264.6 713.8 267.5 716.0 267.7 0.7983
90.6 243.9 15.7 19.5 96.2 252.5 102.8 252.3 100.2 256.6 97.4 260.1 101.9 260.0 0.7877
651.8 395.5 17.2 24.2 659.5 404.5 666.1 404.2 664.0 409.5 660.5 414.2 665.5 414.1 0.7805
363.0 152.7 10.1 12.7 365.5 157.7 370.3 157.5 368.0 160.2 366.3 162.8 370.0 162.7 0.7794
25.6 353.1 15.0 19.3 31.2 360.3 36.9 359.7 35.1 364.1 32.4 368.5 36.8 368.2 0.7671
684.6 655.5 27.6 29.9 692.9 665.6 705.6 666.0 699.4 673.0 693.8 678.2 703.1 678.6 0.7608
458.8 413.2 15.3 18.5 462.2 419.5 469.6 419.9 465.5 423.8 462.6 427.2 468.5 427.4 0.7602
283.3 274.5 11.6 15.5 286.7 280.5 291.9 280.6 289.3 283.9 287.1 286.7 291.1 286.8 0.7554
109.2 441.8 20.7 23.0 115.6 450.6 124.6 450.1 120.5 455.0 117.3 459.6 124.0 459.2 0.7499
229.9 286.7 15.0 20.5 234.2 293.7 240.6 293.5 237.4 297.9 235.0 302.2 240.1 302.1 0.7499
1000.5 545.5 20.7 25.2 1002.5 555.7 1009.0 556.0 1003.1 561.4 1003.7 565.8 1008.1 565.9 0.7415
80.8 305.1 13.6 17.0 83.8 310.9 90.0 311.7 86.1 314.8 83.6 317.8 88.6 318.4 0.7415
537.4 378.9 15.1 18.7 544.7 386.2 549.8 385.8 549.1 389.9 546.2 393.8 549.8 393.6 0.7400
385.4 569.0 21.5 28.9 389.5 578.7 394.4 580.1 387.9 584.8 388.4 590.4 391.8 591.2 0.7357
299.4 145.3 10.9 13.9 303.4 150.4 308.2 150.5 306.2 153.2 303.7 155.8 307.5 155.9 0.7205
372.4 171.7 12.0 15.5 375.4 177.5 381.1 177.1 378.2 180.5 376.2 183.7 380.7 183.4 0.7137
816.9 466.1 16.3 21.5 827.0 473.8 831.5 473.5 831.0 478.8 826.8 483.1 830.0 483.1 0.7121
345.4 300.3 14.6 19.5 351.3 308.0 357.5 307.7 355.4 311.9 352.3 315.7 357.0 315.6 0.7074
301.5 548.6 29.8 40.3 315.3 562.1 325.3 562.8 322.5 570.8 315.5 578.5 323.8 579.5 0.7017
713.7 471.8 19.0 23.7 722.6 482.0 729.1 481.7 727.3 486.7 723.1 490.5 727.7 490.5 0.7010
772.2 679.2 21.9 28.5 778.4 686.7 787.2 688.2 781.1 693.5 777.6 699.4 784.5 700.6 0.6926
424.2 495.9 22.2 26.3 432.8 508.1 442.0 506.7 438.9 513.4 435.3 518.3 441.9 517.3 0.6667
587.3 475.1 17.6 22.2 596.4 482.5 602.0 482.3 600.9 487.9 596.3 492.2 600.3 492.3 0.6609
740.0 261.1 11.0 14.0 742.1 266.6 747.0 265.8 744.6 269.3 743.6 272.5 747.2 271.9 0.6583
33.2 262.4 15.6 19.1 39.7 269.7 46.4 269.7 43.8 273.6 40.3 277.2 45.4 277.3 0.6457
132.7 220.6 13.8 18.2 137.7 228.0 143.9 227.7 141.7 231.6 138.7 235.4 143.6 235.2 0.6344
873.0 583.3 19.2 27.7 883.3 595.7 888.4 595.0 888.4 600.8 884.8 605.8 888.1 605.5 0.6293
532.9 540.8 22.8 23.7 536.7 549.7 545.9 551.2 539.1 555.8 537.1 559.3 543.6 560.3 0.6187
323.8 259.7 12.0 16.1 329.9 266.3 333.6 266.3 332.6 269.6 330.1 272.5 332.7 272.6 0.6173
487.6 262.0 11.7 15.3 490.9 267.6 496.2 268.0 493.4 270.9 491.2 273.8 495.2 274.1 0.6146
700.2 581.7 24.2 31.8 704.6 590.2 713.4 592.5 705.4 597.6 703.1 604.1 710.3 605.7 0.5979
418.6 171.9 10.7 13.6 422.2 176.7 427.0 176.8 424.8 179.4 422.7 182.3 426.3 182.4 0.5848
116.2 497.6 26.6 31.2 124.7 508.2 135.8 508.3 130.4 514.6 125.7 520.9 134.3 521.1 0.5792
428.6 291.8 13.4 17.7 433.3 298.6 438.4 299.1 435.6 302.2 433.4 305.2 437.3 305.7 0.5669
771.4 444.2 19.3 25.6 776.9 453.1 785.1 453.7 780.7 458.5 777.1 463.3 783.5 463.7 0.5483
559.7 276.6 14.8 19.0 564.4 284.3 570.7 284.0 567.9 287.8 565.3 291.6 570.3 291.4 0.5431
264.7 136.2 10.8 13.6 267.9 141.4 272.9 140.9 271.0 144.0 269.2 147.0 272.9 146.6 0.5348
316.6 165.9 16.3 21.7 321.5 174.8 329.1 174.0 326.0 178.5 323.6 183.1 329.1 182.6 0.5314
316.5 473.0 15.4 20.6 321.8 481.7 328.4 481.8 325.5 486.1 322.3 489.9 327.3 490.0 0.5224
859.8 328.9 14.5 18.5 863.9 335.9 869.9 336.2 866.4 340.2 863.9 343.7 868.4 344.0 0.5116
