10--People_Marching/10_People_Marching_People_Marching_2_616.jpg
46
132.0 208.0 29.2 34.9 135.3 218.8 146.2 218.6 136.9 226.1 136.7 234.4 144.2 234.0 0.9994
581.3 260.5 33.3 39.4 585.2 273.2 596.4 274.8 585.6 281.9 586.1 289.5 594.3 290.1 0.9994
354.7 234.5 26.6 34.6 357.1 245.5 366.3 245.9 358.1 253.5 359.2 260.6 365.9 260.5 0.9993
828.5 230.5 29.7 35.1 832.6 240.7 843.8 241.1 834.5 248.0 833.5 255.8 841.8 256.0 0.9993
855.7 294.9 33.5 40.4 858.7 308.3 871.0 308.4 860.5 317.5 861.9 325.4 871.1 325.3 0.9992
779.9 231.7 23.6 29.8 783.3 239.5 790.1 239.9 782.7 246.0 783.2 253.1 788.5 253.0 0.9988
961.7 244.9 28.1 37.6 965.9 256.1 976.4 256.8 966.4 264.4 966.2 272.7 973.3 273.2 0.9988
234.8 220.9 28.6 33.5 237.7 230.5 247.9 231.3 238.6 238.1 238.4 245.0 246.0 245.4 0.9987
283.6 189.2 27.0 34.8 286.2 200.1 296.0 199.7 287.7 207.9 288.3 215.7 295.6 215.0 0.9987
31.2 214.0 28.0 33.1 35.5 224.7 47.2 224.2 39.4 231.8 37.7 239.0 46.1 238.6 0.9986
750.3 225.4 22.6 27.1 753.5 233.9 762.3 233.4 756.3 240.1 755.5 245.8 762.1 245.2 0.9986
388.2 193.3 26.6 31.8 392.2 203.4 403.0 203.0 395.4 209.9 394.0 217.1 401.8 216.6 0.9985
191.5 182.3 25.2 29.0 194.7 191.4 204.9 192.2 197.1 198.8 195.9 204.3 202.9 204.7 0.9985
705.0 274.8 32.1 42.5 708.1 287.6 715.2 287.7 705.7 297.1 711.3 305.6 716.6 305.2 0.9984
470.0 242.0 28.1 34.7 473.7 251.7 483.6 254.2 473.5 260.2 472.9 266.7 479.9 268.6 0.9983
537.2 200.8 20.3 22.4 541.2 207.4 549.1 207.8 543.5 212.1 541.7 216.9 547.9 217.1 0.9981
654.1 212.5 26.6 30.7 659.9 221.9 672.0 222.5 665.0 229.0 660.7 235.1 670.0 235.6 0.9980
700.4 218.5 28.7 33.5 704.4 229.6 716.3 229.3 708.2 237.3 706.6 244.5 715.2 244.1 0.9977
595.9 203.6 27.0 31.2 600.0 212.6 611.1 213.2 603.1 220.0 600.9 226.7 609.2 227.0 0.9975
103.2 175.2 15.5 18.5 108.9 181.8 115.3 183.1 112.0 186.5 108.2 189.1 113.2 190.2 0.9961
20.8 158.6 16.9 19.4 27.1 166.4 33.8 167.1 30.6 170.8 27.0 173.7 32.0 174.3 0.9946
437.5 209.6 20.8 22.7 441.2 218.2 451.0 217.9 445.4 223.9 443.0 228.2 449.9 228.0 0.9946
898.2 237.9 27.3 31.3 901.8 247.3 912.0 248.0 903.7 254.1 902.5 260.9 910.0 261.2 0.9938
464.7 206.9 20.1 24.9 468.2 214.6 477.0 214.8 471.4 220.3 469.4 225.9 475.8 225.9 0.9929
49.6 158.0 15.2 18.4 55.9 164.5 62.6 164.5 60.4 168.7 56.9 172.3 61.8 172.4 0.9896
83.5 162.0 14.8 17.9 88.0 168.4 94.5 168.4 91.5 171.7 88.9 175.5 93.9 175.5 0.9895
266.7 180.8 13.1 15.1 270.8 186.1 276.6 186.3 273.7 189.1 270.9 191.8 275.6 192.1 0.9895
685.3 219.9 22.9 28.9 689.6 229.7 701.3 229.7 694.4 237.1 691.0 242.9 699.8 242.7 0.9862
75.3 182.2 15.1 17.8 81.0 188.9 87.6 189.2 84.9 192.9 81.1 196.2 86.2 196.6 0.9859
576.2 212.8 19.8 24.8 579.2 221.4 588.0 221.4 582.4 227.2 580.7 232.6 587.1 232.4 0.9827
151.6 168.1 12.9 16.7 155.2 174.3 160.8 174.1 158.0 177.7 156.0 181.0 160.4 180.9 0.9718
625.8 214.5 21.9 26.4 628.9 223.7 638.2 224.7 631.6 230.6 630.0 235.5 636.6 236.0 0.9714
562.3 213.3 15.5 20.8 564.6 221.6 571.4 220.2 567.9 225.3 567.0 229.9 572.3 228.7 0.9700
685.5 170.8 12.1 15.8 691.9 177.1 696.2 176.5 695.9 180.1 693.0 183.7 696.2 183.4 0.9681
487.1 207.0 21.7 24.9 489.3 214.3 496.8 215.1 490.5 220.4 490.2 225.3 495.8 225.7 0.9612
473.2 170.7 11.1 14.8 475.6 176.8 480.7 176.1 478.3 179.1 476.9 182.2 481.0 181.7 0.9602
247.1 180.1 12.3 15.4 250.4 186.3 256.6 186.1 253.9 189.5 251.4 192.4 256.3 192.2 0.9419
292.4 162.4 11.7 13.9 295.2 168.2 301.0 168.0 298.1 171.1 296.0 173.8 300.6 173.7 0.9006
88.1 205.2 17.6 21.9 94.6 214.0 101.4 214.2 98.4 218.8 95.0 223.1 100.2 223.4 0.8655
514.0 160.6 12.2 14.0 518.7 164.6 523.6 164.6 521.7 167.4 519.1 170.3 523.0 170.4 0.8371
588.2 169.1 11.9 13.9 590.9 174.2 596.5 175.0 592.8 177.6 590.5 180.1 594.8 180.6 0.8334
940.1 225.3 25.7 34.1 944.9 234.2 953.7 234.4 947.2 242.1 946.2 249.5 953.2 249.5 0.7739
659.6 176.2 10.5 12.6 662.9 180.3 667.6 180.4 665.4 183.1 663.3 185.8 666.9 185.9 0.7307
569.0 163.8 11.3 12.5 573.2 168.2 578.1 168.6 576.0 171.3 573.5 173.5 577.0 173.8 0.6604
466.5 156.1 11.1 14.1 468.7 161.6 473.1 161.9 470.0 164.8 469.0 167.7 472.4 167.8 0.6362
680.3 134.0 8.8 10.9 683.6 138.4 687.3 138.5 685.7 140.8 683.8 142.9 686.6 143.0 0.6310
