10--People_Marching/10_People_Marching_People_Marching_2_624.jpg
18
379.0 225.6 47.8 48.9 394.6 240.5 417.0 240.2 408.2 250.0 397.4 260.5 415.3 260.4 0.9998
21.3 228.4 44.5 50.4 38.7 243.4 57.7 243.1 51.9 251.8 42.4 263.9 57.3 263.6 0.9997
220.6 228.5 44.3 49.9 236.0 244.4 256.9 244.3 249.2 252.5 239.3 264.9 255.4 264.8 0.9997
940.1 226.1 42.3 50.8 956.5 243.4 975.5 243.1 969.6 253.0 959.8 263.6 975.0 263.4 0.9997
472.7 229.6 35.4 41.7 486.4 243.1 502.0 243.0 497.1 251.1 488.8 260.3 500.7 260.3 0.9996
822.1 225.9 37.6 45.9 838.2 239.9 854.5 240.6 850.0 249.0 840.3 258.8 853.3 259.5 0.9996
898.7 230.5 35.8 44.8 914.1 244.5 927.6 242.7 925.5 252.5 918.2 262.6 929.2 261.4 0.9996
751.6 231.2 42.1 48.8 768.1 246.3 786.0 245.4 781.1 255.2 772.7 266.9 786.1 266.2 0.9996
130.5 241.8 40.2 47.5 144.0 257.4 162.6 257.8 154.6 267.2 145.7 277.6 160.2 277.9 0.9996
568.3 236.4 40.1 47.4 582.5 251.0 600.6 251.1 593.6 259.4 585.0 270.1 599.4 270.2 0.9996
650.8 229.6 36.9 43.0 665.2 245.0 681.7 244.2 676.4 254.3 667.1 262.2 680.0 261.6 0.9995
301.1 237.7 39.5 46.1 315.7 252.7 333.4 252.2 327.0 261.0 318.7 271.9 332.2 271.5 0.9995
719.7 235.5 33.7 43.0 733.0 250.7 747.2 248.8 744.0 258.2 737.4 268.4 747.6 267.0 0.9987
79.7 235.8 32.7 41.1 90.4 249.9 105.2 249.6 99.1 259.4 93.0 267.5 103.5 267.3 0.9924
345.2 251.6 29.0 34.2 356.1 264.8 369.4 263.1 365.2 270.9 359.4 278.3 369.4 277.1 0.9889
174.0 249.7 30.9 38.6 501.2 88.2 504.4 87.0 503.1 90.6 504.9 92.2 506.5 91.1 0.9456
505.3 238.8 31.8 37.8 182.5 260.6 192.9 260.8 187.0 267.7 183.4 276.4 191.1 276.5 0.9410
415.6 237.1 24.5 41.5 518.7 249.4 532.6 251.6 526.6 259.6 518.1 265.7 528.5 267.5 0.5771
