10--People_Marching/10_People_Marching_People_Marching_2_948.jpg
14
77.7 205.8 39.9 47.2 88.1 216.4 106.7 216.6 96.1 221.0 88.5 236.2 103.0 236.4 0.9997
225.5 290.5 48.6 56.1 240.8 304.9 263.2 304.8 254.7 309.6 245.0 326.9 263.0 326.7 0.9997
560.6 215.8 26.4 37.4 569.0 226.0 581.3 226.8 576.4 230.6 569.9 240.1 580.4 240.7 0.9995
234.8 172.3 39.2 55.0 238.6 188.6 253.5 183.4 242.0 195.1 245.1 210.8 257.6 206.0 0.9995
893.6 202.4 26.2 34.0 907.0 216.6 916.9 215.0 915.7 221.9 908.6 228.5 916.5 227.4 0.9994
468.9 215.1 27.6 36.0 476.9 226.3 489.6 229.0 481.7 232.6 475.0 239.5 485.9 241.7 0.9993
643.7 201.6 26.5 32.4 649.9 212.6 661.9 210.9 656.5 215.4 652.7 224.4 662.6 223.0 0.9992
811.5 238.9 24.1 32.2 817.4 249.5 829.0 249.8 823.0 253.4 818.2 261.4 828.0 261.6 0.9992
763.8 240.7 24.3 33.2 777.3 252.1 784.6 251.6 785.2 257.1 779.2 264.3 785.2 264.2 0.9990
368.9 248.6 25.2 33.2 378.0 259.4 389.9 259.7 385.6 264.4 379.3 272.0 389.3 272.2 0.9988
584.0 229.8 17.3 24.6 590.4 237.1 598.6 238.0 594.9 241.7 590.1 247.3 596.6 248.1 0.9902
154.3 245.0 21.3 26.7 163.9 255.0 172.7 255.1 170.4 259.4 165.5 264.9 171.7 265.2 0.9815
195.7 275.2 17.9 24.6 200.5 284.1 208.9 284.6 204.5 288.9 201.0 293.8 207.5 294.2 0.9777
206.7 260.6 21.5 24.5 213.2 267.3 223.3 267.3 218.7 271.1 214.2 277.3 222.6 277.2 0.9358
