10--People_Marching/10_People_Marching_People_Marching_10_People_Marching_People_Marching_10_People_Marching_People_Marching_10_365.jpg
20
250.3 442.2 12.3 16.2 254.5 448.6 259.8 448.1 257.9 451.7 255.7 454.9 259.7 454.6 0.9992
447.4 466.4 17.1 24.0 449.5 475.4 454.6 476.7 449.2 480.6 449.5 484.7 453.2 485.4 0.9988
623.3 490.9 17.7 23.2 632.3 499.0 638.0 497.7 638.6 502.6 635.1 508.3 639.1 507.5 0.9988
642.3 536.1 25.3 33.8 658.2 547.3 662.3 546.1 666.3 553.0 661.7 561.1 664.6 560.5 0.9988
75.8 416.6 15.0 19.7 83.9 423.9 88.3 423.0 89.3 427.1 86.2 431.7 89.3 431.2 0.9985
384.0 478.7 11.8 15.2 390.1 483.7 394.4 483.5 393.5 487.0 390.5 490.1 393.7 490.2 0.9975
212.6 442.6 14.0 17.0 216.7 448.2 223.2 448.0 220.2 451.5 217.4 455.2 222.7 455.0 0.9973
713.9 477.6 15.5 20.6 720.2 486.0 726.6 485.4 724.6 490.0 721.3 493.9 726.2 493.6 0.9967
122.8 413.6 11.2 15.7 128.6 420.1 132.8 419.9 131.9 423.5 128.8 426.2 131.8 426.3 0.9957
26.2 417.3 12.7 16.9 33.8 424.1 37.9 423.8 37.6 427.7 34.3 431.0 37.0 431.0 0.9940
397.1 476.2 9.6 13.6 402.9 481.0 405.6 480.8 405.6 483.8 403.2 486.6 405.1 486.7 0.9934
420.8 501.1 10.3 12.0 423.9 504.9 428.5 504.6 426.6 507.7 424.9 510.4 428.2 510.1 0.9931
0.0 320.3 76.5 109.0 16.8 356.4 48.1 353.2 32.3 375.1 24.5 398.7 47.4 396.1 0.9925
348.8 481.4 12.5 19.0 353.2 488.4 358.9 487.6 357.2 492.0 354.8 496.3 358.9 495.8 0.9923
518.2 481.6 17.8 21.0 526.9 489.6 533.9 488.9 532.1 494.3 527.5 498.1 532.6 497.8 0.9905
985.1 474.4 18.0 26.5 997.3 483.9 999.4 483.0 1001.6 488.4 998.6 494.4 1000.0 493.9 0.9825
786.3 480.1 40.5 72.9 792.5 502.8 792.4 503.0 787.5 517.1 796.3 533.4 796.1 533.6 0.9821
600.1 475.5 16.5 21.8 609.0 484.8 614.7 484.4 613.5 489.6 609.2 493.5 612.9 493.4 0.9611
99.0 422.7 10.2 13.1 104.9 427.3 107.6 426.8 107.5 430.1 105.2 432.9 107.1 432.6 0.9532
357.9 406.6 14.5 21.3 362.3 413.3 369.3 412.5 366.6 417.4 363.7 422.3 369.5 421.7 0.9298
