10--People_Marching/10_People_Marching_People_Marching_10_People_Marching_People_Marching_10_People_Marching_People_Marching_10_415.jpg
13
614.2 424.1 13.5 18.6 622.5 431.7 626.4 431.7 626.3 435.6 622.3 438.7 624.9 438.9 0.9996
679.4 427.9 14.6 17.8 685.7 436.4 691.6 436.0 689.7 440.2 686.1 442.7 690.2 442.5 0.9994
640.0 390.1 14.7 18.1 645.1 395.8 651.9 395.9 649.2 399.5 645.9 403.5 651.2 403.6 0.9981
708.3 422.8 9.8 12.8 711.6 428.1 715.6 428.3 713.6 430.7 711.7 432.8 714.8 433.0 0.9970
866.1 413.8 10.9 14.6 868.0 419.1 871.1 419.5 867.9 422.0 867.9 425.0 870.0 425.2 0.9963
296.0 362.6 55.1 69.6 310.1 387.9 335.7 387.7 322.7 403.9 312.8 413.4 334.9 413.1 0.9937
756.9 425.7 11.9 14.8 759.9 431.6 765.3 431.5 762.4 434.8 760.7 437.5 764.6 437.5 0.9928
627.9 422.9 12.1 15.0 632.0 427.9 637.3 428.0 634.9 431.4 632.4 434.4 636.3 434.5 0.9916
698.8 420.7 9.9 13.8 702.3 425.8 706.8 426.0 704.9 428.9 702.6 431.6 706.0 431.8 0.9829
737.3 416.3 8.5 11.4 738.7 420.7 740.8 421.0 738.5 423.4 739.0 425.5 740.3 425.5 0.9466
417.5 423.7 9.6 12.0 419.0 428.1 423.7 428.2 420.8 431.0 419.6 433.5 422.9 433.5 0.8824
481.7 419.5 9.2 12.1 617.8 397.4 624.4 397.2 621.1 401.5 618.8 405.4 623.7 405.3 0.7819
442.6 422.5 8.9 11.5 487.2 424.1 489.3 423.8 489.8 426.6 487.8 429.2 489.3 429.1 0.7635
