10--People_Marching/10_People_Marching_People_Marching_10_People_Marching_People_Marching_10_People_Marching_People_Marching_10_176.jpg
28
205.1 157.8 13.0 19.8 206.9 164.9 209.5 165.4 205.8 168.9 207.1 172.6 209.1 172.7 0.9987
150.5 135.2 17.1 19.7 154.4 141.3 162.1 141.4 157.7 145.6 155.2 149.9 160.9 149.9 0.9987
639.5 329.4 21.6 31.5 653.9 339.4 656.7 338.9 660.1 344.5 656.3 351.9 658.3 351.7 0.9983
377.3 330.1 27.1 33.8 392.3 340.3 399.9 339.4 401.2 345.7 395.6 354.4 401.0 353.9 0.9979
899.4 327.5 23.8 30.7 915.0 336.3 917.8 336.0 921.9 341.4 917.7 349.1 919.6 349.3 0.9978
554.4 168.2 15.8 19.0 559.0 174.5 566.2 174.3 562.9 178.4 560.1 182.3 565.6 182.2 0.9974
132.7 341.6 25.4 31.8 147.8 352.5 153.7 351.3 156.0 357.9 150.7 365.5 154.6 364.9 0.9955
93.3 132.9 15.8 17.0 97.9 139.1 104.8 139.0 101.4 142.8 98.7 146.1 104.0 146.0 0.9943
956.2 68.4 16.9 20.1 962.2 74.5 969.6 74.6 966.6 78.4 963.0 82.8 968.8 82.9 0.9892
560.8 72.4 18.4 20.4 566.5 78.7 574.3 78.7 570.6 83.4 567.7 87.7 573.3 87.6 0.9851
455.0 68.2 15.4 18.8 459.5 74.2 466.2 74.1 462.9 78.5 460.3 82.3 465.6 82.2 0.9830
754.0 64.8 17.4 20.3 760.1 71.2 767.3 71.4 764.2 75.9 760.5 79.9 766.1 80.1 0.9788
219.2 281.0 23.6 28.2 232.2 290.0 239.5 289.7 239.2 296.6 232.7 302.4 237.8 302.5 0.9770
355.0 64.9 16.7 19.9 359.2 71.0 366.8 71.0 363.0 75.4 360.1 79.7 365.9 79.7 0.9723
406.3 92.8 15.1 19.1 410.1 99.3 416.8 98.8 413.5 103.2 411.4 107.3 416.5 107.0 0.9598
157.2 325.0 26.5 31.6 173.9 335.9 180.2 334.7 181.6 342.6 174.6 349.5 178.7 349.1 0.9570
858.8 67.6 13.7 16.4 70.4 14.9 74.5 15.0 71.5 17.6 70.7 20.1 73.7 20.1 0.9246
51.7 63.4 16.1 19.7 863.2 73.2 869.3 73.3 866.6 76.9 863.9 80.2 868.4 80.3 0.9186
289.5 100.3 15.8 19.6 55.7 69.2 63.0 69.3 59.2 73.9 56.5 78.2 62.1 78.2 0.8917
306.6 79.4 15.0 18.4 293.7 106.7 301.2 106.7 297.7 110.2 294.6 114.8 300.4 114.7 0.8914
44.6 177.7 13.4 16.9 312.2 86.6 318.7 87.0 315.7 90.3 312.4 93.5 317.5 93.8 0.8804
69.3 66.8 13.1 16.0 47.9 183.1 54.2 183.1 51.0 186.4 48.7 190.1 53.7 190.1 0.8692
253.2 66.2 14.3 17.1 72.1 71.5 78.8 71.5 75.1 75.1 72.7 78.8 78.1 78.8 0.8471
655.7 85.6 12.6 16.9 256.5 71.1 263.1 71.0 259.5 74.8 257.2 78.8 262.5 78.8 0.8396
94.1 168.1 17.3 19.4 662.5 91.6 666.9 91.1 666.7 94.8 663.6 98.5 666.8 98.3 0.6960
155.1 63.0 16.2 20.8 98.5 175.0 106.0 174.9 102.2 179.3 99.5 183.8 105.5 183.7 0.6343
409.8 289.3 27.2 31.9 159.8 70.2 167.0 70.3 163.3 74.6 160.5 79.1 165.9 79.2 0.6153
34.6 122.8 15.9 18.1 418.5 301.8 429.7 301.0 425.3 308.6 421.5 314.2 429.6 313.7 0.5842
