10--People_Marching/10_People_Marching_People_Marching_2_844.jpg
36
894.9 247.2 52.3 67.2 922.7 268.0 941.7 270.1 938.1 282.4 919.9 293.3 936.8 295.5 0.9998
800.3 339.0 81.5 116.8 841.7 386.5 873.2 386.0 869.4 408.1 843.4 427.7 870.7 427.2 0.9998
196.3 227.7 29.0 31.9 209.2 237.1 220.6 237.5 217.3 243.6 210.6 250.4 219.3 250.8 0.9996
345.5 293.2 60.3 79.1 359.6 324.0 387.1 322.1 372.7 335.0 363.2 350.9 387.3 349.2 0.9996
318.4 281.6 36.3 51.0 323.7 302.7 339.1 303.8 328.3 313.8 324.5 320.0 338.2 320.5 0.9995
298.7 203.7 28.9 31.8 308.0 213.1 320.3 213.4 314.7 219.0 309.7 226.4 318.7 226.5 0.9994
964.5 246.0 34.2 40.4 979.7 261.4 994.2 261.4 991.2 267.8 983.0 276.6 993.7 276.6 0.9992
130.9 197.8 20.9 24.8 139.5 204.0 148.2 205.2 144.6 209.9 139.4 214.7 146.4 215.7 0.9989
591.6 193.4 25.8 28.8 601.7 202.1 611.5 202.7 607.2 208.5 601.8 213.7 609.8 214.2 0.9989
661.1 244.6 33.0 40.2 674.0 259.6 689.1 259.9 684.1 266.5 675.9 274.6 687.9 274.9 0.9988
994.1 232.7 25.6 29.6 1000.4 240.9 1011.1 241.5 1004.8 248.1 1000.9 253.7 1009.4 254.2 0.9983
95.2 232.3 27.8 30.7 110.5 241.7 119.3 242.4 118.3 248.4 111.8 254.7 118.0 255.5 0.9975
228.7 174.5 25.4 25.9 237.6 182.1 248.0 182.7 243.1 187.5 238.2 192.9 245.9 193.4 0.9970
409.2 182.6 28.0 29.5 418.8 191.3 430.1 192.3 424.1 197.4 419.1 203.5 427.1 204.2 0.9962
54.7 196.4 12.0 14.5 58.6 202.2 63.6 201.6 61.7 204.7 59.8 207.6 63.8 207.1 0.9942
386.7 177.6 11.0 12.7 390.1 181.8 395.1 182.0 392.7 184.4 390.6 187.1 394.4 187.3 0.9896
287.6 159.9 9.8 12.1 290.4 163.9 294.7 163.7 292.8 165.9 290.9 168.5 294.7 168.4 0.9896
720.4 192.7 28.9 32.1 727.5 202.5 739.7 202.8 732.9 209.1 728.7 215.8 737.7 216.0 0.9884
825.2 207.4 29.0 32.7 832.2 216.2 843.7 216.5 836.8 221.6 832.9 228.9 842.3 229.0 0.9813
504.7 174.8 14.5 16.0 510.0 180.5 515.6 179.7 513.8 183.7 511.7 187.1 515.8 186.5 0.9751
687.6 185.2 17.4 20.7 690.5 190.9 696.8 191.5 691.5 195.4 690.2 200.0 694.9 200.3 0.9714
337.0 173.9 13.4 14.3 343.3 178.6 348.5 178.2 347.2 181.4 344.5 184.5 348.1 184.3 0.9652
507.9 194.0 25.3 28.3 515.1 201.7 525.8 202.0 519.8 207.2 515.7 213.8 524.2 213.9 0.9587
0.0 210.3 11.2 18.8 -1.0 216.3 6.4 217.1 2.4 221.4 -0.9 224.6 4.5 225.2 0.9332
82.4 192.8 11.9 13.9 86.1 197.7 91.3 197.6 89.0 200.5 86.8 203.6 90.9 203.5 0.9270
324.8 161.9 9.1 10.8 328.2 165.7 331.7 165.3 330.5 167.7 328.9 169.9 331.7 169.6 0.9183
996.6 183.6 11.1 14.2 1004.2 188.4 1006.7 188.0 1007.2 191.4 1004.8 194.6 1006.5 194.4 0.9004
155.1 159.9 9.8 11.8 157.6 165.1 161.9 165.1 159.6 167.5 158.2 169.6 161.2 169.6 0.8988
110.2 170.6 8.5 9.9 112.3 174.1 115.8 174.2 113.7 176.2 112.6 178.3 115.3 178.4 0.8927
5.0 166.1 9.5 11.4 7.4 170.2 11.3 170.4 9.0 172.6 7.5 174.8 10.7 174.9 0.8644
475.2 180.8 12.0 14.4 478.4 186.2 483.8 185.9 481.2 188.9 479.2 192.1 483.2 191.9 0.8604
101.3 178.8 9.3 10.1 104.1 182.5 108.3 182.5 106.3 184.8 104.6 186.8 107.8 186.8 0.8470
329.9 204.6 20.0 24.0 544.1 196.9 550.8 197.0 546.6 201.3 544.6 205.8 550.0 205.8 0.8207
571.1 190.2 10.1 12.7 303.0 173.0 307.2 172.7 305.5 175.3 303.8 177.9 306.9 177.7 0.6843
636.8 196.0 15.9 18.4 333.2 210.9 341.0 211.0 335.4 215.0 333.6 220.8 339.8 220.7 0.6773
494.4 172.4 9.9 14.0 32.9 219.2 43.6 219.2 38.2 224.9 34.1 230.9 42.7 230.8 0.5348
