10--People_Marching/10_People_Marching_People_Marching_2_407.jpg
8
896.5 75.0 50.5 60.8 916.5 90.4 937.6 94.1 928.2 103.4 915.1 115.6 931.5 119.0 0.9997
430.4 84.5 62.5 71.0 449.7 109.9 475.8 108.4 464.9 123.7 455.4 137.5 474.3 136.2 0.9995
102.9 67.3 50.0 54.2 122.5 82.9 142.9 83.0 134.9 93.0 125.4 105.4 140.7 105.4 0.9992
649.0 94.5 59.9 64.9 671.4 116.1 696.4 112.7 689.9 125.0 679.9 141.2 698.2 138.3 0.9977
829.0 80.7 45.3 50.6 847.6 95.1 865.0 94.0 859.1 103.9 851.1 115.0 864.9 114.1 0.9857
263.9 72.1 48.5 54.6 281.2 88.6 301.7 87.0 294.4 98.8 285.7 110.9 301.5 109.8 0.9740
1004.7 77.6 18.7 43.1 66.5 59.5 83.6 55.4 76.5 68.4 73.6 79.9 86.4 76.7 0.9235
613.0 89.4 29.2 34.2 1020.4 90.6 1037.1 89.7 1032.8 98.5 1024.7 108.7 1037.0 108.2 0.8327
