10--People_Marching/10_People_Marching_People_Marching_2_1028.jpg
47
463.3 290.9 15.3 17.8 467.8 296.4 475.0 296.2 471.7 300.0 468.7 303.9 474.7 303.8 0.9997
546.9 381.7 18.1 19.8 551.8 387.9 559.8 388.0 555.6 392.1 552.3 396.0 558.8 396.1 0.9995
249.8 481.0 21.0 28.4 258.5 492.8 267.5 492.4 264.5 497.8 259.2 502.6 266.8 502.3 0.9995
482.7 359.1 17.8 20.3 488.0 364.8 495.7 364.8 491.9 369.3 488.5 373.5 494.9 373.5 0.9994
753.2 324.7 18.6 23.5 757.7 333.4 766.5 333.3 761.9 337.5 758.2 341.7 766.2 341.6 0.9994
655.6 316.3 18.3 21.0 661.2 322.8 669.9 322.6 666.1 327.2 661.9 331.6 669.2 331.5 0.9993
602.0 314.7 16.7 20.2 607.0 322.0 614.5 322.0 610.8 325.7 607.5 329.5 613.8 329.5 0.9993
494.9 292.2 15.2 17.5 499.6 297.2 506.4 296.6 503.8 300.5 500.9 304.6 506.6 304.1 0.9993
261.4 353.9 20.1 23.4 266.8 360.2 275.6 360.3 271.1 364.9 267.1 370.0 274.8 370.1 0.9992
569.7 286.9 14.7 17.5 574.1 291.9 580.8 291.7 577.9 295.6 574.9 299.3 580.6 299.2 0.9992
716.4 336.4 20.7 23.2 721.2 343.6 730.1 342.8 725.5 348.1 722.9 353.2 729.9 352.5 0.9992
532.2 286.0 16.0 18.1 537.1 291.6 544.3 291.4 541.0 294.8 538.1 299.0 543.7 298.9 0.9991
483.8 329.0 14.8 16.6 486.7 334.3 492.9 334.5 489.0 338.3 487.3 341.5 492.0 341.6 0.9991
635.5 289.3 15.9 18.6 640.9 294.4 647.8 294.4 644.9 297.9 641.8 302.4 647.4 302.4 0.9990
613.4 361.3 17.1 19.8 618.3 367.8 626.2 367.8 622.4 371.8 619.0 375.8 625.5 375.9 0.9990
289.8 328.7 15.7 21.0 293.6 337.9 300.8 337.6 297.2 341.8 294.7 345.1 300.6 344.8 0.9990
760.6 445.4 20.1 26.1 764.5 454.8 773.9 454.5 768.3 458.7 765.3 465.0 773.0 464.8 0.9989
837.0 473.2 20.2 26.3 842.7 481.7 851.8 485.0 844.8 487.4 840.1 491.5 847.2 494.0 0.9989
677.6 294.8 15.3 17.2 681.7 299.4 688.6 300.2 684.6 303.5 681.6 306.8 687.2 307.4 0.9989
827.7 329.0 17.2 20.4 833.3 337.9 841.0 337.0 838.5 340.4 835.5 344.8 841.5 344.1 0.9989
382.0 285.4 17.3 18.5 386.9 290.8 395.0 290.7 391.2 294.6 388.0 298.7 394.4 298.6 0.9988
202.8 363.0 19.1 21.6 209.7 369.1 217.9 368.9 214.8 373.4 211.1 378.5 217.3 378.3 0.9988
671.6 361.3 18.8 21.5 676.9 367.6 685.2 367.3 681.2 371.9 677.3 376.1 685.0 375.9 0.9986
346.6 364.5 18.0 21.0 351.5 370.3 359.7 370.5 355.5 375.3 352.3 379.9 358.5 380.0 0.9986
794.1 458.0 19.6 26.5 796.6 468.8 805.2 467.9 799.9 473.6 798.3 478.0 806.0 477.1 0.9985
543.5 334.7 15.6 17.7 547.4 340.7 554.4 340.0 551.1 344.7 549.1 348.5 554.1 348.0 0.9985
208.2 337.0 17.3 22.2 212.2 347.0 220.0 346.5 216.0 350.5 213.5 354.6 219.6 354.2 0.9984
419.6 344.9 18.0 20.2 422.2 352.2 429.4 351.0 424.9 356.1 424.5 360.8 429.6 359.8 0.9983
161.1 374.1 19.5 25.3 169.1 384.2 177.0 383.7 174.9 388.1 170.8 393.3 176.9 392.9 0.9983
293.1 464.7 19.8 26.1 298.9 475.6 308.1 474.1 304.5 479.9 300.8 484.9 308.5 483.7 0.9981
437.1 295.7 16.2 17.2 441.5 300.9 448.7 301.1 445.0 304.1 442.2 308.1 447.7 308.2 0.9981
414.9 381.4 18.9 20.9 419.3 388.1 427.6 387.3 423.6 392.4 421.3 396.9 427.9 396.2 0.9980
603.3 292.1 17.2 18.4 607.7 297.8 615.8 297.4 611.9 301.2 609.1 305.6 615.3 305.3 0.9980
345.4 289.3 15.2 18.5 348.7 295.0 354.6 295.0 350.9 298.7 349.4 302.6 354.2 302.5 0.9978
724.3 458.4 20.1 26.4 729.8 467.0 739.4 467.4 734.7 471.6 730.7 477.8 738.3 478.1 0.9978
319.9 288.7 15.5 17.2 324.6 293.6 331.7 293.1 328.6 297.3 325.8 301.3 331.5 301.0 0.9978
406.8 297.0 14.6 17.1 409.9 302.6 416.9 302.5 413.2 306.3 410.9 310.1 416.4 309.9 0.9975
610.5 439.2 20.8 23.4 616.0 446.5 625.4 446.9 620.6 450.8 617.0 456.1 624.0 456.4 0.9972
711.6 275.9 15.6 18.0 718.5 281.1 724.6 281.4 722.6 285.4 718.7 288.8 723.6 289.1 0.9972
770.1 268.7 17.5 21.2 773.5 275.7 781.0 276.0 776.1 280.4 774.2 284.9 779.5 285.0 0.9972
777.2 492.8 20.4 27.4 781.6 503.0 791.2 503.2 785.9 508.1 782.1 512.3 790.7 512.5 0.9971
351.1 338.3 16.3 18.4 356.3 344.9 363.9 344.8 360.6 348.4 357.5 352.3 363.2 352.2 0.9959
290.9 506.5 18.9 25.2 299.2 515.5 307.3 516.4 304.1 521.2 298.3 525.0 305.1 525.9 0.9919
296.4 278.9 15.7 19.7 301.0 285.1 308.0 285.0 304.6 289.2 301.8 293.5 307.3 293.5 0.9912
819.6 352.4 22.6 24.1 822.8 360.5 831.6 359.1 825.5 363.3 824.6 369.4 831.3 368.3 0.9791
229.7 295.1 16.0 18.4 235.5 300.4 242.6 300.3 239.8 304.3 236.2 308.4 241.9 308.4 0.9222
248.8 456.4 16.9 19.3 253.8 463.3 261.8 462.5 258.8 466.1 255.8 471.2 262.1 470.5 0.6709
