10--People_Marching/10_People_Marching_People_Marching_2_25.jpg
17
294.3 307.7 29.5 37.5 299.9 321.5 313.0 321.0 305.0 327.6 301.2 335.5 311.8 335.0 0.9995
689.5 263.8 79.2 95.2 702.3 309.6 732.0 304.7 714.7 329.1 717.4 342.3 738.4 338.0 0.9995
179.4 433.4 44.1 57.4 185.4 453.8 203.0 450.8 191.5 463.3 191.0 477.1 203.7 474.5 0.9994
568.6 336.5 23.3 27.0 574.8 345.1 585.7 345.1 580.0 350.0 575.3 355.8 584.5 355.8 0.9994
648.3 328.6 22.8 29.5 653.6 340.7 663.5 340.1 658.6 345.5 655.1 350.8 663.5 350.3 0.9993
397.0 319.9 25.8 30.4 401.9 328.7 414.0 328.7 407.1 335.0 402.4 340.6 413.8 340.6 0.9992
320.1 380.6 53.9 81.1 330.3 412.8 354.9 412.8 339.6 429.0 333.4 443.4 351.5 443.6 0.9992
524.3 323.0 20.3 25.7 530.4 333.1 539.4 334.1 534.6 337.9 530.3 342.0 537.6 342.8 0.9991
645.6 388.9 27.9 38.2 651.9 401.8 664.5 401.7 657.9 407.9 653.2 414.8 664.1 414.7 0.9990
925.0 355.3 16.6 21.4 929.7 363.6 937.4 363.5 933.7 367.4 930.4 371.3 937.1 371.1 0.9989
976.6 350.2 19.9 27.4 982.0 361.3 991.0 360.9 986.9 365.8 983.4 371.1 990.5 370.8 0.9983
134.5 328.2 14.5 19.6 143.7 336.2 147.5 336.2 147.7 340.3 143.6 343.7 146.0 343.9 0.9978
55.3 330.4 11.8 15.4 62.9 336.3 65.3 336.0 65.7 339.5 62.7 342.5 64.1 342.4 0.9835
592.4 328.7 14.2 17.8 597.1 336.5 603.4 336.5 600.5 340.2 597.7 343.4 602.5 343.5 0.9685
49.5 353.5 10.4 15.4 55.9 359.2 58.2 359.4 58.4 362.3 55.7 365.3 57.4 365.6 0.9203
110.8 346.8 12.2 14.5 117.9 353.5 121.1 353.4 120.1 357.0 117.1 358.9 119.1 359.0 0.8983
182.5 346.8 10.3 13.4 184.4 351.7 188.1 351.6 185.6 354.5 185.1 357.4 187.9 357.3 0.7906
