10--People_Marching/10_People_Marching_People_Marching_2_30.jpg
17
451.8 252.7 54.4 69.5 469.4 274.0 493.0 275.8 481.6 284.1 470.8 300.3 489.1 301.7 0.9997
39.3 303.1 33.9 38.6 44.0 315.0 54.1 315.3 41.7 321.4 42.6 331.0 49.9 331.0 0.9996
655.0 328.0 32.9 35.0 664.0 346.7 679.5 346.9 671.7 356.1 665.4 356.9 677.4 357.1 0.9993
911.8 309.9 34.3 43.9 931.0 328.0 942.3 326.3 942.7 335.4 933.4 344.2 941.0 343.3 0.9991
15.2 310.3 12.5 16.4 22.1 316.3 25.6 315.3 26.1 318.8 23.6 322.6 26.2 322.1 0.9987
764.0 314.3 15.7 23.8 774.6 322.1 776.6 322.3 778.7 327.0 774.8 331.9 776.6 332.4 0.9979
248.2 305.2 10.2 13.8 252.9 310.9 256.7 310.6 255.8 313.5 253.6 316.0 256.5 315.9 0.9974
875.1 308.1 18.4 22.7 878.7 315.9 887.3 315.9 882.1 319.4 879.2 324.7 886.4 324.6 0.9962
289.4 317.3 8.8 12.5 294.5 322.0 296.6 321.4 297.1 324.1 295.4 326.9 296.8 326.6 0.9924
164.3 267.5 27.7 50.1 186.2 284.0 187.4 283.4 192.1 293.5 186.3 304.9 187.0 304.6 0.9796
929.2 287.0 21.4 30.6 933.4 295.5 934.0 295.7 929.7 301.6 934.2 308.5 935.3 308.4 0.9706
235.0 311.5 7.7 10.6 238.0 315.4 240.7 315.3 239.9 317.5 238.4 319.7 240.4 319.6 0.9571
695.4 317.1 11.9 14.2 698.0 320.7 702.7 321.4 699.4 324.4 698.0 327.6 701.6 328.0 0.9414
92.2 303.6 11.9 14.8 96.4 309.7 101.3 309.4 99.5 312.4 97.3 315.4 101.2 315.2 0.9059
801.7 295.4 17.9 30.3 805.4 306.4 807.5 306.8 803.4 312.1 805.8 318.0 807.2 318.0 0.8833
633.0 302.3 7.7 9.6 634.6 305.7 637.6 305.9 635.5 307.7 634.7 309.6 637.1 309.7 0.8109
653.5 298.7 10.5 12.8 655.3 304.0 658.4 304.0 655.7 306.3 655.8 308.6 658.0 308.5 0.6734
