10--People_Marching/10_People_Marching_People_Marching_2_532.jpg
24
673.9 531.5 77.3 86.5 698.5 563.7 731.5 558.9 720.7 577.9 709.0 597.6 733.8 593.6 0.9997
318.3 709.7 32.6 44.1 323.1 727.9 337.0 727.7 327.7 736.6 325.2 744.3 335.2 744.1 0.9995
91.8 732.5 55.6 72.4 125.5 757.7 125.5 756.1 143.6 765.3 139.9 784.8 139.3 784.9 0.9994
465.9 769.7 32.1 43.2 469.9 786.5 479.5 787.3 469.8 795.3 472.4 802.8 479.2 803.1 0.9993
162.5 249.1 95.1 132.8 172.7 298.9 202.6 300.2 172.2 327.9 181.3 352.0 202.2 352.1 0.9992
592.1 148.7 17.6 23.7 595.2 157.9 602.7 158.0 597.7 162.4 595.8 166.9 601.8 166.9 0.9992
669.1 162.4 18.1 22.5 674.9 171.4 683.1 170.9 679.6 175.7 676.3 179.8 682.7 179.5 0.9991
633.5 116.5 16.4 20.1 639.8 124.0 646.7 125.0 643.6 128.3 639.6 131.5 645.0 132.3 0.9991
725.9 184.3 17.7 20.0 735.2 192.5 740.5 193.9 738.0 197.8 732.6 199.7 736.4 201.0 0.9987
717.3 151.7 17.9 22.7 722.9 161.4 730.9 160.0 728.0 165.4 725.1 170.0 731.3 169.0 0.9986
59.9 186.6 13.6 17.0 64.7 193.6 70.5 193.2 68.4 196.6 65.8 199.9 70.5 199.7 0.9972
668.5 110.5 13.4 18.1 674.9 117.6 679.4 116.6 679.5 120.3 677.1 124.5 680.3 123.9 0.9971
512.3 165.0 15.1 21.6 518.3 173.3 525.0 173.3 522.7 177.2 518.9 181.3 524.5 181.4 0.9943
36.7 178.0 12.1 15.6 40.0 183.9 45.1 184.0 42.3 187.0 40.4 189.9 44.5 189.9 0.9940
23.7 167.6 10.3 13.6 27.2 173.1 31.7 173.2 29.6 175.6 27.4 177.9 31.0 178.1 0.9933
832.5 136.9 20.1 24.4 842.3 146.4 850.4 145.5 849.2 151.7 844.8 157.0 849.8 156.5 0.9931
933.7 128.7 26.7 39.0 951.6 143.6 956.0 142.4 959.1 151.4 952.1 159.4 954.7 159.0 0.9915
573.6 149.3 18.9 31.4 583.7 158.2 589.0 157.9 589.8 164.4 584.9 172.0 589.4 172.1 0.9912
954.1 156.3 19.0 23.5 958.1 168.0 966.3 167.2 962.0 171.9 959.9 176.1 965.8 175.4 0.9887
484.6 854.5 20.7 35.4 499.3 866.2 501.6 865.5 504.9 873.0 499.3 880.7 501.1 880.7 0.9850
30.7 215.1 12.2 13.9 35.6 220.2 40.7 220.0 39.0 223.6 36.5 226.5 40.3 226.4 0.9850
770.3 159.6 19.3 25.5 1.5 955.5 13.2 955.9 8.2 962.1 3.0 968.6 11.4 969.0 0.9552
627.6 215.7 14.5 16.9 773.9 172.0 780.4 170.6 776.9 176.4 777.3 180.9 782.2 179.7 0.9540
116.9 185.6 12.4 14.0 631.2 223.4 638.3 222.0 635.8 225.7 634.0 229.5 639.2 228.4 0.6054
