10--People_Marching/10_People_Marching_People_Marching_10_People_Marching_People_Marching_10_People_Marching_People_Marching_10_493.jpg
22
579.9 341.9 28.7 32.6 588.5 353.2 600.3 353.7 594.2 360.6 589.0 365.8 598.7 366.1 0.9998
243.3 350.4 26.4 33.0 248.5 362.4 260.8 362.2 253.8 369.0 250.2 375.7 259.9 375.4 0.9995
376.3 328.0 27.5 32.5 381.5 341.1 393.7 340.0 387.1 347.6 384.3 353.5 393.5 352.5 0.9994
791.2 316.8 13.5 15.4 795.3 321.7 801.1 321.6 798.3 325.3 796.0 328.3 800.4 328.2 0.9993
760.8 309.2 13.5 17.5 765.4 316.5 771.3 316.4 768.8 319.7 766.1 323.0 770.6 322.9 0.9989
860.6 308.4 13.9 16.2 862.1 314.0 865.1 314.1 861.9 318.2 864.3 321.1 866.2 320.9 0.9985
639.5 308.9 10.5 13.9 642.6 314.7 647.2 314.2 645.2 317.1 643.5 319.8 647.3 319.4 0.9982
697.0 325.5 14.3 16.9 701.0 330.7 706.9 330.5 704.0 334.4 702.0 337.9 706.6 337.7 0.9981
829.7 310.2 10.9 15.6 832.6 317.0 837.5 317.1 835.0 320.2 833.1 322.6 837.0 322.7 0.9981
742.2 307.9 12.1 14.4 746.1 315.0 751.4 315.0 748.9 318.1 746.5 320.1 750.3 320.1 0.9977
677.4 371.4 15.7 19.1 679.9 379.0 685.3 379.1 681.4 383.1 681.4 386.5 685.2 386.4 0.9975
111.5 319.0 11.4 13.3 114.0 324.1 118.3 323.8 115.9 327.1 115.4 329.6 118.6 329.3 0.9964
730.6 354.9 15.4 18.5 733.6 361.5 740.7 361.6 736.7 365.8 734.6 369.3 739.9 369.3 0.9959
528.1 348.4 20.1 25.4 530.5 358.4 537.0 358.6 531.6 364.0 532.3 368.5 536.6 368.4 0.9945
171.9 309.6 11.7 15.8 175.5 316.5 180.9 316.2 178.7 319.5 176.5 322.5 180.8 322.3 0.9811
757.4 358.0 11.8 14.5 759.3 363.2 762.8 363.8 759.2 366.8 759.4 369.8 761.7 370.0 0.9687
293.1 311.4 6.5 7.8 294.9 314.1 298.0 314.2 296.5 315.8 295.1 317.4 297.6 317.4 0.8498
624.4 367.3 13.2 15.4 628.4 372.6 634.2 372.6 631.5 376.0 629.0 379.1 633.5 379.1 0.8479
827.1 372.0 10.9 12.9 829.9 378.2 835.0 378.5 832.2 381.1 830.3 382.9 833.9 383.1 0.8396
779.0 307.2 10.2 13.3 781.2 312.1 785.3 312.2 782.6 315.0 781.7 317.7 784.8 317.7 0.8224
802.9 297.4 11.6 13.1 804.5 302.2 808.6 302.2 805.7 305.6 805.8 307.7 808.5 307.6 0.8054
303.0 312.8 7.0 8.1 305.0 316.0 307.8 316.2 306.2 317.9 305.0 319.4 307.2 319.5 0.5348
