10--People_Marching/10_People_Marching_People_Marching_10_People_Marching_People_Marching_10_People_Marching_People_Marching_10_426.jpg
30
732.5 192.1 17.5 20.1 743.0 200.8 747.0 202.3 745.4 206.6 739.5 207.8 742.0 209.2 0.9998
225.2 183.4 21.0 27.8 230.6 193.8 240.6 193.4 235.8 199.2 231.7 204.1 240.2 203.7 0.9995
422.0 181.1 24.5 31.7 429.5 193.5 441.2 193.5 436.1 199.6 430.9 205.4 440.0 205.4 0.9989
840.6 186.6 16.0 21.7 849.3 195.6 854.5 195.0 854.2 199.5 849.7 203.2 853.9 203.0 0.9984
324.2 193.2 23.5 27.3 330.1 199.8 341.3 200.7 334.9 205.3 330.2 211.6 339.6 212.3 0.9982
59.1 186.4 16.9 21.1 62.7 194.8 70.3 194.7 65.8 198.7 63.4 202.6 69.4 202.6 0.9981
288.7 165.9 19.4 24.9 295.0 174.1 303.7 174.5 299.4 178.1 295.5 183.7 302.5 184.1 0.9980
746.3 208.7 17.0 20.3 749.6 218.1 756.6 215.4 754.0 221.0 753.7 225.6 758.7 223.5 0.9980
878.5 176.4 12.9 18.7 882.3 183.5 888.5 182.9 886.2 186.5 883.5 190.3 888.8 189.8 0.9968
200.1 176.4 14.0 18.8 203.4 183.0 210.2 182.3 207.1 186.6 204.8 190.7 210.0 190.1 0.9967
617.0 183.1 19.1 25.7 623.8 193.3 632.7 193.6 628.8 199.0 624.4 203.2 631.2 203.5 0.9965
675.4 180.6 14.0 18.9 679.1 188.1 685.8 187.5 683.0 190.9 680.3 194.8 685.9 194.3 0.9963
932.0 221.5 19.1 23.4 939.0 228.5 947.5 227.8 944.6 233.9 940.2 238.7 947.2 238.3 0.9961
560.2 167.6 11.4 14.5 563.4 172.8 568.8 172.2 566.6 175.1 564.5 178.4 568.7 178.0 0.9960
888.2 222.9 15.9 19.4 892.7 229.6 900.3 230.9 896.0 234.5 892.4 237.8 898.0 238.8 0.9953
797.6 185.9 19.0 23.3 801.5 191.9 809.3 193.0 803.5 196.9 800.9 201.7 807.6 202.5 0.9951
583.7 66.1 20.9 25.2 591.8 74.6 600.9 75.0 597.8 77.9 592.9 83.5 600.5 83.8 0.9943
107.4 229.6 15.5 16.0 110.3 237.3 115.8 235.4 113.4 240.2 113.8 243.3 117.7 241.7 0.9943
486.0 175.5 17.7 22.6 491.1 182.8 498.7 182.0 495.7 186.3 492.5 191.1 499.2 190.5 0.9917
359.7 172.1 9.7 12.1 364.1 176.2 368.0 176.1 366.9 178.8 364.7 181.1 367.7 181.1 0.9827
536.0 175.0 16.7 21.6 540.1 182.5 547.8 181.8 544.3 186.7 541.9 191.7 548.2 191.1 0.9778
164.8 192.9 19.2 22.9 170.0 199.6 178.6 199.6 174.2 204.5 170.8 209.5 177.7 209.5 0.9758
329.0 171.3 9.5 11.3 331.4 175.7 336.0 175.4 334.0 177.6 332.4 180.1 335.8 179.9 0.9748
757.3 166.6 10.6 19.0 759.5 174.4 759.7 174.6 757.4 178.2 760.2 181.9 760.2 181.7 0.9745
720.4 173.6 12.8 15.5 725.1 178.5 730.1 178.3 727.9 182.2 725.4 185.2 729.1 185.1 0.9459
864.2 263.2 13.3 19.9 872.4 270.4 873.1 269.4 876.0 273.2 874.5 278.0 874.9 277.5 0.9317
957.0 174.0 14.1 19.0 958.9 179.9 962.3 180.9 957.9 184.5 959.0 188.2 961.5 188.7 0.9270
659.8 174.1 9.7 14.3 661.4 180.1 664.8 180.2 662.2 183.5 662.2 186.2 664.5 186.1 0.7580
394.6 162.6 9.8 12.7 397.9 166.8 402.0 166.4 400.3 169.3 398.8 172.1 402.0 171.8 0.6974
748.7 164.6 15.9 21.6 752.0 174.2 757.9 174.8 753.6 179.5 753.1 183.0 757.1 183.3 0.6589
