10--People_Marching/10_People_Marching_People_Marching_2_1015.jpg
11
511.2 331.2 79.7 83.6 549.8 355.7 574.7 373.3 558.4 382.3 531.2 382.4 554.6 397.3 0.9998
669.1 190.6 65.2 80.6 693.5 220.1 722.7 226.0 708.8 238.0 688.3 246.9 715.0 252.1 0.9998
524.4 184.0 60.2 80.4 541.4 216.9 570.5 213.0 558.9 230.8 545.2 242.6 572.3 239.5 0.9998
154.5 98.5 75.0 104.7 189.2 137.1 217.8 148.2 206.2 163.5 178.3 170.9 204.7 180.5 0.9997
818.0 203.0 54.7 71.9 838.3 230.5 862.8 233.2 852.5 243.0 836.0 253.2 859.3 255.7 0.9997
324.2 178.6 65.6 90.7 349.0 212.2 378.6 216.6 365.8 230.5 344.1 241.4 372.7 245.4 0.9996
238.1 156.8 72.5 102.0 268.1 193.7 299.0 197.8 287.0 218.2 262.2 228.0 291.4 232.0 0.9996
983.0 256.3 38.5 55.0 1008.1 279.5 1016.2 278.6 1018.2 288.3 1008.1 298.7 1013.7 298.4 0.9995
896.8 254.8 48.4 62.8 914.6 282.3 935.4 282.0 927.3 293.3 915.6 301.1 934.7 300.8 0.9993
917.3 245.0 41.6 58.5 934.3 270.2 950.8 268.4 946.6 278.5 937.5 288.0 952.5 286.9 0.9981
418.1 376.7 57.5 78.5 443.4 408.6 466.8 408.0 461.2 419.6 449.2 436.6 466.1 436.1 0.9975
