10--People_Marching/10_People_Marching_People_Marching_10_People_Marching_People_Marching_10_563.jpg
14
446.6 249.9 27.0 34.9 454.4 263.4 467.4 263.5 461.4 269.9 454.8 274.3 467.4 274.4 0.9994
397.5 202.8 27.6 33.4 404.3 215.4 417.4 215.0 410.8 222.0 405.5 227.2 417.1 226.8 0.9994
619.1 198.8 25.9 32.9 626.6 210.1 639.2 211.1 633.1 216.8 626.3 221.5 638.1 222.3 0.9993
543.7 173.2 24.2 32.8 549.1 184.5 560.8 183.8 554.8 191.2 550.1 196.4 561.2 195.8 0.9993
368.9 275.8 29.6 37.2 376.9 290.7 391.0 290.7 384.0 298.0 377.3 302.6 390.2 302.6 0.9992
692.0 242.2 28.0 35.1 699.6 252.9 713.3 253.4 706.4 260.8 699.3 265.6 712.1 266.0 0.9992
447.5 164.2 25.8 33.9 454.3 175.8 466.5 175.4 460.8 181.8 455.3 188.0 466.5 187.7 0.9992
646.5 147.5 24.1 34.8 651.2 162.8 662.7 161.3 656.7 168.2 652.9 173.9 663.4 172.5 0.9992
358.0 144.1 24.4 34.0 365.6 156.6 377.3 157.3 371.8 163.4 365.0 168.1 376.0 168.8 0.9991
309.1 249.9 27.7 32.5 317.3 262.7 330.8 263.5 324.1 269.8 316.9 273.4 328.9 274.1 0.9991
559.5 249.7 28.6 36.2 566.5 262.4 580.6 261.9 573.8 270.3 568.0 275.8 580.4 275.4 0.9990
273.0 215.5 25.8 31.5 279.4 227.7 292.1 227.0 286.1 233.5 280.6 238.0 292.5 237.4 0.9990
632.1 269.7 28.6 38.1 639.2 284.3 653.5 284.5 646.3 291.2 639.3 296.5 652.7 296.8 0.9989
723.0 201.9 23.5 33.6 728.9 215.1 740.5 215.7 734.4 222.0 728.8 225.7 740.3 226.1 0.9988
