10--People_Marching/10_People_Marching_People_Marching_10_People_Marching_People_Marching_10_People_Marching_People_Marching_10_364.jpg
12
350.4 421.1 15.1 22.7 354.9 428.6 356.2 429.8 351.2 432.5 352.8 437.1 353.8 437.7 0.9995
139.8 403.2 17.4 24.2 151.0 413.1 154.6 412.7 156.3 417.2 151.6 421.9 154.0 421.8 0.9994
667.8 382.8 17.7 26.2 670.9 392.3 673.8 393.3 668.0 397.6 670.6 402.4 672.5 402.9 0.9994
902.4 396.1 21.3 26.2 904.2 406.2 912.4 406.1 905.2 410.2 904.6 415.7 910.9 415.5 0.9992
702.8 412.9 13.1 18.8 704.2 419.8 707.1 420.2 703.2 423.7 704.6 427.4 706.6 427.4 0.9992
535.7 398.7 17.5 25.2 539.5 407.6 542.1 408.2 536.4 412.0 538.2 417.4 539.9 417.5 0.9991
503.2 397.7 14.4 20.6 505.6 405.1 508.6 405.6 504.2 409.1 505.4 413.3 507.6 413.4 0.9991
399.4 397.0 11.9 19.6 401.7 404.1 402.9 404.3 399.6 407.9 401.6 411.9 402.5 411.9 0.9986
786.1 399.0 18.2 25.4 788.7 407.8 791.4 408.2 786.4 412.9 789.8 418.0 791.6 418.1 0.9985
639.0 400.8 13.6 19.6 641.0 407.9 642.5 408.6 639.0 412.2 641.6 415.8 642.5 416.1 0.9983
284.5 397.5 13.3 19.7 287.5 404.1 289.5 404.9 285.5 407.9 286.4 412.1 287.6 412.5 0.9962
888.1 414.2 12.5 16.3 816.4 427.1 820.1 427.6 817.4 430.4 816.3 433.2 819.1 433.6 0.9212
