10--People_Marching/10_People_Marching_People_Marching_10_People_Marching_People_Marching_10_People_Marching_People_Marching_10_860.jpg
24
14.9 218.5 133.4 220.8 112.8 304.5 114.2 298.2 156.0 335.0 130.6 386.0 128.7 382.4 0.9999
779.1 244.4 20.1 27.5 795.2 254.8 798.1 254.6 801.0 260.3 795.2 265.6 796.6 265.9 0.9998
105.8 353.9 92.9 160.2 178.1 412.0 177.7 411.7 202.6 438.4 178.3 470.7 175.8 471.7 0.9997
706.9 262.9 21.1 26.6 721.9 272.5 725.9 271.5 728.4 276.9 723.3 282.7 725.9 282.4 0.9997
638.7 252.6 22.7 26.4 650.5 262.4 656.1 260.1 659.2 264.8 656.2 272.0 659.7 270.3 0.9996
206.5 295.4 40.4 60.3 236.7 320.4 239.9 318.9 245.6 332.5 231.8 342.1 233.8 341.8 0.9995
299.1 251.0 39.5 52.2 322.6 267.4 327.7 266.0 335.4 273.5 330.0 287.3 333.8 287.0 0.9992
259.7 293.4 35.8 53.9 285.4 311.8 290.0 311.3 295.9 321.9 285.8 333.2 289.5 333.5 0.9991
436.8 243.0 27.5 41.7 456.9 257.5 459.2 257.9 464.5 264.8 457.3 273.5 458.9 274.1 0.9988
674.0 256.9 19.1 23.8 685.4 265.1 690.3 264.0 691.5 269.5 687.1 274.8 690.4 274.4 0.9987
480.2 268.5 24.0 34.9 496.3 281.6 500.4 280.5 503.9 287.0 498.2 294.9 500.9 294.3 0.9987
832.0 258.8 18.2 25.1 845.3 266.9 847.4 266.7 849.5 271.5 844.9 277.0 846.4 277.1 0.9986
854.9 256.9 18.1 23.4 865.7 266.3 871.1 265.7 870.8 271.1 865.7 275.4 869.3 275.2 0.9986
578.8 251.9 21.4 31.9 590.5 264.6 597.5 264.5 596.4 270.1 590.9 275.9 596.5 276.0 0.9984
390.7 259.0 26.3 40.0 409.8 275.4 413.5 275.2 416.5 282.3 408.6 289.6 411.1 289.8 0.9983
537.0 260.7 25.4 37.2 554.5 273.4 558.4 274.3 561.8 279.9 555.7 287.8 558.3 288.7 0.9976
158.4 335.8 48.7 71.5 182.5 363.5 202.7 363.7 198.8 379.1 185.7 392.1 200.0 392.0 0.9976
884.3 262.5 18.6 23.7 890.9 271.8 898.3 270.9 896.0 275.9 892.6 280.8 898.5 280.3 0.9974
571.4 271.7 18.7 27.1 584.8 280.7 586.6 280.2 590.4 285.3 585.9 291.5 587.1 291.5 0.9926
527.6 259.8 23.1 31.1 545.5 271.2 549.5 270.9 551.8 277.1 545.4 283.3 548.4 283.6 0.9855
317.5 262.2 28.2 44.8 334.2 276.7 338.7 275.6 343.5 283.5 335.8 293.1 340.4 292.8 0.9479
797.8 271.9 16.2 21.9 806.7 280.6 812.2 280.1 811.4 285.1 807.5 289.0 811.6 288.8 0.9217
490.5 261.3 18.9 25.8 500.2 270.5 505.6 269.4 506.0 275.3 501.7 281.1 505.7 280.6 0.8886
732.3 273.9 13.2 17.6 740.0 281.5 743.2 280.8 743.9 284.3 740.9 287.9 743.1 287.5 0.7468
