24--Soldier_Firing/24_Soldier_Firing_Soldier_Firing_24_442.jpg
15
353.1 316.3 13.5 15.8 356.1 321.3 361.8 321.2 358.7 325.1 357.0 328.1 361.4 328.0 0.9983
443.5 298.0 13.8 18.1 452.0 304.4 455.7 304.3 455.9 308.1 452.4 311.7 454.9 311.8 0.9960
639.5 309.0 14.7 18.7 644.0 314.7 651.0 314.9 647.7 318.9 644.5 322.7 650.1 322.9 0.9951
221.4 294.8 15.0 17.8 225.1 300.3 231.7 300.1 228.3 304.0 226.2 307.9 231.4 307.7 0.9932
256.2 299.2 15.0 17.5 259.7 304.4 267.0 304.3 263.1 308.4 260.7 312.4 266.1 312.4 0.9925
151.1 286.8 15.3 18.1 158.5 293.0 164.1 294.5 161.3 297.8 157.2 300.5 161.1 301.8 0.9870
686.9 315.4 13.9 16.4 691.6 321.5 698.0 321.5 695.2 325.3 692.6 328.3 697.3 328.3 0.9743
470.4 307.9 11.6 15.7 473.3 314.4 478.1 314.4 475.4 317.6 473.8 320.5 477.6 320.5 0.9683
507.7 312.4 12.3 17.1 515.3 318.7 517.8 318.1 518.2 322.2 515.8 325.7 517.6 325.4 0.9425
615.6 312.9 14.6 17.2 619.2 319.5 625.8 318.7 622.8 323.2 620.8 326.7 625.9 326.0 0.9362
302.4 309.9 16.3 19.5 306.6 317.7 314.0 317.2 310.6 322.1 308.2 325.8 313.7 325.4 0.9172
385.2 314.0 11.0 14.0 387.2 318.7 391.2 319.1 387.9 322.1 387.5 325.1 390.4 325.2 0.8939
593.8 317.6 15.1 17.9 601.0 323.4 606.7 323.2 605.2 327.5 601.8 331.2 605.8 331.2 0.8890
107.2 317.9 15.2 18.2 113.0 325.2 119.3 325.1 116.5 329.5 113.4 332.7 117.8 332.7 0.7750
763.9 323.1 14.3 18.5 768.7 329.7 773.6 329.7 771.3 334.0 769.2 337.7 772.7 337.7 0.7585
