24--Soldier_Firing/24_Soldier_Firing_Soldier_Firing_24_730.jpg
13
591.9 247.8 41.0 44.3 601.1 263.4 620.0 263.4 609.7 274.5 604.1 282.1 618.0 282.1 0.9997
450.3 222.9 42.7 48.0 462.6 236.1 482.2 239.0 470.9 248.2 462.0 257.0 476.7 259.4 0.9996
159.4 221.1 47.2 57.1 173.9 240.4 195.5 240.8 185.2 254.3 176.5 264.8 192.1 265.1 0.9996
898.1 238.4 45.4 56.8 907.8 260.1 928.0 257.8 917.8 271.3 913.3 282.7 928.2 280.7 0.9996
526.2 230.4 35.8 38.6 537.5 241.4 553.5 243.6 544.9 250.3 537.3 257.8 549.6 259.5 0.9996
234.1 207.2 40.3 43.2 245.5 220.5 264.7 222.3 254.7 228.1 246.1 237.8 261.1 239.3 0.9995
348.9 235.0 47.9 53.2 367.5 250.1 388.9 252.7 379.6 263.7 367.4 273.4 383.6 275.5 0.9995
599.9 462.6 49.3 53.5 615.8 478.2 637.9 480.5 626.6 493.0 616.4 501.7 632.7 503.6 0.9993
769.9 229.4 38.9 43.3 778.7 240.1 796.4 241.9 785.1 251.1 778.4 259.1 792.7 260.6 0.9992
693.3 215.0 37.7 41.5 701.0 227.7 718.9 227.9 708.6 238.9 702.9 245.8 716.8 246.0 0.9992
417.1 248.4 15.8 19.8 418.9 254.7 423.8 255.0 419.1 259.0 419.7 263.2 423.3 263.1 0.9964
51.8 251.4 21.2 24.5 62.7 259.0 70.1 258.8 68.9 264.5 63.7 269.8 69.1 269.9 0.9953
497.2 243.5 13.9 16.4 500.4 248.6 506.2 248.4 503.1 252.2 501.5 255.9 505.9 255.7 0.9509
