8--Election_Campain/8_Election_Campain_Election_Campaign_8_320.jpg
44
821.9 357.5 41.5 60.6 829.5 377.7 833.6 378.4 821.3 389.7 832.3 402.1 835.2 401.8 0.9998
428.8 417.9 40.7 57.6 455.6 442.9 463.8 440.4 468.5 451.9 455.1 463.3 460.6 462.0 0.9996
110.4 320.0 13.3 17.1 117.6 326.6 122.1 327.1 120.9 330.1 117.2 332.9 120.7 333.4 0.9996
60.4 424.3 55.9 66.9 84.5 452.1 107.8 452.7 99.4 467.4 83.6 476.1 101.7 477.0 0.9995
292.3 341.8 35.3 43.2 305.6 358.4 320.9 355.9 318.1 363.8 310.9 373.9 323.5 371.9 0.9995
765.8 369.7 33.4 43.7 771.2 381.3 776.4 382.5 765.6 390.2 770.7 400.7 774.1 401.2 0.9995
116.1 367.4 23.8 29.5 129.8 378.1 135.6 376.9 138.2 382.6 133.4 389.4 137.1 388.8 0.9995
993.8 309.3 17.6 21.9 995.5 318.0 1002.0 318.9 996.3 322.7 996.1 326.2 1000.6 326.8 0.9993
206.6 394.3 55.1 70.2 218.7 421.9 243.8 421.1 230.2 433.4 222.5 447.8 241.3 447.1 0.9993
997.4 344.1 20.9 27.0 1000.3 353.5 1003.7 354.2 997.4 359.2 1000.9 364.7 1003.0 364.9 0.9992
22.4 383.5 35.1 41.2 39.3 402.7 53.1 400.5 50.9 410.3 42.4 417.7 51.5 416.3 0.9991
417.3 341.6 15.2 24.0 428.4 349.1 429.1 348.6 432.7 353.5 428.9 359.2 429.4 359.3 0.9991
934.6 344.2 32.1 36.1 946.2 354.8 958.8 362.2 948.7 364.4 940.3 367.8 950.0 373.7 0.9986
338.6 362.2 21.7 28.8 351.2 372.3 355.3 371.0 358.3 376.2 354.3 383.5 357.1 382.6 0.9986
705.6 276.6 17.5 20.1 711.9 283.7 719.8 283.7 716.6 288.5 713.0 292.3 718.6 292.4 0.9982
448.1 338.1 15.9 18.7 457.7 344.4 462.2 344.2 461.9 348.4 457.4 352.0 460.9 352.2 0.9981
924.5 309.5 16.4 19.9 930.2 317.3 937.6 317.1 934.8 320.2 931.6 324.6 937.2 324.4 0.9980
33.5 336.2 25.5 26.8 40.6 346.6 52.0 344.9 47.6 349.7 44.0 356.6 52.6 355.3 0.9980
790.0 316.3 12.7 15.6 793.6 321.8 799.3 321.6 796.5 324.3 794.3 327.8 798.8 327.7 0.9978
215.6 349.1 14.0 15.1 221.9 354.0 227.4 353.7 225.8 357.3 222.7 360.5 226.8 360.3 0.9977
134.7 353.7 19.2 25.9 146.6 361.6 149.0 360.5 152.7 365.6 149.7 372.3 151.5 371.8 0.9971
958.2 324.1 15.3 19.0 962.7 331.2 968.8 331.2 965.7 334.8 963.6 338.4 968.2 338.4 0.9966
169.4 343.9 17.2 19.0 176.4 350.9 183.5 351.4 180.7 355.5 176.8 358.5 181.8 358.9 0.9963
583.0 325.2 12.7 16.2 585.4 331.0 591.0 331.0 587.6 334.4 586.0 337.5 590.5 337.4 0.9962
898.5 317.5 12.9 15.8 902.6 323.6 908.2 324.0 905.3 326.8 902.7 329.6 906.9 330.0 0.9939
0.0 431.7 31.6 75.9 -19.1 459.4 -0.7 462.0 -20.2 473.4 -22.1 488.4 -9.1 490.1 0.9936
643.5 310.8 22.7 29.8 650.0 321.8 660.9 321.0 656.3 327.1 651.3 332.3 661.0 331.7 0.9916
224.3 323.2 8.9 10.8 227.6 327.3 231.3 327.3 229.9 329.6 227.9 331.7 230.9 331.8 0.9910
517.8 112.2 17.9 21.6 524.0 120.6 532.1 119.6 529.4 123.6 525.6 128.2 532.6 127.5 0.9896
572.8 349.9 16.8 28.7 585.5 358.5 585.6 358.4 589.5 363.9 585.9 370.3 586.4 370.6 0.9881
678.8 97.1 9.4 12.2 681.1 102.2 685.4 101.3 683.7 104.0 682.4 106.8 685.8 106.1 0.9864
231.8 337.0 9.5 11.9 234.7 342.1 238.9 341.6 237.3 344.2 235.7 346.5 239.0 346.1 0.9854
769.8 334.1 11.7 12.2 771.7 338.1 776.9 338.1 773.5 340.9 772.2 343.4 775.9 343.4 0.9797
508.8 331.8 14.2 21.9 519.3 339.1 519.7 338.5 522.7 343.0 519.9 348.0 520.2 347.9 0.9668
185.4 332.3 10.5 14.0 190.9 338.5 194.6 338.0 194.3 341.1 192.1 343.9 194.5 343.7 0.9575
159.5 399.2 17.8 31.0 173.2 408.8 173.7 407.8 176.9 414.3 173.2 422.0 173.6 421.3 0.9543
997.7 222.2 8.7 10.0 999.7 226.2 1003.1 226.4 1000.8 228.4 999.9 230.2 1002.5 230.4 0.9406
904.6 339.4 21.5 29.2 911.2 349.1 919.1 348.5 915.8 354.9 912.7 361.1 919.2 360.6 0.9176
212.0 332.1 9.5 10.3 621.8 206.1 627.6 205.9 625.0 209.3 622.6 212.2 627.1 212.1 0.9102
703.5 418.2 11.6 15.6 215.0 335.8 219.3 335.7 217.5 338.2 215.6 340.1 218.7 340.1 0.9013
263.6 327.4 8.0 9.6 707.4 425.2 712.3 423.7 711.1 427.6 709.5 430.8 713.4 429.6 0.8850
758.8 347.1 12.4 15.0 266.1 331.0 269.6 330.7 268.3 332.8 266.9 334.7 269.6 334.5 0.8471
934.3 335.7 18.1 22.4 219.7 403.1 235.9 404.1 230.2 415.4 219.0 420.7 231.7 421.5 0.8396
81.3 352.3 11.3 17.2 761.3 350.8 763.9 352.0 759.6 354.3 759.9 357.6 761.6 358.3 0.8339
