8--Election_Campain/8_Election_Campain_Election_Campaign_8_275.jpg
9
562.3 74.0 77.7 102.2 574.9 111.5 610.4 109.8 586.5 131.0 579.8 152.7 606.0 151.6 0.9999
423.4 120.8 75.5 94.5 448.4 155.7 482.7 163.8 462.1 181.0 443.6 191.5 468.6 198.5 0.9998
626.7 230.7 71.9 99.4 639.4 266.1 672.4 269.2 648.3 286.9 639.2 304.6 665.3 307.4 0.9998
901.8 50.1 86.1 101.4 915.9 84.2 951.7 87.6 923.7 104.3 914.6 124.4 941.4 127.6 0.9997
489.5 274.0 73.1 92.3 498.2 312.1 528.5 311.3 505.8 330.7 502.7 348.3 523.3 347.9 0.9997
709.2 132.4 71.1 91.6 684.7 153.7 711.9 157.8 688.4 177.4 686.7 194.6 704.5 197.4 0.9996
430.5 213.6 71.8 102.8 718.7 162.3 743.2 164.9 720.5 181.1 719.1 199.0 736.3 201.3 0.9996
863.8 282.1 82.0 92.9 451.4 254.7 484.5 256.9 467.3 275.3 451.8 291.7 477.6 293.7 0.9993
496.7 124.3 68.8 87.4 883.9 319.9 916.1 312.2 903.3 338.4 900.0 356.1 922.7 349.4 0.9988
