8--Election_Campain/8_Election_Campain_Election_Campaign_8_145.jpg
71
7.8 424.5 80.5 90.5 29.9 461.8 66.4 454.5 53.5 480.9 40.5 495.1 70.8 488.8 0.9997
20.3 310.3 45.1 55.7 44.4 333.4 54.9 327.2 62.6 338.3 56.1 352.5 63.2 348.2 0.9997
890.2 209.4 36.6 47.9 894.8 226.3 903.9 228.4 891.7 237.1 895.8 245.8 901.7 246.9 0.9997
689.0 300.4 63.5 80.6 715.7 336.6 742.6 335.3 733.7 350.8 718.9 364.1 739.7 363.1 0.9996
558.2 59.8 18.7 20.6 564.7 66.3 573.2 66.0 569.9 70.2 565.9 74.6 572.9 74.3 0.9996
508.6 345.8 76.8 84.8 534.2 376.2 569.5 374.2 557.8 393.5 542.5 409.9 568.9 408.0 0.9996
949.3 242.8 49.3 52.9 959.8 260.5 982.3 260.4 969.2 271.6 961.8 281.8 979.4 281.6 0.9995
306.4 209.6 24.1 28.2 314.5 218.9 325.7 218.3 321.4 224.1 316.6 230.7 325.2 230.2 0.9995
28.6 245.9 32.2 33.6 42.2 257.1 55.5 254.5 53.7 261.4 47.2 270.8 57.3 268.9 0.9995
702.5 454.6 85.2 89.7 726.1 494.9 766.0 491.7 748.3 517.9 730.9 523.6 763.3 521.2 0.9995
88.4 262.9 39.4 48.1 99.2 281.9 117.6 282.7 108.0 291.4 99.4 298.2 115.2 299.0 0.9994
395.0 323.2 62.4 67.5 407.3 348.2 434.1 342.7 421.7 362.1 418.0 376.5 437.3 371.8 0.9994
192.9 264.4 34.0 41.6 211.4 278.8 223.2 276.8 223.1 286.5 215.0 296.6 223.0 295.3 0.9993
507.8 197.7 22.4 31.8 511.4 210.9 521.8 209.6 515.8 216.1 513.1 221.9 521.8 220.8 0.9993
998.6 209.3 24.1 42.8 1008.2 221.2 1025.0 224.1 1013.9 230.4 1006.4 239.3 1019.7 241.6 0.9992
909.5 125.5 14.1 19.1 911.3 133.0 914.0 133.3 910.4 137.0 912.6 140.3 914.4 140.3 0.9992
469.3 209.9 26.4 32.1 478.4 223.2 489.7 220.9 487.0 227.4 482.9 235.1 490.9 233.3 0.9991
463.3 55.1 17.2 19.7 471.9 61.4 478.5 61.7 476.7 66.1 472.0 69.7 477.0 70.1 0.9990
344.5 227.4 35.2 34.8 356.7 237.4 371.9 238.2 365.0 245.0 357.7 252.3 369.4 253.0 0.9990
596.3 209.1 30.9 35.2 608.2 221.4 621.7 221.5 617.1 228.0 610.3 235.7 620.5 235.8 0.9989
594.4 61.9 17.7 22.9 600.1 69.1 607.6 70.0 603.5 72.6 599.7 77.7 605.9 78.4 0.9989
354.9 181.5 19.5 22.6 362.3 191.1 370.4 190.3 367.8 194.4 364.1 199.1 370.2 198.5 0.9988
270.7 241.3 32.0 41.5 290.7 257.1 298.9 255.7 301.4 263.9 293.1 272.9 298.5 272.1 0.9988
437.3 47.7 18.1 19.7 441.2 56.2 448.5 53.5 445.7 58.9 444.7 63.7 450.4 61.5 0.9988
853.6 114.7 13.2 15.9 855.8 120.6 861.4 120.6 857.7 124.2 856.6 127.2 860.7 127.1 0.9987
485.8 53.6 17.6 19.2 490.4 60.1 498.0 59.3 494.5 63.2 492.1 67.9 498.0 67.3 0.9987
584.6 134.4 19.4 22.1 589.1 142.4 597.4 140.9 593.9 147.0 591.9 151.5 598.1 150.3 0.9985
684.0 215.1 29.4 30.7 691.6 223.7 705.4 223.1 698.4 230.5 693.3 237.7 703.9 237.2 0.9980
191.5 316.3 25.8 36.7 209.9 327.0 210.5 325.4 217.9 331.5 215.3 342.2 215.4 341.2 0.9977
740.1 208.2 22.5 29.1 743.6 216.7 749.4 217.5 741.6 222.4 743.0 228.9 747.3 229.1 0.9975
669.9 182.6 17.7 19.2 675.3 188.1 683.2 188.1 679.4 192.1 676.3 196.6 682.1 196.6 0.9970
580.4 52.0 14.4 17.2 585.8 58.3 592.1 58.1 589.8 61.5 586.8 65.2 591.5 65.2 0.9964
530.4 217.9 29.9 32.7 541.9 230.2 554.0 227.6 550.5 236.3 545.3 243.4 554.2 241.4 0.9953
765.2 110.8 8.8 11.1 767.0 115.3 771.0 115.5 768.6 117.4 767.3 119.4 770.2 119.6 0.9951
81.9 217.7 22.2 24.6 85.0 226.6 93.3 226.7 86.9 231.7 86.4 236.6 92.1 236.6 0.9939
336.4 178.6 13.8 16.3 339.8 183.7 346.6 183.5 343.3 186.4 340.7 190.6 345.9 190.5 0.9937
703.9 192.0 19.9 23.4 708.9 200.0 716.5 199.6 712.3 205.0 710.2 209.5 716.1 209.3 0.9933
148.0 190.2 11.6 13.7 150.8 195.7 155.9 195.0 153.6 198.1 152.3 201.1 156.0 200.5 0.9933
698.4 254.3 33.6 41.0 704.0 264.7 709.0 266.3 698.6 273.8 704.0 283.6 707.2 284.3 0.9930
783.3 193.5 17.3 22.5 786.9 202.2 793.9 203.9 788.0 207.8 785.9 211.3 790.7 212.5 0.9929
406.9 85.9 13.9 14.7 409.9 93.1 413.6 91.6 412.2 96.1 413.9 98.6 416.2 97.3 0.9928
112.0 191.5 14.0 16.8 118.1 198.1 123.6 196.8 123.0 200.4 120.7 204.7 124.6 203.8 0.9920
403.2 168.6 12.1 15.1 407.1 175.2 412.6 175.0 410.3 178.2 408.0 180.9 412.1 180.8 0.9919
846.8 196.7 23.4 29.2 849.9 204.7 858.2 205.1 850.7 211.5 850.8 218.1 856.9 218.1 0.9916
1.6 187.8 14.7 18.1 11.0 194.0 13.9 193.0 15.8 197.1 13.1 201.6 14.8 201.2 0.9906
830.1 218.6 22.5 33.9 847.6 229.3 849.6 228.1 852.7 236.2 846.9 244.1 848.2 243.6 0.9889
765.7 159.8 12.2 15.5 15.5 232.1 15.8 231.3 20.7 235.9 18.6 242.5 18.6 242.4 0.9878
698.9 165.5 11.2 12.1 769.2 165.5 774.5 165.7 771.7 168.7 769.5 171.5 773.6 171.7 0.9877
144.3 249.7 19.8 26.4 702.1 170.9 707.1 170.3 704.9 173.0 703.4 175.5 706.9 175.1 0.9822
452.1 192.6 23.5 27.8 915.3 180.9 925.1 182.0 919.2 186.1 915.4 190.3 922.5 191.1 0.9816
534.9 42.8 14.4 17.5 155.9 256.6 160.8 255.5 162.7 261.2 158.8 268.4 162.1 267.8 0.9808
364.1 197.3 20.7 25.4 461.0 201.2 470.7 200.9 467.1 205.8 462.5 212.2 469.9 212.0 0.9779
511.2 66.2 14.9 16.7 540.8 48.6 546.9 48.1 545.0 51.9 542.2 56.2 546.8 55.8 0.9752
953.2 167.2 21.5 29.9 368.4 206.5 376.8 207.5 371.1 211.3 368.7 216.1 375.0 216.7 0.9667
795.7 120.6 9.8 11.5 515.8 72.4 522.8 72.6 519.6 76.8 516.4 79.6 521.6 79.7 0.9636
806.6 130.6 10.1 11.8 958.2 175.4 965.3 175.7 957.9 180.3 956.4 188.0 962.4 188.0 0.9564
8.7 225.4 20.5 26.7 798.4 125.8 802.6 126.2 800.1 128.2 798.5 129.8 801.6 130.1 0.9557
578.8 228.3 22.5 38.3 808.7 134.8 812.8 134.8 810.3 137.4 809.3 139.9 812.5 139.8 0.9554
730.8 166.1 12.5 16.0 18.1 234.2 23.9 233.2 23.8 237.7 20.1 244.3 24.4 243.7 0.9491
415.2 223.9 23.8 30.8 595.4 242.6 596.4 241.7 600.4 248.4 597.0 257.2 597.7 256.6 0.9394
517.5 143.0 9.7 12.5 733.2 171.4 737.9 171.3 734.8 174.7 734.0 178.0 737.6 177.9 0.9316
234.1 243.6 22.5 34.0 427.8 234.5 433.7 231.9 436.4 238.5 432.3 246.7 436.5 245.2 0.9122
213.9 177.5 12.8 14.4 520.5 147.9 524.9 147.8 522.9 150.2 521.1 152.6 524.6 152.6 0.9108
119.7 244.6 23.3 30.4 242.9 253.4 251.9 253.5 248.7 259.8 243.3 267.5 250.7 267.7 0.8539
164.5 213.3 16.9 21.2 219.1 183.5 224.5 182.4 223.6 185.5 221.3 189.0 225.3 188.3 0.8229
17.3 228.0 17.4 21.0 66.4 224.8 69.9 225.4 66.1 228.9 66.8 232.1 69.3 232.3 0.8030
267.0 182.0 10.9 13.8 376.6 189.6 380.8 190.1 376.5 193.7 376.6 197.9 379.6 198.1 0.7846
606.7 87.0 13.0 17.7 829.6 149.0 836.3 148.8 833.3 152.8 830.6 157.0 835.9 156.8 0.7487
798.1 149.9 10.0 11.7 884.5 213.4 892.3 213.4 888.1 218.8 885.4 223.3 891.5 223.3 0.6867
205.9 201.6 13.7 18.6 130.7 255.7 138.8 253.7 138.5 259.6 134.6 267.3 141.1 266.0 0.6684
411.8 157.0 10.5 13.2 173.2 219.7 177.1 218.3 178.8 222.7 176.6 228.7 179.3 227.7 0.5561
