8--Election_Campain/8_Election_Campain_Election_Campaign_8_421.jpg
20
733.5 202.2 47.2 80.0 743.8 230.9 746.2 232.8 732.4 245.5 743.7 260.7 746.4 261.0 0.9998
668.5 142.7 38.5 62.5 677.5 163.1 679.0 165.3 668.3 174.4 675.2 187.8 676.3 188.7 0.9997
540.0 126.1 38.6 49.4 543.4 145.8 553.4 145.2 543.5 155.5 548.6 163.4 556.6 162.5 0.9994
469.1 137.2 35.0 43.2 475.9 156.2 491.2 154.2 483.2 164.7 480.1 170.1 493.6 168.3 0.9994
9.3 130.2 33.6 39.1 19.5 148.0 34.6 144.6 29.6 153.3 24.8 161.8 36.0 159.1 0.9993
797.2 139.0 19.6 23.9 800.7 147.2 809.3 148.0 803.3 151.2 800.7 156.1 807.4 156.7 0.9988
663.8 119.2 22.5 29.7 666.5 132.1 674.6 130.4 668.9 137.0 669.8 142.6 676.0 141.1 0.9988
440.6 137.9 22.9 26.7 448.5 146.8 458.8 146.6 454.6 153.3 450.0 158.3 457.6 158.0 0.9985
217.4 119.8 24.2 33.1 226.0 132.5 236.5 130.6 234.0 136.9 229.8 145.4 237.4 144.0 0.9984
492.2 110.0 21.8 26.2 496.9 119.1 504.9 119.5 499.6 124.0 497.7 129.1 504.1 129.3 0.9974
598.5 147.5 29.8 49.3 603.7 165.5 604.9 165.7 598.2 174.9 606.1 184.5 607.0 184.2 0.9971
185.9 96.3 17.0 28.0 189.9 104.9 190.6 105.1 186.7 110.7 189.6 117.1 190.1 117.1 0.9964
104.2 134.6 30.3 35.8 112.5 151.0 126.6 150.9 119.8 158.8 114.8 164.1 124.5 164.0 0.9963
281.9 240.4 34.5 59.9 308.5 263.1 308.9 262.1 315.3 270.9 311.4 285.2 311.7 284.9 0.9952
368.4 135.4 30.7 35.8 376.9 151.2 389.4 149.0 384.9 157.0 381.6 163.7 390.4 162.0 0.9761
393.0 99.0 18.6 24.0 398.8 107.8 407.3 108.1 403.5 112.3 399.9 116.9 406.1 117.2 0.9693
632.8 116.9 20.5 23.7 637.4 126.5 645.6 127.3 640.1 131.0 637.3 135.0 643.3 135.6 0.9466
241.7 126.1 26.8 33.4 253.4 140.6 264.0 139.7 261.2 145.5 256.1 151.7 264.2 151.2 0.9407
90.4 94.1 25.2 35.6 101.2 106.9 111.3 107.2 108.1 113.9 101.5 119.9 109.7 120.3 0.9278
279.9 109.7 27.4 30.8 151.2 114.7 154.0 115.3 150.2 119.5 151.8 123.9 153.8 124.1 0.9006
