8--Election_Campain/8_Election_Campain_Election_Campaign_8_317.jpg
36
191.5 350.0 20.3 29.0 207.3 361.3 209.7 361.8 212.3 367.0 206.4 371.9 207.6 372.7 0.9999
507.9 342.8 20.8 23.8 515.9 352.2 524.8 350.7 522.3 355.9 518.4 361.2 525.2 360.0 0.9997
755.8 322.5 18.5 22.8 765.1 331.5 771.9 330.8 771.4 334.7 767.4 339.8 772.1 339.4 0.9996
455.6 345.5 23.5 28.9 469.9 357.1 476.4 357.2 476.3 362.7 470.0 367.4 474.6 367.9 0.9996
902.9 332.2 20.6 26.4 911.9 343.5 920.5 342.5 918.8 347.7 914.2 353.0 920.5 352.3 0.9996
779.8 324.5 18.4 25.4 782.3 334.1 788.0 334.4 782.2 339.1 782.9 343.9 787.0 343.9 0.9995
814.0 327.5 17.9 25.1 817.6 336.9 820.8 338.8 814.3 341.9 816.3 346.2 818.1 347.3 0.9994
225.4 348.3 17.0 26.6 236.9 358.4 239.1 357.7 242.3 362.6 238.4 368.3 239.7 368.2 0.9994
860.6 323.1 19.5 25.0 872.5 332.6 877.3 331.5 878.3 336.6 874.3 341.9 877.6 341.4 0.9993
543.9 344.5 19.3 23.5 548.8 355.0 557.7 353.6 553.8 358.7 551.0 363.0 558.1 361.9 0.9992
54.8 368.4 21.2 27.9 58.0 380.3 67.2 379.2 61.8 385.9 60.7 391.1 67.4 390.1 0.9992
687.7 312.2 20.4 24.2 692.1 320.9 701.3 321.2 695.8 325.1 692.5 329.9 700.0 330.1 0.9992
340.1 341.9 18.9 25.1 350.5 353.0 356.6 352.3 356.0 357.7 351.2 362.2 355.6 361.9 0.9991
639.7 337.1 20.2 28.1 641.8 349.3 645.7 350.7 641.3 356.0 645.3 359.3 648.1 360.1 0.9990
31.7 358.9 22.4 26.8 37.5 371.4 47.4 369.4 43.6 375.7 41.0 380.9 48.3 379.2 0.9990
294.1 451.4 16.8 26.0 307.2 461.2 307.4 460.3 310.8 465.8 307.0 471.1 307.2 470.7 0.9990
404.8 365.5 19.6 22.5 412.4 374.8 420.9 373.8 418.2 379.4 414.3 383.6 420.5 382.9 0.9989
694.9 334.0 19.2 26.4 698.8 343.7 707.2 343.2 702.1 347.0 699.6 353.5 706.0 353.0 0.9987
22.4 499.7 20.5 26.6 24.5 509.1 32.1 510.8 25.1 515.8 24.8 520.1 30.1 521.1 0.9987
302.2 354.5 18.5 26.0 313.7 365.1 316.9 363.2 320.2 368.2 316.9 374.4 319.0 373.1 0.9986
887.7 39.9 135.9 282.0 927.5 150.5 1013.2 144.0 967.8 215.0 942.2 252.5 1016.1 247.2 0.9985
467.0 343.8 17.5 24.5 474.3 354.6 481.7 353.3 480.4 358.7 476.2 363.6 482.0 362.8 0.9983
571.6 342.4 19.7 25.1 574.1 351.2 581.6 351.7 575.9 356.6 574.8 361.2 581.0 361.4 0.9983
978.7 331.2 18.0 25.4 991.2 344.1 994.7 343.8 994.7 349.4 989.4 352.6 991.4 352.7 0.9980
510.8 408.4 22.1 28.2 519.7 421.2 528.5 417.8 527.6 424.8 523.6 430.9 530.2 428.4 0.9976
979.3 514.4 25.6 35.9 982.7 529.2 987.9 530.3 980.7 536.1 983.1 541.9 987.1 542.4 0.9974
43.0 490.1 18.8 28.9 46.3 501.1 48.5 501.9 43.4 506.9 46.1 512.3 47.5 512.6 0.9970
399.3 342.8 19.9 22.5 407.6 351.3 416.5 351.1 413.9 354.8 409.5 360.0 416.0 359.9 0.9969
1003.0 336.0 18.5 24.7 1012.8 349.6 1018.3 349.1 1016.6 354.8 1011.6 357.2 1015.4 357.1 0.9966
358.2 356.2 15.9 23.0 368.1 365.1 370.8 363.6 373.4 368.4 369.9 373.8 371.8 373.0 0.9961
625.0 341.6 14.9 21.4 633.4 350.5 637.4 349.9 637.5 353.9 634.1 358.1 637.1 357.9 0.9951
532.6 622.4 28.3 55.7 553.9 643.0 554.2 642.1 560.5 651.1 556.2 664.0 556.4 663.6 0.9934
103.9 357.1 22.2 27.5 112.2 367.4 121.2 367.7 117.0 372.9 112.2 377.2 119.9 377.5 0.9422
632.9 335.6 15.2 22.7 637.1 345.4 642.6 346.6 638.2 351.0 637.0 354.6 641.1 355.4 0.9295
91.5 654.4 25.3 39.8 111.1 672.1 113.1 670.8 115.2 679.5 108.6 686.6 109.7 685.7 0.9189
111.5 359.7 26.1 30.5 119.4 370.6 128.6 371.6 124.3 376.5 120.7 381.6 127.6 382.4 0.7558
