8--Election_Campain/8_Election_Campain_Election_Campaign_8_136.jpg
33
313.2 327.8 43.6 68.0 345.4 360.5 349.7 355.3 358.1 368.6 346.6 382.2 349.5 379.1 0.9998
133.0 349.9 41.6 64.6 161.0 376.2 163.1 374.1 174.7 383.3 166.4 397.9 168.7 397.2 0.9998
39.0 177.7 40.4 62.2 65.9 201.0 69.2 198.8 80.5 209.7 68.6 223.4 71.5 222.9 0.9997
231.5 65.2 44.9 55.1 247.0 86.9 266.3 83.2 260.7 95.1 254.2 108.0 268.1 105.0 0.9996
939.4 191.7 47.2 65.4 943.7 214.5 955.9 216.4 943.0 228.3 947.8 240.8 955.5 242.1 0.9996
438.7 305.1 48.1 61.4 458.4 336.5 478.6 331.2 474.5 347.1 462.7 354.9 478.9 350.8 0.9995
791.0 101.1 44.5 62.9 795.3 128.0 812.0 130.3 798.1 138.7 797.0 148.8 810.2 150.4 0.9995
427.0 4.0 47.3 62.7 438.7 27.9 460.7 30.2 447.6 41.2 438.5 50.6 455.7 52.7 0.9994
330.0 189.7 53.8 64.0 344.2 216.0 369.1 218.1 354.6 232.3 345.5 240.2 362.9 241.7 0.9994
103.1 90.2 45.7 65.7 122.8 119.5 142.1 116.2 138.8 130.1 129.6 143.5 143.2 140.7 0.9992
167.5 247.3 35.5 61.6 194.5 267.2 194.1 266.7 201.4 276.1 196.1 291.4 196.3 291.6 0.9992
783.0 366.3 34.8 54.5 791.4 385.8 792.3 388.0 783.1 394.6 787.4 406.4 788.0 407.3 0.9991
403.5 161.1 45.1 65.5 417.9 184.7 439.4 187.9 428.2 201.2 416.2 209.1 433.2 212.0 0.9988
29.3 313.4 35.8 49.2 50.9 331.9 53.5 327.6 63.7 336.5 59.7 350.0 60.9 347.6 0.9987
969.5 91.8 48.1 59.5 978.3 108.8 993.9 113.6 976.5 119.7 972.7 132.3 983.9 136.0 0.9968
504.6 223.8 52.0 60.1 518.5 245.3 541.4 246.0 529.9 260.3 520.5 268.9 538.0 269.7 0.9964
891.8 354.1 45.7 65.5 898.9 376.9 905.1 381.1 894.4 390.1 899.1 402.5 903.2 405.7 0.9960
590.3 66.4 45.2 60.1 599.2 82.1 621.4 83.5 607.7 93.0 599.2 107.6 616.7 108.9 0.9942
541.0 410.0 39.1 50.9 549.1 423.4 552.9 427.0 543.1 434.4 547.2 444.7 549.5 447.0 0.9933
371.9 94.9 44.5 46.4 383.3 118.0 402.6 117.6 392.7 130.4 387.8 135.1 400.0 134.7 0.9929
858.5 438.5 37.5 62.5 864.0 457.0 866.0 458.5 858.0 468.7 862.8 483.7 864.2 484.7 0.9922
893.0 0.0 38.4 58.3 908.0 19.4 910.6 21.7 903.0 30.1 901.0 42.2 902.8 43.8 0.9914
622.7 11.8 38.1 52.8 628.2 27.9 632.2 28.7 622.0 37.9 628.7 50.4 631.3 50.2 0.9865
614.0 225.3 36.1 56.3 625.2 241.5 625.0 242.6 616.9 250.5 619.3 264.1 619.8 264.7 0.9852
65.5 67.4 40.0 52.9 72.9 86.8 91.0 85.2 81.0 97.1 76.5 107.2 90.8 105.8 0.9815
515.9 167.6 44.7 49.1 524.3 189.9 540.8 187.7 531.4 199.1 530.8 206.6 542.6 204.7 0.9717
731.7 442.8 33.7 58.5 739.3 459.3 741.8 460.1 732.6 469.3 735.7 484.1 737.8 484.3 0.9582
295.4 289.6 47.7 44.5 316.7 306.1 332.1 308.0 324.9 318.7 313.2 323.1 323.5 324.8 0.9383
150.5 204.1 48.2 57.3 168.7 228.9 188.1 227.0 182.0 238.2 173.9 248.2 188.0 246.9 0.9096
748.7 512.4 35.7 63.8 755.5 533.2 756.2 534.4 750.4 544.2 755.5 558.3 756.2 559.0 0.8778
777.4 44.3 27.1 41.4 786.7 56.4 790.4 58.3 783.4 62.5 782.9 72.8 786.2 73.8 0.8492
974.7 243.8 38.1 53.4 984.9 263.9 993.5 267.9 981.0 274.8 978.8 283.2 985.0 285.8 0.6851
831.2 0.0 39.9 28.5 838.5 -6.2 846.1 -4.3 835.8 3.4 838.3 13.5 842.9 14.5 0.6591
