8--Election_Campain/8_Election_Campain_Election_Campaign_8_349.jpg
63
941.5 275.8 56.3 70.9 977.4 299.7 989.9 299.2 996.9 312.4 980.3 328.2 989.1 328.5 0.9998
269.0 321.0 26.9 28.2 274.7 327.9 286.1 330.5 276.7 333.3 272.1 339.6 281.2 341.5 0.9995
579.6 235.9 37.9 52.1 591.2 257.1 608.3 257.1 600.8 267.8 593.1 275.8 606.2 275.9 0.9992
108.4 319.4 27.7 34.3 118.6 333.4 130.9 332.8 126.6 339.1 120.6 345.6 130.3 345.2 0.9991
857.6 131.0 27.7 31.8 868.4 140.9 880.7 140.6 876.7 147.2 870.6 154.4 879.9 154.2 0.9989
620.2 174.0 24.6 28.0 629.0 182.9 639.6 183.2 634.9 189.6 630.0 194.7 637.9 195.0 0.9985
294.7 169.6 24.4 28.7 301.1 177.7 311.2 177.5 305.9 183.9 302.3 189.8 310.4 189.6 0.9984
181.8 323.6 25.4 29.3 191.6 332.9 202.0 332.0 198.7 338.4 194.1 345.0 201.8 344.4 0.9984
574.5 135.0 24.8 28.1 579.3 143.6 590.3 143.4 584.0 149.5 580.7 155.6 589.5 155.4 0.9982
675.1 268.9 36.9 48.4 684.6 280.1 690.3 281.8 678.2 289.1 678.8 301.3 682.8 302.4 0.9978
176.8 140.2 25.9 33.7 187.0 150.3 198.8 151.1 195.0 154.7 187.0 162.2 198.1 162.9 0.9978
805.6 281.9 29.4 38.5 810.5 297.3 823.1 294.8 816.1 303.1 813.7 311.1 824.3 309.0 0.9978
329.5 311.3 27.2 31.9 338.8 322.0 351.3 322.8 345.9 327.5 339.5 333.9 349.9 334.5 0.9977
697.1 151.5 26.3 33.0 704.2 164.9 716.1 164.6 710.2 171.2 705.8 177.3 715.1 177.1 0.9975
22.4 310.1 27.6 32.1 31.1 319.7 43.3 320.1 38.0 324.9 32.4 332.3 42.5 332.5 0.9973
740.0 153.2 21.2 24.8 744.0 158.6 750.4 159.9 743.6 164.2 742.9 170.0 747.6 170.8 0.9964
28.5 154.8 19.3 22.6 34.1 165.1 42.8 163.8 39.4 168.6 36.5 172.9 43.2 172.0 0.9953
236.0 148.3 21.9 26.2 241.2 159.1 251.5 158.3 246.4 163.6 243.0 168.6 251.2 168.0 0.9948
31.1 116.7 16.4 18.3 36.0 122.4 43.1 122.4 39.9 126.6 36.9 130.4 42.4 130.3 0.9945
326.7 136.4 20.2 25.0 332.2 146.0 341.2 145.1 337.2 149.9 334.1 155.4 341.3 154.7 0.9942
60.2 139.7 25.9 31.4 69.3 151.4 80.6 151.4 76.1 157.0 70.6 163.1 79.5 163.1 0.9941
367.0 172.3 26.9 31.3 378.6 181.8 389.5 180.4 387.1 187.2 381.7 194.9 390.0 193.9 0.9926
212.5 122.4 16.8 20.8 218.8 130.2 226.3 129.7 224.1 133.0 220.4 137.7 226.6 137.3 0.9881
772.8 140.9 25.3 29.5 780.7 149.8 791.9 149.3 787.1 155.8 782.6 162.4 791.5 162.1 0.9877
100.6 166.5 23.6 26.8 107.7 175.2 118.0 174.3 113.9 180.3 110.0 186.5 118.3 185.9 0.9871
83.5 499.4 23.8 32.7 92.2 510.9 102.8 514.5 96.1 518.7 89.3 522.5 98.2 525.4 0.9794
279.8 102.9 12.8 15.3 286.6 107.9 290.7 107.6 290.1 111.1 287.3 114.4 290.3 114.3 0.9785
923.3 126.0 19.7 24.2 927.2 136.7 935.2 135.8 931.1 141.9 930.3 146.5 935.6 145.6 0.9763
371.6 106.6 11.7 15.2 373.4 111.6 376.6 111.9 373.5 115.1 374.0 118.1 376.3 118.2 0.9739
526.3 124.7 19.8 26.5 531.7 134.8 540.3 134.7 535.7 139.6 532.7 144.8 539.6 144.6 0.9739
0.0 499.2 23.5 30.7 7.8 510.8 18.6 511.9 13.1 517.8 7.0 522.2 16.2 523.1 0.9716
975.1 138.9 29.9 33.2 984.8 149.8 997.8 150.9 991.3 157.7 985.3 163.6 995.1 164.4 0.9711
144.5 50.3 19.8 25.0 148.0 58.0 150.9 58.3 145.4 63.0 147.9 68.6 150.0 68.5 0.9689
495.6 122.0 22.0 28.1 500.8 131.8 510.0 133.2 503.8 137.5 500.1 142.5 507.6 143.6 0.9674
434.8 125.0 28.2 34.0 446.7 138.0 458.4 137.4 454.7 143.7 448.5 150.7 457.6 150.2 0.9663
0.0 143.4 15.1 21.8 1.2 150.6 10.2 150.7 6.0 155.1 2.3 159.7 9.1 159.8 0.9616
244.6 68.4 11.4 14.5 249.2 73.0 253.7 72.5 252.2 76.1 250.0 79.3 253.3 79.0 0.9550
671.6 171.4 22.2 24.8 675.1 180.1 684.4 179.9 678.3 185.7 676.6 190.9 683.3 190.6 0.9524
81.6 98.6 15.4 19.2 86.0 104.2 93.0 104.3 89.4 108.3 86.4 112.5 92.1 112.6 0.9466
44.6 76.3 13.9 18.0 52.3 83.0 56.7 82.4 56.1 86.4 52.9 90.2 56.3 90.0 0.9367
98.0 77.9 12.1 15.3 101.2 83.0 106.7 83.2 103.8 86.2 101.6 89.4 105.8 89.6 0.9301
640.7 156.3 22.5 25.9 646.9 164.8 656.6 165.6 651.3 171.3 647.4 175.8 654.7 176.4 0.9266
829.4 120.9 18.7 26.8 841.8 130.3 845.0 130.2 846.7 135.7 841.9 141.0 844.3 141.2 0.9190
620.1 331.9 30.4 42.0 639.2 346.1 645.1 343.7 646.9 352.4 642.2 362.7 646.5 361.0 0.9165
154.9 143.2 17.4 24.8 161.2 150.9 168.6 151.1 165.4 156.1 161.6 161.5 167.6 161.7 0.9129
486.4 132.1 22.5 28.3 492.3 143.5 500.8 145.6 494.6 149.8 491.0 153.9 497.3 155.5 0.9111
652.6 119.5 18.3 22.2 659.2 127.0 667.4 126.5 664.8 131.6 660.6 136.8 667.0 136.5 0.8907
276.6 146.0 14.6 16.8 280.8 150.6 287.9 150.3 284.7 154.0 281.7 158.0 287.5 157.8 0.8797
301.3 70.1 12.2 14.9 307.8 75.5 311.1 74.8 311.8 77.6 310.0 81.3 312.2 80.9 0.8665
675.0 122.5 21.4 25.9 680.7 130.3 690.8 131.1 685.3 135.7 681.1 141.1 688.9 141.7 0.8285
937.8 160.9 24.2 27.8 948.4 169.7 958.4 169.0 955.9 174.5 951.0 181.0 958.4 180.6 0.8251
497.9 270.9 31.2 50.5 518.5 288.0 521.5 286.1 527.6 295.3 523.4 307.9 526.1 306.9 0.8089
0.0 70.8 11.4 17.3 1.3 77.0 7.4 76.9 4.6 80.4 1.9 83.8 6.9 83.8 0.8005
568.9 96.7 12.5 14.5 572.9 101.5 578.0 101.6 575.4 104.9 573.3 107.9 577.2 108.0 0.7939
721.0 291.3 32.2 40.8 739.1 305.6 749.5 304.4 747.9 314.5 739.2 322.9 746.3 322.1 0.7622
58.0 79.5 10.8 13.1 61.6 82.8 66.6 82.8 64.6 85.8 62.2 88.9 66.3 88.9 0.7272
82.4 73.8 11.7 12.6 86.1 77.6 91.3 77.3 89.2 80.3 87.2 83.3 91.2 83.1 0.7224
337.2 194.9 20.6 22.3 342.3 204.4 350.5 201.8 347.6 207.4 346.4 212.5 352.5 210.5 0.6755
360.1 65.9 11.8 15.8 366.7 72.1 370.5 71.7 370.2 75.2 367.8 78.5 370.4 78.3 0.6463
582.1 81.3 11.0 12.2 640.3 123.5 642.8 123.0 643.8 126.8 641.5 131.3 643.6 131.1 0.5968
601.0 94.1 12.0 13.9 585.4 85.1 590.3 84.7 588.2 87.6 586.5 90.6 590.1 90.3 0.5853
894.0 289.7 27.2 32.8 605.2 98.7 610.5 98.4 608.5 101.6 606.1 104.7 610.2 104.5 0.5845
601.5 128.3 13.4 14.5 901.0 301.7 913.2 301.4 906.7 309.0 903.0 315.5 912.4 315.2 0.5363
