8--Election_Campain/8_Election_Campain_Election_Campaign_8_594.jpg
14
327.7 317.3 27.7 33.2 335.7 329.6 348.5 329.9 342.2 336.5 336.1 341.1 347.4 341.3 0.9996
560.9 37.9 24.1 31.0 569.5 51.4 580.1 51.4 575.6 57.3 570.2 61.8 578.9 61.8 0.9991
693.5 312.2 26.5 32.3 704.0 325.2 715.7 325.5 711.4 330.8 705.0 336.5 714.4 336.8 0.9989
438.3 44.1 24.9 31.8 442.6 55.6 454.0 54.7 447.2 61.5 443.8 67.3 454.1 66.5 0.9988
56.2 37.4 27.6 32.4 63.2 50.4 76.3 48.6 70.7 56.7 66.1 62.1 76.9 60.7 0.9988
673.8 32.1 23.5 33.0 681.1 45.3 692.2 46.1 686.9 52.3 681.0 56.5 690.4 57.2 0.9988
439.7 315.2 28.0 36.4 447.2 328.6 460.3 328.5 453.9 335.7 448.1 341.2 459.7 341.1 0.9988
800.6 312.0 24.9 33.2 809.8 326.6 821.2 326.1 817.0 333.4 810.9 338.2 819.6 337.9 0.9984
761.5 36.4 23.8 32.8 766.8 48.7 777.8 49.2 771.4 55.5 767.8 61.4 775.7 61.8 0.9981
318.4 34.9 25.5 33.6 325.5 49.7 336.7 48.1 332.2 55.0 328.2 60.6 337.5 59.3 0.9981
31.7 309.7 26.1 32.3 38.5 322.6 50.8 321.8 45.1 328.2 39.7 333.1 51.1 332.5 0.9973
581.8 311.5 27.2 34.4 586.0 325.4 598.9 325.2 590.9 332.0 587.9 337.9 598.1 337.6 0.9962
170.0 311.4 29.2 36.9 176.8 325.7 190.4 323.6 184.3 332.6 180.0 339.0 191.6 337.3 0.9951
198.5 33.5 27.2 32.8 206.9 47.6 219.8 46.1 214.7 54.2 210.0 60.2 219.6 59.0 0.9950
