8--Election_Campain/8_Election_Campain_Election_Campaign_8_170.jpg
30
676.4 380.0 43.6 57.4 695.9 400.5 713.5 399.4 711.3 407.7 700.3 421.9 714.5 421.1 0.9997
395.7 342.8 42.9 53.3 413.4 363.6 432.2 365.4 425.0 374.8 414.0 382.8 428.5 384.3 0.9996
845.4 335.7 47.0 62.1 855.4 357.2 876.3 357.9 862.3 366.0 855.2 380.4 871.9 380.9 0.9996
258.1 319.4 42.0 52.7 278.8 336.8 295.9 338.6 292.6 346.9 280.5 358.0 293.6 359.5 0.9996
79.8 280.1 42.2 60.5 105.3 303.2 117.0 302.3 119.1 313.5 106.5 325.6 115.2 325.3 0.9996
756.0 333.8 46.9 62.4 767.1 357.4 789.3 358.5 777.0 368.9 768.3 379.3 786.8 380.2 0.9995
537.7 286.1 51.5 65.7 557.8 309.0 579.9 309.3 572.0 319.8 560.6 333.7 577.7 334.0 0.9995
976.7 313.5 46.7 63.0 983.2 340.2 1004.2 339.0 989.8 349.7 986.3 362.0 1002.8 360.9 0.9994
434.9 195.7 46.8 56.8 442.6 215.2 461.9 217.6 445.9 224.2 440.8 235.9 456.4 237.6 0.9988
201.3 135.3 28.9 38.1 204.8 146.5 214.0 147.0 204.3 154.4 205.6 163.2 212.0 163.3 0.9983
223.5 216.1 45.0 56.9 228.6 234.9 245.6 236.1 230.5 245.2 227.4 257.8 240.2 258.9 0.9981
780.5 301.6 53.2 63.0 791.9 323.1 816.1 322.3 802.7 332.8 795.7 347.4 814.3 346.5 0.9960
348.4 203.4 37.3 52.9 353.5 221.2 364.1 222.2 353.5 234.3 358.5 244.1 365.3 244.3 0.9950
429.3 129.0 28.0 38.1 433.4 142.5 443.0 143.4 433.9 149.1 432.7 157.2 439.7 157.8 0.9888
268.8 104.0 26.4 31.6 273.6 115.8 286.0 115.6 278.6 120.9 274.7 127.7 284.6 127.5 0.9880
802.1 186.6 25.8 32.9 805.3 197.0 815.9 197.1 808.3 204.5 806.6 211.4 814.3 211.4 0.9843
641.3 138.8 28.1 34.2 650.6 151.3 663.5 151.2 658.0 158.6 652.4 165.2 661.9 165.1 0.9817
399.6 105.5 20.5 27.5 405.3 115.5 415.2 115.5 410.5 121.0 406.6 126.6 414.4 126.5 0.9772
397.8 198.2 35.0 41.7 405.0 209.7 419.3 210.5 409.1 218.6 405.5 227.8 416.1 228.3 0.9750
695.1 163.7 23.9 28.2 699.7 173.4 710.1 173.1 704.2 180.0 702.1 185.4 709.9 185.0 0.9728
494.2 142.3 19.9 24.9 498.1 151.6 507.9 151.1 502.8 156.7 499.9 162.0 507.1 161.6 0.9565
601.2 139.1 21.0 26.6 604.4 147.0 611.8 147.5 605.5 152.5 604.4 158.4 610.1 158.5 0.9099
544.9 141.5 27.8 31.8 553.4 150.4 566.1 151.1 559.6 157.9 553.7 163.9 564.2 164.4 0.9084
313.1 114.3 17.4 22.9 318.6 123.3 326.9 123.1 323.4 128.3 320.0 132.8 326.3 132.6 0.8967
746.7 102.7 15.9 19.8 750.2 110.1 757.7 110.4 753.4 114.4 750.8 118.4 756.5 118.5 0.8101
333.0 116.3 20.8 28.1 338.8 125.9 348.7 126.1 344.1 132.4 339.7 138.1 347.5 138.2 0.7633
811.1 103.7 15.5 17.3 815.2 109.2 822.4 109.5 818.6 113.4 815.9 116.8 821.4 116.9 0.7455
729.3 133.5 20.4 26.1 733.0 143.6 742.4 143.6 737.2 149.1 734.5 153.9 741.6 153.9 0.7301
157.6 144.9 23.3 27.4 163.4 155.5 174.5 155.5 168.8 161.7 164.6 167.0 173.2 167.0 0.6775
511.2 221.9 31.0 37.4 517.7 233.0 531.5 232.9 523.7 241.9 520.3 249.6 530.7 249.4 0.6771
