8--Election_Campain/8_Election_Campain_Election_Campaign_8_159.jpg
41
364.5 407.8 128.6 136.2 401.6 477.0 454.7 479.3 429.1 513.6 409.4 516.7 452.0 518.2 0.9999
642.2 155.5 51.3 67.1 651.1 175.2 669.7 182.9 650.4 192.1 647.1 201.5 662.0 207.5 0.9998
904.7 234.0 77.4 77.8 928.5 258.1 963.4 262.6 944.7 280.1 927.2 290.5 953.9 294.3 0.9996
345.9 172.8 80.7 105.7 365.9 215.1 404.6 220.2 383.0 236.7 364.8 250.7 398.8 254.9 0.9995
455.4 208.1 61.1 88.4 496.0 248.6 508.3 243.4 515.9 261.3 498.2 279.3 506.0 275.9 0.9995
100.9 141.1 45.5 66.6 133.9 169.1 138.5 167.0 146.3 178.6 135.3 192.5 138.1 191.6 0.9994
286.0 79.8 39.0 50.2 306.3 100.8 321.3 100.1 319.9 108.4 309.2 117.8 321.1 117.5 0.9993
539.4 200.9 59.2 78.0 573.2 237.3 593.4 233.3 592.8 250.7 574.8 263.2 589.8 261.0 0.9990
714.4 155.1 34.2 44.5 738.4 174.1 741.3 174.2 740.4 186.2 728.7 190.7 729.9 191.3 0.9989
889.3 172.5 39.8 42.6 907.7 187.3 922.8 189.2 917.5 195.8 907.1 203.1 918.2 204.8 0.9988
906.9 27.2 69.3 84.3 931.2 57.9 960.3 67.2 940.7 85.3 923.7 90.1 943.5 97.6 0.9987
762.8 111.4 29.8 34.3 781.8 124.1 788.5 123.4 788.3 132.6 780.0 138.5 783.8 138.4 0.9981
9.0 116.4 38.4 47.1 28.2 136.3 42.5 134.1 40.2 145.7 28.1 151.9 40.4 150.6 0.9980
49.2 64.8 32.2 48.4 69.6 80.4 72.7 78.8 80.5 87.2 74.7 100.0 76.6 99.1 0.9978
655.0 14.8 10.6 13.6 658.3 19.9 663.3 19.7 661.1 22.4 659.0 25.2 663.1 25.0 0.9975
841.2 174.4 43.9 50.2 871.1 192.2 879.6 191.7 880.2 203.4 868.0 211.7 874.1 211.8 0.9964
432.2 116.0 33.5 41.4 446.3 126.4 460.1 127.0 455.2 136.3 446.4 144.6 458.1 145.2 0.9963
45.1 10.1 15.4 19.0 49.9 17.9 56.7 17.5 53.9 21.1 51.1 24.9 56.4 24.7 0.9958
910.6 115.0 22.6 33.1 927.2 129.4 930.6 128.3 932.6 135.7 926.4 141.4 928.4 141.0 0.9956
70.7 42.1 20.5 29.9 85.6 54.7 88.5 53.4 90.6 60.8 85.3 66.5 86.8 66.0 0.9939
873.1 105.3 20.0 22.2 887.5 114.0 889.8 114.2 889.3 120.2 882.5 122.6 883.5 123.0 0.9939
572.6 83.0 16.2 23.6 576.6 92.8 583.5 93.2 579.6 98.0 577.0 101.8 582.4 102.0 0.9935
0.0 421.1 78.8 155.8 -20.1 497.6 43.0 493.8 13.1 535.4 -9.0 546.4 39.1 543.4 0.9931
691.8 69.7 18.4 22.2 704.7 79.0 707.9 77.9 709.0 83.5 704.4 87.8 706.4 87.2 0.9925
803.9 83.2 21.5 21.9 816.3 92.6 820.8 93.9 818.6 99.2 811.9 100.9 814.1 102.1 0.9917
396.1 126.3 46.6 57.8 425.2 153.3 436.9 149.5 440.1 162.9 429.1 173.8 436.2 171.5 0.9902
503.4 105.8 27.7 31.2 513.0 118.4 524.8 117.9 519.9 124.8 515.0 130.0 523.5 129.7 0.9862
516.9 49.0 18.4 23.6 529.0 58.8 532.7 58.7 532.7 64.0 527.6 67.7 529.9 67.8 0.9856
136.3 48.9 19.9 22.3 144.0 56.4 152.0 56.2 149.0 61.5 145.3 66.0 151.1 65.9 0.9847
211.6 60.8 43.9 55.8 238.3 83.2 249.9 79.6 252.8 88.9 245.2 101.6 254.1 99.4 0.9824
548.9 82.9 19.7 26.6 562.4 91.8 566.0 90.3 568.1 96.7 563.3 102.8 565.7 102.1 0.9800
188.8 156.1 52.1 68.5 220.5 175.3 231.1 174.7 233.7 187.5 220.8 203.2 229.3 203.7 0.9625
615.1 0.0 26.8 34.8 621.4 10.7 634.3 13.3 625.7 20.1 620.4 25.4 629.9 27.5 0.9486
116.6 43.5 15.2 22.0 124.8 51.5 130.4 51.4 129.2 56.4 125.5 60.9 129.5 61.0 0.8986
1010.1 131.1 13.4 25.0 1023.7 141.2 1027.6 141.7 1026.5 147.6 1020.8 150.8 1023.0 151.5 0.8057
397.4 43.1 14.5 19.9 405.2 49.1 409.8 49.3 409.0 54.0 405.1 58.1 408.6 58.5 0.7376
24.6 12.5 11.2 14.4 27.1 18.0 32.0 18.0 29.3 21.2 28.0 23.9 31.7 23.8 0.6632
327.5 57.3 21.8 33.0 341.2 71.2 345.7 70.6 344.5 78.1 340.2 83.5 343.1 83.1 0.6156
0.0 208.2 18.9 55.8 -12.3 232.0 8.3 232.9 -0.7 243.3 -10.2 252.5 4.9 253.2 0.5953
222.1 58.9 23.5 27.4 232.0 71.7 240.5 71.0 237.9 77.1 233.6 82.1 239.7 81.8 0.5711
435.9 50.4 14.9 17.8 439.1 57.7 443.1 56.5 441.2 61.2 442.3 64.5 445.1 63.5 0.5572
