8--Election_Campain/8_Election_Campain_Election_Campaign_8_361.jpg
19
494.1 422.6 83.5 103.0 510.1 461.8 547.3 455.2 526.1 473.9 517.5 500.1 547.3 494.6 0.9997
850.0 186.1 105.6 143.9 884.0 241.8 934.4 245.9 910.6 275.6 881.8 294.5 923.6 297.8 0.9995
336.3 336.9 53.1 68.5 342.9 365.6 363.3 367.6 346.9 379.5 344.1 389.2 359.0 390.9 0.9995
126.5 217.6 158.6 228.0 207.7 311.2 249.7 293.6 270.9 337.9 245.8 391.7 276.3 378.9 0.9991
267.2 278.8 24.3 28.0 271.5 290.0 282.4 286.7 277.9 294.8 275.9 300.5 285.1 297.7 0.9990
571.2 289.8 26.9 31.0 576.0 299.3 586.0 302.1 576.3 306.0 574.0 311.9 580.8 314.0 0.9989
974.2 171.7 14.1 17.1 976.2 178.5 979.9 178.3 977.0 182.5 978.6 185.3 981.0 185.0 0.9986
986.6 247.1 27.3 31.0 992.6 258.0 1004.5 258.7 997.2 264.1 993.1 269.7 1002.3 270.2 0.9978
365.0 253.4 18.0 25.5 367.7 261.8 373.1 263.1 367.6 267.3 367.8 271.8 371.8 272.7 0.9958
396.1 286.5 20.5 28.1 398.7 296.9 403.4 297.7 397.2 302.8 399.2 308.5 402.1 308.8 0.9931
345.4 234.7 9.7 13.8 352.4 240.2 353.5 240.1 354.2 243.4 351.3 245.7 351.9 245.8 0.9927
263.3 191.1 9.8 13.9 268.6 196.2 271.8 196.0 271.8 198.7 269.4 201.7 271.8 201.6 0.9922
996.9 172.6 9.9 12.0 999.9 176.5 1004.6 177.1 1002.1 179.1 999.9 181.4 1003.5 181.8 0.9920
249.6 197.8 10.9 15.5 251.8 203.6 256.5 203.6 253.8 206.7 252.4 209.7 256.2 209.6 0.9894
18.6 251.6 11.9 14.1 20.4 257.9 24.3 256.3 22.3 260.1 23.1 263.2 26.0 261.9 0.9712
0.0 251.7 4.9 14.2 -4.3 257.0 1.3 256.8 -1.5 259.3 -3.6 262.6 1.1 262.3 0.9451
0.0 274.6 8.9 26.7 -8.1 284.1 1.5 284.9 -4.4 289.1 -7.4 294.1 -0.3 294.6 0.9383
0.0 370.3 20.1 54.9 -19.4 390.1 -3.6 389.8 -15.0 401.8 -14.9 412.0 -3.7 411.3 0.9231
226.2 217.3 11.6 12.9 229.3 222.1 234.5 222.6 231.5 225.4 229.4 227.8 233.3 228.1 0.7676
