8--Election_Campain/8_Election_Campain_Election_Campaign_8_534.jpg
12
445.4 251.9 81.7 102.6 474.8 271.3 513.3 278.3 497.2 277.7 472.0 310.7 507.3 316.6 0.9998
96.3 346.6 69.8 84.3 104.1 372.3 130.7 371.2 104.7 385.4 102.7 407.7 122.9 406.8 0.9996
880.4 348.3 77.0 90.5 911.2 381.4 942.9 379.5 937.2 387.4 924.1 413.4 947.6 411.6 0.9996
196.8 358.0 89.3 107.6 213.9 403.3 253.8 392.9 232.7 412.0 224.8 439.8 258.3 430.9 0.9996
306.0 377.0 69.3 96.5 333.4 406.6 361.8 410.8 347.7 420.8 331.8 443.4 352.0 446.7 0.9993
41.9 345.9 38.6 47.8 51.8 359.8 69.6 359.1 61.4 364.0 55.8 378.5 69.1 377.8 0.9993
629.3 350.1 79.8 99.5 656.7 395.3 691.9 391.2 679.8 413.5 666.8 431.4 691.0 428.0 0.9968
921.4 305.6 28.0 37.2 935.6 319.1 946.7 319.0 944.9 326.2 937.0 333.9 944.9 334.1 0.9962
66.4 425.6 47.1 60.0 75.7 449.7 96.6 446.4 86.3 459.3 82.1 472.0 97.2 469.4 0.9804
358.6 323.4 42.5 55.2 371.4 338.5 390.0 341.4 379.3 348.1 370.6 359.4 385.3 361.6 0.9590
844.7 320.3 38.5 45.8 860.1 337.0 875.3 334.5 872.6 341.5 866.5 352.9 878.3 350.8 0.9577
0.0 345.1 17.5 36.4 -7.4 358.6 4.5 359.4 -3.8 365.5 -6.7 372.9 2.2 373.3 0.8408
