8--Election_Campain/8_Election_Campain_Election_Campaign_8_531.jpg
448
497.1 955.1 19.0 23.2 500.6 962.4 508.6 962.6 502.9 965.7 500.6 971.6 506.8 971.7 0.9997
84.5 1008.2 20.4 25.2 90.6 1017.3 100.3 1017.1 95.9 1022.2 91.5 1027.3 99.6 1027.3 0.9997
428.7 963.4 17.3 19.6 432.1 970.0 439.4 969.0 435.3 972.9 433.6 977.7 439.4 976.9 0.9997
335.7 1014.6 20.6 25.2 341.5 1026.2 350.5 1025.5 346.5 1031.1 343.5 1035.1 350.2 1034.6 0.9996
992.2 1148.6 26.0 30.2 999.1 1158.7 1011.5 1158.6 1005.4 1164.0 1000.2 1170.1 1010.8 1170.0 0.9996
303.6 939.7 16.8 21.4 308.0 947.4 315.4 947.3 311.8 951.9 309.0 955.9 315.1 955.8 0.9995
689.5 968.4 17.7 22.2 693.6 978.0 701.4 977.6 697.4 982.6 695.0 986.2 701.0 985.9 0.9995
18.7 1048.1 21.6 28.2 24.0 1058.8 34.2 1058.4 29.2 1064.0 25.4 1069.6 34.1 1069.3 0.9995
731.0 1186.1 28.6 27.2 746.2 1201.3 752.2 1202.7 748.7 1208.8 741.0 1208.6 744.0 1209.8 0.9995
515.7 993.2 18.5 23.7 520.1 1002.1 529.0 1001.6 524.4 1005.8 521.3 1011.1 528.5 1010.7 0.9995
545.5 999.0 19.6 24.1 550.8 1008.8 560.0 1008.3 555.7 1013.4 552.3 1018.0 559.8 1017.7 0.9995
952.7 982.2 18.6 20.8 954.8 989.8 960.8 989.8 955.8 994.6 956.9 998.4 961.3 998.2 0.9995
411.9 934.5 16.9 19.5 416.1 940.6 423.6 940.3 419.7 944.0 417.2 948.8 423.0 948.5 0.9995
459.8 1178.0 28.1 31.5 469.6 1187.0 480.9 1189.1 474.9 1194.1 469.0 1199.9 477.9 1201.5 0.9995
145.7 1130.5 24.9 30.6 151.9 1140.1 164.3 1140.9 157.6 1146.8 152.4 1153.4 161.9 1154.0 0.9994
309.1 972.7 17.6 19.9 313.4 979.7 321.2 979.1 317.4 983.6 315.0 987.7 320.9 987.3 0.9994
271.5 980.5 20.5 24.3 277.0 991.3 286.4 991.0 281.9 995.0 278.5 999.5 285.8 999.2 0.9994
189.2 1001.9 16.8 21.8 193.9 1010.8 201.1 1010.1 197.8 1014.5 194.9 1018.2 201.5 1017.8 0.9994
113.6 1025.4 20.6 21.8 119.2 1033.0 128.6 1033.2 123.7 1037.2 119.9 1041.4 127.4 1041.5 0.9993
564.7 1046.3 24.3 31.3 569.6 1057.1 579.6 1057.0 573.3 1062.2 569.9 1068.6 578.9 1068.5 0.9993
571.2 981.9 19.4 20.7 577.5 987.7 585.6 988.1 581.9 991.4 578.2 996.1 584.8 996.4 0.9993
8.5 1226.3 27.3 37.3 21.5 1241.9 32.9 1241.2 30.2 1249.2 22.3 1254.7 32.1 1254.5 0.9993
110.5 964.8 16.4 20.1 115.2 973.0 122.3 973.1 118.7 977.3 115.7 980.2 121.5 980.3 0.9993
513.9 1170.1 26.9 32.5 523.2 1183.4 535.8 1183.0 531.1 1188.6 525.0 1195.0 535.3 1194.7 0.9993
393.7 1103.7 27.6 30.1 402.5 1112.4 413.8 1113.5 407.9 1118.7 402.7 1124.5 412.0 1125.3 0.9993
226.5 1075.5 21.3 25.9 232.1 1085.0 242.2 1085.1 237.0 1089.8 233.2 1095.0 241.1 1095.1 0.9993
418.0 993.0 19.8 25.6 422.3 1005.6 431.0 1004.2 426.8 1009.7 424.7 1014.0 431.6 1012.9 0.9992
191.3 1068.6 22.2 26.7 197.7 1077.9 208.1 1079.0 202.2 1083.9 197.0 1088.7 205.6 1089.5 0.9992
686.5 1118.6 26.0 33.5 693.8 1129.9 705.5 1132.0 698.5 1136.8 693.2 1142.6 702.6 1144.2 0.9992
857.4 925.3 15.6 20.3 863.1 932.8 869.9 932.9 867.3 935.9 863.9 940.3 869.2 940.5 0.9992
747.9 1073.6 22.2 26.1 753.3 1081.7 763.3 1082.1 757.8 1087.3 754.0 1092.5 761.9 1092.7 0.9992
733.2 1105.1 25.8 34.4 739.3 1117.8 751.3 1117.9 744.5 1123.6 740.0 1130.5 749.6 1130.5 0.9992
186.3 1117.9 24.8 27.0 193.2 1127.0 204.0 1126.9 198.7 1132.0 194.5 1137.8 202.8 1137.7 0.9992
935.6 949.5 14.7 18.7 941.0 956.6 947.3 956.8 944.8 960.5 941.7 964.1 946.2 964.2 0.9992
802.7 979.6 19.9 26.0 810.7 991.6 818.9 990.2 816.5 996.3 812.7 1000.9 818.7 999.9 0.9992
93.8 1150.1 25.8 30.7 100.5 1163.7 111.4 1162.1 106.8 1167.7 103.5 1173.8 112.3 1172.5 0.9992
905.3 978.1 18.7 24.6 911.5 987.9 920.4 987.3 917.1 991.6 913.3 997.0 920.1 996.6 0.9992
93.4 927.8 17.3 19.1 99.4 933.4 106.8 933.5 103.5 937.3 99.9 941.3 105.9 941.5 0.9991
572.2 899.4 16.1 20.6 576.8 907.6 583.9 907.7 580.5 911.5 577.8 915.1 583.4 915.1 0.9991
981.8 944.1 16.3 20.3 985.9 953.6 993.2 953.2 989.6 957.6 987.2 960.6 992.8 960.3 0.9991
168.8 1018.0 18.1 21.8 174.3 1026.8 182.9 1026.8 179.0 1030.8 175.4 1034.9 181.9 1035.0 0.9991
880.6 1136.7 26.6 30.8 886.1 1149.0 898.3 1150.2 890.7 1155.8 886.5 1160.4 895.9 1161.3 0.9991
221.4 1111.6 23.0 26.0 227.5 1120.7 237.7 1119.9 233.0 1125.9 229.8 1131.6 237.4 1131.0 0.9991
57.8 1063.1 26.8 29.9 65.9 1074.2 77.9 1072.6 73.8 1078.0 69.8 1085.6 78.4 1084.4 0.9991
325.4 1120.4 24.4 32.1 332.1 1132.8 343.1 1133.6 337.1 1137.7 332.1 1144.0 341.1 1144.7 0.9991
169.3 1205.4 23.2 30.4 177.5 1216.4 187.8 1218.5 182.4 1224.0 176.6 1228.5 184.2 1230.3 0.9991
911.2 1012.9 22.2 24.5 915.3 1021.5 924.8 1020.5 919.2 1025.2 917.0 1031.3 924.0 1030.5 0.9991
189.8 928.0 16.1 17.2 193.9 933.8 201.6 933.8 197.5 937.2 194.7 940.9 200.6 940.9 0.9991
854.0 1110.4 23.1 29.1 858.6 1120.1 870.0 1120.0 863.9 1126.9 860.1 1132.2 869.5 1132.0 0.9991
368.6 1064.3 25.3 30.5 375.6 1073.8 387.0 1073.5 381.6 1080.1 377.3 1086.7 386.3 1086.4 0.9990
564.4 1150.6 27.3 30.5 574.8 1158.6 585.9 1160.3 580.4 1166.0 573.4 1170.6 583.5 1172.0 0.9990
902.0 952.4 22.1 26.0 908.5 961.9 918.5 963.9 912.4 967.6 907.6 971.4 915.3 973.0 0.9990
129.1 1219.1 24.3 31.3 136.1 1233.0 147.7 1231.6 143.2 1237.5 138.5 1243.3 148.1 1242.2 0.9990
178.9 1157.9 28.8 35.5 186.5 1173.3 198.9 1170.6 194.2 1176.7 190.8 1185.2 200.5 1183.1 0.9990
457.3 995.6 18.4 23.2 463.0 1004.0 471.1 1003.7 467.6 1007.5 464.2 1012.6 471.1 1012.3 0.9990
733.5 1039.1 23.3 27.7 737.8 1047.8 748.5 1048.3 741.3 1052.1 737.9 1058.7 746.1 1059.2 0.9990
231.7 995.6 16.4 20.1 236.3 1002.3 243.7 1003.6 239.2 1006.8 235.7 1010.0 241.7 1011.0 0.9990
815.1 1011.7 20.1 25.5 821.2 1021.0 830.2 1022.2 825.3 1026.2 821.0 1030.6 828.2 1031.5 0.9990
618.8 1116.6 26.5 28.5 625.6 1125.4 636.9 1125.0 631.1 1130.6 626.7 1136.5 636.5 1136.2 0.9990
950.7 1053.9 23.7 26.3 955.2 1062.6 965.3 1062.1 959.0 1066.6 956.2 1072.9 964.0 1072.5 0.9990
586.2 966.6 17.2 22.2 589.2 975.7 596.0 975.0 591.6 979.8 590.7 984.1 596.1 983.5 0.9990
437.6 1160.5 23.3 28.1 444.0 1171.1 454.3 1170.8 449.4 1175.8 445.3 1181.5 453.7 1181.3 0.9989
818.6 923.7 15.9 18.2 822.2 930.1 829.4 930.1 825.5 933.7 823.1 937.4 828.7 937.3 0.9989
773.3 980.8 17.0 21.7 777.6 990.0 785.1 989.9 781.2 993.9 778.4 997.6 784.6 997.6 0.9989
441.7 1089.5 20.8 24.1 443.7 1098.3 452.1 1099.4 445.3 1104.0 444.8 1107.9 450.6 1108.6 0.9989
219.0 904.5 16.1 21.8 221.6 913.4 228.5 913.8 223.9 917.5 222.2 921.3 227.6 921.4 0.9989
835.4 1015.3 18.5 25.5 839.9 1025.1 848.5 1024.9 844.1 1029.3 840.7 1034.4 848.0 1034.3 0.9989
133.9 1093.8 22.9 30.0 137.9 1104.7 148.4 1107.2 140.4 1112.0 137.2 1116.8 144.3 1118.6 0.9989
698.2 1033.6 20.1 21.9 704.7 1040.9 713.7 1040.6 709.9 1046.0 706.3 1050.2 712.9 1050.0 0.9988
447.9 1055.8 21.0 24.9 452.6 1066.7 462.3 1066.1 457.1 1070.2 453.9 1074.9 461.6 1074.5 0.9988
980.0 986.9 20.9 22.7 984.9 995.3 994.0 995.2 988.9 999.7 985.9 1004.2 992.8 1004.1 0.9988
447.5 936.5 16.4 22.9 452.2 945.5 459.3 945.0 456.2 949.6 453.5 954.0 459.3 953.6 0.9988
482.2 1007.4 22.3 30.0 486.9 1021.3 496.5 1020.6 491.2 1026.0 488.8 1031.5 496.2 1031.0 0.9988
327.4 1038.5 22.2 26.8 333.9 1050.2 344.0 1050.2 339.2 1055.5 335.2 1060.2 342.5 1060.2 0.9988
550.2 928.0 19.6 23.3 553.9 938.2 561.9 937.3 557.3 942.3 555.7 946.6 561.8 945.9 0.9987
967.3 1029.7 21.1 26.1 972.1 1041.3 981.0 1041.2 976.0 1046.8 973.4 1050.8 980.2 1050.7 0.9987
214.3 1021.3 18.5 20.5 219.6 1027.3 228.1 1027.5 224.0 1031.2 220.4 1035.9 227.1 1036.0 0.9987
165.9 1076.7 23.7 28.8 171.9 1087.3 183.1 1088.0 176.7 1093.5 172.2 1098.9 180.7 1099.4 0.9987
804.5 1046.3 22.4 24.4 810.9 1055.5 821.2 1055.9 816.2 1059.5 811.8 1064.5 819.8 1064.8 0.9987
117.2 1067.6 19.3 22.1 122.3 1076.9 131.1 1076.3 127.2 1080.6 124.2 1084.8 130.9 1084.3 0.9987
596.1 933.9 15.6 20.6 600.3 942.6 607.1 942.4 603.8 946.6 601.2 950.3 606.7 950.2 0.9986
442.1 908.9 14.2 18.8 446.3 916.1 452.7 916.2 449.6 919.5 446.6 923.0 452.0 923.1 0.9986
991.2 1105.9 23.4 26.8 997.2 1114.0 1008.0 1114.6 1002.3 1120.1 998.1 1125.3 1006.5 1125.8 0.9986
436.3 1013.3 20.6 24.0 441.4 1022.0 450.6 1023.6 444.8 1027.9 441.2 1031.8 447.9 1033.0 0.9986
900.4 1093.0 23.8 28.4 908.9 1104.1 918.4 1105.6 913.4 1109.5 908.4 1113.9 915.9 1115.2 0.9986
517.9 936.8 16.7 19.8 522.0 944.4 529.7 944.1 525.7 948.4 522.9 952.4 528.8 952.2 0.9986
239.0 965.9 16.5 21.0 243.7 974.4 250.9 974.3 247.4 978.1 244.6 982.1 250.2 982.1 0.9986
477.4 936.3 16.0 18.9 482.8 943.1 489.8 944.1 486.3 947.4 482.8 950.5 488.0 951.3 0.9985
703.8 1092.5 23.7 27.6 708.8 1102.1 719.0 1102.7 712.1 1106.3 708.7 1112.1 717.0 1112.6 0.9985
199.8 1147.1 23.3 28.6 206.3 1158.5 216.8 1158.0 211.9 1162.3 208.1 1168.6 216.3 1168.2 0.9985
756.4 946.5 15.0 16.8 759.4 952.7 765.9 952.0 762.5 955.9 761.0 959.4 765.9 958.7 0.9985
15.0 962.0 18.2 21.9 19.0 971.4 26.9 971.0 22.6 975.4 20.1 979.0 26.7 978.7 0.9985
83.2 1068.0 18.6 25.8 87.4 1078.2 96.2 1079.0 91.1 1083.0 87.5 1087.5 94.5 1088.1 0.9985
922.9 931.9 15.5 17.7 928.1 937.7 935.1 938.1 931.9 941.4 928.7 945.0 934.0 945.3 0.9984
951.6 1181.8 26.4 28.8 961.0 1190.1 972.2 1193.5 965.4 1197.5 958.9 1201.8 967.5 1204.5 0.9984
848.8 993.1 20.9 24.0 855.0 1001.2 864.3 1002.0 859.5 1005.6 855.5 1010.5 862.8 1011.1 0.9983
140.8 1028.3 18.9 22.2 147.1 1036.0 155.7 1036.1 151.9 1041.1 148.0 1045.5 154.4 1045.7 0.9983
918.9 1048.5 23.5 28.2 926.4 1058.1 936.2 1058.1 931.7 1063.8 927.5 1069.6 935.1 1069.5 0.9983
394.6 1200.1 24.6 32.6 400.4 1211.3 412.1 1211.9 405.8 1218.6 401.4 1224.6 410.6 1224.9 0.9983
995.6 1044.1 20.5 26.6 1001.0 1055.5 1010.8 1054.9 1006.2 1059.3 1002.6 1064.9 1010.0 1064.5 0.9983
517.4 901.9 16.5 19.7 520.7 910.4 527.9 910.1 523.7 913.9 521.8 917.5 527.2 917.2 0.9982
628.6 949.5 15.9 20.2 635.6 956.7 641.8 958.5 638.9 961.4 634.6 964.4 639.3 965.9 0.9982
646.7 1153.8 24.7 30.2 653.9 1164.3 665.1 1164.1 659.9 1171.0 655.4 1176.8 664.0 1176.7 0.9982
188.7 874.2 15.0 17.9 192.1 880.3 198.8 880.3 195.1 883.8 192.8 887.5 198.2 887.4 0.9982
0.0 1066.6 21.6 26.0 6.6 1077.2 15.7 1076.7 12.1 1081.8 8.5 1086.8 15.6 1086.4 0.9982
813.1 1092.6 22.3 27.4 819.0 1103.3 828.7 1105.0 822.9 1108.7 818.4 1112.5 826.4 1113.8 0.9982
215.6 936.9 17.0 19.6 219.8 944.1 227.1 943.2 223.6 947.3 221.4 951.6 227.4 950.9 0.9982
65.3 1134.4 25.2 28.9 71.5 1145.1 82.7 1145.1 76.5 1149.7 72.3 1155.9 81.2 1155.9 0.9982
30.1 1211.1 24.0 31.6 36.7 1219.9 48.8 1220.5 42.8 1226.2 37.6 1233.8 46.9 1234.3 0.9982
526.2 975.1 16.1 17.2 530.1 980.7 537.3 980.5 533.4 983.3 531.0 987.5 536.4 987.3 0.9981
664.6 1098.0 23.5 28.4 669.6 1110.2 680.2 1109.8 674.2 1115.5 671.1 1120.3 679.4 1120.0 0.9981
352.8 1145.9 24.9 30.0 359.0 1157.1 370.5 1157.0 364.5 1162.6 360.5 1168.7 369.2 1168.5 0.9981
768.9 936.6 16.6 18.1 775.1 941.6 782.0 942.1 779.1 945.8 775.4 949.4 780.9 949.8 0.9980
403.0 1035.4 20.2 24.8 407.6 1044.5 416.9 1043.5 412.3 1048.5 409.4 1054.3 416.6 1053.5 0.9980
2.9 942.0 16.1 19.0 8.0 948.0 15.0 949.1 11.2 952.0 7.9 955.7 13.3 956.5 0.9980
739.8 987.7 15.6 19.2 744.6 994.4 751.5 995.2 747.8 998.2 744.6 1001.9 750.0 1002.5 0.9979
855.4 1028.6 18.7 21.8 859.7 1036.0 868.4 1035.7 863.9 1040.1 860.8 1044.7 867.8 1044.4 0.9979
736.6 939.3 15.6 18.7 740.5 946.2 747.2 945.8 743.9 949.8 741.6 953.6 747.0 953.3 0.9979
478.5 953.1 15.7 18.3 482.0 959.5 489.5 960.7 484.6 962.7 481.1 966.0 487.4 966.9 0.9978
244.0 950.1 15.8 17.5 250.0 956.0 256.6 957.5 253.3 960.2 249.6 963.0 254.4 964.2 0.9978
778.4 1100.3 26.9 29.3 785.3 1112.1 797.4 1110.5 792.2 1116.6 788.5 1123.7 797.1 1122.4 0.9978
13.6 1183.5 26.4 29.5 22.3 1194.9 33.3 1192.8 30.0 1199.6 26.3 1206.4 34.3 1204.9 0.9978
26.4 904.2 14.7 18.3 29.0 911.3 35.5 911.2 31.4 915.0 29.9 918.5 34.8 918.3 0.9977
117.7 1125.7 24.9 28.1 125.7 1133.0 136.4 1134.5 130.6 1138.9 125.2 1144.8 134.2 1146.0 0.9976
794.4 956.6 16.7 20.7 799.4 965.2 807.0 964.9 803.8 968.6 801.0 972.8 806.7 972.5 0.9976
509.4 1033.5 20.2 24.1 514.3 1043.4 523.7 1042.7 519.3 1047.9 516.0 1052.8 523.5 1052.3 0.9976
111.0 906.9 15.2 18.4 115.6 913.4 122.6 914.0 119.1 917.3 115.9 920.8 121.4 921.3 0.9975
702.4 1060.1 21.8 27.0 708.3 1071.8 717.9 1072.1 712.6 1077.2 708.5 1081.4 716.0 1081.6 0.9975
28.8 945.0 15.9 21.0 33.0 954.1 40.1 954.1 36.5 958.2 34.0 961.7 39.4 961.6 0.9974
16.1 1002.7 15.2 20.9 21.7 1010.2 28.4 1010.4 25.7 1014.5 22.2 1018.5 27.6 1018.7 0.9974
353.1 1096.5 24.1 24.9 360.3 1105.3 371.1 1105.0 366.4 1110.3 362.3 1115.4 370.3 1115.2 0.9974
818.0 1131.2 23.6 29.5 823.8 1143.6 833.5 1144.3 827.8 1149.4 824.7 1154.2 832.0 1154.6 0.9974
173.3 915.9 14.7 17.4 177.0 923.2 183.9 923.4 180.5 926.5 178.1 929.7 183.3 929.7 0.9973
423.6 1182.1 20.3 24.8 429.9 1193.0 438.9 1191.5 435.8 1197.1 433.1 1202.3 439.3 1201.1 0.9973
459.6 921.3 15.5 19.4 464.0 928.4 471.2 928.4 467.7 932.4 464.9 936.2 470.4 936.2 0.9973
844.3 921.7 14.6 18.7 847.8 929.5 854.3 930.4 850.1 933.4 847.7 936.2 852.5 936.9 0.9971
303.5 1041.0 18.1 23.0 308.7 1051.7 316.2 1051.3 313.0 1056.4 310.9 1060.3 315.9 1059.9 0.9971
944.3 1126.1 29.2 35.9 954.0 1137.2 966.5 1139.2 959.8 1144.2 953.3 1150.8 963.4 1152.4 0.9971
351.2 1234.8 26.0 26.6 360.8 1243.6 370.9 1247.2 364.2 1251.7 358.0 1254.6 365.1 1257.5 0.9970
83.7 991.9 15.8 17.4 86.9 997.1 94.7 997.5 90.1 1001.2 87.2 1004.8 93.1 1005.1 0.9970
392.9 1071.8 18.6 24.4 398.3 1082.4 407.0 1082.9 402.7 1087.7 398.8 1091.5 405.3 1091.8 0.9970
994.4 1020.3 20.8 24.8 998.6 1030.5 1008.0 1030.5 1002.6 1035.9 1000.0 1040.4 1006.8 1040.3 0.9970
788.8 924.7 16.6 18.9 793.3 931.6 800.5 932.8 796.1 936.0 792.9 939.1 798.2 940.0 0.9970
430.5 887.0 14.8 18.4 433.6 893.8 440.0 894.5 435.6 897.3 433.5 900.7 438.3 901.2 0.9969
542.2 891.3 13.9 17.1 545.8 897.4 552.1 898.2 548.4 901.0 545.8 904.0 550.7 904.6 0.9969
347.0 1064.2 21.3 28.2 354.4 1076.5 363.9 1076.2 360.0 1082.5 355.7 1087.1 362.7 1087.0 0.9968
396.0 1013.0 19.9 22.1 402.1 1020.2 411.4 1020.5 407.1 1024.1 403.2 1029.2 410.1 1029.5 0.9968
627.9 981.8 15.6 17.7 631.3 988.6 638.7 988.2 634.9 991.7 632.2 995.3 638.4 995.0 0.9966
458.4 1025.9 23.6 24.3 464.5 1032.5 474.7 1032.5 468.9 1035.3 464.8 1041.8 473.3 1041.8 0.9966
617.9 1083.9 20.8 24.4 622.4 1094.6 632.0 1093.5 627.2 1098.6 624.6 1103.7 631.6 1102.8 0.9965
884.1 1085.4 19.4 26.9 889.9 1095.6 898.0 1096.8 893.1 1100.4 889.2 1105.4 895.4 1106.4 0.9965
599.0 895.9 15.0 16.8 602.8 901.0 609.9 900.9 606.5 905.0 603.9 908.6 609.2 908.4 0.9965
673.5 966.5 14.1 17.5 677.3 972.7 683.7 972.7 680.4 976.3 677.7 979.5 683.2 979.5 0.9961
491.5 1040.9 17.4 22.2 495.6 1050.2 503.9 1048.8 500.5 1054.1 498.1 1058.7 504.4 1057.6 0.9960
661.2 877.5 13.6 17.1 664.6 883.4 670.8 883.4 667.6 886.5 665.2 890.2 670.3 890.1 0.9960
140.2 898.4 13.5 16.2 143.4 904.4 149.4 904.5 146.0 907.2 144.0 910.4 148.6 910.5 0.9959
932.1 868.8 14.6 17.4 936.7 874.8 943.4 874.8 940.4 878.5 937.4 881.9 942.7 881.9 0.9958
14.5 1034.4 18.9 22.4 18.1 1042.5 26.5 1042.2 21.5 1046.4 19.0 1051.0 25.6 1050.8 0.9956
471.2 889.4 15.9 17.6 476.1 894.7 483.2 894.7 479.8 898.7 476.8 902.3 482.4 902.3 0.9955
621.5 1058.0 20.3 22.2 626.0 1066.6 635.1 1066.3 629.8 1069.7 626.9 1074.7 634.0 1074.4 0.9955
727.5 1145.2 25.6 27.8 735.0 1153.6 747.2 1154.9 741.1 1157.6 735.5 1164.3 744.9 1165.4 0.9955
649.0 940.3 14.6 16.7 652.6 946.4 659.1 945.9 655.9 949.6 653.7 953.0 658.8 952.7 0.9955
776.4 1043.0 20.8 23.8 781.7 1050.9 791.2 1051.5 786.0 1056.3 782.1 1060.9 789.5 1061.3 0.9954
574.1 868.9 13.4 17.5 577.2 876.4 582.9 876.2 579.8 879.7 578.1 882.8 582.4 882.6 0.9951
377.5 1175.6 24.1 31.6 384.6 1185.4 395.3 1185.2 390.6 1190.9 386.2 1198.8 394.5 1198.6 0.9951
884.1 1055.0 22.2 27.0 888.6 1066.6 898.1 1065.3 893.4 1070.3 890.8 1076.0 898.7 1074.9 0.9950
10.8 1086.4 21.2 26.0 17.1 1096.4 26.3 1096.5 22.0 1101.3 18.4 1106.0 25.3 1106.0 0.9950
361.0 947.0 15.5 22.2 371.8 954.9 374.3 954.5 375.7 959.3 371.4 963.7 373.2 963.7 0.9950
292.3 1004.9 19.5 24.3 300.5 1015.4 308.2 1015.9 305.0 1020.9 300.7 1024.2 306.1 1024.7 0.9949
705.0 895.4 15.1 18.2 708.9 902.7 715.2 901.8 712.4 905.8 710.6 909.6 715.4 908.9 0.9949
777.5 912.4 15.8 17.7 782.2 919.1 788.8 919.3 785.3 922.7 782.6 926.1 787.4 926.3 0.9948
909.4 914.5 16.1 20.6 914.5 921.8 921.0 922.8 917.4 926.1 914.3 929.8 919.4 930.5 0.9948
534.1 878.2 14.9 17.2 538.0 885.0 544.6 884.9 541.2 888.6 538.8 892.0 543.9 892.0 0.9948
9.7 921.3 13.4 16.4 13.5 927.8 19.9 927.6 16.9 931.3 14.5 934.5 19.4 934.4 0.9947
713.4 843.4 12.0 15.4 716.9 849.5 722.1 849.2 719.7 852.2 717.6 855.1 721.9 854.9 0.9946
838.4 944.5 14.9 17.7 841.3 951.7 848.1 950.3 844.9 954.4 843.4 958.6 848.5 957.5 0.9946
30.9 1142.7 26.1 26.8 39.0 1151.3 50.2 1153.0 44.2 1157.4 39.2 1162.4 47.5 1163.6 0.9943
637.2 1046.1 17.3 22.5 641.8 1054.8 648.8 1055.1 644.7 1058.2 642.1 1062.6 647.8 1062.8 0.9940
424.6 1042.8 21.1 26.6 428.9 1053.9 438.6 1054.0 433.0 1059.2 430.1 1064.1 437.5 1064.0 0.9937
199.7 1207.9 24.2 31.4 206.9 1219.2 218.1 1219.1 212.9 1225.0 208.1 1231.1 217.2 1231.1 0.9937
48.2 951.0 13.8 17.5 51.1 957.9 57.3 958.3 53.4 961.0 51.4 964.4 55.9 964.7 0.9937
678.1 886.3 14.7 17.1 682.1 892.6 688.8 892.8 685.4 896.4 682.8 899.4 687.8 899.5 0.9936
307.1 1154.6 25.4 31.4 315.6 1167.8 327.2 1167.8 322.4 1173.8 317.5 1179.5 326.1 1179.5 0.9936
410.3 890.1 14.8 18.5 415.6 896.6 422.0 897.8 418.8 900.8 415.1 903.8 419.9 904.8 0.9935
525.8 1137.3 18.3 23.3 530.6 1147.0 539.0 1145.8 535.3 1150.9 532.6 1155.6 539.4 1154.7 0.9935
75.2 1231.0 25.7 31.2 84.7 1241.0 96.0 1242.3 90.9 1248.5 84.5 1253.6 93.7 1254.7 0.9933
362.3 908.6 14.3 17.7 365.6 915.7 371.7 915.7 368.2 919.1 366.4 922.4 371.0 922.3 0.9933
708.3 878.0 13.7 16.5 712.3 884.4 718.5 884.8 715.5 887.5 713.1 890.5 717.8 890.8 0.9931
115.1 1176.2 24.0 25.4 120.1 1185.4 131.4 1186.0 124.3 1190.3 120.5 1195.7 128.6 1196.1 0.9929
918.3 1110.2 20.7 26.9 921.2 1120.8 930.3 1119.6 924.5 1124.7 922.9 1130.9 929.9 1129.9 0.9928
223.8 979.7 15.7 18.9 226.8 988.0 233.7 988.3 229.4 992.2 227.6 995.2 232.4 995.4 0.9928
170.7 1049.8 19.2 21.8 174.5 1056.4 182.9 1058.1 176.5 1061.3 173.8 1065.7 179.8 1066.9 0.9927
431.0 1079.1 20.0 26.9 435.7 1091.3 444.3 1091.0 439.3 1097.0 437.4 1101.0 444.5 1100.6 0.9927
356.7 1122.9 20.2 22.8 361.8 1131.1 370.9 1132.1 365.5 1135.7 361.8 1139.5 368.9 1140.2 0.9925
559.3 1024.6 19.3 21.2 564.6 1031.7 572.9 1030.4 569.3 1034.9 566.7 1040.3 573.2 1039.2 0.9925
386.5 1012.7 17.1 22.7 393.0 1021.8 400.7 1020.9 397.8 1025.5 394.5 1030.4 400.7 1029.8 0.9920
358.8 888.3 14.7 19.5 362.2 896.2 369.3 895.8 365.8 900.0 363.4 903.8 368.7 903.5 0.9915
63.5 1164.0 27.8 30.7 71.0 1176.4 83.9 1175.1 78.2 1180.9 73.8 1188.1 83.6 1187.1 0.9914
264.6 870.2 17.5 21.0 269.0 879.2 276.4 878.1 273.0 883.0 271.2 887.2 276.6 886.3 0.9913
831.4 905.5 15.2 16.8 835.8 910.7 842.7 910.4 839.5 914.6 836.9 918.1 842.1 917.9 0.9908
913.5 864.0 13.1 17.0 916.5 872.0 922.7 871.7 919.7 875.3 917.7 878.0 922.4 877.7 0.9904
612.9 921.1 12.0 15.9 615.8 927.1 621.4 927.4 618.3 930.4 615.9 933.4 620.4 933.6 0.9902
745.0 969.8 14.7 18.1 748.6 977.9 755.4 977.7 752.0 981.4 749.8 984.6 754.9 984.4 0.9900
777.0 1022.6 19.6 21.6 782.2 1030.7 791.2 1030.3 786.9 1035.2 783.5 1039.6 790.4 1039.3 0.9899
134.8 865.4 13.6 17.1 137.9 872.7 143.8 873.0 140.2 876.0 138.3 878.9 142.8 879.0 0.9898
95.6 903.3 14.0 15.5 99.7 908.7 106.1 909.2 102.9 912.1 99.9 915.0 104.8 915.4 0.9895
418.0 1071.6 18.4 23.2 421.9 1080.7 430.8 1079.3 426.5 1084.3 423.9 1089.7 431.0 1088.6 0.9895
4.8 864.4 11.7 15.4 8.2 870.8 13.4 870.6 11.0 873.8 8.9 876.7 13.1 876.6 0.9890
151.7 1044.7 18.6 22.5 155.5 1053.1 164.3 1053.3 159.2 1057.0 156.1 1061.8 162.8 1061.9 0.9890
586.3 884.5 13.4 17.7 589.0 891.6 594.8 891.6 591.4 894.7 589.7 898.2 594.2 898.2 0.9889
241.6 1131.2 22.7 27.8 249.2 1141.5 259.5 1141.5 254.9 1146.2 250.4 1152.2 258.0 1152.2 0.9887
212.9 1059.5 15.8 22.2 215.9 1068.8 223.1 1068.7 218.9 1073.0 216.8 1077.0 222.4 1076.9 0.9884
831.1 1058.0 16.3 22.6 834.8 1066.5 842.5 1065.8 838.7 1070.3 835.9 1075.1 842.4 1074.6 0.9884
372.1 927.0 14.6 18.1 375.8 933.9 382.1 934.4 378.6 937.2 376.0 940.6 380.9 940.9 0.9883
616.0 906.0 13.7 16.4 619.8 911.7 626.4 912.1 623.2 915.4 620.5 918.4 625.6 918.6 0.9881
127.3 906.2 12.7 17.9 130.0 913.9 135.7 914.1 132.4 917.2 130.6 920.4 134.7 920.6 0.9878
33.0 1171.8 23.8 26.9 37.6 1182.1 47.0 1179.9 42.6 1186.7 41.5 1193.1 48.3 1191.3 0.9873
149.7 910.3 13.4 16.7 152.9 917.3 158.9 917.5 155.5 920.6 153.3 923.6 158.1 923.7 0.9873
291.6 898.1 15.0 18.3 296.1 905.3 302.8 905.4 299.6 909.2 297.0 912.5 302.1 912.5 0.9869
969.0 936.7 13.3 16.7 973.5 942.5 979.4 941.9 977.2 946.1 974.8 949.7 979.1 949.3 0.9868
165.4 934.7 17.6 19.8 169.6 940.8 177.7 941.3 173.2 944.9 170.3 949.1 176.4 949.4 0.9865
157.3 848.3 13.8 17.1 160.2 855.0 166.5 854.6 163.0 858.3 161.2 861.6 165.9 861.3 0.9849
880.5 994.6 16.5 21.9 882.5 1003.2 887.8 1003.6 883.3 1008.7 884.3 1012.3 887.8 1012.4 0.9844
631.8 884.4 14.1 15.9 636.7 889.0 643.2 889.7 640.1 892.8 636.9 895.9 641.6 896.5 0.9843
900.0 884.7 12.1 16.1 902.7 891.0 907.5 891.2 904.4 894.3 903.0 897.2 906.8 897.3 0.9838
461.5 955.9 15.2 18.9 464.2 964.1 470.3 965.2 465.9 968.4 463.9 971.0 468.3 971.8 0.9832
332.2 943.3 15.3 19.3 336.5 951.3 342.8 952.0 339.2 956.0 336.6 958.7 341.1 959.2 0.9832
68.7 927.3 12.3 14.9 72.4 933.1 77.7 933.3 74.9 936.2 72.6 938.7 76.8 938.9 0.9825
456.7 865.4 13.7 17.5 461.3 872.0 467.1 872.1 464.4 875.4 461.8 878.5 466.4 878.6 0.9820
693.9 878.2 13.2 16.2 697.4 883.3 704.0 883.3 700.8 887.0 698.2 890.3 703.3 890.3 0.9814
974.5 914.8 14.5 18.5 978.2 923.0 985.1 923.3 981.3 927.6 979.0 930.4 983.7 930.6 0.9814
274.6 1050.6 18.8 22.9 279.6 1060.0 287.9 1059.9 283.9 1064.8 280.7 1069.0 287.0 1068.9 0.9805
135.4 1197.1 28.6 35.7 140.9 1210.0 151.1 1211.1 143.3 1216.3 140.9 1223.4 148.7 1224.1 0.9797
660.0 1037.8 19.3 22.9 666.1 1048.6 674.6 1048.1 671.2 1053.2 667.8 1056.9 673.9 1056.6 0.9790
304.6 822.4 12.3 14.9 308.2 827.8 313.9 827.6 311.4 830.7 309.0 833.8 313.7 833.6 0.9785
46.5 1115.5 24.0 26.6 54.7 1124.0 64.8 1125.8 59.4 1129.3 54.3 1134.1 62.1 1135.5 0.9785
531.1 857.3 13.2 17.4 534.8 864.4 540.6 864.9 537.2 868.2 535.0 871.1 539.1 871.5 0.9782
106.7 845.0 12.8 16.0 110.2 851.6 115.6 851.8 112.7 854.6 110.5 857.3 114.8 857.5 0.9778
342.9 1182.9 25.3 28.4 349.1 1195.0 360.6 1194.3 355.0 1201.4 351.6 1206.4 359.8 1205.9 0.9762
390.9 920.5 15.8 17.8 393.6 925.9 399.9 925.9 395.8 929.7 394.7 933.7 399.3 933.6 0.9759
828.0 993.4 14.8 19.5 834.5 1001.9 840.0 1002.3 837.9 1006.1 834.4 1008.6 838.5 1009.0 0.9746
113.9 1089.9 21.5 27.3 119.5 1100.8 129.6 1101.0 124.3 1106.4 120.6 1111.5 128.3 1111.6 0.9744
582.5 1078.1 17.5 24.8 586.0 1088.9 593.4 1088.1 589.6 1093.2 587.6 1097.8 593.5 1097.1 0.9743
63.3 867.5 13.0 16.9 65.6 874.2 71.3 874.7 67.6 877.7 66.0 880.7 70.3 881.0 0.9742
976.3 781.0 11.4 14.6 980.0 786.8 985.0 786.8 982.7 789.6 980.3 792.3 984.4 792.3 0.9737
80.4 1047.3 19.1 25.2 89.2 1057.3 97.4 1058.1 94.5 1062.9 89.2 1067.0 95.1 1067.8 0.9735
264.7 906.8 13.7 15.7 268.1 912.4 274.2 911.9 271.3 915.5 269.2 918.7 274.1 918.3 0.9726
37.4 934.4 15.1 17.2 41.3 940.7 47.4 939.8 44.7 943.9 43.2 947.7 47.7 947.0 0.9725
287.7 947.1 13.4 15.9 294.3 952.7 298.9 951.8 298.3 955.7 295.6 959.3 298.9 958.8 0.9720
123.5 893.5 13.4 15.8 126.3 899.1 132.6 898.8 129.3 902.0 127.4 905.4 132.3 905.1 0.9711
779.3 1074.9 20.8 23.9 783.8 1083.8 793.2 1083.0 788.4 1087.2 785.4 1092.4 792.6 1091.8 0.9694
512.3 849.2 13.1 17.1 513.8 855.0 519.6 855.7 515.1 858.7 513.8 862.2 518.1 862.6 0.9685
636.5 906.6 14.7 17.3 639.5 913.4 646.5 913.1 642.8 917.1 640.9 920.5 646.0 920.2 0.9680
232.6 1055.3 21.5 25.5 240.9 1066.0 250.1 1066.1 246.7 1071.3 241.7 1076.1 248.8 1076.3 0.9673
682.2 833.9 14.1 16.4 686.1 839.1 692.5 839.4 689.3 843.1 686.7 846.2 691.5 846.4 0.9672
228.1 854.6 13.7 17.1 231.0 861.3 237.0 861.4 233.5 864.6 231.7 867.9 236.2 867.9 0.9671
490.1 916.6 14.3 18.0 493.6 923.3 500.5 923.6 496.8 926.9 494.2 930.4 499.5 930.6 0.9670
580.9 949.1 14.2 17.8 588.5 955.1 593.3 955.0 592.5 959.4 588.9 962.8 592.1 963.0 0.9648
243.5 895.1 15.0 18.9 247.4 902.6 254.3 903.6 250.2 906.7 247.4 909.8 252.5 910.5 0.9643
156.2 955.1 16.8 20.1 160.4 962.0 167.6 962.3 163.4 966.4 160.9 970.8 166.5 971.0 0.9628
544.9 840.9 13.1 16.7 547.2 847.1 553.3 847.4 549.5 850.6 547.7 853.8 552.4 854.0 0.9624
871.8 1053.7 24.5 29.3 879.1 1065.9 889.9 1065.8 883.5 1070.3 879.7 1076.2 888.4 1076.1 0.9622
169.8 1107.0 21.1 23.9 173.5 1116.4 181.2 1114.8 176.1 1119.7 175.5 1125.0 181.3 1123.6 0.9622
0.0 958.0 7.7 19.2 -3.8 966.0 3.5 965.3 0.5 969.0 -2.4 973.1 3.5 972.6 0.9617
113.1 1201.6 21.4 25.1 115.7 1210.6 123.9 1208.5 119.3 1215.7 119.5 1221.3 125.5 1219.4 0.9612
653.2 902.7 12.7 16.5 656.6 910.3 662.4 910.4 659.5 914.1 657.4 916.5 661.4 916.6 0.9607
34.6 816.5 11.4 14.2 36.5 822.1 41.7 821.9 38.7 825.0 37.5 827.9 41.5 827.7 0.9600
66.0 1192.2 24.4 28.6 72.1 1201.7 83.1 1201.0 77.8 1206.2 74.3 1213.3 82.9 1212.7 0.9583
390.5 811.1 10.9 13.7 394.8 816.4 399.3 816.4 397.7 819.1 395.2 821.7 398.7 821.8 0.9580
850.1 875.6 17.8 22.7 855.9 883.6 863.4 884.6 859.7 888.3 855.9 892.4 861.7 893.2 0.9573
496.2 857.4 11.6 15.1 499.8 863.4 504.7 863.4 502.4 866.5 500.3 869.4 504.1 869.4 0.9571
511.7 878.1 12.6 15.1 514.5 883.4 520.2 883.3 517.2 886.6 515.3 889.8 519.8 889.7 0.9558
254.0 934.8 15.0 16.6 258.2 939.8 264.7 939.4 261.8 942.6 259.5 946.6 264.6 946.3 0.9553
569.6 844.6 13.1 16.1 572.1 851.0 577.8 850.7 574.5 853.7 573.2 857.0 577.4 856.6 0.9551
629.7 850.6 10.6 12.4 632.4 855.0 637.1 855.1 634.6 857.6 632.8 860.0 636.6 860.0 0.9548
429.4 830.9 13.9 15.8 432.8 835.7 438.7 835.7 435.5 839.0 433.5 842.4 438.1 842.3 0.9541
320.7 927.0 14.8 17.7 324.6 933.1 331.7 933.0 328.2 936.8 325.5 940.6 331.0 940.5 0.9526
9.4 835.0 12.3 14.2 12.2 839.9 17.7 839.7 14.9 842.6 13.1 845.6 17.5 845.4 0.9523
718.6 1040.8 17.1 20.8 724.9 1046.2 731.8 1045.5 729.6 1049.5 726.5 1055.0 732.3 1054.4 0.9501
559.0 886.6 14.2 17.7 562.2 893.6 568.4 893.5 564.8 896.9 562.7 900.2 567.5 900.2 0.9474
594.6 1029.5 21.4 25.5 604.9 1037.3 613.1 1038.5 610.2 1043.4 604.1 1048.0 610.5 1049.1 0.9463
897.9 1013.7 15.2 21.2 903.7 1022.1 910.8 1022.1 908.0 1025.8 903.9 1030.0 909.7 1030.1 0.9459
380.4 872.3 13.7 18.4 384.1 879.8 390.0 880.0 386.9 883.7 384.7 886.9 389.3 887.0 0.9448
385.1 941.3 14.1 17.9 387.5 948.7 393.7 947.8 390.4 951.8 389.1 955.8 393.8 955.0 0.9435
251.8 896.8 13.7 18.3 254.5 903.4 261.2 904.3 257.2 907.5 254.3 910.8 259.3 911.5 0.9353
129.4 816.4 10.7 14.7 132.3 822.1 137.2 822.1 134.7 825.1 132.7 828.0 136.7 828.1 0.9307
717.2 868.5 14.1 15.7 721.8 873.2 728.3 873.6 725.2 875.9 722.1 879.3 727.3 879.6 0.9298
218.6 817.1 9.4 11.6 221.0 820.8 225.7 820.8 223.3 823.5 221.4 826.0 225.1 826.1 0.9293
0.0 1125.0 17.3 21.5 3.9 1133.1 11.6 1132.5 8.3 1136.7 5.9 1141.5 11.7 1141.0 0.9282
421.1 1106.9 19.2 27.1 427.8 1118.1 435.2 1119.1 430.9 1123.6 427.1 1127.9 432.8 1128.7 0.9259
948.5 955.8 15.3 20.6 950.8 964.0 956.0 964.7 951.2 968.2 950.7 971.9 954.3 972.2 0.9245
316.3 852.3 14.7 18.4 321.4 859.0 328.0 859.4 325.1 862.8 322.1 866.5 327.2 866.8 0.9240
840.9 1058.6 18.5 23.2 847.5 1068.7 854.9 1067.6 852.4 1071.8 849.7 1076.7 855.2 1075.9 0.9235
881.9 853.5 12.9 14.7 886.0 859.1 891.5 858.9 889.0 862.0 886.8 865.0 891.0 864.9 0.9232
421.7 918.5 14.1 17.3 425.6 925.4 431.6 925.8 428.3 928.9 425.9 931.7 430.4 932.0 0.9184
86.5 852.6 11.4 14.3 89.8 857.6 95.0 857.8 92.3 860.7 90.0 863.5 94.1 863.7 0.9176
725.4 774.1 14.2 16.4 729.1 779.3 735.3 779.6 731.8 782.7 729.6 786.2 734.2 786.3 0.9158
679.6 997.4 21.9 26.4 685.0 1004.2 694.5 1005.7 687.7 1009.8 683.7 1015.3 691.3 1016.5 0.9139
983.0 888.9 15.9 19.9 986.3 895.7 993.1 896.5 988.6 900.4 986.3 903.7 991.7 904.3 0.9132
796.8 805.6 10.6 13.7 799.1 811.1 803.9 811.3 800.9 814.1 799.4 816.7 803.1 816.9 0.9121
578.8 826.6 11.6 14.6 581.2 831.4 586.2 831.5 583.2 834.5 581.7 837.5 585.6 837.6 0.9116
616.4 836.9 12.8 15.8 619.2 842.8 624.8 844.0 620.9 846.5 618.8 849.0 622.9 849.8 0.9112
831.5 799.1 11.1 13.1 834.5 803.1 839.7 803.2 837.0 806.0 834.8 808.8 839.0 808.9 0.9112
0.0 852.5 6.6 16.2 -1.2 858.3 3.8 859.2 1.3 861.9 -1.8 864.3 2.0 865.2 0.9101
3.8 906.8 13.6 16.6 8.2 912.6 14.4 913.7 11.0 916.4 8.0 919.0 12.7 919.9 0.9082
935.8 1083.5 21.4 24.4 940.2 1091.7 949.8 1092.4 943.8 1095.4 940.0 1100.8 947.8 1101.4 0.9079
626.3 922.0 14.4 17.8 628.6 928.6 634.5 928.8 630.4 932.0 629.1 935.6 633.6 935.6 0.9065
733.8 922.5 14.6 16.1 737.8 927.9 745.1 927.8 741.8 931.7 739.0 935.2 744.4 935.1 0.9052
620.1 861.3 10.5 13.0 622.6 866.9 627.1 866.8 624.7 869.4 623.2 871.8 626.7 871.7 0.9038
950.4 769.1 10.0 12.2 952.9 774.1 957.1 773.9 954.9 776.5 953.6 778.8 956.9 778.6 0.9000
648.2 844.1 13.6 16.7 650.7 850.7 656.7 850.9 653.0 854.0 651.4 857.0 655.7 857.1 0.8985
876.1 871.6 13.4 16.8 880.0 877.7 883.7 877.5 881.8 881.1 880.7 884.7 883.3 884.6 0.8964
623.2 1036.3 17.7 21.2 628.9 1042.6 636.9 1043.1 632.9 1047.7 629.1 1051.6 635.3 1052.1 0.8959
330.0 1086.7 18.8 25.7 334.2 1097.8 342.4 1098.0 337.9 1103.1 335.5 1107.7 341.5 1107.8 0.8944
541.7 912.3 13.7 17.5 545.0 919.9 551.3 919.6 548.0 923.5 546.2 926.5 550.9 926.2 0.8925
281.4 1024.2 19.4 22.1 287.8 1030.2 296.7 1032.2 291.6 1036.2 286.9 1039.9 293.7 1041.5 0.8923
80.1 794.3 10.5 13.3 82.4 799.7 86.9 799.7 84.4 802.3 82.9 804.7 86.6 804.6 0.8918
193.1 851.6 12.0 14.7 195.9 857.5 201.2 857.7 198.1 860.8 196.3 863.5 200.2 863.6 0.8914
788.2 896.9 13.9 16.5 792.2 903.4 798.8 902.4 796.3 906.5 794.1 910.1 799.2 909.4 0.8912
770.9 891.9 13.1 17.6 773.7 899.2 780.3 899.0 776.8 902.6 774.6 906.1 779.6 905.9 0.8904
684.5 916.7 13.8 18.2 686.4 923.9 692.2 924.5 688.0 928.3 686.8 931.4 690.8 931.7 0.8869
774.1 778.2 10.0 13.0 776.5 783.5 781.1 783.3 778.9 785.9 777.2 788.4 780.9 788.2 0.8867
594.6 846.5 11.4 13.6 597.2 852.0 602.3 852.0 599.5 855.0 597.8 857.6 601.6 857.7 0.8866
791.2 821.8 12.1 14.6 794.4 827.7 799.7 827.8 796.8 830.8 794.9 833.4 799.1 833.4 0.8865
813.6 816.9 12.2 14.5 817.5 822.4 823.0 822.8 820.1 825.7 817.4 828.3 821.7 828.7 0.8861
665.2 823.3 14.6 19.3 669.3 832.7 675.8 832.9 672.4 837.0 669.8 839.6 674.5 839.8 0.8851
9.0 894.5 13.6 15.8 12.4 901.4 18.5 900.9 15.5 904.2 13.8 907.2 18.3 906.8 0.8827
1005.4 768.4 10.5 11.7 1009.2 772.4 1013.5 772.6 1011.5 775.0 1009.3 777.2 1012.5 777.4 0.8813
361.0 787.5 10.3 13.4 363.2 792.8 368.1 792.5 365.7 795.2 364.0 797.9 368.0 797.7 0.8802
830.4 766.0 11.5 14.7 833.0 772.2 838.1 771.8 835.5 774.9 834.0 777.8 838.1 777.5 0.8782
745.5 823.2 14.2 17.2 750.6 830.5 757.3 830.1 754.8 834.2 751.8 837.2 756.9 836.9 0.8745
424.9 904.2 13.7 17.7 428.0 910.0 434.4 909.9 431.0 913.5 428.7 917.1 433.9 917.1 0.8745
964.4 892.9 14.1 16.7 968.2 899.1 974.3 899.2 971.0 902.6 968.9 905.7 973.4 905.8 0.8720
204.0 862.7 12.0 14.0 208.3 867.6 213.3 867.3 211.5 870.5 209.2 873.4 213.1 873.2 0.8703
897.3 776.2 10.0 12.8 900.0 781.0 904.6 781.0 902.2 783.5 900.5 786.0 904.1 786.0 0.8680
711.6 778.4 10.1 12.4 714.2 783.4 718.7 783.5 716.2 786.1 714.5 788.3 718.0 788.3 0.8667
41.6 965.6 15.0 19.1 46.0 972.8 52.9 973.2 49.4 977.1 46.5 980.8 51.5 981.1 0.8658
747.5 839.2 12.8 15.9 750.7 844.7 755.9 844.4 753.2 847.7 751.6 851.0 755.7 850.7 0.8631
205.2 887.6 14.4 16.2 208.3 893.2 214.6 892.4 211.3 896.1 209.5 899.7 214.5 899.1 0.8617
734.3 869.2 13.1 16.7 736.6 875.6 743.1 874.0 740.2 877.9 738.8 882.1 743.9 880.9 0.8596
872.9 776.8 10.4 12.8 876.6 781.4 880.7 781.4 878.9 784.0 877.0 786.5 880.1 786.5 0.8547
968.7 1092.9 19.6 25.6 972.9 1102.8 982.1 1102.8 977.0 1108.1 973.8 1112.7 980.9 1112.7 0.8506
717.0 1084.6 21.1 26.2 717.6 1094.9 724.7 1095.5 718.8 1099.5 718.8 1104.7 723.8 1104.9 0.8491
13.3 820.3 9.2 12.0 15.0 825.3 19.2 825.4 16.6 828.1 15.5 830.5 18.8 830.5 0.8478
289.5 879.0 11.3 13.3 292.9 884.0 298.0 884.1 295.5 886.8 293.3 889.5 297.2 889.6 0.8456
332.3 871.6 13.7 16.7 335.0 877.4 341.2 877.4 337.6 881.1 335.6 884.3 340.6 884.3 0.8438
690.7 948.3 14.0 18.0 694.8 955.4 701.3 956.1 697.8 959.8 695.0 962.5 699.8 963.0 0.8396
331.0 822.8 14.8 17.1 333.9 828.4 341.2 827.7 337.5 832.2 335.3 836.2 340.8 835.7 0.8390
197.8 958.7 13.2 16.8 201.5 965.4 206.9 965.9 203.9 968.8 201.6 971.3 205.7 971.7 0.8342
185.1 906.8 12.1 15.9 189.0 912.5 194.5 912.7 192.0 915.9 189.3 919.1 193.6 919.3 0.8341
293.0 803.4 10.5 11.4 295.7 807.3 300.3 807.1 298.1 809.6 296.5 812.1 300.1 811.9 0.8317
216.9 870.6 12.0 14.0 220.3 875.7 226.1 875.5 223.5 878.5 221.2 881.5 225.8 881.4 0.8307
108.9 888.1 12.6 16.4 112.9 894.4 118.6 894.3 115.9 898.1 113.7 901.1 117.9 901.1 0.8224
239.6 834.2 9.9 12.6 242.0 838.9 246.5 838.9 244.1 841.4 242.5 843.9 246.0 843.9 0.8192
55.8 842.0 10.4 12.6 58.0 846.7 62.6 846.8 59.9 849.2 58.3 851.6 62.0 851.7 0.8131
877.4 961.6 16.6 19.8 882.5 968.3 889.0 970.0 884.5 972.4 881.4 975.5 886.6 976.8 0.8119
352.2 1220.7 26.5 30.0 360.7 1232.6 372.0 1234.2 365.7 1239.2 360.2 1243.9 368.6 1245.2 0.8114
633.0 799.7 10.3 12.3 635.5 803.9 640.5 804.4 637.5 806.8 635.4 809.2 639.4 809.5 0.8068
528.0 922.6 13.5 17.3 532.8 930.6 538.2 929.9 536.5 933.8 534.4 937.1 538.4 936.7 0.8062
691.8 927.7 14.1 15.1 696.3 933.5 702.3 933.7 699.2 937.0 696.7 939.4 701.1 939.6 0.8034
969.6 865.9 14.2 16.5 972.3 871.5 978.2 871.6 974.4 874.4 972.9 878.1 977.2 878.1 0.8003
64.4 953.4 14.7 17.7 68.7 959.5 75.7 959.2 73.0 963.3 69.8 967.3 75.4 967.1 0.7952
179.7 830.0 12.5 15.9 182.0 835.7 187.5 836.1 184.0 839.3 182.4 842.2 186.6 842.3 0.7850
145.6 944.5 11.9 14.7 148.6 949.6 154.1 949.8 151.1 952.9 149.0 955.9 153.3 956.0 0.7849
243.3 1104.5 17.2 23.3 250.7 1115.0 257.6 1114.1 255.7 1119.2 252.5 1123.2 257.3 1122.7 0.7841
993.9 922.8 12.8 14.0 997.1 927.2 1003.2 927.2 1000.0 930.4 997.7 933.6 1002.4 933.6 0.7767
953.4 1029.7 13.7 15.4 957.0 1035.7 963.7 1034.9 960.8 1038.3 958.5 1041.9 963.6 1041.2 0.7737
308.5 902.6 13.1 16.2 311.5 908.5 317.4 908.2 314.4 912.0 312.6 915.2 317.1 914.9 0.7643
855.8 801.3 13.4 16.0 857.8 806.4 864.0 806.4 860.1 809.4 858.5 813.1 863.4 813.0 0.7643
638.4 836.3 10.6 13.1 641.3 841.4 646.6 841.5 643.9 844.3 641.6 847.0 645.9 847.1 0.7601
419.2 859.4 13.7 16.6 422.3 864.3 429.1 864.5 425.6 867.9 423.0 871.6 428.2 871.7 0.7550
389.6 835.5 12.2 14.3 393.0 841.3 398.3 841.2 395.9 844.1 393.8 846.8 397.9 846.7 0.7460
958.7 932.4 12.4 17.1 962.2 939.2 967.4 938.9 964.9 942.7 963.0 946.3 966.9 946.0 0.7419
590.1 1042.2 20.6 26.4 594.7 1054.0 603.5 1053.7 598.7 1059.5 596.4 1064.4 602.8 1064.0 0.7385
1003.1 842.3 11.0 12.1 1006.8 846.3 1011.5 846.5 1009.3 849.0 1007.1 851.4 1010.8 851.5 0.7382
136.3 953.6 12.7 17.2 138.8 959.7 142.4 960.7 138.4 963.3 138.3 966.4 140.9 967.0 0.7354
839.4 814.3 12.4 17.0 843.0 820.8 848.8 820.8 846.2 824.5 843.9 827.8 848.2 827.8 0.7331
79.0 936.5 15.6 19.8 83.1 943.9 89.4 943.2 86.6 947.8 84.7 951.8 89.4 951.2 0.7225
20.7 869.6 10.8 12.4 24.8 873.9 29.1 874.0 27.4 876.7 25.2 879.1 28.4 879.2 0.7213
162.0 777.3 9.4 11.2 164.3 781.8 168.5 781.6 166.4 783.9 164.9 786.1 168.3 786.0 0.7164
53.0 823.1 14.2 16.0 56.4 828.6 63.4 828.7 59.8 832.0 57.4 835.4 62.3 835.5 0.7140
284.7 831.7 13.5 16.1 290.3 837.5 296.1 837.4 294.2 841.0 291.3 844.3 295.4 844.3 0.7120
800.3 855.2 12.7 16.2 803.3 861.4 808.6 861.6 805.4 864.3 803.5 867.4 807.5 867.6 0.7114
267.2 827.3 10.3 12.3 270.0 832.2 274.7 832.6 272.0 835.1 270.1 837.4 273.7 837.7 0.7087
381.1 950.9 17.7 24.2 390.1 959.9 397.3 960.0 395.7 965.4 390.5 970.7 395.9 970.9 0.7051
488.6 1150.2 24.0 29.6 493.9 1161.3 504.3 1161.2 498.5 1167.5 495.4 1173.9 503.5 1173.8 0.7047
946.8 800.0 9.9 11.1 949.8 804.4 954.2 804.7 951.8 807.1 949.9 809.1 953.2 809.3 0.7000
390.1 997.9 23.5 30.0 395.9 1009.0 406.6 1009.6 400.6 1015.6 396.5 1021.6 405.0 1021.9 0.6920
283.5 933.3 14.2 15.7 288.6 939.1 294.9 938.5 292.6 941.5 290.2 945.1 294.9 944.7 0.6888
154.1 1179.8 25.4 26.0 163.7 1187.8 174.1 1187.5 170.5 1192.1 166.0 1198.3 173.9 1198.2 0.6880
548.9 812.4 11.0 13.7 551.5 817.8 556.9 817.9 554.1 820.7 551.8 823.3 556.2 823.4 0.6871
299.3 850.1 12.6 16.8 302.6 857.0 308.6 856.9 305.8 860.6 303.6 863.7 308.0 863.7 0.6865
111.8 777.6 9.8 11.6 114.5 782.1 118.6 782.3 116.4 784.5 114.7 786.6 117.8 786.7 0.6832
795.3 780.1 9.7 10.8 797.9 783.5 802.5 783.7 800.1 786.0 798.0 788.3 801.7 788.5 0.6831
1001.9 796.0 11.9 16.0 1004.1 802.5 1008.7 802.1 1006.0 805.6 1005.3 808.8 1008.7 808.4 0.6811
0.0 818.0 8.7 11.7 2.7 822.3 6.7 822.5 4.8 824.8 2.8 827.0 6.0 827.2 0.6767
773.3 849.6 13.0 16.7 775.4 856.0 781.4 855.8 777.9 859.9 776.7 863.2 781.0 862.9 0.6726
959.3 878.6 13.3 15.3 963.6 883.7 969.4 883.1 967.0 886.8 965.1 890.1 969.4 889.6 0.6694
334.4 854.2 12.8 15.5 337.2 860.8 343.1 859.7 340.7 863.2 339.2 866.5 343.8 865.6 0.6640
927.8 1005.9 16.4 21.9 933.6 1014.5 940.0 1015.4 937.4 1019.1 934.3 1022.7 939.3 1023.5 0.6616
594.7 824.4 13.2 16.9 597.1 830.6 602.9 831.3 599.1 834.8 597.3 837.6 601.5 838.0 0.6536
83.3 836.7 13.3 16.6 87.2 843.1 93.6 843.3 90.3 846.5 87.6 849.7 92.4 849.9 0.6465
1004.5 894.9 11.9 13.6 1007.7 900.3 1012.9 900.3 1010.3 903.1 1008.4 905.9 1012.4 905.8 0.6414
880.5 790.8 8.4 10.3 882.9 794.8 886.6 794.7 884.8 796.8 883.3 798.9 886.3 798.8 0.6347
790.8 845.2 13.1 17.8 794.7 851.8 800.5 851.5 798.0 855.7 795.8 859.5 800.1 859.2 0.6322
1001.1 778.9 9.8 12.6 1003.0 783.6 1007.3 783.7 1004.6 786.3 1003.3 788.8 1006.7 788.9 0.6268
348.8 830.4 12.5 16.9 351.2 836.6 356.7 836.5 353.2 839.9 351.7 843.5 355.9 843.3 0.6253
403.0 947.5 12.0 15.0 407.1 954.3 412.1 954.1 410.0 957.1 407.9 959.7 411.7 959.7 0.6248
709.0 954.0 12.6 14.2 712.2 958.7 718.2 959.0 714.9 962.0 712.5 965.0 717.3 965.2 0.6247
844.7 883.8 14.1 16.7 848.4 890.1 855.3 890.6 851.3 894.0 848.8 896.8 854.1 897.2 0.6243
173.5 764.7 8.7 10.3 176.3 768.5 180.4 768.4 178.7 770.7 176.8 772.8 180.1 772.8 0.6188
252.6 828.2 10.1 13.4 256.5 833.4 260.7 833.0 259.5 836.1 257.4 839.0 260.6 838.7 0.6187
325.0 894.1 14.8 19.6 329.9 901.0 336.3 900.9 333.5 905.3 330.2 909.0 335.8 909.0 0.6157
404.0 1162.3 22.9 25.1 410.5 1169.9 420.0 1169.5 415.2 1173.8 411.6 1179.7 419.3 1179.4 0.6109
808.1 781.3 10.5 12.9 811.0 786.0 815.9 786.3 813.3 789.1 811.2 791.6 814.9 791.8 0.6095
253.7 806.1 10.2 12.1 256.6 810.6 261.3 810.5 259.1 812.9 257.3 815.5 260.9 815.4 0.6079
652.6 803.9 10.9 13.3 655.6 809.3 660.5 809.6 657.7 812.2 655.7 814.5 659.5 814.7 0.6026
51.7 907.7 11.8 12.1 54.2 912.2 58.7 912.7 55.5 915.2 54.4 917.3 57.7 917.6 0.6015
220.2 847.3 10.6 13.7 222.7 852.7 227.4 852.6 224.9 855.3 223.4 858.0 227.0 857.9 0.5996
524.1 1051.9 20.4 22.4 530.6 1061.4 538.9 1060.7 535.4 1065.3 532.6 1069.5 538.6 1069.0 0.5988
405.6 853.7 12.0 14.8 408.9 858.7 414.5 858.8 411.7 861.9 409.4 864.8 413.8 864.9 0.5951
146.3 1077.7 17.5 21.3 151.6 1083.8 159.9 1083.4 156.7 1087.6 153.3 1093.0 159.9 1092.7 0.5932
291.7 864.0 13.0 16.2 295.3 869.6 301.4 870.1 298.1 873.5 295.7 876.4 300.3 876.8 0.5918
119.3 851.2 9.6 12.7 121.3 856.0 124.6 856.2 122.1 858.8 121.6 861.3 124.0 861.4 0.5803
756.1 848.3 12.9 15.6 759.5 853.4 765.5 852.9 762.8 856.0 760.7 859.5 765.4 859.2 0.5754
46.8 793.8 9.1 10.6 49.0 797.6 53.0 797.8 50.5 799.9 49.1 802.0 52.2 802.1 0.5721
881.1 826.0 10.5 12.4 884.9 830.9 889.6 830.7 887.8 833.7 885.7 836.3 889.2 836.2 0.5681
309.4 898.3 22.3 26.5 314.9 907.6 325.6 907.7 319.8 912.8 315.7 918.1 324.1 918.2 0.5646
852.7 1086.9 22.1 24.2 860.8 1097.7 870.3 1096.5 867.0 1102.2 863.0 1106.5 869.9 1105.7 0.5622
840.8 760.8 9.2 10.6 842.7 764.2 846.9 764.3 844.5 766.8 843.2 769.1 846.4 769.1 0.5613
829.4 818.8 10.3 13.1 832.5 824.6 837.2 824.5 835.1 827.4 833.2 829.9 836.8 829.9 0.5606
851.6 783.1 10.2 12.4 853.4 787.5 857.6 787.7 854.7 790.3 853.8 793.0 857.0 793.1 0.5603
956.9 829.2 13.1 15.2 960.2 834.0 966.6 833.7 963.6 836.4 961.2 840.1 966.1 839.8 0.5594
499.4 877.2 10.5 15.0 503.8 881.9 507.3 881.9 506.1 885.1 504.2 888.4 506.8 888.5 0.5500
470.8 813.0 9.5 11.6 473.6 817.4 478.1 817.4 476.0 819.6 474.1 822.0 477.7 822.0 0.5436
98.1 841.2 10.5 12.9 101.9 845.8 106.6 845.7 104.7 848.6 102.5 851.3 106.1 851.3 0.5426
953.3 904.6 10.4 13.0 957.0 909.7 961.3 909.3 959.8 912.1 957.9 914.8 961.2 914.6 0.5386
377.0 816.9 10.3 12.7 380.0 820.9 384.8 821.0 382.5 823.6 380.4 826.4 384.3 826.4 0.5363
650.2 772.1 11.6 13.5 654.1 777.6 659.4 777.5 657.2 780.4 654.9 783.2 659.0 783.2 0.5362
928.7 843.5 15.7 16.8 934.9 849.8 941.2 850.3 938.1 853.8 935.0 856.5 939.3 856.9 0.5354
964.0 839.6 13.4 16.7 969.5 845.8 974.8 846.1 972.9 849.6 969.6 853.0 973.6 853.3 0.5234
555.4 871.3 12.9 15.5 559.7 877.3 566.0 876.9 563.6 880.7 560.9 884.2 565.7 883.9 0.5189
350.5 811.5 9.7 11.1 352.8 815.1 357.4 814.8 355.2 817.5 353.7 820.0 357.3 819.8 0.5181
254.0 1031.0 23.2 26.6 259.7 1040.2 270.9 1039.5 265.5 1045.7 261.9 1051.5 270.6 1050.9 0.5158
673.4 904.3 14.6 15.6 678.2 909.1 684.6 909.0 681.8 912.4 679.4 916.0 684.1 916.0 0.5117
881.7 926.8 17.9 20.2 886.0 932.8 894.2 933.7 889.3 937.5 886.0 941.3 892.5 942.0 0.5093
194.5 770.1 10.5 12.9 197.1 774.0 202.0 774.0 199.4 776.5 197.5 779.4 201.5 779.4 0.5086
214.2 776.0 10.1 12.6 216.0 781.1 220.4 781.5 217.4 783.9 216.2 786.2 219.5 786.4 0.5034
