8--Election_Campain/8_Election_Campain_Election_Campaign_8_181.jpg
33
582.8 554.8 35.9 48.7 606.6 574.4 613.9 573.7 618.3 581.7 609.0 592.2 613.9 592.1 0.9992
647.6 564.3 24.0 27.7 657.2 576.9 666.9 575.0 664.4 581.6 660.2 587.1 667.4 585.7 0.9988
290.1 730.2 46.7 37.4 323.5 755.3 329.3 753.2 334.4 767.0 322.2 780.0 326.1 778.9 0.9987
500.1 106.7 22.7 30.5 505.9 118.8 516.7 119.1 511.0 124.9 506.6 129.9 515.4 130.0 0.9978
745.3 576.8 18.0 25.9 758.5 585.0 759.2 584.5 763.5 589.4 759.6 595.4 760.1 595.4 0.9949
540.7 554.1 20.0 28.3 554.2 564.2 557.8 563.8 559.4 569.7 554.8 575.6 557.2 575.6 0.9943
173.7 539.9 14.9 18.7 178.1 545.7 184.4 546.5 180.8 549.8 177.7 553.3 183.0 553.9 0.9922
399.8 533.0 11.1 14.8 402.5 539.0 407.3 538.9 404.7 541.9 403.1 544.4 407.0 544.3 0.9910
276.9 644.7 32.9 46.4 303.4 666.5 304.9 665.1 306.4 676.2 297.1 682.9 297.6 682.0 0.9843
22.5 545.4 11.1 15.0 25.6 551.2 30.7 551.3 28.2 554.3 25.9 557.2 30.0 557.3 0.9810
448.5 545.5 17.7 17.7 458.2 552.9 463.0 553.6 461.1 558.1 456.2 559.8 458.9 560.5 0.9809
191.9 543.2 10.5 13.9 193.8 548.7 198.3 549.3 195.2 552.2 193.9 554.4 197.2 554.8 0.9805
675.3 550.5 12.5 17.4 678.2 557.6 683.4 558.0 680.1 561.3 678.3 564.1 682.4 564.4 0.9800
793.1 574.7 15.7 23.0 802.0 582.5 806.0 581.7 806.9 586.8 803.2 592.1 806.2 591.8 0.9729
205.9 547.6 12.2 13.7 208.6 552.3 213.8 552.3 210.7 555.6 209.4 558.3 213.1 558.4 0.9691
969.8 684.9 41.4 73.2 1003.1 709.6 1005.9 709.5 1006.3 726.4 997.1 740.4 999.4 740.3 0.9605
51.8 549.8 13.7 15.4 56.2 554.5 62.4 554.6 59.5 558.1 56.9 561.4 61.5 561.5 0.9554
811.8 560.8 12.8 16.4 817.8 566.9 822.6 566.7 821.5 570.4 818.6 573.7 822.1 573.7 0.9300
470.5 725.0 31.6 42.3 494.2 743.6 495.3 743.2 502.2 753.6 497.2 767.4 498.1 767.5 0.9018
10.6 545.1 11.5 13.7 13.8 549.5 19.0 550.0 16.0 552.9 13.8 555.4 17.8 555.8 0.8973
964.4 563.3 19.7 27.9 975.2 575.0 978.7 573.3 980.9 578.6 977.8 584.5 980.5 583.5 0.8595
862.3 628.0 15.5 23.8 872.9 637.3 874.4 637.1 875.0 642.6 870.5 646.5 871.3 646.6 0.8412
236.8 542.6 10.4 11.8 240.2 546.5 244.7 546.8 242.5 549.4 240.3 551.5 243.8 551.7 0.8089
81.6 540.1 11.2 13.5 84.4 544.8 89.9 545.1 86.9 548.1 84.6 550.9 89.0 551.2 0.7941
282.1 546.6 15.0 18.7 285.9 553.5 292.7 553.3 289.2 557.1 286.6 560.5 292.3 560.4 0.7499
214.2 535.4 11.8 13.2 833.4 598.1 838.8 596.1 836.9 601.0 837.5 603.8 840.6 602.1 0.6975
263.7 539.2 10.4 13.0 216.2 539.6 221.5 539.6 218.3 542.8 216.9 545.5 220.8 545.5 0.6974
835.8 566.2 11.0 13.7 267.0 544.0 271.8 544.4 269.3 546.9 267.2 549.3 270.8 549.6 0.6928
74.4 551.2 8.4 11.1 838.3 570.7 843.2 571.6 839.9 573.8 837.8 576.3 841.6 576.9 0.6904
699.1 547.7 11.7 14.7 76.2 555.5 79.2 555.4 77.1 557.8 76.8 559.9 79.0 559.8 0.6619
689.7 574.3 17.1 20.1 701.3 553.2 707.2 553.4 703.8 556.7 701.8 559.5 706.3 559.6 0.6613
451.5 517.3 11.4 13.3 692.5 579.7 697.6 579.8 693.3 584.9 693.6 589.0 697.3 589.0 0.6067
658.9 671.9 21.4 37.6 437.8 545.0 441.6 545.0 438.6 548.9 438.7 552.2 441.5 552.1 0.5504
