20--Family_Group/20_Family_Group_Family_Group_20_607.jpg
58
371.4 120.0 17.9 22.3 376.0 128.3 384.6 128.2 380.4 132.4 376.8 136.8 384.1 136.7 0.9997
683.8 326.2 20.5 27.6 690.6 336.8 700.0 337.0 695.8 341.7 691.0 346.5 699.0 346.8 0.9997
422.6 126.6 17.3 23.3 427.0 135.6 435.0 135.1 430.9 139.2 427.8 144.0 434.5 143.6 0.9997
403.3 127.7 16.5 20.4 406.8 135.1 414.8 134.8 410.4 138.6 407.8 143.2 414.1 142.9 0.9996
627.7 221.9 19.4 23.7 633.2 230.3 642.0 229.8 637.9 234.7 634.6 239.7 641.6 239.3 0.9996
516.5 120.7 18.1 21.7 521.5 128.3 529.7 127.8 525.9 132.4 522.5 136.5 529.4 136.1 0.9995
755.1 118.9 18.8 24.4 760.4 127.5 769.0 128.1 764.5 133.5 760.8 137.5 767.4 137.9 0.9995
576.0 125.0 18.8 23.3 580.4 133.8 589.4 133.6 584.7 137.9 581.0 142.0 588.9 141.8 0.9995
783.5 120.0 20.0 23.7 789.0 128.5 798.2 128.7 793.7 133.0 789.7 137.5 797.3 137.7 0.9995
637.6 110.8 19.0 22.0 643.4 120.0 651.5 118.2 648.6 123.3 646.1 128.2 652.0 126.8 0.9995
265.2 216.6 18.4 24.1 270.0 225.9 279.1 226.0 274.3 230.5 270.6 235.0 278.2 235.1 0.9994
179.7 108.5 19.3 25.2 184.5 118.3 193.6 118.2 188.9 122.5 185.3 127.2 193.1 127.1 0.9994
319.6 202.0 19.9 25.0 324.9 211.4 334.3 210.8 330.0 215.8 326.3 220.6 334.2 220.2 0.9993
475.1 118.4 20.8 24.6 481.0 126.6 490.5 126.5 485.8 131.1 482.0 136.1 489.8 136.0 0.9993
596.6 126.9 19.1 24.0 601.6 136.1 610.4 136.6 605.6 140.8 601.7 145.0 608.9 145.4 0.9993
986.5 218.1 20.7 27.4 990.9 229.1 1000.9 228.7 995.6 234.3 992.3 239.5 1000.2 239.2 0.9993
978.6 190.6 18.9 21.7 983.0 198.2 991.4 197.9 986.8 202.6 984.0 207.0 990.4 206.8 0.9993
217.2 189.8 20.2 25.2 221.8 200.4 230.8 199.0 226.6 204.6 224.0 209.5 231.5 208.4 0.9993
61.6 203.0 21.2 28.9 67.8 214.4 77.8 214.9 72.8 219.9 68.0 224.3 76.6 224.7 0.9993
335.7 121.6 17.7 21.1 339.6 128.6 347.6 128.6 343.0 131.8 340.1 136.8 346.4 136.7 0.9992
309.4 115.1 18.5 24.0 314.8 123.9 323.3 124.1 319.1 128.6 315.3 132.7 322.5 132.8 0.9992
249.1 129.0 19.1 23.7 255.0 137.5 263.9 137.8 259.7 142.3 255.4 146.8 262.7 147.0 0.9992
796.1 207.9 18.4 25.6 801.1 217.4 809.4 217.8 805.0 222.0 801.5 226.9 808.3 227.1 0.9992
725.7 127.1 18.9 23.4 730.5 135.6 739.2 135.2 734.9 139.9 731.6 144.3 739.0 143.9 0.9991
666.2 197.2 19.4 25.3 671.1 207.4 679.7 206.1 675.8 210.8 673.2 216.7 679.8 215.7 0.9991
757.3 217.7 20.5 23.0 761.4 226.2 770.3 224.4 766.0 230.0 764.2 235.3 771.2 233.9 0.9990
391.4 217.4 16.8 22.3 395.7 225.8 403.9 225.7 399.9 230.0 396.4 234.4 403.2 234.5 0.9990
425.4 223.3 19.4 24.0 430.9 231.3 440.0 231.1 435.8 235.3 431.7 240.2 439.8 240.0 0.9990
917.2 169.1 18.4 21.6 922.3 175.8 931.1 175.8 926.8 180.8 923.3 185.3 930.1 185.4 0.9990
546.1 133.5 17.9 22.9 549.8 143.4 557.4 142.8 553.3 147.3 551.3 151.4 557.1 151.0 0.9989
25.8 167.3 19.3 21.1 33.0 173.5 41.2 174.2 37.6 177.5 33.3 182.1 39.7 182.7 0.9989
912.0 218.9 20.3 24.4 915.6 226.4 925.4 226.2 919.8 231.1 916.5 236.6 924.5 236.5 0.9989
576.5 323.1 21.2 28.4 584.4 333.3 594.0 333.7 590.0 338.6 584.9 344.0 592.8 344.3 0.9989
361.9 227.8 21.0 25.6 369.4 236.0 378.8 237.1 374.4 241.2 369.0 245.7 377.3 246.6 0.9989
878.1 205.7 19.9 26.2 883.7 214.6 892.8 214.8 888.3 219.8 884.5 224.9 891.8 225.0 0.9988
681.9 103.2 20.0 24.6 690.3 112.9 698.4 112.9 695.8 116.9 691.4 121.5 697.7 121.6 0.9988
613.4 333.6 16.1 20.6 618.1 342.6 625.1 342.0 622.2 346.4 619.6 350.0 625.1 349.5 0.9987
99.5 161.2 17.6 20.4 104.5 167.2 112.3 168.0 107.6 170.7 104.2 175.2 110.5 175.9 0.9987
863.9 153.5 18.0 21.9 868.5 160.8 877.0 161.7 872.1 166.2 868.6 170.2 874.9 170.9 0.9987
826.8 115.2 19.0 25.0 832.6 125.3 841.3 125.0 837.3 129.9 833.6 134.4 840.7 134.2 0.9987
874.0 330.8 20.8 26.0 880.4 340.5 889.8 341.1 885.2 345.9 881.2 350.6 888.0 351.1 0.9987
139.7 138.9 18.4 22.5 142.9 147.1 150.9 147.2 145.8 151.6 143.8 156.1 150.2 156.1 0.9987
585.4 223.0 20.3 23.2 593.3 230.0 602.1 230.7 598.6 234.6 593.9 239.6 600.9 240.0 0.9987
816.9 209.2 19.8 26.1 822.1 219.2 831.2 219.7 826.5 224.3 822.4 228.6 829.9 229.0 0.9986
692.1 223.4 20.0 24.5 697.1 232.5 706.2 232.1 701.6 237.1 698.3 241.7 705.9 241.3 0.9986
174.3 221.3 18.8 22.5 181.3 229.2 189.4 230.3 185.6 233.5 181.0 237.7 187.5 238.6 0.9984
358.8 146.6 15.9 21.6 362.3 154.6 370.0 154.6 365.8 158.9 363.1 163.1 369.3 163.1 0.9983
553.8 228.5 20.7 25.0 558.8 237.1 568.6 236.5 563.9 240.8 560.1 246.4 568.4 246.0 0.9980
943.6 170.8 19.4 22.1 949.9 178.1 958.5 177.9 954.7 183.2 950.8 187.3 957.6 187.2 0.9979
507.0 231.3 19.0 24.1 512.3 240.6 520.7 238.4 518.5 243.3 516.1 249.7 522.6 247.9 0.9978
114.6 228.9 17.2 21.2 119.2 235.9 127.0 235.7 123.2 239.2 120.2 244.3 126.6 244.2 0.9969
472.0 214.0 20.4 25.6 478.0 221.0 487.2 223.1 481.3 227.3 476.7 231.6 484.4 233.3 0.9966
892.1 138.5 18.3 22.8 898.0 145.3 906.4 146.1 902.3 150.1 897.9 154.7 905.0 155.3 0.9965
356.9 285.0 16.7 22.4 361.2 293.7 369.4 293.8 365.4 297.9 361.7 302.1 368.6 302.3 0.9944
72.0 169.1 15.2 18.5 81.6 177.5 85.3 177.7 84.9 181.8 80.4 184.3 82.4 184.7 0.9941
457.2 127.8 15.5 19.0 462.5 136.2 469.6 135.0 467.3 139.6 464.7 143.4 470.0 142.5 0.9939
263.1 107.6 14.3 20.5 269.7 115.3 275.0 115.7 273.5 120.0 269.6 123.4 273.5 123.8 0.9923
404.4 175.5 14.5 18.2 407.9 183.4 414.7 182.8 411.5 187.2 409.4 190.5 414.4 190.0 0.9863
