20--Family_Group/20_Family_Group_Family_Group_20_1021.jpg
15
851.5 113.2 42.7 55.5 869.6 133.9 886.9 133.5 882.5 141.6 873.3 154.0 886.6 153.5 0.9997
653.7 132.2 38.3 50.7 664.1 151.8 682.1 151.3 673.2 157.5 665.5 169.0 680.5 168.8 0.9996
577.7 130.3 41.5 52.2 587.7 150.0 606.5 148.6 597.3 157.7 591.3 169.1 606.0 167.9 0.9996
12.6 96.1 40.1 51.9 29.9 115.6 46.8 114.2 42.1 125.7 33.4 136.7 45.9 135.4 0.9996
322.7 99.1 47.7 59.0 343.5 122.7 363.5 123.1 357.5 132.8 346.9 144.9 361.7 145.0 0.9995
412.1 62.8 38.4 52.2 422.0 85.4 438.6 82.7 431.6 92.8 427.0 103.8 439.5 101.6 0.9995
260.7 73.2 40.6 54.7 269.7 93.9 287.2 93.8 277.0 103.9 271.5 114.2 285.2 114.1 0.9995
137.2 108.0 35.3 44.1 149.1 123.1 165.0 123.8 158.3 130.4 150.8 139.8 162.9 140.3 0.9994
545.7 79.7 36.3 50.4 562.5 97.8 577.5 98.5 574.1 105.8 564.4 116.6 576.5 117.4 0.9994
912.8 182.8 34.1 43.3 922.5 199.8 938.2 199.1 931.1 207.3 924.8 215.6 937.2 215.0 0.9994
148.3 65.2 35.9 44.1 157.4 82.2 173.2 83.4 164.2 90.4 158.1 98.3 170.4 99.3 0.9993
98.5 170.4 38.9 53.1 114.5 189.7 131.8 188.5 127.1 201.3 117.1 211.1 130.2 210.3 0.9991
359.9 133.1 34.0 46.0 370.8 151.7 386.2 151.3 380.1 158.5 373.9 168.3 385.5 167.8 0.9987
23.8 62.4 34.2 43.6 40.1 79.9 53.8 80.5 50.0 88.1 41.2 94.8 51.9 95.4 0.9983
531.7 80.5 27.4 38.1 541.7 97.6 552.7 98.1 547.0 105.4 541.6 111.4 549.8 112.0 0.8939
