20--Family_Group/20_Family_Group_Family_Group_20_164.jpg
16
596.9 254.5 37.0 42.1 605.6 269.4 621.9 264.5 615.9 275.5 611.3 284.4 626.4 280.4 0.9998
834.7 245.2 36.2 46.9 840.8 262.5 857.9 262.6 847.3 270.8 842.5 280.3 856.5 280.2 0.9997
480.5 257.9 32.6 38.9 485.1 273.2 498.3 270.4 490.7 281.1 489.9 287.1 501.6 284.7 0.9997
241.9 227.7 34.7 48.3 251.6 247.3 268.4 247.6 260.3 257.4 251.5 263.2 267.5 263.5 0.9997
333.3 359.4 35.5 39.8 341.5 375.3 356.8 371.9 350.2 383.6 346.1 389.1 359.8 386.3 0.9997
186.7 270.9 36.9 46.5 200.6 288.7 217.1 290.0 210.3 298.3 198.9 302.9 215.1 304.1 0.9996
347.3 211.0 35.5 50.4 353.8 232.9 369.7 230.5 361.6 241.4 357.6 249.3 371.7 247.3 0.9996
700.9 226.4 38.5 46.8 713.3 242.6 730.0 248.3 719.0 256.1 707.9 258.4 723.7 263.0 0.9995
423.5 260.4 39.4 47.7 433.9 278.5 452.9 277.7 444.1 287.4 434.9 293.4 453.4 292.8 0.9995
781.6 213.5 37.9 45.3 790.9 230.0 808.3 228.5 799.9 238.8 793.7 246.7 808.6 245.4 0.9995
91.5 260.0 37.3 46.7 101.0 277.8 118.5 276.5 110.5 287.8 102.2 292.6 119.7 291.6 0.9992
532.2 284.9 34.6 46.5 541.7 304.2 558.5 303.0 550.9 313.7 542.8 318.6 559.1 317.7 0.9992
270.9 317.8 37.0 41.2 279.9 331.2 296.9 330.7 288.2 341.2 280.8 346.5 297.0 346.1 0.9991
625.6 331.0 41.3 49.2 635.5 349.4 654.9 349.9 644.5 357.7 636.9 367.2 652.7 367.4 0.9978
772.1 271.9 33.4 45.2 783.8 290.2 798.2 290.9 792.5 299.7 784.5 306.0 796.4 306.7 0.9975
410.9 228.8 34.5 38.5 424.1 240.4 438.8 240.9 433.0 248.3 425.2 256.2 436.7 256.7 0.9951
