20--Family_Group/20_Family_Group_Family_Group_20_568.jpg
8
915.9 458.2 22.7 31.0 920.6 468.7 926.5 470.2 918.8 473.8 918.6 480.6 922.9 481.6 0.9995
550.5 362.1 19.9 25.3 558.0 372.6 566.5 372.1 563.5 376.7 559.3 381.2 566.1 380.9 0.9990
665.6 327.6 20.1 27.0 672.7 338.8 681.9 337.9 678.7 343.9 674.3 348.6 681.7 347.9 0.9988
263.4 390.7 19.5 28.9 273.5 402.4 280.4 402.7 279.2 408.3 274.0 413.3 279.1 413.8 0.9988
773.4 341.9 19.7 25.7 775.8 353.4 783.7 350.5 779.6 356.6 779.4 362.3 785.8 359.9 0.9988
114.8 504.5 21.1 25.4 121.8 516.5 130.5 512.9 129.4 518.8 126.6 524.8 133.2 522.1 0.9984
71.2 333.7 17.1 24.5 79.3 343.4 86.3 343.1 84.8 347.7 80.4 352.2 86.1 352.1 0.9925
368.4 350.3 18.2 21.9 372.0 357.6 379.8 358.6 374.6 362.6 372.4 366.6 378.0 367.4 0.9872
