20--Family_Group/20_Family_Group_Family_Group_20_136.jpg
10
675.9 162.7 66.3 77.8 689.1 191.1 719.1 189.7 702.8 212.1 695.5 221.3 720.0 219.7 0.9998
757.0 138.1 71.5 94.0 768.5 176.4 798.2 173.9 777.7 193.4 772.9 210.2 796.0 208.1 0.9997
566.9 133.9 62.9 78.6 576.8 166.2 605.4 163.1 588.7 182.5 584.2 195.7 606.0 193.0 0.9996
75.6 138.6 60.0 81.7 111.4 167.9 126.8 167.9 133.6 181.6 116.4 198.8 128.1 199.2 0.9996
447.9 88.4 66.4 79.1 466.6 123.3 494.9 116.6 485.2 131.0 477.0 149.2 499.2 143.9 0.9996
419.8 188.0 71.2 84.9 433.8 225.7 463.8 218.2 448.5 235.2 442.6 251.7 469.3 245.1 0.9995
168.2 173.9 63.5 91.2 207.0 211.0 221.2 207.9 230.5 224.8 214.3 244.5 224.0 242.9 0.9994
249.1 312.3 33.3 44.5 257.7 328.3 272.4 325.1 267.0 334.9 262.5 344.6 274.9 342.0 0.9988
307.1 192.1 32.0 49.0 313.6 207.2 314.9 208.2 308.4 217.9 315.2 227.6 316.3 228.1 0.9984
0.0 175.0 30.7 51.3 7.2 194.1 23.1 194.0 17.0 204.8 10.1 214.1 21.5 214.1 0.9761
