20--Family_Group/20_Family_Group_Family_Group_20_840.jpg
8
751.5 208.3 20.1 22.4 757.3 214.9 766.5 214.4 762.9 216.5 759.2 223.4 766.6 223.0 0.9995
593.8 207.5 17.9 23.6 598.8 216.5 606.9 217.0 602.7 221.1 599.3 225.1 605.5 225.5 0.9991
304.7 236.6 29.1 31.4 310.2 247.2 323.2 244.6 316.6 250.2 313.4 258.7 324.6 256.6 0.9991
238.1 207.8 24.2 27.4 242.7 214.8 253.7 213.7 247.1 217.4 243.5 226.1 253.0 225.1 0.9990
864.6 223.4 25.9 28.1 871.1 234.2 882.8 231.3 878.3 237.7 874.8 244.3 884.7 242.0 0.9989
685.1 208.4 20.1 26.0 690.3 219.7 700.0 219.6 695.3 225.8 691.8 229.6 698.9 229.5 0.9988
443.8 211.9 24.4 23.0 456.3 219.3 462.8 226.1 456.4 226.4 449.0 226.0 453.7 231.4 0.9934
109.7 204.6 20.2 23.0 117.1 211.8 125.7 210.9 123.4 214.3 119.4 220.6 126.4 219.9 0.9901
