20--Family_Group/20_Family_Group_Family_Group_20_373.jpg
17
726.7 277.3 39.2 49.4 739.4 293.9 756.9 298.8 746.2 303.6 734.9 310.1 750.9 314.4 0.9997
267.0 264.7 46.4 53.2 284.8 284.8 305.0 288.4 295.8 295.9 283.2 301.9 300.7 304.8 0.9997
490.6 253.1 36.4 47.0 501.8 272.7 519.0 273.1 511.0 280.4 502.2 287.8 517.6 288.2 0.9997
889.1 319.3 45.0 47.7 896.0 338.8 914.2 332.2 904.6 342.7 903.0 355.1 918.4 349.8 0.9996
651.9 305.8 41.5 48.6 662.6 322.2 681.1 326.4 668.4 332.9 659.1 339.4 675.2 342.7 0.9996
834.2 302.4 37.8 49.8 841.1 322.6 857.6 324.8 846.3 332.7 841.1 339.4 854.4 341.1 0.9996
603.7 289.6 37.4 47.3 614.2 306.5 631.1 309.2 621.2 315.6 613.0 322.6 628.1 324.7 0.9996
520.3 315.0 36.9 45.9 532.0 329.8 547.8 333.8 537.9 340.6 529.2 347.4 542.5 350.4 0.9995
332.1 351.9 41.2 48.1 342.1 371.8 361.6 370.1 352.4 379.8 345.4 388.2 362.0 386.6 0.9995
380.6 222.6 41.1 49.7 392.5 242.3 411.5 243.5 401.9 250.7 392.5 258.4 409.3 259.5 0.9994
379.5 296.4 40.3 49.1 390.9 314.3 409.5 316.4 399.3 324.7 390.3 331.7 406.3 333.4 0.9992
560.5 312.4 33.6 43.8 568.3 327.8 583.6 328.9 574.3 335.7 568.9 344.5 580.4 345.4 0.9992
605.5 239.7 35.9 45.3 613.1 259.4 630.4 260.8 620.0 269.1 614.5 276.0 626.7 277.1 0.9992
640.5 421.8 29.9 37.8 650.6 436.3 664.2 438.2 657.3 443.4 649.7 448.9 661.4 450.5 0.9991
255.5 199.0 46.8 57.8 271.0 222.2 293.5 222.3 284.5 229.6 274.5 242.7 291.8 242.8 0.9991
762.2 352.6 35.5 44.8 772.0 370.6 788.8 371.7 780.0 379.0 772.7 386.6 785.9 387.5 0.9990
179.8 265.4 47.1 55.4 192.4 287.8 215.6 286.7 205.5 295.1 195.4 306.6 215.3 305.9 0.9987
