20--Family_Group/20_Family_Group_Family_Group_20_758.jpg
13
443.5 182.2 42.5 54.6 456.5 204.6 476.2 203.2 468.0 214.8 460.2 224.9 474.8 223.8 0.9998
871.4 162.6 49.9 55.5 878.6 180.9 900.4 177.9 887.0 191.1 883.5 203.0 902.4 200.2 0.9998
754.7 172.8 40.4 44.6 768.0 193.0 783.9 185.7 782.1 197.5 777.8 208.0 790.5 202.2 0.9997
533.6 149.1 43.4 52.3 544.4 169.4 564.3 167.4 555.2 177.4 548.5 188.2 565.2 186.3 0.9997
460.1 298.5 46.4 54.5 475.5 316.1 496.8 316.2 487.8 330.2 475.3 336.5 495.1 336.7 0.9997
70.7 195.0 44.1 52.0 83.4 214.1 103.7 213.3 94.7 223.9 85.4 232.1 104.3 231.3 0.9997
245.7 370.5 47.6 56.8 265.8 388.4 286.6 391.8 279.3 399.8 263.7 408.5 283.0 411.4 0.9996
250.3 189.0 39.2 45.9 260.7 207.3 279.0 206.4 270.7 215.7 263.2 224.0 278.1 223.3 0.9996
340.1 366.9 41.1 52.6 348.1 383.0 367.0 381.3 356.2 390.4 351.1 404.1 366.0 402.7 0.9996
340.8 175.4 38.6 43.7 348.7 189.7 366.7 189.7 355.9 198.5 349.5 206.2 365.3 206.1 0.9995
731.4 210.9 44.5 56.3 741.8 232.0 761.9 231.9 751.1 242.7 743.4 251.5 760.9 251.5 0.9995
834.2 134.2 37.7 50.2 839.9 155.0 857.0 155.3 845.8 165.5 842.0 174.2 854.5 174.2 0.9984
182.7 146.3 38.1 47.3 565.8 241.4 580.2 239.4 568.9 250.5 570.0 260.4 581.6 258.4 0.9839
