20--Family_Group/20_Family_Group_Family_Group_20_658.jpg
16
584.8 69.2 43.2 56.4 595.5 91.0 616.5 89.6 606.6 102.6 598.2 110.8 616.6 109.6 0.9997
310.9 221.7 54.0 65.8 329.0 246.1 353.5 246.1 343.5 259.3 331.4 270.4 351.2 270.4 0.9997
890.3 35.0 51.4 64.0 906.8 58.2 929.3 60.3 917.9 70.4 905.8 79.8 925.8 81.7 0.9996
688.0 85.3 48.1 55.4 704.5 105.2 726.3 108.6 715.1 117.9 702.5 124.6 720.5 127.7 0.9996
434.7 318.9 52.3 57.0 451.1 341.7 475.1 339.7 466.2 354.0 457.6 364.4 474.3 362.8 0.9995
95.9 61.5 59.4 70.5 111.6 90.3 139.7 88.9 127.2 102.6 114.1 112.9 140.3 111.8 0.9995
419.3 93.1 38.5 50.7 431.4 112.9 449.9 113.6 441.4 123.1 431.5 130.1 448.1 130.6 0.9995
297.9 23.9 50.0 62.0 313.3 47.2 336.4 49.0 325.2 58.6 313.1 68.8 332.8 70.5 0.9994
813.7 57.2 52.3 66.5 831.3 82.0 855.2 79.7 847.6 89.3 837.8 105.9 856.9 103.8 0.9994
577.2 320.6 60.7 77.0 598.1 349.3 625.7 347.8 616.1 362.2 604.3 379.5 624.4 378.1 0.9994
243.3 91.6 55.8 65.6 257.4 119.6 283.9 116.6 272.3 126.2 261.8 140.2 285.7 137.4 0.9993
489.3 269.2 54.8 78.4 502.3 301.1 529.1 301.0 515.0 314.6 503.6 326.1 528.7 325.9 0.9992
495.9 88.3 41.6 47.4 506.0 106.8 525.1 105.0 516.2 115.4 509.9 123.8 526.2 122.1 0.9992
429.9 166.6 40.1 46.3 442.1 183.3 461.3 184.4 451.9 194.7 443.1 202.0 457.3 203.0 0.9988
653.7 82.4 36.6 48.2 659.6 103.4 676.7 99.9 667.5 108.5 663.6 119.6 678.1 116.5 0.9987
335.9 63.1 38.1 52.1 351.1 82.5 368.3 86.8 359.2 95.8 348.7 103.1 360.9 106.6 0.9963
