20--Family_Group/20_Family_Group_Family_Group_20_218.jpg
14
234.6 289.3 28.6 34.8 245.0 300.2 258.5 302.3 252.2 308.5 243.6 312.7 256.0 314.5 0.9996
419.8 260.4 30.6 36.2 427.6 273.2 441.6 272.8 434.6 280.2 428.2 285.3 441.6 285.0 0.9995
668.9 304.9 27.4 35.4 676.7 318.5 690.1 318.9 683.5 325.9 676.9 330.4 689.3 330.8 0.9994
281.1 311.8 28.6 34.7 289.2 324.9 302.8 324.2 296.7 331.9 290.5 337.1 302.7 336.6 0.9994
350.3 271.4 28.8 36.6 356.0 287.2 370.7 283.0 365.4 292.3 360.5 299.1 374.3 295.6 0.9994
283.3 257.3 31.8 43.6 294.4 274.4 309.3 274.2 303.7 281.7 295.8 289.5 308.3 289.3 0.9993
176.4 282.6 28.9 36.6 184.3 296.2 198.4 296.1 191.6 302.6 185.2 308.8 197.6 308.7 0.9993
578.9 234.5 32.6 41.7 589.1 249.9 604.4 250.2 597.5 257.5 590.2 264.9 602.8 265.1 0.9992
625.1 246.7 29.8 37.6 633.9 260.2 647.7 261.6 640.4 268.6 633.2 273.1 645.5 274.3 0.9992
491.6 249.5 32.2 40.3 498.4 265.0 513.8 264.7 505.0 271.0 499.5 279.5 512.1 279.2 0.9991
792.8 237.8 32.4 38.8 799.4 252.2 814.3 252.6 805.4 257.0 800.2 265.6 812.6 265.8 0.9991
314.7 419.1 24.4 31.1 322.0 432.5 333.0 432.3 327.8 438.2 323.2 443.0 332.1 442.8 0.9990
725.9 253.1 31.2 36.5 733.6 266.1 748.8 266.0 741.1 272.9 734.0 278.2 748.3 278.3 0.9988
625.1 385.7 25.2 28.7 633.3 397.3 644.6 398.0 639.1 403.5 633.8 407.5 642.7 408.0 0.9972
