20--Family_Group/20_Family_Group_Family_Group_20_532.jpg
13
125.7 49.5 60.0 77.3 147.5 78.9 174.4 80.4 163.2 93.3 146.2 104.5 171.2 106.0 0.9997
417.8 325.7 57.2 67.4 446.5 354.1 467.8 354.3 462.6 370.3 442.7 377.2 460.2 378.2 0.9997
659.1 111.1 58.6 76.8 671.1 145.9 697.1 142.9 683.3 158.8 675.0 167.9 699.2 165.5 0.9996
251.8 347.6 68.5 86.3 274.3 378.4 304.8 386.2 286.7 396.6 269.0 408.3 293.8 415.1 0.9996
789.4 124.5 54.1 71.0 801.7 153.1 826.6 153.4 812.6 168.8 803.2 176.5 826.5 176.6 0.9996
369.1 59.0 51.2 72.5 377.7 89.8 400.6 94.1 384.1 106.2 378.9 113.9 397.6 117.1 0.9995
754.9 336.1 71.4 94.5 772.0 377.1 804.2 375.6 787.6 396.2 777.1 408.9 803.7 407.4 0.9995
521.5 63.6 55.9 78.8 536.0 98.5 562.4 95.9 550.9 110.8 539.9 123.1 563.0 121.2 0.9995
753.0 580.7 55.7 70.6 758.5 611.1 781.8 611.7 762.7 620.5 759.3 634.7 777.1 635.3 0.9993
632.7 471.2 55.3 69.5 653.3 502.4 677.9 502.7 667.9 517.7 656.3 527.6 673.2 527.9 0.9993
696.5 212.9 52.9 68.8 711.1 242.7 735.3 240.8 724.6 253.2 716.2 266.5 735.1 264.7 0.9988
348.9 322.2 48.0 60.6 357.5 349.3 378.8 347.4 366.2 357.9 361.8 371.7 375.9 370.4 0.9984
246.9 91.7 40.6 55.5 271.3 119.2 282.9 117.2 283.5 129.1 271.8 137.9 279.1 136.9 0.9980
