20--Family_Group/20_Family_Group_Family_Group_20_214.jpg
17
168.6 64.7 39.6 46.3 179.7 79.4 197.4 77.8 189.8 88.4 183.9 99.0 197.4 97.6 0.9996
743.5 158.7 36.2 44.1 753.1 175.4 769.7 175.4 761.2 185.2 755.3 193.2 767.2 193.2 0.9995
40.6 101.9 39.9 47.5 55.4 118.5 72.8 119.8 65.6 127.9 56.5 136.8 69.6 137.9 0.9995
892.5 115.2 39.7 45.4 903.8 129.7 921.9 130.9 912.4 140.2 904.6 148.8 918.2 149.8 0.9994
616.6 94.6 38.2 50.1 629.9 113.2 646.8 113.9 639.3 123.1 631.2 132.3 643.8 132.9 0.9993
361.0 79.2 38.2 48.2 371.5 95.7 389.0 96.1 379.8 106.9 373.3 115.8 386.3 116.2 0.9993
300.1 93.8 38.9 48.7 311.4 111.5 328.9 112.8 319.7 122.5 312.1 130.4 325.3 131.6 0.9992
537.4 35.1 41.4 53.8 549.6 52.8 567.9 53.2 559.0 63.9 551.4 74.3 565.2 74.6 0.9992
221.1 192.9 35.4 46.5 230.0 211.2 245.4 210.6 237.2 219.7 232.3 228.2 244.4 227.6 0.9992
822.1 103.8 39.0 47.3 831.9 122.2 848.5 121.5 840.1 132.2 834.3 139.4 847.6 138.9 0.9992
691.4 57.2 36.9 46.4 702.4 73.3 718.8 72.1 711.7 83.3 706.0 92.9 717.6 92.0 0.9990
469.6 109.5 41.0 51.1 482.7 126.9 500.7 127.3 492.2 137.2 484.4 146.8 498.2 147.0 0.9989
372.7 289.5 35.5 41.9 382.2 307.5 397.8 305.5 391.0 315.3 386.8 323.5 397.4 321.9 0.9985
796.7 332.6 34.2 42.3 805.6 352.2 821.5 351.8 813.9 361.1 808.5 367.2 819.8 366.9 0.9984
554.2 320.0 31.9 39.4 562.7 338.9 577.9 336.9 571.4 346.7 566.3 352.5 577.8 350.9 0.9977
104.5 140.5 30.6 32.2 110.9 155.9 122.8 153.5 117.2 162.6 116.4 168.0 124.7 165.9 0.9973
683.6 127.4 33.7 41.7 689.1 145.3 703.4 146.8 693.5 154.8 690.2 160.4 701.3 161.2 0.9696
