20--Family_Group/20_Family_Group_Family_Group_20_181.jpg
11
651.1 201.2 44.2 55.4 661.3 222.8 681.6 223.3 670.3 233.3 661.9 240.3 680.4 240.8 0.9997
394.4 68.0 40.5 55.1 406.2 91.0 424.9 93.5 414.7 102.9 405.7 109.2 421.2 111.1 0.9997
730.3 111.4 38.5 49.8 738.4 131.2 756.0 129.9 746.8 138.5 740.7 147.4 756.5 146.4 0.9996
517.7 237.6 41.2 51.9 527.8 260.9 547.0 260.4 537.6 271.2 530.0 277.4 546.3 277.0 0.9996
495.3 117.9 37.9 49.5 503.2 137.8 520.3 136.1 511.4 146.8 506.0 153.9 522.0 152.3 0.9996
611.1 102.6 37.3 53.7 620.7 123.9 638.1 123.4 629.4 134.1 621.9 142.2 637.5 141.8 0.9995
135.7 131.5 38.9 47.0 146.5 149.8 165.4 148.8 157.0 156.7 148.0 165.8 165.0 165.1 0.9995
830.7 136.8 40.1 49.5 838.0 156.3 856.0 154.0 845.9 162.6 840.8 172.6 857.3 170.6 0.9995
322.9 162.7 41.7 54.1 335.1 185.3 355.2 186.4 344.9 197.6 335.2 203.1 352.8 203.9 0.9994
428.3 280.0 37.6 47.8 437.4 300.7 454.6 301.7 445.0 310.7 437.9 316.0 452.5 316.9 0.9994
250.4 127.6 36.4 47.9 260.7 147.5 277.5 146.9 270.2 156.1 262.6 163.3 277.4 162.6 0.9994
