20--Family_Group/20_Family_Group_Family_Group_20_846.jpg
11
852.1 283.7 46.1 58.9 860.7 308.6 881.1 307.2 869.0 318.5 864.2 329.5 879.5 328.4 0.9996
395.1 398.5 39.6 49.9 404.1 417.9 422.5 416.6 413.2 428.2 407.6 437.4 421.2 436.4 0.9996
780.4 349.0 40.3 53.4 790.9 369.8 809.9 369.9 800.3 380.7 793.0 389.9 807.5 390.0 0.9996
264.5 251.6 37.6 54.0 273.8 274.2 291.3 273.9 282.5 285.7 276.4 293.9 289.6 293.7 0.9995
446.6 89.7 38.7 49.4 455.6 110.9 473.0 108.6 464.4 118.5 459.6 127.9 473.1 126.0 0.9994
483.6 549.5 40.8 49.8 489.8 569.7 506.6 568.8 495.8 580.4 494.5 588.6 506.9 587.6 0.9993
591.4 44.6 40.7 56.9 602.1 66.3 621.7 67.0 611.9 79.5 604.0 87.9 619.2 88.4 0.9990
150.0 293.1 34.3 45.3 158.0 310.6 174.2 310.3 165.7 319.4 160.1 327.9 172.6 327.7 0.9987
716.1 623.1 37.1 44.5 728.6 641.8 745.4 641.1 738.7 650.0 731.8 658.4 743.9 657.9 0.9983
380.5 165.1 36.6 42.9 389.4 179.4 405.9 178.8 397.6 187.5 391.5 196.3 405.3 195.8 0.9983
555.9 151.1 34.8 51.2 563.6 171.1 579.5 171.6 570.1 181.0 564.5 188.7 578.1 189.0 0.9970
