20--Family_Group/20_Family_Group_Family_Group_20_1028.jpg
13
447.6 215.1 39.9 55.0 457.9 239.8 476.3 237.3 468.5 249.9 460.6 255.9 478.2 253.9 0.9997
561.7 225.8 32.7 40.9 567.2 241.6 582.9 240.6 573.6 248.5 568.9 256.0 582.8 255.1 0.9996
150.8 280.8 38.3 51.6 161.2 301.7 179.2 300.0 171.3 309.8 162.9 318.1 179.8 316.8 0.9995
234.8 278.6 38.6 47.9 243.8 297.7 262.2 295.6 253.3 303.3 246.3 313.3 263.2 311.6 0.9995
400.8 292.6 39.7 47.9 415.3 312.9 431.7 308.2 428.6 319.3 420.3 328.5 434.7 324.8 0.9995
275.0 250.5 37.8 45.0 284.9 268.7 302.5 266.9 294.5 275.8 286.9 283.3 303.3 281.7 0.9995
692.4 284.4 39.8 50.8 702.2 302.0 720.8 302.1 710.9 312.8 703.1 320.3 720.0 320.3 0.9995
362.1 259.0 36.1 42.0 370.2 280.0 385.1 272.5 380.8 281.7 377.6 290.8 391.5 284.7 0.9994
509.0 257.9 37.0 47.3 517.5 275.2 534.6 274.9 525.5 284.8 518.2 291.0 534.5 290.9 0.9994
579.2 280.9 41.0 45.4 588.5 296.5 607.0 294.1 598.3 303.8 593.1 314.0 608.5 311.8 0.9994
310.5 296.8 37.9 48.3 320.1 315.0 338.2 314.7 329.2 323.9 321.3 331.7 337.8 331.4 0.9994
656.3 265.7 34.2 44.5 662.6 286.4 678.4 281.8 671.4 293.6 667.4 299.8 682.0 296.1 0.9993
777.2 262.1 40.8 52.7 784.9 282.9 803.9 281.7 792.9 290.7 786.7 299.6 805.2 298.4 0.9993
