20--Family_Group/20_Family_Group_Family_Group_20_350.jpg
9
389.4 175.9 32.4 37.5 404.9 192.5 417.4 191.0 414.4 199.9 406.3 205.7 415.1 204.7 0.9997
337.6 281.2 40.2 48.4 346.6 299.6 365.2 298.9 355.4 309.4 350.4 319.3 363.4 318.8 0.9994
676.5 196.3 31.6 35.1 683.3 208.9 698.0 209.8 689.5 218.2 684.8 223.2 695.7 223.8 0.9993
602.4 153.3 30.2 35.7 610.9 166.3 624.9 166.3 617.9 175.0 612.2 180.6 623.0 180.6 0.9993
911.4 183.1 27.4 31.3 917.8 194.3 930.4 193.8 923.7 201.1 918.8 205.5 930.0 205.0 0.9988
995.0 160.9 24.5 27.4 1000.2 169.4 1010.9 169.9 1004.4 175.3 1000.8 180.5 1009.2 180.9 0.9979
206.9 221.2 26.6 27.2 214.2 231.3 225.0 229.8 220.5 236.5 217.9 242.2 225.4 241.1 0.9870
508.0 176.2 17.4 20.6 512.1 184.3 520.4 183.6 516.4 188.4 514.0 192.9 520.5 192.4 0.9868
237.0 121.0 19.1 23.4 240.5 130.7 249.0 130.2 244.5 135.4 242.3 140.1 248.9 139.7 0.9593
