20--Family_Group/20_Family_Group_Family_Group_20_523.jpg
135
936.8 397.6 14.1 17.9 940.3 404.0 946.6 403.9 943.3 407.2 940.7 410.6 946.5 410.4 0.9992
210.2 387.1 13.3 16.2 213.8 393.8 219.6 393.0 217.1 396.8 215.3 399.9 219.8 399.3 0.9990
205.9 414.6 17.3 19.2 210.1 421.0 217.6 419.8 214.2 424.2 211.4 428.1 218.5 427.2 0.9990
939.1 433.6 15.2 17.8 943.4 440.8 950.4 441.2 946.8 444.3 943.7 447.1 949.4 447.4 0.9990
299.0 422.1 12.3 15.3 302.7 428.3 308.1 428.1 305.6 431.1 303.3 433.9 307.8 433.8 0.9990
539.0 402.5 13.6 16.8 542.1 409.8 547.8 408.5 545.4 412.2 543.8 415.4 548.8 414.4 0.9989
815.9 443.7 12.6 16.2 818.8 449.9 824.7 449.5 821.9 452.8 819.8 456.2 824.8 455.9 0.9986
447.8 408.2 11.0 13.8 450.6 413.2 455.8 413.3 453.3 415.9 451.0 418.5 455.4 418.6 0.9986
889.3 400.7 13.4 14.6 894.1 405.1 900.0 406.6 896.7 409.0 893.5 411.3 897.9 412.4 0.9985
291.9 381.9 10.8 14.0 294.6 387.3 299.4 387.1 297.1 389.6 295.2 392.4 299.3 392.2 0.9985
54.8 427.3 20.4 21.7 60.5 434.0 69.7 433.8 65.1 438.9 61.2 442.7 69.0 442.6 0.9983
756.9 433.8 13.1 16.4 760.4 439.9 766.4 439.7 763.4 442.9 760.9 446.0 766.0 445.9 0.9983
100.3 430.9 15.6 17.6 105.4 436.8 112.6 436.4 109.6 440.0 106.2 443.6 112.5 443.3 0.9982
361.1 380.2 10.3 12.9 363.5 385.1 368.3 385.1 365.9 387.5 364.0 390.0 368.0 389.9 0.9982
406.6 434.5 11.1 14.0 410.1 439.7 415.6 439.6 413.3 442.6 410.9 445.3 415.2 445.2 0.9982
616.6 436.1 10.5 14.0 619.2 441.9 624.2 441.6 621.8 444.5 620.1 447.1 624.2 446.9 0.9981
337.5 426.4 12.3 13.7 339.9 432.1 345.4 431.7 342.6 435.1 341.4 437.6 345.2 437.2 0.9978
467.1 483.4 13.2 16.2 470.7 489.1 476.5 488.7 473.9 492.3 471.7 495.6 476.4 495.3 0.9978
191.8 356.4 10.5 12.1 195.0 360.4 199.8 360.3 197.7 362.7 195.4 365.1 199.4 365.1 0.9978
510.0 412.0 10.9 14.1 512.6 417.4 517.8 417.2 515.2 420.0 513.2 422.9 517.6 422.7 0.9977
260.4 421.0 12.7 15.7 263.4 427.2 269.3 427.2 266.2 430.1 263.9 433.1 268.8 433.0 0.9975
486.1 416.1 12.0 15.1 489.3 421.7 494.7 421.5 492.1 424.2 489.9 427.1 494.5 427.0 0.9975
256.0 384.9 11.4 14.0 258.9 390.0 264.1 390.0 261.4 392.7 259.3 395.4 263.5 395.4 0.9974
238.6 438.3 14.4 16.8 241.1 445.0 247.5 444.7 243.8 448.7 242.3 451.5 247.4 451.2 0.9974
603.9 411.6 12.2 17.4 606.8 418.2 612.3 418.7 609.0 422.1 606.8 425.1 611.2 425.4 0.9973
445.0 429.9 10.5 13.6 447.8 435.9 452.7 435.6 450.3 438.5 448.4 440.7 452.5 440.5 0.9973
518.3 486.2 14.2 17.4 522.1 492.7 528.4 492.4 525.5 496.5 523.4 499.8 528.2 499.5 0.9971
649.6 471.5 14.7 17.5 653.0 476.9 660.2 476.9 656.4 480.7 654.0 484.5 659.5 484.5 0.9967
377.3 413.2 12.2 15.3 381.0 419.3 386.6 419.5 383.8 422.6 381.4 425.3 385.5 425.4 0.9965
564.1 379.9 9.6 12.2 566.8 384.5 571.3 384.6 569.0 386.7 567.0 388.9 570.8 389.0 0.9963
881.9 455.5 11.5 13.9 884.6 460.4 889.9 460.4 887.1 463.3 885.1 466.2 889.3 466.2 0.9960
409.0 414.5 10.4 14.4 411.7 420.1 416.7 420.0 414.3 422.7 412.3 425.5 416.5 425.3 0.9960
167.3 427.8 15.0 18.3 171.5 434.3 178.3 434.0 175.2 437.5 172.3 441.1 178.2 440.9 0.9959
427.4 379.7 9.9 13.5 430.2 385.2 434.9 385.1 432.8 387.8 430.7 390.3 434.6 390.3 0.9959
265.3 353.4 8.8 11.2 267.9 357.5 271.9 357.7 269.8 359.7 268.0 361.7 271.3 361.9 0.9957
411.3 487.3 15.1 18.0 415.8 493.2 422.4 492.6 419.6 497.1 417.0 500.8 422.2 500.4 0.9955
824.5 404.1 10.0 12.7 827.1 408.7 832.2 408.9 829.7 411.4 827.3 413.9 831.5 414.0 0.9955
531.7 381.1 10.7 13.2 535.1 385.7 540.1 385.7 537.9 388.2 535.5 390.8 539.8 390.8 0.9951
714.9 441.3 11.0 14.0 718.5 446.2 723.5 446.7 720.8 449.3 718.1 451.7 722.2 452.2 0.9950
402.9 397.2 10.3 12.3 405.2 402.0 410.1 401.7 407.8 404.3 406.0 406.8 410.0 406.6 0.9950
456.9 378.5 10.0 12.8 459.2 383.6 464.0 383.6 461.4 386.1 459.6 388.6 463.4 388.7 0.9949
566.1 352.9 8.3 11.4 568.4 357.4 572.3 357.5 570.3 359.7 568.6 361.7 571.8 361.8 0.9947
393.4 354.9 9.3 11.6 395.9 358.8 400.2 358.8 398.0 361.0 396.3 363.4 399.9 363.4 0.9944
487.3 393.8 8.9 11.6 490.4 398.4 494.5 398.4 492.7 400.6 490.7 402.8 494.1 402.9 0.9943
119.3 383.5 15.6 18.0 123.3 388.8 130.2 388.6 126.8 391.5 123.9 395.4 130.0 395.3 0.9941
419.9 351.3 8.8 11.9 422.9 356.0 426.8 355.8 425.4 358.2 423.4 360.5 426.6 360.4 0.9941
859.1 404.4 11.7 13.6 863.9 409.3 868.7 410.3 866.4 412.8 863.5 414.8 866.9 415.6 0.9940
776.6 390.1 11.1 14.1 780.1 395.1 785.4 395.4 783.0 397.9 780.2 400.5 784.6 400.7 0.9938
390.3 325.0 7.6 10.0 392.1 328.8 395.7 328.8 393.8 330.7 392.5 332.7 395.4 332.6 0.9933
512.2 361.2 8.1 10.3 514.5 364.9 518.3 364.7 516.5 366.8 515.0 368.9 518.2 368.8 0.9931
615.0 382.6 8.7 10.2 617.3 386.2 621.3 386.2 619.2 388.4 617.7 390.4 620.9 390.4 0.9929
701.3 357.6 8.9 11.2 703.6 361.8 707.7 362.1 705.4 364.2 703.5 366.2 706.8 366.4 0.9927
873.8 364.2 9.8 11.8 876.9 368.6 881.2 368.8 879.1 370.9 877.1 373.1 880.5 373.2 0.9920
657.0 390.6 9.3 11.5 659.9 395.3 663.9 395.1 662.1 397.2 660.5 399.4 663.8 399.2 0.9918
465.7 350.5 9.4 11.9 468.0 354.6 472.6 354.8 470.0 357.1 468.4 359.4 472.0 359.5 0.9913
653.1 433.1 10.6 12.9 655.9 437.9 661.1 437.8 658.5 440.6 656.7 443.2 660.5 443.1 0.9910
686.1 485.2 12.3 14.3 689.9 490.8 695.1 490.9 692.5 493.7 690.3 496.2 694.3 496.3 0.9908
280.8 306.6 7.5 9.5 282.7 310.5 285.9 310.3 284.4 312.1 283.3 313.9 285.9 313.8 0.9908
682.7 441.0 11.3 13.4 685.5 446.2 690.9 446.1 688.2 449.3 686.4 451.8 690.2 451.8 0.9907
819.4 369.1 9.6 11.1 822.2 372.6 826.8 372.9 824.5 375.1 822.2 377.4 825.9 377.6 0.9902
439.8 346.9 8.7 12.0 442.1 351.2 446.4 351.2 444.2 353.5 442.4 355.8 446.0 355.8 0.9895
776.7 363.4 10.9 13.4 780.2 368.3 785.1 368.5 782.7 371.0 780.3 373.5 784.3 373.7 0.9880
144.3 444.7 15.3 15.6 148.9 450.1 156.0 450.2 152.7 453.1 149.8 456.1 155.4 456.2 0.9848
230.0 352.4 10.8 12.9 232.6 356.6 237.6 356.5 235.0 358.9 232.9 361.4 237.4 361.4 0.9840
611.3 356.2 8.7 11.0 614.1 360.6 618.1 360.4 616.3 362.7 614.7 364.9 617.9 364.7 0.9828
170.0 384.8 11.8 15.0 173.0 390.2 178.5 389.9 175.9 392.8 173.8 395.9 178.4 395.6 0.9828
168.7 339.7 9.2 11.3 171.2 344.3 175.4 344.0 173.6 346.3 171.9 348.5 175.3 348.3 0.9827
840.2 345.0 9.2 11.2 842.5 348.9 847.3 349.1 844.8 351.4 842.7 353.8 846.6 353.9 0.9802
583.2 354.1 8.3 10.1 585.3 358.0 589.0 357.7 587.4 359.9 586.1 361.9 589.1 361.7 0.9796
279.2 327.4 8.0 9.2 281.3 330.3 285.2 330.3 283.2 332.3 281.6 334.4 284.8 334.4 0.9793
609.3 494.7 11.9 13.0 613.0 499.5 618.3 499.6 615.8 502.6 613.6 505.1 617.6 505.2 0.9783
120.2 351.3 11.7 13.3 123.3 356.3 128.3 355.8 126.1 358.4 124.3 361.1 128.5 360.7 0.9781
747.5 361.3 8.7 10.7 749.9 365.2 753.9 365.0 752.0 367.2 750.7 369.4 753.9 369.1 0.9769
294.9 366.7 8.3 9.8 297.5 370.6 301.0 370.3 299.6 372.4 298.2 374.4 301.0 374.2 0.9757
367.3 328.4 7.9 9.9 368.9 332.3 372.6 332.0 370.7 334.1 369.7 336.2 372.6 335.9 0.9747
746.5 339.6 7.4 9.6 749.0 343.5 752.3 343.6 750.8 345.6 749.1 347.4 751.7 347.5 0.9725
319.0 356.0 8.6 11.2 321.7 360.3 325.4 360.1 323.8 362.5 322.3 364.7 325.3 364.6 0.9725
545.3 425.5 10.6 13.4 548.2 430.1 553.5 430.0 551.0 432.7 548.8 435.5 553.2 435.4 0.9723
541.6 351.5 8.1 10.5 543.8 355.4 547.5 355.2 545.8 357.3 544.3 359.4 547.4 359.2 0.9704
801.4 373.0 8.7 10.5 803.4 376.6 807.5 376.9 805.1 379.0 803.5 381.1 806.7 381.3 0.9678
332.2 377.5 10.4 13.6 335.3 382.9 340.0 382.5 338.2 385.4 336.2 388.0 340.0 387.8 0.9665
153.8 366.1 10.7 13.0 156.8 370.1 162.1 369.9 159.7 372.9 157.6 375.7 161.9 375.6 0.9664
883.7 379.2 9.7 11.9 886.3 384.0 891.0 384.1 888.7 386.7 886.7 388.9 890.3 388.9 0.9648
255.8 331.1 8.7 11.6 258.4 335.5 262.5 335.8 260.3 337.9 258.3 340.0 261.7 340.3 0.9616
848.6 323.1 8.4 9.6 850.7 326.3 854.7 326.5 852.7 328.5 850.9 330.5 854.2 330.6 0.9615
297.3 274.5 7.9 8.7 299.2 277.4 302.9 277.1 301.2 279.3 300.0 281.2 302.9 281.0 0.9589
215.1 332.6 9.0 11.1 217.1 336.9 220.9 336.8 219.0 339.1 217.7 341.1 220.7 341.0 0.9566
196.8 320.0 7.5 9.8 198.4 323.8 201.9 323.6 200.2 325.6 199.0 327.6 201.8 327.5 0.9566
340.9 364.5 8.6 10.6 343.3 369.2 347.4 368.9 345.6 371.2 344.1 373.3 347.3 373.1 0.9533
250.3 310.4 8.4 10.3 252.7 314.5 256.3 314.5 254.7 316.5 253.1 318.3 256.0 318.3 0.9532
369.3 354.7 8.5 10.3 372.0 358.3 376.2 358.5 374.3 360.4 372.1 362.5 375.6 362.6 0.9532
291.8 294.3 6.9 8.2 294.2 297.6 297.2 297.6 296.1 299.4 294.5 300.9 296.8 300.9 0.9410
223.0 314.6 9.6 12.3 225.4 319.8 229.8 319.8 227.5 322.3 225.8 324.4 229.4 324.4 0.9388
790.4 343.1 8.7 10.3 792.9 346.1 797.1 346.3 794.9 348.4 793.0 350.6 796.4 350.7 0.9350
227.8 275.5 7.3 9.7 229.8 279.5 233.1 279.2 231.7 281.2 230.6 283.2 233.2 282.9 0.9305
247.1 276.2 7.4 9.4 249.4 279.8 252.5 279.8 250.9 281.6 249.6 283.4 252.1 283.5 0.9254
360.2 310.0 7.5 9.3 362.5 313.9 365.8 314.1 364.1 315.8 362.6 317.4 365.2 317.6 0.9247
268.5 276.7 8.0 9.2 270.7 279.9 274.3 279.9 272.5 281.8 271.0 283.7 273.9 283.7 0.9203
448.4 334.0 7.9 10.6 450.9 338.0 454.7 338.1 453.1 340.4 451.2 342.4 454.1 342.5 0.9136
308.5 311.7 7.3 9.1 310.2 314.8 313.6 315.1 311.6 316.7 310.2 318.4 313.0 318.6 0.9056
518.2 330.9 6.9 9.2 520.4 334.2 523.5 334.2 522.1 336.1 520.7 337.9 523.2 337.9 0.9037
838.9 310.2 7.5 8.9 841.5 313.2 844.8 313.2 843.3 315.0 841.8 316.9 844.4 316.9 0.8990
767.9 346.8 8.0 9.7 771.2 350.4 774.2 350.6 773.0 352.5 771.1 354.2 773.4 354.5 0.8934
485.1 359.9 7.7 9.5 487.4 363.5 490.6 363.4 489.1 365.3 487.8 367.2 490.4 367.2 0.8911
354.1 281.9 6.9 8.4 356.2 285.4 359.3 285.5 357.8 287.1 356.4 288.7 358.9 288.8 0.8902
337.0 333.5 7.9 9.5 339.6 336.8 343.1 336.8 341.5 338.8 339.8 340.7 342.6 340.7 0.8842
639.1 336.8 7.6 9.1 641.5 340.2 644.8 340.1 643.3 342.1 642.0 344.0 644.6 343.9 0.8376
813.8 322.2 8.1 9.3 815.7 325.4 819.7 325.5 817.6 327.7 816.0 329.7 819.2 329.8 0.8306
327.1 311.6 8.4 10.1 329.2 315.4 333.3 315.4 331.2 317.5 329.7 319.5 332.9 319.5 0.8084
462.9 251.0 7.0 8.9 465.6 254.4 468.3 254.3 467.5 256.2 466.1 258.0 468.2 257.9 0.7876
453.2 313.9 7.5 9.6 455.5 317.8 459.0 317.7 457.6 319.8 456.0 321.8 458.8 321.7 0.7806
696.3 331.8 7.3 9.0 699.1 335.3 702.2 335.3 701.1 337.2 699.4 338.9 701.9 338.9 0.7793
722.8 361.3 7.9 10.0 724.8 364.6 728.1 364.7 726.3 366.7 725.1 368.7 727.7 368.7 0.7747
394.6 283.6 6.3 7.7 396.2 286.4 399.3 286.6 397.5 288.1 396.2 289.5 398.7 289.6 0.7686
688.3 317.3 6.9 9.0 691.1 320.7 693.7 320.6 692.9 322.4 691.4 324.3 693.5 324.3 0.7441
468.7 312.1 7.7 9.1 470.7 315.6 474.2 315.6 472.4 317.4 471.1 319.1 473.9 319.1 0.7438
328.7 274.5 8.7 9.3 331.3 277.6 335.4 277.6 333.5 279.7 331.8 281.6 334.9 281.6 0.7387
486.7 247.0 7.0 8.0 489.3 250.3 492.2 250.0 491.3 252.0 490.0 253.7 492.2 253.5 0.7334
614.9 338.7 7.5 9.6 617.2 342.3 620.8 342.0 619.3 344.2 617.8 346.2 620.8 346.0 0.7303
745.4 322.3 6.9 8.6 747.2 325.6 750.4 325.6 748.7 327.3 747.5 329.0 750.0 329.0 0.7176
715.2 337.0 7.6 8.8 717.5 340.3 720.8 340.3 719.3 342.0 717.9 343.7 720.5 343.7 0.7126
557.4 283.1 6.0 7.8 559.2 286.0 561.9 286.1 560.7 287.6 559.4 289.0 561.5 289.1 0.7020
531.0 284.5 6.7 8.2 532.5 287.4 535.8 287.4 534.1 289.1 532.8 290.9 535.4 290.9 0.6939
396.1 311.5 7.4 9.1 398.0 315.1 401.3 314.9 399.8 316.9 398.6 318.7 401.3 318.6 0.6731
835.5 361.5 11.5 13.5 838.4 366.3 843.8 366.0 841.2 369.2 839.4 372.5 843.7 372.2 0.6401
507.1 309.8 8.0 10.0 509.8 313.8 513.3 313.8 511.7 315.7 510.1 317.5 512.8 317.5 0.6393
671.4 334.0 7.1 9.6 673.5 337.9 676.8 337.8 675.3 339.7 673.9 341.7 676.6 341.6 0.6095
374.2 266.8 6.5 8.3 375.5 270.1 378.2 270.1 376.4 271.9 375.9 273.5 377.9 273.5 0.5744
764.7 327.5 6.3 7.6 766.4 330.5 769.4 330.5 767.9 332.1 766.6 333.5 768.9 333.6 0.5724
424.3 321.2 8.4 10.2 426.5 324.8 430.2 324.6 428.4 326.8 427.1 328.9 430.0 328.7 0.5598
276.1 368.7 8.8 10.8 278.2 372.4 281.8 372.5 279.6 374.8 278.6 377.1 281.4 377.1 0.5553
435.6 245.8 7.7 9.5 437.6 249.6 441.4 249.7 439.4 251.6 437.8 253.5 440.8 253.6 0.5519
253.9 265.0 7.9 9.1 256.5 268.5 259.9 268.5 258.3 270.4 256.8 272.2 259.4 272.3 0.5500
814.0 310.2 8.3 10.1 816.7 314.2 820.1 314.1 818.7 316.1 817.2 318.1 819.9 318.0 0.5423
574.7 334.4 7.9 9.5 576.6 338.1 580.2 337.9 578.4 340.0 577.2 341.9 580.0 341.8 0.5168
