20--Family_Group/20_Family_Group_Family_Group_20_932.jpg
19
90.0 407.7 72.1 82.9 115.9 439.0 145.5 446.6 127.0 466.2 106.8 466.0 131.2 473.0 0.9998
67.0 55.9 136.7 187.1 111.8 120.4 174.6 133.1 140.6 169.8 101.8 187.4 157.4 198.3 0.9997
770.1 565.4 98.1 138.7 797.9 614.7 846.2 611.4 826.2 643.2 808.2 672.1 843.8 669.2 0.9996
739.7 64.3 38.3 50.2 753.4 83.1 770.7 83.3 764.1 93.9 753.1 99.8 769.1 100.2 0.9995
209.1 491.3 61.1 82.4 222.1 528.7 250.4 525.5 236.7 546.3 229.3 556.1 253.1 553.0 0.9994
787.7 240.9 29.0 34.2 800.7 253.8 812.2 251.5 810.6 260.4 803.7 267.5 812.2 265.8 0.9993
431.0 210.6 36.6 46.1 440.0 226.8 456.1 225.4 448.0 234.6 443.1 244.9 455.5 243.7 0.9993
380.2 290.6 38.2 47.5 391.0 306.9 408.6 309.6 398.5 317.7 390.1 324.4 404.8 326.5 0.9992
879.6 43.6 31.9 42.4 893.4 56.7 907.3 56.1 903.6 66.0 895.4 75.3 906.0 75.0 0.9990
857.3 191.3 28.8 40.3 866.7 207.8 879.8 207.6 874.3 215.3 868.4 222.4 878.7 222.2 0.9988
601.1 474.4 26.3 29.1 608.3 487.2 619.9 483.9 616.1 492.0 613.4 498.3 621.6 495.7 0.9987
914.9 205.0 30.3 36.2 923.2 219.4 936.7 216.8 931.3 225.0 926.9 232.6 937.5 230.6 0.9984
565.4 261.2 36.2 46.4 580.1 281.2 594.9 278.1 592.4 288.0 585.4 297.7 596.0 295.4 0.9982
812.5 112.2 30.4 36.6 825.5 125.2 838.6 125.8 834.5 132.8 824.8 138.2 836.3 138.9 0.9982
932.6 110.3 28.3 38.3 942.4 124.3 955.7 124.4 950.4 131.0 943.9 138.7 954.5 138.9 0.9981
924.6 403.7 24.3 32.4 930.1 415.6 941.3 415.8 935.0 421.8 931.0 427.8 939.8 427.9 0.9980
760.2 401.5 19.4 27.6 766.9 412.0 775.3 412.0 772.2 416.8 768.4 422.5 774.6 422.4 0.9971
484.7 415.8 30.1 40.9 493.8 432.2 508.0 432.9 501.0 441.0 494.4 447.4 505.3 448.0 0.9967
643.6 413.7 27.0 31.5 651.4 424.5 663.4 424.5 657.5 431.1 653.1 437.5 661.9 437.5 0.9957
