20--Family_Group/20_Family_Group_Family_Group_20_24.jpg
10
201.4 76.2 73.5 101.1 228.2 111.5 261.5 116.3 248.6 125.1 228.3 147.1 256.7 150.8 0.9998
333.0 115.0 77.5 114.8 356.9 161.1 391.8 163.6 374.4 181.9 354.1 195.3 388.2 197.7 0.9997
563.5 326.6 84.3 107.8 588.4 366.2 628.1 370.1 607.0 392.8 588.7 407.8 618.9 411.3 0.9997
598.3 139.3 75.8 97.2 623.4 173.2 658.2 180.7 638.8 190.3 617.8 205.6 649.0 211.8 0.9996
821.2 163.5 80.1 107.4 840.2 200.7 875.7 205.9 851.2 222.8 835.7 237.5 869.1 241.8 0.9995
487.3 170.7 74.3 98.6 501.4 210.0 535.4 204.4 517.4 226.7 509.8 244.4 540.0 239.3 0.9995
378.5 230.4 75.4 93.9 395.7 261.7 431.3 262.6 411.0 282.6 398.0 299.5 427.0 300.3 0.9995
159.9 201.7 77.8 101.8 186.8 239.6 222.3 244.0 205.2 259.6 185.0 275.3 214.9 279.1 0.9994
327.0 456.0 73.2 92.5 349.3 491.1 383.0 491.9 366.7 510.7 353.5 528.0 377.0 528.5 0.9994
709.5 119.6 79.3 116.1 730.6 163.9 767.6 166.3 747.8 188.0 733.2 208.3 760.3 210.0 0.9993
