20--Family_Group/20_Family_Group_Family_Group_20_268.jpg
18
703.5 292.1 45.4 52.8 715.3 310.0 736.6 309.2 726.2 322.4 716.9 329.0 736.6 328.4 0.9997
827.5 157.9 35.0 39.9 837.6 170.7 853.2 171.6 845.2 179.5 837.9 186.1 851.1 186.9 0.9996
372.0 175.9 40.6 49.7 385.6 193.1 404.8 194.4 395.9 204.3 384.6 210.6 402.8 211.7 0.9996
493.8 221.6 42.0 49.8 510.3 242.1 528.1 243.2 520.6 253.8 509.3 258.7 524.0 260.0 0.9996
170.6 117.0 42.9 48.4 187.1 132.5 206.2 137.0 196.7 144.4 184.5 150.9 200.6 154.5 0.9996
667.7 117.0 38.2 50.9 677.3 136.2 695.5 136.1 686.6 146.1 678.5 153.4 695.4 153.3 0.9996
585.1 290.5 41.2 53.3 599.4 312.2 617.6 310.9 610.9 323.2 600.1 329.3 617.0 328.2 0.9995
624.0 109.8 33.4 41.4 631.3 125.2 646.9 124.0 638.9 133.4 634.1 141.2 646.6 140.3 0.9995
467.6 286.1 40.6 45.2 482.3 301.2 500.9 302.2 492.8 313.0 481.3 317.9 498.5 318.9 0.9995
307.1 143.3 38.7 45.0 317.3 159.8 335.3 155.2 329.6 166.8 323.0 176.6 338.8 173.1 0.9995
766.4 128.9 34.0 44.2 775.3 145.8 791.9 146.3 783.5 155.9 774.8 159.8 790.9 160.2 0.9995
524.5 163.4 30.1 37.4 534.3 177.4 548.4 178.9 541.5 186.3 534.0 191.1 545.4 192.3 0.9995
550.6 132.8 31.1 40.4 562.4 148.0 575.5 151.7 567.7 157.7 559.4 162.3 569.9 165.3 0.9994
497.1 97.3 30.5 41.2 508.2 110.9 522.1 115.4 514.2 121.4 504.6 125.3 517.3 128.9 0.9994
251.1 131.5 36.2 47.2 262.5 150.5 279.5 150.7 271.8 159.2 263.4 166.6 278.2 166.7 0.9994
407.3 113.6 31.9 41.3 416.7 129.1 432.1 129.7 424.8 138.6 417.7 144.7 430.1 145.1 0.9993
910.5 158.7 33.0 40.4 919.7 172.2 934.6 176.0 925.2 182.4 916.8 185.0 931.3 188.1 0.9993
722.1 85.0 28.7 38.8 730.7 98.3 744.4 100.9 736.8 106.5 729.4 112.4 741.4 114.5 0.9990
