20--Family_Group/20_Family_Group_Family_Group_20_717.jpg
32
285.7 408.7 73.7 95.5 316.0 445.0 345.8 453.7 331.5 465.9 307.2 473.9 335.2 481.6 0.9998
821.2 101.6 102.2 127.0 841.2 145.5 888.6 145.8 860.1 176.6 844.5 190.5 890.3 190.4 0.9996
351.0 461.3 65.1 79.9 361.0 498.3 389.9 490.3 374.2 508.0 369.7 522.6 396.2 515.5 0.9996
135.8 430.2 29.1 39.2 142.1 446.9 155.6 444.6 149.3 454.2 145.0 459.7 156.9 457.8 0.9996
109.8 287.7 41.1 49.1 116.3 309.9 133.6 307.7 123.3 319.8 121.4 328.0 134.1 326.0 0.9996
370.6 92.3 30.5 40.6 378.6 109.4 393.4 109.2 386.1 117.5 379.1 122.4 392.8 122.2 0.9996
90.0 59.0 45.9 58.4 104.5 77.7 125.2 79.0 114.9 91.3 104.7 100.6 121.4 101.6 0.9995
208.9 138.8 37.7 45.1 218.2 158.4 234.9 157.4 226.8 168.0 221.6 174.8 234.7 173.9 0.9995
82.3 420.2 30.6 36.3 93.2 433.9 107.7 435.3 101.1 441.5 92.8 446.5 105.4 447.6 0.9994
612.5 79.1 31.3 45.8 622.8 100.1 637.3 98.7 632.2 108.9 624.4 114.4 636.8 113.4 0.9993
116.9 541.9 22.4 28.3 121.5 555.3 131.6 553.8 126.7 560.3 124.2 564.9 132.0 563.6 0.9993
141.0 69.4 46.4 54.7 148.6 92.0 167.5 85.6 158.0 100.2 155.9 110.7 173.0 105.2 0.9992
441.4 76.9 33.6 43.6 449.4 94.6 464.5 92.3 457.4 101.9 452.4 109.7 465.2 107.9 0.9989
549.2 495.6 16.8 22.0 554.6 504.5 561.6 504.4 558.7 508.4 555.5 512.3 561.2 512.3 0.9983
825.6 497.9 11.4 15.1 828.9 503.3 834.3 503.5 831.7 505.8 829.4 509.1 833.6 509.2 0.9979
65.3 472.2 22.9 31.2 69.8 485.0 80.5 483.3 75.5 489.8 71.7 495.0 82.0 493.7 0.9979
575.8 493.8 15.2 20.6 579.1 502.0 586.2 501.9 582.3 505.9 580.0 509.9 585.3 509.9 0.9978
552.8 548.9 14.8 18.8 557.3 556.2 564.4 556.4 561.1 559.7 557.7 563.1 563.5 563.2 0.9977
575.8 537.0 15.2 20.7 579.9 545.9 587.1 545.2 584.0 550.2 581.6 554.0 586.9 553.5 0.9976
754.1 525.5 13.4 15.6 758.4 530.7 764.5 531.1 761.7 533.7 758.9 537.0 763.6 537.3 0.9974
167.8 503.3 24.9 28.4 173.2 516.4 184.8 514.7 179.6 522.0 176.5 526.6 185.6 525.2 0.9963
787.2 551.6 11.9 15.7 790.5 558.3 796.0 558.2 793.4 561.4 791.2 564.0 795.7 564.0 0.9963
791.9 511.7 12.1 15.5 794.7 517.6 800.5 517.5 797.5 520.3 795.4 523.6 799.9 523.5 0.9962
930.9 515.4 15.5 19.5 933.3 524.3 940.1 523.9 936.0 528.2 934.9 531.5 939.7 531.1 0.9962
714.1 522.2 13.5 16.7 717.8 529.3 724.1 529.2 721.0 532.8 718.7 535.7 723.3 535.7 0.9954
865.4 511.1 13.3 17.8 868.3 517.8 874.4 517.5 871.3 520.7 869.2 524.5 874.4 524.3 0.9949
906.6 505.1 13.9 18.7 909.3 512.6 915.8 512.6 912.0 516.2 910.0 519.9 914.8 519.8 0.9944
813.9 547.7 12.4 16.3 817.8 554.0 823.4 554.2 820.7 557.4 818.0 560.2 822.5 560.3 0.9923
902.8 553.3 13.9 17.8 906.8 561.1 913.1 561.1 910.0 564.6 907.4 567.5 912.5 567.5 0.9882
806.6 517.5 9.9 11.8 809.6 523.4 814.3 523.0 812.3 525.7 810.7 527.6 813.9 527.4 0.9828
874.8 537.5 12.3 15.1 877.5 542.7 883.1 543.0 879.7 545.9 877.8 548.9 882.0 549.1 0.9788
761.4 574.9 11.4 14.4 764.3 581.4 769.6 580.9 767.2 584.1 765.4 586.7 769.5 586.3 0.8794
