20--Family_Group/20_Family_Group_Family_Group_20_122.jpg
8
739.6 125.5 51.0 69.1 755.9 151.8 778.9 148.2 771.9 165.2 761.0 177.1 780.2 173.9 0.9996
508.5 162.1 44.5 52.1 516.9 182.3 536.4 179.4 526.2 191.9 521.4 200.8 538.3 198.4 0.9996
379.8 73.2 51.5 64.9 398.8 95.5 421.5 96.3 412.7 110.9 400.2 120.5 418.7 121.1 0.9995
296.6 84.1 47.0 53.7 311.3 101.3 333.2 102.3 323.0 112.7 311.2 120.6 330.7 121.8 0.9994
89.9 142.2 60.2 79.7 113.1 171.0 138.2 171.2 129.6 185.2 114.7 198.3 137.6 198.4 0.9994
631.9 79.4 49.0 66.1 647.2 106.0 669.7 106.1 659.5 120.8 647.9 127.3 668.7 127.4 0.9992
228.4 116.8 50.8 67.1 241.1 143.6 263.7 139.5 254.5 154.7 245.0 164.8 267.8 161.3 0.9991
840.7 176.2 45.2 60.2 851.6 203.4 872.5 200.0 863.9 215.1 858.4 225.2 874.1 222.5 0.9981
